0	0	0	0	0	0	0	0	0	0	0	0	0	0	0	0	0	0	0	0	0	0	0	0	0	0	0	0	0	0	0	0	0	0	0	0	0	0	0	0	0	0	0	0	0	0	0	0	0	0	0	0	0	0	0	0	0	0	0	0	0	0	0	0	0	0	0	0	0	0	0	0	0	0	0	0	0	0	0	0	0	0	0	0	0	0	0	0	0	0	0	0	0	0	0	0	0	0	0	0	0	0	0	0	0	0	0	0	0	0	0	0	0	0	0	0	0	0	0	0	0	0	0	0	0	0	0	0	0	0	0	0	0	0	0	0	0	0	0	0	0	0	0	0	0	0	0	0	0	0	0	0	0	0	0	0	0	0	0	0	0	0	0	0	0	0	0	0	0	0	0	0	0	0	0	0	0	0	0	0	0	0	0	0	0	0	0	0	0	0	0	0	0	0	0	0
0	0	0	0	0	0	0	0	0	0	0	0	0	0	0	0	0	0	0	0	0	0	0	0	0	0	0	0	0	0	0	0	0	0	0	0	0	0	0	0	0	0	0	0	0	0	0	0	0	0	0	0	0	0	0	0	0	0	0	0	0	0	0	0	0	0	0	0	0	0	0	0	0	0	0	0	0	0	0	0	0	0	0	0	0	0	0	0	0	0	0	0	0	0	0	0	0	0	0	0	0	0	0	0	0	0	0	0	0	0	0	0	0	0	0	0	0	0	0	0	0	0	0	0	0	0	0	0	0	0	0	0	0	0	0	0	0	0	0	0	0	0	0	0	0	0	0	0	0	0	0	0	0	0	0	0	0	0	0	0	0	0	0	0	0	0	0	0	0	0	0	0	0	0	0	0	0	0	0	0	0	0	0	0	0	0	0	0	0	0	0	0	0	0	0	0
0	0	0	0	0	0	0	0	0	0	0	0	0	0	0	0	0	0	0	0	0	0	0	0	0	0	0	0	0	0	0	0	0	0	0	0	0	0	0	0	0	0	0	0	0	0	0	0	0	0	0	0	0	0	0	0	0	0	0	0	0	0	0	0	0	0	0	0	0	0	0	0	0	0	0	0	0	0	0	0	0	0	0	0	0	0	0	0	0	0	0	0	0	0	0	0	0	0	0	0	0	0	0	0	0	0	0	0	0	0	0	0	0	0	0	0	0	0	0	0	0	0	0	0	0	0	0	0	0	0	0	0	0	0	0	0	0	0	0	0	0	0	0	0	0	0	0	0	0	0	0	0	0	0	0	0	0	0	0	0	0	0	0	0	0	0	0	0	0	0	0	0	0	0	0	0	0	0	0	0	0	0	0	0	0	0	0	0	0	0	0	0	0	0	0	0
0	0	0	0	66	25	28	24	13	5	6	6	7	9	4	7	11	4	4	3	3	3	4	4	13	22	14	13	16	13	8	4	3	3	6	5	2	2	0	3	4	1	3	5	2	2	2	8	5	1	6	2	6	6	4	6	0	1	3	4	2	6	2	2	6	3	3	2	6	3	1	4	5	4	6	4	4	2	4	4	3	2	2	5	2	3	3	2	1	1	4	2	4	2	4	2	2	4	4	4	4	3	3	1	3	4	5	2	5	7	11	8	7	11	10	11	13	8	6	4	4	3	3	6	9	12	6	12	2	1	3	3	2	3	0	3	1	1	0	6	2	3	5	2	5	1	2	1	1	4	6	5	5	5	2	3	3	0	3	7	3	4	2	2	1	2	3	2	3	2	5	5	0	3	1	0	4	1	0	1	2	5	1	2	0	1	3	3	2	5	4	1	2	0	3	1
0	0	0	66	0	138	98	52	14	9	5	5	12	24	19	6	17	5	2	4	2	7	5	12	31	25	30	19	22	12	12	8	8	5	7	2	5	3	2	4	4	5	0	2	6	2	0	4	3	1	5	9	7	3	6	7	1	3	0	2	2	6	4	4	0	7	6	6	1	4	1	3	2	6	7	4	7	4	1	4	6	5	4	1	2	2	2	6	0	2	1	1	1	1	2	6	2	1	2	2	1	2	6	4	5	1	4	4	7	3	8	6	5	9	9	8	8	11	7	10	2	8	1	5	10	3	4	10	1	3	5	2	2	0	2	0	4	4	2	6	2	1	0	3	3	3	2	0	3	4	5	10	2	2	3	4	0	2	3	3	0	2	3	1	1	0	3	2	3	2	1	0	1	0	2	0	2	0	0	1	1	1	1	5	3	2	3	2	3	4	0	1	2	3	2	4
0	0	0	25	138	0	239	39	10	6	6	15	18	29	25	20	6	9	7	5	3	5	10	7	33	30	38	15	15	19	27	15	11	11	4	3	1	2	2	4	7	5	1	4	2	1	5	4	5	3	3	10	9	3	5	4	2	2	2	6	3	8	4	2	4	4	5	3	2	3	5	3	7	3	2	1	6	3	3	3	3	8	8	6	4	7	10	3	1	0	1	3	1	1	1	3	2	3	1	3	3	2	2	2	2	2	5	2	4	6	5	4	7	3	12	4	5	11	5	3	3	3	1	5	3	3	3	4	4	4	4	7	5	1	2	3	5	1	1	3	8	1	5	2	1	3	2	1	0	1	4	6	3	5	4	1	2	1	3	2	4	3	3	1	2	0	0	2	3	3	4	2	3	1	1	0	1	1	1	0	1	1	2	1	1	0	4	2	3	3	1	0	1	1	1	4
0	0	0	28	98	239	0	77	16	9	6	20	24	51	36	44	20	5	6	4	5	8	9	13	29	68	69	70	37	36	31	14	11	18	8	6	6	2	8	5	6	5	4	6	6	3	3	6	12	7	9	11	8	2	2	9	1	3	4	3	4	8	3	4	5	4	3	6	4	3	5	3	6	10	5	5	5	4	6	5	1	7	6	9	2	4	5	3	4	2	3	2	0	0	4	1	6	0	3	8	1	2	3	8	5	6	6	6	4	10	19	6	11	11	17	10	11	7	7	5	5	4	2	5	10	4	10	10	13	10	8	2	1	5	2	1	6	7	5	3	8	3	2	3	3	4	6	2	5	5	2	4	2	5	5	5	5	2	2	3	0	4	2	2	2	3	1	3	2	0	3	1	1	0	1	0	3	0	3	5	2	0	2	4	2	0	4	1	2	2	5	1	5	3	1	1
0	0	0	24	52	39	77	0	57	28	29	34	36	39	20	37	16	11	12	9	6	14	9	14	40	136	437	130	61	33	26	9	13	9	11	9	4	7	4	4	10	7	5	3	3	4	2	6	13	10	12	16	12	8	2	5	5	3	4	7	4	9	4	9	6	5	5	9	11	8	0	5	17	17	12	12	9	10	16	12	7	7	7	2	6	11	9	8	2	1	0	3	3	2	2	5	4	2	6	9	3	5	5	2	5	6	5	8	14	11	16	19	6	12	33	23	24	33	15	4	4	4	5	4	8	3	9	9	6	2	5	3	4	1	1	2	2	1	6	9	6	3	5	3	0	2	3	1	6	2	1	9	4	2	6	2	5	4	2	1	4	3	5	3	3	2	3	2	1	4	2	2	0	1	1	0	0	2	0	0	1	3	2	2	0	1	1	2	3	8	4	3	0	2	1	2
0	0	0	13	14	10	16	57	0	87	36	25	14	10	17	14	15	8	8	6	12	11	10	7	15	13	38	42	23	14	8	5	9	9	9	7	7	5	10	15	6	6	3	7	8	5	5	12	7	9	10	12	12	9	7	7	5	5	6	11	4	7	13	10	9	10	4	12	10	7	6	6	23	42	30	25	23	14	16	14	8	9	4	1	7	7	10	13	4	3	3	1	1	5	3	1	4	3	2	7	4	5	5	3	5	5	3	9	11	10	10	9	7	16	18	33	32	61	30	7	3	3	2	3	7	7	10	15	4	4	6	4	4	1	3	3	3	1	5	4	3	4	3	3	1	4	3	4	5	6	5	5	2	4	2	1	2	4	0	3	7	4	6	1	2	1	4	9	5	0	1	1	2	2	2	2	3	0	3	3	5	3	3	2	0	4	0	3	1	5	5	3	7	2	4	0
0	0	0	5	9	6	9	28	87	0	111	54	20	17	10	14	14	12	19	7	9	9	13	6	8	13	23	30	31	17	11	10	12	11	12	6	10	11	3	18	13	16	4	5	7	12	16	28	17	10	15	27	27	26	17	8	2	11	6	9	10	10	14	30	18	15	8	12	22	13	7	13	68	95	39	43	69	66	74	29	20	14	8	12	3	5	33	20	9	9	5	6	6	10	4	4	5	8	5	8	2	7	4	6	5	9	5	8	16	23	12	19	16	20	30	47	57	106	23	10	8	9	6	4	6	4	9	13	5	7	4	4	4	5	0	2	3	3	4	5	4	7	4	3	0	3	5	1	4	3	0	7	2	6	4	2	4	0	3	5	1	7	4	4	1	3	6	2	6	2	6	6	3	0	1	1	4	3	4	3	6	4	5	6	0	4	2	3	1	1	11	3	4	0	0	3
0	0	0	6	5	6	6	29	36	111	0	118	27	13	21	23	28	26	30	19	18	27	24	14	22	25	22	19	19	20	8	11	7	13	21	9	9	12	14	22	31	21	8	8	10	12	11	20	16	17	21	22	26	18	11	6	1	4	7	7	11	9	7	14	13	15	8	12	7	12	8	12	22	25	19	16	38	42	25	24	21	25	18	4	7	12	29	11	3	4	5	1	1	6	5	3	4	4	2	6	1	1	4	8	10	8	9	14	7	16	9	8	12	13	16	16	22	23	13	11	5	2	3	3	3	4	9	6	3	6	5	2	1	3	3	3	6	1	6	8	4	1	1	5	1	2	6	2	4	1	0	4	6	5	5	7	0	2	3	3	3	2	3	2	1	4	5	4	5	3	5	1	2	3	2	1	2	2	1	2	4	3	2	4	1	3	1	3	0	1	1	8	3	0	1	1
0	0	0	6	5	15	20	34	25	54	118	0	113	38	30	42	89	58	67	23	24	49	19	24	18	30	41	46	60	35	23	20	33	29	36	5	6	17	7	29	29	12	8	7	10	6	10	25	26	20	22	49	33	15	12	3	4	3	5	5	3	6	13	13	6	10	11	12	11	6	15	11	20	15	13	9	21	24	29	20	23	27	16	13	8	12	15	4	9	4	5	0	6	3	5	6	1	1	4	5	2	4	8	7	11	11	7	20	5	13	12	7	4	10	17	22	19	24	12	9	3	4	3	6	2	5	10	5	6	5	2	3	1	4	2	2	6	4	7	6	4	8	3	3	1	2	2	3	4	3	6	3	1	0	4	3	2	1	2	1	2	2	2	2	0	1	3	6	5	2	4	2	4	2	1	0	1	3	3	2	6	1	2	3	1	2	0	1	2	2	6	1	3	2	3	4
0	0	0	7	12	18	24	36	14	20	27	113	0	161	67	88	115	29	63	21	18	36	34	12	24	55	59	90	97	58	106	51	53	39	84	15	8	12	9	30	23	10	1	6	5	6	7	8	36	26	35	39	33	15	3	5	2	4	1	0	5	6	8	9	6	4	10	7	13	8	8	9	15	13	12	7	8	11	10	19	10	23	10	5	7	10	5	7	2	5	1	1	3	3	2	4	5	3	0	3	3	5	2	9	10	13	12	7	6	14	13	9	8	7	13	22	16	15	3	10	8	7	7	2	3	3	7	2	6	4	10	5	6	5	0	3	4	4	8	4	4	3	2	3	4	0	4	0	1	1	5	7	2	6	5	5	1	0	2	0	2	2	2	2	0	2	4	4	1	5	2	1	3	0	0	3	0	1	1	0	1	3	1	1	2	1	3	0	2	4	2	2	3	2	2	1
0	0	0	9	24	29	51	39	10	17	13	38	161	0	270	313	69	32	27	22	11	20	14	26	41	92	79	60	54	43	98	33	35	25	28	16	6	8	7	16	11	9	7	7	6	6	5	18	19	19	19	19	12	6	7	3	0	5	3	5	0	5	10	3	3	2	9	4	6	2	4	7	7	5	2	7	6	11	5	8	5	15	10	5	13	10	4	7	4	3	2	2	3	3	4	1	4	0	1	2	1	1	3	5	12	4	12	6	10	6	15	10	10	5	11	11	9	14	3	6	3	1	2	3	2	5	3	6	5	4	2	7	3	5	3	1	7	7	6	3	5	2	2	2	2	2	1	2	5	4	0	3	2	2	0	0	3	2	1	1	1	0	0	2	1	2	0	3	0	1	2	3	1	1	1	3	3	0	4	0	0	1	0	0	1	1	5	2	0	1	2	1	3	1	3	0
0	0	0	4	19	25	36	20	17	10	21	30	67	270	0	1397	85	26	27	12	9	32	40	40	37	73	42	33	24	15	43	20	36	19	33	14	13	6	12	17	15	4	6	4	4	3	1	5	12	11	12	17	11	2	5	3	2	1	0	2	2	4	4	4	4	8	3	5	5	5	5	6	6	3	8	8	7	6	6	8	12	17	10	13	10	4	8	1	2	0	2	0	1	3	3	3	1	4	2	0	2	6	2	3	4	1	3	8	8	7	7	9	5	2	10	5	9	11	3	3	6	4	0	1	1	3	3	4	1	8	7	3	3	0	1	1	4	6	7	1	1	1	4	1	2	1	1	1	4	3	2	3	5	5	4	0	1	1	1	1	2	1	0	5	1	3	1	2	0	5	1	2	0	0	1	0	0	1	1	1	1	0	2	2	1	0	0	2	0	4	2	0	3	0	0	0
0	0	0	7	6	20	44	37	14	14	23	42	88	313	1397	0	108	23	26	9	10	32	43	42	49	101	67	43	38	28	40	25	22	17	33	16	12	10	5	14	13	7	6	3	5	4	5	9	20	14	10	18	11	4	2	5	3	3	4	3	3	2	1	5	4	2	6	9	7	1	5	9	6	4	3	5	8	10	11	6	8	7	11	11	2	9	4	8	1	3	2	1	2	2	0	3	1	2	2	1	4	2	3	1	1	5	6	6	4	15	3	5	8	5	6	11	10	9	4	5	9	2	0	2	5	2	3	4	5	3	5	6	2	4	2	5	4	8	1	6	2	3	3	2	2	1	0	2	3	5	7	3	3	6	1	1	1	3	1	1	1	2	5	3	1	0	1	3	1	1	1	1	0	1	2	1	1	0	2	1	1	1	2	0	1	3	2	0	3	2	2	0	2	2	1	1
0	0	0	11	17	6	20	16	15	14	28	89	115	69	85	108	0	140	67	41	25	116	79	25	20	39	32	27	27	27	29	21	29	41	64	19	23	17	17	38	20	8	2	6	12	8	6	15	18	15	25	22	17	3	8	5	3	3	3	3	1	10	5	6	8	9	5	5	10	6	5	6	6	2	6	9	10	12	12	9	17	23	14	19	13	11	4	2	2	3	2	0	3	4	1	0	2	1	1	3	6	6	3	5	10	9	4	7	9	9	11	6	3	6	5	17	6	6	6	1	5	2	1	3	6	2	5	2	2	2	9	2	5	3	1	3	2	3	4	4	6	1	3	1	1	0	0	1	2	1	0	4	5	6	2	4	2	2	2	2	3	0	2	1	2	2	6	1	3	2	1	0	1	1	1	1	1	3	1	3	0	2	1	1	1	0	0	0	2	0	4	1	1	1	2	0
0	0	0	4	5	9	5	11	8	12	26	58	29	32	26	23	140	0	117	43	39	280	89	32	8	14	12	18	21	11	18	11	23	17	54	41	38	50	45	61	45	18	11	12	16	8	10	15	12	8	12	21	13	8	3	3	2	2	1	3	3	3	3	4	5	7	3	3	11	7	4	5	7	4	5	8	12	6	15	7	21	22	9	12	9	12	8	7	5	2	0	2	3	1	1	1	1	3	3	2	1	2	3	12	4	6	10	5	5	10	7	8	4	7	6	7	10	1	5	0	3	6	2	0	3	6	3	3	3	3	3	1	3	2	3	2	6	3	2	7	2	3	3	2	3	0	3	1	2	2	2	1	5	2	3	4	1	2	3	2	0	3	1	0	1	2	1	3	2	2	2	0	2	0	1	1	0	0	0	2	0	2	2	2	3	1	1	2	1	1	2	2	5	2	3	2
0	0	0	4	2	7	6	12	8	19	30	67	63	27	27	26	67	117	0	126	95	230	27	17	9	18	25	20	29	9	30	28	44	68	245	36	23	27	24	91	58	30	11	20	14	21	12	14	33	26	44	78	43	14	5	5	7	1	7	5	1	9	4	11	6	3	7	6	15	9	11	13	10	9	9	5	8	15	10	23	36	67	34	33	18	21	5	8	4	6	6	1	2	2	2	3	2	2	3	6	3	4	3	13	11	14	6	8	10	16	6	9	7	2	8	18	4	9	4	0	4	4	1	0	0	3	2	3	4	1	9	4	5	1	5	3	6	5	7	6	1	2	1	1	3	1	1	0	2	1	2	4	4	4	4	3	3	0	2	2	5	1	1	2	1	5	4	2	3	0	0	0	0	1	0	1	2	1	1	2	0	3	1	0	3	3	0	2	1	4	3	3	2	3	2	2
0	0	0	3	4	5	4	9	6	7	19	23	21	22	12	9	41	43	126	0	638	121	15	15	4	12	12	10	20	9	16	27	36	68	166	84	31	21	34	83	41	20	11	23	23	11	13	13	22	21	50	32	21	3	7	5	5	4	4	3	2	7	8	5	8	5	4	4	12	9	11	4	14	9	1	4	7	7	8	7	17	34	49	81	36	45	12	5	1	2	3	1	1	3	5	2	3	0	1	5	2	4	2	15	27	14	3	5	2	9	8	3	6	2	10	9	4	6	6	4	1	4	1	2	4	0	4	2	3	12	6	4	2	3	5	2	6	8	5	5	0	6	1	0	2	0	1	1	1	1	5	3	3	4	2	1	2	1	1	2	2	2	0	1	2	2	1	2	1	2	4	1	3	0	3	1	0	0	1	3	2	1	1	1	0	2	1	5	0	1	2	1	2	2	2	3
0	0	0	3	2	3	5	6	12	9	18	24	18	11	9	10	25	39	95	638	0	87	22	2	9	5	8	7	8	12	11	16	28	37	75	80	28	30	42	151	48	23	24	23	26	15	11	14	15	11	35	19	17	7	5	5	2	6	2	2	2	2	2	9	4	2	5	12	9	8	12	9	10	5	4	2	3	7	8	16	25	66	49	97	43	35	4	6	4	2	5	1	1	0	3	2	4	3	4	3	6	2	3	16	24	9	8	8	10	9	4	5	7	8	7	7	8	5	2	2	3	2	0	3	3	3	2	2	3	1	9	4	6	3	5	5	2	6	6	9	1	1	4	0	2	1	1	1	3	2	0	1	1	2	4	0	1	2	0	0	4	1	1	1	1	2	5	4	0	1	4	2	4	0	2	0	0	3	1	1	4	2	2	1	0	0	8	1	3	3	2	2	3	1	3	0
0	0	0	3	7	5	8	14	11	9	27	49	36	20	32	32	116	280	230	121	87	0	50	15	9	17	16	14	20	12	24	19	28	34	179	74	39	42	24	92	42	17	6	9	11	9	16	11	16	13	23	31	24	10	3	4	0	4	6	1	0	2	3	4	6	8	3	4	6	9	6	11	8	7	6	7	4	13	9	18	14	25	19	26	18	22	3	5	1	0	0	4	1	2	3	5	1	2	3	6	3	2	3	11	13	6	6	5	7	8	6	4	5	5	4	14	8	3	5	4	2	2	2	5	3	2	3	5	8	8	3	3	0	1	2	1	6	5	3	4	10	3	3	4	2	3	2	2	0	2	3	5	4	2	1	1	3	2	2	1	0	2	3	1	2	1	3	1	1	4	3	1	2	0	3	2	1	3	2	0	1	1	1	3	0	2	3	0	2	1	0	0	1	3	2	0
0	0	0	4	5	10	9	9	10	13	24	19	34	14	40	43	79	89	27	15	22	50	0	129	28	25	20	13	13	8	17	9	18	13	23	20	25	27	14	24	16	6	2	5	5	5	4	5	8	4	3	14	11	4	5	3	3	4	3	1	5	2	2	1	3	3	2	2	6	2	7	5	7	3	9	5	9	16	5	10	15	7	7	11	5	10	7	2	1	5	0	2	3	2	0	0	2	4	2	2	1	3	5	5	7	3	6	8	1	7	2	6	2	6	7	5	5	6	1	1	2	4	1	2	0	2	3	1	1	2	2	0	2	1	2	2	4	1	3	3	1	0	2	0	2	0	0	0	2	3	2	3	1	0	3	3	1	2	1	0	3	1	1	1	0	2	0	4	0	1	3	1	0	2	0	1	2	0	0	1	1	3	1	0	2	2	3	0	3	2	2	3	2	1	1	2
0	0	0	4	12	7	13	14	7	6	14	24	12	26	40	42	25	32	17	15	2	15	129	0	46	30	22	18	9	5	11	6	6	7	15	6	12	14	12	8	8	8	4	5	4	4	2	5	11	7	3	10	5	1	6	3	3	3	0	1	3	2	3	0	2	7	0	4	3	1	4	2	7	2	5	3	4	6	4	4	7	9	2	2	6	4	3	6	2	3	1	1	2	2	5	4	1	0	1	5	4	2	1	3	7	4	3	4	5	2	4	3	1	7	6	10	8	2	7	5	4	1	0	1	0	1	1	1	0	4	3	2	2	3	1	2	4	3	1	3	0	3	3	1	0	0	1	0	0	4	0	1	2	2	1	1	1	0	0	3	2	1	1	0	0	1	5	5	2	0	2	2	0	0	1	1	0	1	0	1	2	1	1	1	1	0	1	0	2	1	1	2	2	0	4	1
0	0	0	13	31	33	29	40	15	8	22	18	24	41	37	49	20	8	9	4	9	9	28	46	0	139	43	22	16	12	18	11	12	7	15	12	10	7	4	4	12	8	3	4	5	1	6	6	9	8	6	6	5	2	0	3	3	6	2	4	4	3	11	5	4	4	7	5	2	1	5	5	5	5	5	3	8	6	5	4	4	3	3	5	4	3	4	4	2	2	0	3	1	1	1	2	2	1	0	2	2	4	3	5	1	3	2	5	7	8	9	4	5	5	7	7	7	10	6	3	2	2	3	1	2	2	3	4	1	3	4	0	1	3	2	1	4	5	6	4	4	2	2	2	0	1	3	2	2	2	3	3	1	0	3	2	0	1	2	2	4	1	0	2	4	1	1	2	2	1	4	0	1	0	1	2	2	1	1	0	1	2	2	2	1	0	0	1	3	5	3	3	3	2	0	2
0	0	0	22	25	30	68	136	13	13	25	30	55	92	73	101	39	14	18	12	5	17	25	30	139	0	395	48	46	28	18	13	24	17	23	9	5	5	4	8	5	8	5	3	3	3	7	5	9	10	11	8	10	5	3	2	5	3	1	3	4	3	3	5	6	4	1	2	1	2	4	3	12	11	3	4	5	9	9	5	8	8	5	3	8	7	6	6	5	1	0	1	3	2	2	5	5	2	2	2	1	2	3	2	5	6	4	4	13	9	17	10	9	7	12	8	9	14	8	7	8	3	4	2	8	3	4	6	10	8	6	3	4	0	3	2	5	5	7	4	7	1	2	3	1	3	2	6	6	3	2	8	3	2	3	0	3	2	0	3	0	1	1	3	2	3	4	1	3	3	2	4	1	0	1	2	3	3	3	1	0	0	1	4	0	0	3	3	4	3	3	6	5	3	4	3
0	0	0	14	30	38	69	437	38	23	22	41	59	79	42	67	32	12	25	12	8	16	20	22	43	395	0	110	79	39	33	12	16	18	20	3	4	8	1	8	8	7	1	6	3	9	8	8	12	16	10	17	13	4	4	3	3	4	4	3	1	6	10	4	7	6	6	9	4	6	7	9	6	13	10	14	8	8	6	8	12	14	9	7	5	2	7	7	4	1	5	3	2	1	3	2	7	2	2	5	5	7	3	7	4	4	2	8	5	14	17	15	10	7	15	24	17	13	9	5	6	1	2	6	4	2	4	6	6	7	4	4	3	4	3	3	6	3	8	4	5	1	6	3	1	1	3	2	2	1	2	7	4	1	4	4	0	1	1	2	2	1	3	2	3	1	2	0	1	2	6	5	2	0	3	3	1	3	0	3	2	3	2	2	2	0	3	2	5	6	3	5	5	2	5	1
0	0	0	13	19	15	70	130	42	30	19	46	90	60	33	43	27	18	20	10	7	14	13	18	22	48	110	0	952	133	51	26	32	24	22	11	4	5	7	5	11	8	3	5	7	6	10	12	29	28	18	29	25	9	8	3	1	6	3	5	4	4	6	4	6	3	3	11	19	13	5	10	18	13	11	11	10	17	16	12	8	16	11	6	8	13	14	8	1	1	3	0	2	3	7	4	2	3	6	5	7	5	8	12	7	5	10	11	18	33	39	22	19	14	30	26	23	34	10	15	6	4	6	4	9	3	10	11	7	4	7	6	4	3	2	0	7	6	6	7	9	6	5	2	3	2	5	3	2	6	3	4	5	3	7	7	3	1	1	3	3	1	2	4	2	0	4	7	5	2	4	1	1	2	3	2	1	1	4	2	0	5	3	1	1	2	6	0	2	3	4	3	6	2	4	4
0	0	0	16	22	15	37	61	23	31	19	60	97	54	24	38	27	21	29	20	8	20	13	9	16	46	79	952	0	145	49	36	37	29	17	11	6	9	6	10	12	9	2	5	9	10	10	14	35	39	25	51	31	17	7	2	5	5	5	5	6	4	11	5	8	14	11	21	17	13	5	15	14	13	11	7	8	7	16	14	20	12	12	12	10	12	17	4	5	1	1	4	3	1	4	4	6	5	3	4	3	6	6	13	9	8	13	18	20	34	33	29	18	18	39	40	28	39	12	6	10	6	3	5	8	4	7	15	8	16	9	6	4	4	0	4	3	11	7	10	10	10	4	2	1	5	2	1	5	6	7	5	5	6	4	2	3	5	3	1	3	5	3	2	1	3	1	4	7	2	6	1	3	2	0	3	3	2	2	2	3	4	2	0	3	3	3	3	2	6	5	4	2	2	3	2
0	0	0	13	12	19	36	33	14	17	20	35	58	43	15	28	27	11	9	9	12	12	8	5	12	28	39	133	145	0	130	78	51	40	25	9	4	10	8	5	5	9	6	5	6	6	2	17	39	44	30	34	14	9	9	3	4	1	8	1	1	5	13	7	2	8	8	9	10	10	7	12	14	11	7	9	10	9	10	13	13	15	10	8	7	12	6	2	5	1	2	2	1	3	5	3	6	4	4	4	8	7	9	9	10	12	11	14	22	29	52	31	20	17	22	29	10	12	11	12	6	4	3	8	6	5	14	15	14	17	15	7	9	3	4	6	8	12	6	13	13	5	7	7	4	0	5	4	5	8	3	9	3	5	9	0	1	2	1	4	2	3	6	2	2	4	5	6	7	4	3	5	2	2	0	0	2	3	3	2	4	2	3	0	1	1	4	3	3	6	7	3	2	4	3	1
0	0	0	8	12	27	31	26	8	11	8	23	106	98	43	40	29	18	30	16	11	24	17	11	18	18	33	51	49	130	0	154	135	65	42	7	8	5	4	17	11	4	2	10	4	6	6	5	46	33	31	19	17	13	4	4	5	4	10	4	6	2	3	2	3	4	4	7	8	6	5	10	13	7	5	5	8	4	7	12	9	16	8	15	10	15	8	3	1	0	3	1	1	3	3	2	2	0	3	7	3	5	5	11	10	11	6	12	9	18	20	8	12	10	7	14	9	15	11	3	6	6	1	1	3	4	4	9	9	9	8	7	3	6	5	2	8	11	11	18	16	12	5	1	5	2	3	0	4	4	4	9	4	4	1	4	1	4	4	1	0	1	0	0	0	5	3	3	0	4	5	1	2	1	1	1	3	1	1	1	4	2	2	2	4	1	1	5	1	4	2	5	4	2	1	1
0	0	0	4	8	15	14	9	5	10	11	20	51	33	20	25	21	11	28	27	16	19	9	6	11	13	12	26	36	78	154	0	903	161	40	16	8	6	12	13	14	6	6	7	3	8	4	15	60	60	33	35	13	8	6	2	2	1	3	1	2	8	5	5	3	6	15	12	13	12	5	14	12	6	11	5	4	9	15	4	17	21	21	20	7	36	9	2	3	3	2	1	4	5	6	1	2	5	3	4	6	6	6	14	20	13	10	18	12	20	19	14	13	8	8	11	8	10	1	7	1	2	7	1	3	5	5	7	13	12	13	14	6	3	6	7	11	16	9	12	9	5	2	5	3	7	1	2	2	1	8	1	8	4	3	1	4	1	3	1	0	4	1	2	3	1	2	4	5	2	2	5	1	5	1	3	3	3	1	2	1	4	0	1	1	7	0	4	4	5	1	3	3	4	2	3
0	0	0	3	8	11	11	13	9	12	7	33	53	35	36	22	29	23	44	36	28	28	18	6	12	24	16	32	37	51	135	903	0	545	74	21	8	9	5	19	15	12	7	20	5	10	9	11	56	56	70	42	36	9	1	4	8	4	4	2	2	1	5	3	2	7	5	14	8	8	6	10	13	11	2	5	6	8	4	10	14	15	22	21	17	30	6	4	2	2	3	3	2	1	5	3	3	2	4	3	3	4	9	19	13	12	11	12	6	16	21	18	12	12	6	11	9	5	5	4	4	3	5	2	2	1	5	5	7	10	11	10	3	7	5	10	14	15	12	10	8	4	2	3	6	5	3	1	5	3	4	7	8	7	5	3	2	2	1	3	3	5	4	6	1	2	2	3	2	2	2	0	0	2	2	2	2	3	4	0	1	0	0	2	0	2	1	2	2	2	1	2	3	5	2	1
0	0	0	3	5	11	18	9	9	11	13	29	39	25	19	17	41	17	68	68	37	34	13	7	7	17	18	24	29	40	65	161	545	0	129	17	8	7	10	14	22	14	8	21	11	9	8	15	55	66	96	59	28	15	9	8	7	4	0	0	4	4	7	6	3	4	10	7	17	16	6	9	17	7	4	5	6	7	9	8	16	27	32	40	22	33	7	6	1	1	0	3	4	1	3	6	3	2	5	7	6	6	8	23	20	19	15	13	12	11	12	13	8	11	5	13	7	8	7	5	5	2	4	3	3	4	5	12	6	15	10	10	4	8	2	6	11	5	9	11	5	3	4	2	5	3	2	0	2	6	3	4	4	2	5	4	2	3	2	3	1	1	3	2	4	1	9	5	5	1	2	2	3	3	0	1	1	2	4	4	3	0	1	2	3	1	2	1	2	3	0	1	3	2	3	2
0	0	0	6	7	4	8	11	9	12	21	36	84	28	33	33	64	54	245	166	75	179	23	15	15	23	20	22	17	25	42	40	74	129	0	40	24	15	20	53	26	15	14	12	14	12	13	15	38	26	46	48	25	3	8	1	3	0	7	4	0	5	8	6	5	6	11	9	13	9	5	5	12	6	4	3	5	7	12	22	22	42	32	33	17	32	12	3	3	2	1	1	1	2	2	8	6	1	1	2	6	6	3	9	20	9	10	16	5	14	6	11	10	9	9	10	6	16	3	0	2	1	1	3	2	5	2	5	2	11	9	8	4	5	3	3	6	5	10	7	9	2	3	2	1	1	0	1	3	1	2	1	3	4	4	3	3	1	2	1	2	2	3	2	5	1	1	3	4	0	2	3	2	1	0	0	3	1	2	3	0	0	1	0	0	1	1	0	4	1	0	2	1	0	1	2
0	0	0	5	2	3	6	9	7	6	9	5	15	16	14	16	19	41	36	84	80	74	20	6	12	9	3	11	11	9	7	16	21	17	40	0	75	24	42	48	19	13	9	13	11	4	8	11	10	7	11	17	8	4	3	4	1	3	3	1	2	3	9	6	6	3	5	5	5	6	6	6	7	4	0	3	8	7	7	14	7	19	22	30	14	21	3	4	0	1	1	2	1	1	5	0	2	5	0	1	1	5	3	4	11	3	7	5	6	5	0	5	3	3	4	3	8	7	3	2	3	2	1	3	2	1	4	3	4	3	7	7	2	3	3	4	3	5	5	9	5	4	1	1	5	0	2	1	3	0	1	3	4	1	2	2	1	3	4	0	3	1	1	0	2	2	1	3	2	1	3	3	2	1	3	0	2	0	0	1	0	1	2	0	1	0	0	1	4	1	0	3	2	1	0	2
0	0	0	2	5	1	6	4	7	10	9	6	8	6	13	12	23	38	23	31	28	39	25	12	10	5	4	4	6	4	8	8	8	8	24	75	0	103	89	35	15	10	11	13	11	4	11	3	8	3	9	12	8	4	5	0	1	3	5	3	2	1	3	4	2	2	4	4	7	5	2	4	8	4	1	6	5	5	11	7	11	11	10	17	12	14	2	3	1	1	2	0	1	3	0	1	2	1	3	2	0	2	2	7	8	4	5	6	1	3	1	4	1	2	5	3	0	4	1	3	4	1	3	4	3	2	0	0	4	3	6	2	3	5	1	1	4	1	2	3	2	1	0	2	1	1	1	1	0	0	1	1	1	2	1	1	2	3	0	2	2	1	1	0	0	2	1	2	1	1	6	3	3	1	1	0	0	2	0	0	3	1	0	2	0	0	0	0	0	1	0	1	2	1	2	2
0	0	0	2	3	2	2	7	5	11	12	17	12	8	6	10	17	50	27	21	30	42	27	14	7	5	8	5	9	10	5	6	9	7	15	24	103	0	235	61	27	19	8	7	18	9	13	5	8	7	11	10	18	9	2	1	3	6	4	1	3	4	5	3	5	5	3	2	8	6	8	5	8	2	10	2	7	12	9	16	15	18	9	10	8	10	5	4	2	1	1	4	4	5	0	3	2	2	0	1	0	3	1	5	9	6	7	2	3	8	6	0	3	3	4	2	2	10	3	2	2	3	0	1	2	1	2	2	0	1	3	3	1	4	2	5	4	5	3	4	4	1	0	0	2	0	0	1	1	1	2	1	1	0	3	1	2	3	1	2	0	2	2	2	0	2	0	3	1	2	0	1	0	1	1	1	0	2	0	0	2	0	2	3	1	1	2	0	1	3	2	0	0	1	0	0
0	0	0	0	2	2	8	4	10	3	14	7	9	7	12	5	17	45	24	34	42	24	14	12	4	4	1	7	6	8	4	12	5	10	20	42	89	235	0	102	42	13	16	18	18	13	10	4	9	8	7	10	8	6	4	6	3	3	4	3	0	1	5	5	7	3	2	5	8	8	7	3	3	1	1	2	3	5	6	15	21	20	21	15	12	14	4	2	2	0	3	3	1	2	1	2	2	0	1	2	5	1	2	5	5	4	5	7	2	3	3	2	3	3	3	7	3	3	7	1	1	0	0	2	2	1	2	0	2	4	2	2	4	2	1	3	3	4	3	6	3	1	0	2	4	1	0	3	1	2	4	2	2	1	2	0	1	1	0	0	0	0	2	2	1	1	1	2	1	3	1	1	3	1	0	2	0	3	0	1	0	2	0	0	0	2	0	1	0	2	0	1	1	3	1	0
0	0	0	3	4	4	5	4	15	18	22	29	30	16	17	14	38	61	91	83	151	92	24	8	4	8	8	5	10	5	17	13	19	14	53	48	35	61	102	0	141	41	18	24	40	11	19	16	20	14	23	27	21	11	7	7	3	0	7	3	2	5	3	6	8	6	6	7	13	4	8	12	12	8	7	5	7	16	13	30	33	55	52	30	20	20	10	7	4	11	1	5	1	6	3	3	0	2	1	5	2	4	4	13	12	13	8	6	8	9	3	9	6	5	2	12	7	7	2	3	2	5	1	3	0	1	3	1	2	8	7	3	3	4	2	5	3	9	9	8	2	3	0	1	3	3	1	1	1	3	3	1	5	1	3	5	2	3	0	0	2	4	3	1	1	0	3	3	2	3	2	5	0	3	1	0	0	1	2	1	0	1	1	1	3	2	3	2	1	2	3	1	1	3	4	0
0	0	0	4	4	7	6	10	6	13	31	29	23	11	15	13	20	45	58	41	48	42	16	8	12	5	8	11	12	5	11	14	15	22	26	19	15	27	42	141	0	53	38	25	54	34	30	39	20	13	28	36	40	18	7	2	5	3	8	7	6	9	3	8	9	10	10	14	20	17	7	12	8	10	4	11	18	26	31	81	124	103	29	16	18	21	24	9	5	5	7	4	2	5	7	2	2	3	3	3	1	5	3	9	8	25	5	8	6	6	8	5	4	2	6	15	10	9	2	8	4	4	1	3	0	1	4	5	8	4	3	2	1	3	4	1	2	8	6	5	7	2	3	1	2	1	4	2	2	1	0	6	4	1	2	3	1	1	0	2	0	3	5	2	2	3	2	1	2	1	1	2	3	1	1	2	0	3	1	1	0	1	1	2	3	0	2	0	1	2	3	4	2	2	0	3
0	0	0	1	5	5	5	7	6	16	21	12	10	9	4	7	8	18	30	20	23	17	6	8	8	8	7	8	9	9	4	6	12	14	15	13	10	19	13	41	53	0	211	381	286	92	77	28	22	17	26	32	29	19	12	8	2	7	6	2	5	4	9	6	6	7	13	9	38	17	16	10	11	5	1	6	6	25	19	66	89	90	70	37	23	15	19	7	5	7	5	8	9	3	4	4	4	3	2	5	4	4	3	19	29	26	19	6	6	7	4	6	5	3	0	9	9	4	4	6	3	2	1	1	2	3	6	5	4	4	4	5	1	4	4	4	3	9	11	12	2	5	2	2	0	2	4	0	0	2	0	1	3	3	7	2	1	1	2	4	2	2	1	5	3	4	3	7	1	2	1	3	2	1	4	2	2	1	2	2	1	1	2	1	1	3	0	1	1	1	0	0	0	3	0	2
0	0	0	3	0	1	4	5	3	4	8	8	1	7	6	6	2	11	11	11	24	6	2	4	3	5	1	3	2	6	2	6	7	8	14	9	11	8	16	18	38	211	0	237	175	51	58	12	8	8	11	17	18	16	11	4	4	9	4	5	5	5	4	14	5	6	9	8	22	18	17	10	12	8	5	3	9	14	11	32	37	32	34	29	20	12	8	12	1	2	4	6	5	8	3	1	1	3	3	5	4	5	7	19	30	26	18	11	5	3	3	1	5	3	4	4	3	2	6	7	4	2	1	2	2	3	4	3	2	5	3	5	3	2	4	7	1	4	9	4	7	0	1	2	2	1	2	4	4	2	2	2	1	5	3	2	2	1	2	4	2	1	0	3	2	9	2	3	3	2	4	1	1	0	1	0	1	2	2	3	0	2	2	0	2	1	2	1	5	3	0	1	2	3	5	1
0	0	0	5	2	4	6	3	7	5	8	7	6	7	4	3	6	12	20	23	23	9	5	5	4	3	6	5	5	5	10	7	20	21	12	13	13	7	18	24	25	381	237	0	113	56	46	32	16	15	26	23	31	17	12	5	9	8	5	2	4	6	2	6	7	10	16	10	43	27	25	16	15	7	4	5	15	11	15	38	65	83	103	49	38	22	17	9	8	4	5	12	10	1	5	1	2	2	3	4	5	2	15	46	48	56	24	12	12	12	6	9	6	6	3	5	4	7	1	2	2	1	6	6	5	2	6	7	4	10	8	6	5	4	3	3	6	9	12	10	2	2	3	3	2	2	0	4	1	3	3	3	1	4	5	3	2	1	1	1	1	0	2	2	3	3	6	4	2	2	1	2	1	2	1	1	1	0	6	2	4	1	4	1	1	2	0	4	3	1	1	0	3	1	7	2
0	0	0	2	6	2	6	3	8	7	10	10	5	6	4	5	12	16	14	23	26	11	5	4	5	3	3	7	9	6	4	3	5	11	14	11	11	18	18	40	54	286	175	113	0	57	61	27	16	12	15	17	27	15	8	1	7	4	5	7	3	9	9	6	5	6	9	10	21	12	16	12	7	7	4	2	7	16	19	41	47	52	34	18	22	14	17	7	7	3	4	4	7	3	4	1	1	1	3	3	6	3	7	19	23	25	13	8	4	7	4	7	1	5	2	11	3	4	6	3	1	4	2	4	5	2	2	0	2	6	4	6	6	4	3	5	8	8	6	2	4	4	3	1	5	2	2	3	3	4	0	3	7	2	5	2	3	0	4	3	0	4	0	3	2	4	2	6	2	6	5	3	2	2	1	0	1	1	2	2	2	2	0	2	1	1	1	1	1	1	1	1	1	0	0	0
0	0	0	2	2	1	3	4	5	12	12	6	6	6	3	4	8	8	21	11	15	9	5	4	1	3	9	6	10	6	6	8	10	9	12	4	4	9	13	11	34	92	51	56	57	0	552	61	16	13	9	12	17	46	26	12	7	8	17	8	6	10	12	12	9	12	20	20	37	21	44	26	18	11	10	8	19	41	42	84	65	32	20	15	8	12	36	17	12	7	8	8	8	8	2	3	7	1	2	5	7	9	11	17	24	31	13	8	15	4	4	6	5	4	4	8	5	9	7	6	10	0	2	3	7	4	1	5	9	5	11	6	4	3	2	1	3	7	6	12	6	6	3	2	1	2	2	1	3	1	2	3	7	1	3	2	2	3	2	3	2	4	0	6	3	5	5	9	6	5	2	5	2	0	0	3	4	1	4	3	2	2	2	2	4	1	2	5	2	3	8	3	2	3	2	5
0	0	0	2	0	5	3	2	5	16	11	10	7	5	1	5	6	10	12	13	11	16	4	2	6	7	8	10	10	2	6	4	9	8	13	8	11	13	10	19	30	77	58	46	61	552	0	42	6	11	21	18	35	47	22	15	6	19	14	10	7	9	13	25	9	15	15	12	25	17	18	21	31	18	9	13	25	55	57	130	58	26	26	9	12	11	38	27	11	8	14	11	14	2	9	4	6	2	5	3	5	7	8	14	19	22	8	12	6	6	6	9	10	6	6	10	11	12	7	9	3	2	1	1	0	2	0	7	7	2	9	4	2	1	2	3	1	2	3	9	6	3	8	3	0	0	9	3	2	1	2	2	0	3	1	1	2	0	1	3	3	1	2	3	1	2	3	11	1	1	3	1	3	1	1	0	3	4	3	3	1	3	4	5	1	4	1	1	2	2	2	2	5	3	0	1
0	0	0	8	4	4	6	6	12	28	20	25	8	18	5	9	15	15	14	13	14	11	5	5	6	5	8	12	14	17	5	15	11	15	15	11	3	5	4	16	39	28	12	32	27	61	42	0	50	37	40	73	284	108	41	11	6	12	13	10	4	11	11	18	17	33	33	60	231	63	53	95	75	20	9	8	22	47	87	88	85	52	30	19	10	17	52	7	4	8	6	5	5	9	13	2	4	4	9	9	6	15	19	14	31	51	35	33	33	25	12	20	11	14	11	29	25	21	13	9	8	8	6	2	6	0	3	9	6	11	16	9	6	6	5	2	3	11	7	14	9	5	4	5	2	5	4	0	3	3	4	5	4	5	8	5	3	1	2	2	5	3	9	3	4	7	9	9	9	5	4	6	4	3	1	1	2	1	4	3	3	2	3	2	2	5	2	2	2	5	3	4	4	3	1	2
0	0	0	5	3	5	12	13	7	17	16	26	36	19	12	20	18	12	33	22	15	16	8	11	9	9	12	29	35	39	46	60	56	55	38	10	8	8	9	20	20	22	8	16	16	16	6	50	0	917	410	176	82	22	10	5	1	9	5	5	3	3	3	8	8	15	13	16	41	17	19	33	28	6	6	4	9	13	13	29	31	37	43	20	13	37	17	9	2	1	0	3	3	2	3	2	4	5	6	3	6	11	13	33	37	27	34	39	29	42	14	16	21	27	21	22	18	8	7	8	8	4	3	3	5	3	1	8	18	15	20	22	7	2	7	7	16	17	19	17	9	7	7	6	3	1	2	3	2	6	6	9	10	3	7	2	2	2	1	1	3	0	2	2	1	2	4	5	10	10	4	3	0	1	1	1	3	3	2	0	0	6	1	1	1	0	4	7	3	0	5	5	1	2	2	3
0	0	0	1	1	3	7	10	9	10	17	20	26	19	11	14	15	8	26	21	11	13	4	7	8	10	16	28	39	44	33	60	56	66	26	7	3	7	8	14	13	17	8	15	12	13	11	37	917	0	176	82	57	19	7	6	6	4	2	7	2	4	4	5	6	9	11	25	33	33	16	36	32	15	6	5	12	18	24	10	24	26	22	15	13	26	9	5	2	5	4	7	3	1	6	3	4	5	7	4	14	13	9	38	35	31	37	64	35	48	24	33	34	22	21	19	20	13	8	12	5	9	2	6	7	2	6	11	13	28	24	12	10	14	14	8	14	24	31	37	8	9	8	0	2	4	6	5	6	5	8	5	14	12	5	1	1	3	4	3	3	1	5	2	3	4	7	9	1	7	2	5	2	1	1	0	1	4	3	4	3	4	1	1	1	2	1	3	3	2	4	3	5	7	4	6
0	0	0	6	5	3	9	12	10	15	21	22	35	19	12	10	25	12	44	50	35	23	3	3	6	11	10	18	25	30	31	33	70	96	46	11	9	11	7	23	28	26	11	26	15	9	21	40	410	176	0	200	71	29	8	4	2	2	3	3	3	8	3	8	11	7	18	22	47	22	20	32	21	17	6	5	3	15	22	34	51	63	61	34	20	57	12	6	1	6	12	1	5	5	14	5	1	1	4	9	2	11	9	51	42	26	34	27	21	25	20	10	15	12	14	15	7	9	8	3	9	3	4	6	2	3	5	7	16	21	20	9	9	8	4	7	12	20	18	11	8	6	7	5	2	3	1	0	5	0	3	6	6	6	7	5	1	0	4	2	1	7	3	6	2	6	3	1	5	4	7	5	0	2	2	0	2	3	4	4	0	0	0	4	3	2	2	2	2	4	3	1	3	0	2	2
0	0	0	2	9	10	11	16	12	27	22	49	39	19	17	18	22	21	78	32	19	31	14	10	6	8	17	29	51	34	19	35	42	59	48	17	12	10	10	27	36	32	17	23	17	12	18	73	176	82	200	0	267	25	9	10	9	3	5	5	3	8	4	14	9	11	10	18	51	28	26	30	28	17	5	5	9	20	25	56	83	126	48	31	13	26	14	5	6	2	2	9	5	4	4	2	1	3	3	3	4	7	19	32	27	32	19	36	16	30	14	16	9	7	17	22	13	14	9	9	3	2	4	6	4	4	4	7	13	15	14	15	5	7	3	3	12	7	11	11	3	4	5	3	4	4	2	2	3	5	5	3	4	3	6	3	1	3	2	2	4	4	3	2	2	5	1	5	4	5	6	3	2	0	2	1	0	2	3	2	1	2	4	2	2	2	2	2	0	1	5	3	4	4	0	1
0	0	0	6	7	9	8	12	12	27	26	33	33	12	11	11	17	13	43	21	17	24	11	5	5	10	13	25	31	14	17	13	36	28	25	8	8	18	8	21	40	29	18	31	27	17	35	284	82	57	71	267	0	73	20	13	7	11	5	3	7	7	11	13	13	20	25	39	94	27	36	47	74	18	9	13	17	31	72	92	109	81	40	18	16	16	40	16	4	5	2	5	2	7	9	6	6	3	3	2	8	8	6	21	19	25	26	18	24	32	12	16	18	16	22	31	18	27	7	5	7	6	2	3	5	2	3	7	6	8	7	18	3	5	5	5	5	4	15	17	5	5	0	10	4	1	5	1	2	4	3	4	2	0	6	2	2	2	0	1	1	2	2	5	2	0	7	3	6	2	3	4	1	2	2	1	3	2	3	1	5	4	3	1	1	2	1	3	3	2	1	6	2	0	4	2
0	0	0	6	3	3	2	8	9	26	18	15	15	6	2	4	3	8	14	3	7	10	4	1	2	5	4	9	17	9	13	8	9	15	3	4	4	9	6	11	18	19	16	17	15	46	47	108	22	19	29	25	73	0	84	29	13	24	25	10	5	20	19	48	36	54	72	65	75	32	52	63	112	31	20	13	22	102	179	72	45	20	13	8	9	10	235	23	8	8	8	8	18	10	9	4	5	6	4	5	9	16	11	14	12	24	25	23	29	30	11	10	14	14	13	28	29	26	21	11	10	8	6	5	7	3	6	10	11	5	9	3	5	2	5	2	8	4	16	16	4	6	1	6	1	0	3	3	5	3	2	4	3	7	7	4	2	2	3	4	4	5	0	5	3	7	12	18	7	11	11	6	1	4	1	6	2	0	1	1	4	2	3	1	2	1	3	3	1	3	3	4	9	3	3	4
0	0	0	4	6	5	2	2	7	17	11	12	3	7	5	2	8	3	5	7	5	3	5	6	0	3	4	8	7	9	4	6	1	9	8	3	5	2	4	7	7	12	11	12	8	26	22	41	10	7	8	9	20	84	0	86	40	67	26	14	9	24	29	72	83	141	103	46	28	28	41	37	47	29	9	17	17	38	33	13	16	10	12	6	4	10	102	25	15	12	24	16	12	40	13	6	8	8	10	7	10	11	16	4	8	26	12	21	17	10	3	18	9	9	11	31	15	13	15	13	11	12	6	6	7	11	10	14	11	6	5	5	2	4	6	1	7	4	8	5	5	2	0	3	4	2	2	1	3	1	7	8	2	6	6	9	6	2	4	3	6	1	3	5	8	7	16	46	23	18	5	12	6	8	3	4	5	6	7	3	6	4	7	6	4	4	2	6	4	3	5	6	12	6	5	3
0	0	0	6	7	4	9	5	7	8	6	3	5	3	3	5	5	3	5	5	5	4	3	3	3	2	3	3	2	3	4	2	4	8	1	4	0	1	6	7	2	8	4	5	1	12	15	11	5	6	4	10	13	29	86	0	145	110	42	16	11	35	46	62	81	59	27	22	9	8	16	18	23	17	13	10	19	16	18	12	10	4	3	2	2	6	23	42	31	33	30	24	21	49	24	8	7	13	10	9	7	11	14	5	5	12	12	13	18	13	6	7	6	7	7	10	17	20	20	15	19	11	6	12	2	9	13	9	11	6	9	7	6	1	2	1	3	2	3	3	9	6	3	3	3	3	0	1	7	1	5	2	6	4	10	5	8	5	4	4	4	3	5	3	4	6	16	76	27	13	8	7	6	4	2	7	7	4	2	1	11	10	7	7	7	5	8	6	6	10	7	12	31	13	8	1
0	0	0	0	1	2	1	5	5	2	1	4	2	0	2	3	3	2	7	5	2	0	3	3	3	5	3	1	5	4	5	2	8	7	3	1	1	3	3	3	5	2	4	9	7	7	6	6	1	6	2	9	7	13	40	145	0	109	28	21	15	16	28	29	30	32	12	10	9	12	7	10	14	7	8	15	9	10	12	9	12	3	3	0	1	1	13	32	43	79	48	34	42	69	26	9	5	9	8	9	5	13	10	4	6	10	7	11	7	8	9	3	2	9	8	9	9	12	5	18	7	6	5	1	6	2	5	4	8	5	8	5	4	0	1	0	3	2	4	6	2	3	4	1	1	4	0	3	5	4	3	4	2	3	7	3	2	0	4	4	3	10	7	7	4	8	16	42	29	13	12	8	4	2	1	5	2	2	5	6	5	15	9	6	6	3	8	2	4	7	9	11	19	15	12	8
0	0	0	1	3	2	3	3	5	11	4	3	4	5	1	3	3	2	1	4	6	4	4	3	6	3	4	6	5	1	4	1	4	4	0	3	3	6	3	0	3	7	9	8	4	8	19	12	9	4	2	3	11	24	67	110	109	0	92	27	24	32	51	44	41	31	16	15	9	13	7	9	16	13	12	14	12	15	16	7	9	5	5	3	1	3	30	63	32	73	111	30	38	40	12	10	4	11	7	6	5	8	14	2	5	9	10	6	5	10	3	8	7	3	5	7	12	10	10	7	7	7	1	5	3	5	5	3	7	5	4	5	4	1	3	1	2	3	3	6	6	1	2	1	2	0	0	2	5	4	3	3	1	5	7	0	3	1	5	3	2	8	7	4	2	4	9	25	11	14	7	15	4	2	2	4	1	2	4	4	9	7	4	1	2	3	2	5	6	3	9	6	9	7	6	2
0	0	0	3	0	2	4	4	6	6	7	5	1	3	0	4	3	1	7	4	2	6	3	0	2	1	4	3	5	8	10	3	4	0	7	3	5	4	4	7	8	6	4	5	5	17	14	13	5	2	3	5	5	25	26	42	28	92	0	136	41	108	99	73	36	18	8	9	9	11	8	12	17	14	15	12	28	26	13	7	8	5	3	2	2	8	34	248	135	45	34	11	18	12	4	7	4	3	8	5	2	4	12	1	4	8	8	7	4	3	4	5	5	5	3	7	9	11	8	15	3	2	3	6	1	5	7	4	6	5	3	3	5	0	1	2	2	1	9	5	2	1	3	0	3	0	4	1	3	5	2	1	1	4	4	2	4	2	2	1	2	2	5	3	0	4	6	17	8	9	1	1	2	2	3	1	3	2	3	4	5	7	7	4	3	1	6	3	1	7	3	7	8	6	3	2
0	0	0	4	2	6	3	7	11	9	7	5	0	5	2	3	3	3	5	3	2	1	1	1	4	3	3	5	5	1	4	1	2	0	4	1	3	1	3	3	7	2	5	2	7	8	10	10	5	7	3	5	3	10	14	16	21	27	136	0	293	176	77	40	26	8	3	5	5	6	5	6	10	13	23	18	18	15	15	8	5	5	1	0	2	2	10	81	328	27	21	5	12	11	6	3	4	5	6	5	5	1	3	3	8	2	1	5	3	2	5	4	5	2	6	5	9	8	5	7	7	7	4	4	3	5	2	2	2	3	3	0	2	0	0	0	1	1	1	3	3	2	1	1	4	0	0	3	5	1	1	2	3	1	1	3	3	4	3	3	2	4	2	2	0	1	6	7	9	5	5	4	2	1	1	2	1	3	2	3	0	5	2	3	3	3	4	4	3	9	4	8	9	5	2	2
0	0	0	2	2	3	4	4	4	10	11	3	5	0	2	3	1	3	1	2	2	0	5	3	4	4	1	4	6	1	6	2	2	4	0	2	2	3	0	2	6	5	5	4	3	6	7	4	3	2	3	3	7	5	9	11	15	24	41	293	0	92	46	18	18	12	3	5	6	3	2	3	4	14	18	14	11	11	8	3	4	3	2	7	1	0	14	36	102	28	14	7	8	2	5	1	4	2	5	3	7	2	6	2	1	6	6	2	6	6	5	1	2	4	4	3	11	7	9	3	6	5	3	1	4	6	1	8	4	3	4	6	4	0	1	1	0	2	1	1	1	3	0	1	0	3	0	2	3	1	0	2	1	3	4	6	5	2	1	3	3	3	4	3	1	3	5	6	5	4	8	5	1	0	1	0	3	3	1	1	2	4	2	8	0	3	3	3	3	6	5	8	12	3	3	4
0	0	0	6	6	8	8	9	7	10	9	6	6	5	4	2	10	3	9	7	2	2	2	2	3	3	6	4	4	5	2	8	1	4	5	3	1	4	1	5	9	4	5	6	9	10	9	11	3	4	8	8	7	20	24	35	16	32	108	176	92	0	514	91	58	17	8	6	6	5	6	6	14	18	39	36	40	25	18	13	8	7	2	1	2	1	30	153	93	20	20	8	8	9	4	4	7	3	6	2	3	6	5	5	5	2	3	4	9	7	5	6	8	5	13	8	7	13	16	10	8	8	2	5	7	3	7	3	6	3	5	0	2	0	3	1	2	6	7	1	2	3	2	2	2	1	3	1	3	3	2	5	5	6	4	3	3	0	4	6	1	5	5	1	2	3	4	5	5	4	5	9	3	5	3	0	0	1	3	3	1	2	1	5	3	4	2	7	1	9	15	6	9	10	9	5
0	0	0	2	4	4	3	4	13	14	7	13	8	10	4	1	5	3	4	8	2	3	2	3	11	3	10	6	11	13	3	5	5	7	8	9	3	5	5	3	3	9	4	2	9	12	13	11	3	4	3	4	11	19	29	46	28	51	99	77	46	514	0	287	145	22	10	15	10	9	15	9	15	33	49	62	43	28	29	16	6	7	3	5	4	2	37	213	66	20	16	10	11	14	5	5	8	6	6	5	3	9	11	7	4	11	7	6	9	5	2	6	4	4	13	15	18	13	13	12	19	5	4	4	3	6	12	11	5	5	4	4	1	2	0	4	2	3	5	4	3	2	2	2	1	2	1	1	5	2	4	6	8	3	4	3	4	1	2	4	2	6	3	0	1	2	7	25	6	1	8	4	3	2	0	2	3	1	1	3	2	5	2	3	1	4	3	5	4	8	17	6	13	11	6	7
0	0	0	2	4	2	4	9	10	30	14	13	9	3	4	5	6	4	11	5	9	4	1	0	5	5	4	4	5	7	2	5	3	6	6	6	4	3	5	6	8	6	14	6	6	12	25	18	8	5	8	14	13	48	72	62	29	44	73	40	18	91	287	0	266	52	29	17	14	16	13	13	36	46	52	43	54	47	42	19	8	12	3	10	4	5	118	222	30	16	14	10	11	19	18	5	4	16	8	3	4	7	2	6	2	11	9	6	9	8	4	3	8	8	11	17	19	30	24	11	15	8	2	3	7	9	9	8	8	8	5	2	3	1	1	1	2	4	3	5	4	9	3	1	1	5	0	2	4	3	2	5	5	3	4	6	5	2	5	6	3	3	4	2	2	2	8	21	5	4	6	13	0	1	2	2	0	2	4	3	1	5	6	3	3	5	4	2	3	3	5	2	7	5	5	7
0	0	0	6	0	4	5	6	9	18	13	6	6	3	4	4	8	5	6	8	4	6	3	2	4	6	7	6	8	2	3	3	2	3	5	6	2	5	7	8	9	6	5	7	5	9	9	17	8	6	11	9	13	36	83	81	30	41	36	26	18	58	145	266	0	79	25	14	15	5	11	13	28	64	35	33	37	24	34	12	10	6	7	4	5	9	50	56	28	15	18	17	10	23	19	11	10	5	9	7	12	8	6	4	6	8	10	11	15	7	10	9	10	16	8	10	31	27	39	25	22	5	10	7	5	10	17	16	10	11	7	2	2	0	6	3	3	2	5	5	8	6	3	4	3	1	2	1	5	4	5	9	3	5	9	4	4	4	3	5	8	6	3	5	7	5	15	32	15	9	4	4	3	1	3	0	0	3	3	3	2	6	7	3	6	5	6	5	5	9	13	9	19	12	6	2
0	0	0	3	7	4	4	5	10	15	15	10	4	2	8	2	9	7	3	5	2	8	3	7	4	4	6	3	14	8	4	6	7	4	6	3	2	5	3	6	10	7	6	10	6	12	15	33	15	9	7	11	20	54	141	59	32	31	18	8	12	17	22	52	79	0	92	90	29	32	25	52	63	40	13	22	18	21	30	13	8	8	12	3	5	2	46	22	12	14	17	12	13	21	35	9	7	14	16	17	12	11	25	10	9	17	18	25	38	22	10	27	19	30	32	26	40	15	35	39	34	11	7	14	17	10	17	15	21	15	14	5	3	3	5	0	5	10	13	5	7	7	1	3	1	3	3	2	11	4	5	7	5	5	11	14	7	3	5	4	5	2	6	6	8	8	24	54	26	4	13	5	3	4	3	2	7	3	3	8	2	7	8	2	3	3	10	5	12	14	9	5	20	11	8	6
0	0	0	3	6	5	3	5	4	8	8	11	10	9	3	6	5	3	7	4	5	3	2	0	7	1	6	3	11	8	4	15	5	10	11	5	4	3	2	6	10	13	9	16	9	20	15	33	13	11	18	10	25	72	103	27	12	16	8	3	3	8	10	29	25	92	0	188	60	86	112	142	41	15	7	6	7	19	22	25	8	12	10	5	6	11	45	17	8	4	10	19	17	16	16	13	8	9	12	13	19	19	50	11	13	39	33	45	48	19	15	9	13	15	10	18	24	14	13	17	16	13	9	9	4	1	9	10	12	16	18	10	3	8	4	5	4	11	16	23	13	9	9	4	10	4	2	4	3	7	6	14	8	11	11	3	6	5	4	6	4	10	2	8	1	4	18	41	22	10	12	8	2	4	2	4	5	3	1	2	4	11	3	5	5	5	2	4	2	4	5	3	14	9	5	7
0	0	0	2	6	3	6	9	12	12	12	12	7	4	5	9	5	3	6	4	12	4	2	4	5	2	9	11	21	9	7	12	14	7	9	5	4	2	5	7	14	9	8	10	10	20	12	60	16	25	22	18	39	65	46	22	10	15	9	5	5	6	15	17	14	90	188	0	65	74	75	276	83	27	13	11	9	21	29	21	18	25	9	6	7	11	24	18	6	6	4	7	8	16	14	16	7	8	18	16	22	36	48	16	19	29	49	109	125	56	16	45	31	24	19	37	36	24	16	20	23	16	6	7	3	5	7	21	19	24	20	12	2	6	3	4	3	10	15	30	15	13	4	6	5	6	4	3	10	6	4	12	8	10	16	7	7	2	8	2	3	3	10	3	3	6	13	19	17	10	9	8	2	4	3	4	0	5	1	4	6	10	6	5	6	7	5	2	5	10	4	4	8	9	7	2
0	0	0	6	1	2	4	11	10	22	7	11	13	6	5	7	10	11	15	12	9	6	6	3	2	1	4	19	17	10	8	13	8	17	13	5	7	8	8	13	20	38	22	43	21	37	25	231	41	33	47	51	94	75	28	9	9	9	9	5	6	6	10	14	15	29	60	65	0	190	187	231	45	13	10	11	13	31	40	48	55	43	28	20	15	14	33	11	7	7	9	7	12	8	8	5	5	6	8	14	17	15	24	35	59	131	65	53	23	29	11	12	14	5	7	28	12	14	8	10	10	5	2	8	8	6	7	14	7	27	18	11	9	4	2	9	9	16	23	13	7	7	3	4	5	3	6	1	5	2	9	5	5	11	5	6	4	6	3	2	5	2	1	7	3	4	3	8	16	7	7	2	4	1	0	1	3	3	1	2	3	5	2	3	4	3	1	5	2	5	1	2	7	4	3	1
0	0	0	3	4	3	3	8	7	13	12	6	8	2	5	1	6	7	9	9	8	9	2	1	1	2	6	13	13	10	6	12	8	16	9	6	5	6	8	4	17	17	18	27	12	21	17	63	17	33	22	28	27	32	28	8	12	13	11	6	3	5	9	16	5	32	86	74	190	0	300	279	31	12	5	10	12	21	11	13	16	21	20	10	10	12	26	6	8	7	11	9	12	9	7	8	4	3	11	13	20	21	45	34	38	150	241	76	34	21	10	31	10	9	6	9	11	12	11	6	8	5	3	1	5	2	3	6	16	26	44	29	5	4	3	8	9	20	27	23	13	7	3	6	11	1	3	4	6	4	4	10	9	11	12	7	5	3	4	4	5	2	6	4	4	6	19	11	13	11	13	1	6	4	3	1	4	2	4	3	3	7	6	1	5	3	4	2	4	4	3	5	4	3	6	3
0	0	0	1	1	5	5	0	6	7	8	15	8	4	5	5	5	4	11	11	12	6	7	4	5	4	7	5	5	7	5	5	6	6	5	6	2	8	7	8	7	16	17	25	16	44	18	53	19	16	20	26	36	52	41	16	7	7	8	5	2	6	15	13	11	25	112	75	187	300	0	165	27	10	11	5	11	16	24	28	23	21	24	10	12	17	22	10	12	11	8	11	9	16	9	7	6	4	8	9	17	15	36	20	37	115	54	38	21	13	7	7	5	10	6	15	8	15	5	11	6	4	2	4	8	4	6	7	8	22	20	10	5	5	9	7	5	18	30	6	9	6	1	6	5	2	1	3	6	0	4	3	6	11	11	8	4	3	5	3	3	6	4	4	3	3	12	7	13	7	5	4	1	2	2	1	5	1	5	4	4	5	2	3	6	3	3	0	3	3	3	4	5	5	5	1
0	0	0	4	3	3	3	5	6	13	12	11	9	7	6	9	6	5	13	4	9	11	5	2	5	3	9	10	15	12	10	14	10	9	5	6	4	5	3	12	12	10	10	16	12	26	21	95	33	36	32	30	47	63	37	18	10	9	12	6	3	6	9	13	13	52	142	276	231	279	165	0	52	13	6	11	13	18	37	35	30	21	9	9	7	10	33	7	5	6	7	15	4	11	13	6	6	8	14	7	24	23	40	25	41	65	84	109	62	39	14	23	15	16	18	18	23	26	11	13	20	10	7	4	6	6	7	15	18	24	18	15	5	7	3	8	8	16	21	26	17	11	3	4	4	1	5	3	4	2	6	6	10	11	6	5	11	2	2	2	8	4	10	4	5	4	13	17	12	7	11	6	0	3	2	3	1	4	6	1	5	8	4	3	4	5	4	2	9	4	6	5	11	4	3	4
0	0	0	5	2	7	6	17	23	68	22	20	15	7	6	6	6	7	10	14	10	8	7	7	5	12	6	18	14	14	13	12	13	17	12	7	8	8	3	12	8	11	12	15	7	18	31	75	28	32	21	28	74	112	47	23	14	16	17	10	4	14	15	36	28	63	41	83	45	31	27	52	0	84	17	15	30	60	86	36	22	15	9	5	8	11	85	14	7	6	4	8	11	9	13	8	7	4	12	13	16	12	14	11	12	20	19	28	50	44	25	30	14	29	34	115	88	59	27	23	20	9	2	9	8	7	10	19	18	9	8	6	6	2	1	4	4	6	11	10	6	10	5	8	1	2	2	5	8	3	5	11	4	6	9	7	4	3	4	2	5	5	4	2	3	3	4	20	13	5	6	4	0	3	2	0	4	2	4	0	2	2	4	4	3	2	2	4	4	6	9	6	8	4	9	3
0	0	0	4	6	3	10	17	42	95	25	15	13	5	3	4	2	4	9	9	5	7	3	2	5	11	13	13	13	11	7	6	11	7	6	4	4	2	1	8	10	5	8	7	7	11	18	20	6	15	17	17	18	31	29	17	7	13	14	13	14	18	33	46	64	40	15	27	13	12	10	13	84	0	80	76	64	39	50	20	13	10	6	8	3	2	61	28	13	6	10	6	9	9	13	4	6	8	8	8	8	10	9	3	5	9	7	17	22	15	15	12	15	27	47	64	246	311	69	36	16	5	5	10	9	8	14	18	14	11	2	7	2	1	1	3	3	6	5	6	8	4	1	1	2	3	3	2	6	6	3	6	10	4	8	3	4	2	6	2	2	4	4	6	6	2	8	8	5	5	6	4	2	1	3	0	1	2	2	2	1	5	3	3	4	2	7	0	4	10	13	8	12	8	3	4
0	0	0	6	7	2	5	12	30	39	19	13	12	2	8	3	6	5	9	1	4	6	9	5	5	3	10	11	11	7	5	11	2	4	4	0	1	10	1	7	4	1	5	4	4	10	9	9	6	6	6	5	9	20	9	13	8	12	15	23	18	39	49	52	35	13	7	13	10	5	11	6	17	80	0	2457	80	25	37	13	15	8	5	5	7	1	25	28	14	5	10	7	3	7	7	7	6	3	7	8	3	7	0	8	2	4	6	10	6	20	8	5	7	22	19	28	28	53	52	23	13	5	9	3	5	7	9	7	5	7	11	2	3	0	3	2	1	2	2	5	6	5	7	3	0	0	3	5	5	3	1	5	5	3	3	4	3	3	3	1	4	4	4	2	2	2	6	9	10	7	0	6	2	1	3	2	1	3	1	2	3	2	6	4	8	3	8	8	8	9	12	9	8	3	4	4
0	0	0	4	4	1	5	12	25	43	16	9	7	7	8	5	9	8	5	4	2	7	5	3	3	4	14	11	7	9	5	5	5	5	3	3	6	2	2	5	11	6	3	5	2	8	13	8	4	5	5	5	13	13	17	10	15	14	12	18	14	36	62	43	33	22	6	11	11	10	5	11	15	76	2457	0	75	23	29	14	5	10	3	4	4	5	32	30	19	11	3	5	8	4	6	9	2	2	3	10	4	4	6	1	5	3	0	3	9	10	5	9	8	14	11	19	30	46	32	27	8	6	4	4	12	6	11	10	3	8	5	5	1	2	2	3	3	3	3	1	6	1	2	2	5	1	1	3	1	2	5	5	2	5	6	0	2	1	1	3	3	3	2	5	1	3	3	6	3	3	4	4	3	0	0	1	4	2	2	6	1	3	4	3	4	3	6	3	7	10	7	6	8	11	4	4
0	0	0	4	7	6	5	9	23	69	38	21	8	6	7	8	10	12	8	7	3	4	9	4	8	5	8	10	8	10	8	4	6	6	5	8	5	7	3	7	18	6	9	15	7	19	25	22	9	12	3	9	17	22	17	19	9	12	28	18	11	40	43	54	37	18	7	9	13	12	11	13	30	64	80	75	0	102	60	32	21	11	5	3	6	6	46	44	10	9	12	6	4	5	4	3	3	2	7	5	6	9	5	3	6	5	1	9	5	11	5	4	10	7	10	18	23	43	16	13	10	3	2	6	3	2	5	9	3	3	6	3	5	1	2	1	3	5	4	4	5	1	2	3	3	2	1	3	5	3	2	3	0	2	2	2	3	0	0	2	1	4	1	3	2	4	2	6	4	4	3	6	3	3	1	2	1	2	1	1	2	3	2	4	0	3	4	1	3	5	7	1	9	5	2	3
0	0	0	2	4	3	4	10	14	66	42	24	11	11	6	10	12	6	15	7	7	13	16	6	6	9	8	17	7	9	4	9	8	7	7	7	5	12	5	16	26	25	14	11	16	41	55	47	13	18	15	20	31	102	38	16	10	15	26	15	11	25	28	47	24	21	19	21	31	21	16	18	60	39	25	23	102	0	896	101	40	23	11	7	14	4	201	34	12	7	12	6	6	6	9	4	8	7	2	6	3	5	3	13	8	15	14	9	17	16	6	6	8	6	10	22	32	24	12	9	12	5	5	7	6	6	12	6	6	9	7	8	1	2	0	3	1	4	5	5	5	1	4	1	4	1	4	1	3	3	2	3	5	4	6	3	3	1	0	3	3	1	1	2	4	2	5	10	5	8	1	1	4	3	2	1	2	2	2	2	2	1	2	5	3	1	0	3	6	3	4	1	11	7	1	2
0	0	0	4	1	3	6	16	16	74	25	29	10	5	6	11	12	15	10	8	8	9	5	4	5	9	6	16	16	10	7	15	4	9	12	7	11	9	6	13	31	19	11	15	19	42	57	87	13	24	22	25	72	179	33	18	12	16	13	15	8	18	29	42	34	30	22	29	40	11	24	37	86	50	37	29	60	896	0	76	50	30	18	5	5	7	333	30	13	7	15	8	8	10	9	3	6	2	6	7	9	4	10	12	13	15	13	16	18	19	7	12	8	15	9	28	25	34	15	13	8	2	9	2	3	4	7	11	5	7	7	3	2	1	1	1	5	5	5	10	7	5	4	3	3	3	1	2	2	2	7	7	3	5	6	3	1	1	1	3	2	3	2	3	2	1	7	18	9	6	5	7	1	2	1	0	1	1	2	2	3	4	2	4	2	1	5	8	2	2	2	5	11	3	8	2
0	0	0	4	4	3	5	12	14	29	24	20	19	8	8	6	9	7	23	7	16	18	10	4	4	5	8	12	14	13	12	4	10	8	22	14	7	16	15	30	81	66	32	38	41	84	130	88	29	10	34	56	92	72	13	12	9	7	7	8	3	13	16	19	12	13	25	21	48	13	28	35	36	20	13	14	32	101	76	0	355	71	25	9	10	12	44	14	7	7	7	5	3	9	3	2	5	5	2	6	5	6	2	10	22	22	7	11	9	12	10	4	4	13	7	11	16	18	6	6	5	6	2	4	3	2	4	8	5	7	7	9	2	6	3	3	2	7	11	3	7	5	2	0	1	2	2	3	3	3	3	5	4	5	6	3	5	1	4	6	1	4	2	0	2	6	6	9	6	4	4	2	1	1	2	3	0	1	2	1	1	1	5	1	4	3	1	3	1	4	3	4	9	2	1	1
0	0	0	3	6	3	1	7	8	20	21	23	10	5	12	8	17	21	36	17	25	14	15	7	4	8	12	8	20	13	9	17	14	16	22	7	11	15	21	33	124	89	37	65	47	65	58	85	31	24	51	83	109	45	16	10	12	9	8	5	4	8	6	8	10	8	8	18	55	16	23	30	22	13	15	5	21	40	50	355	0	242	54	19	13	15	22	9	6	3	6	10	6	5	4	3	0	2	3	8	4	9	6	19	21	25	20	21	5	8	8	6	11	5	6	7	16	13	8	10	6	6	0	3	2	4	3	5	3	6	7	6	6	6	1	2	4	4	8	5	4	4	0	5	2	2	4	3	3	2	2	1	2	6	4	6	2	2	1	3	2	3	3	1	3	0	10	9	2	2	2	2	0	0	0	4	2	2	1	3	1	4	1	4	4	2	1	0	3	1	1	1	4	3	4	1
0	0	0	2	5	8	7	7	9	14	25	27	23	15	17	7	23	22	67	34	66	25	7	9	3	8	14	16	12	15	16	21	15	27	42	19	11	18	20	55	103	90	32	83	52	32	26	52	37	26	63	126	81	20	10	4	3	5	5	5	3	7	7	12	6	8	12	25	43	21	21	21	15	10	8	10	11	23	30	71	242	0	154	45	31	29	14	10	4	1	4	3	3	4	2	3	2	2	4	6	3	5	9	26	35	31	23	7	7	14	12	6	6	13	8	12	9	9	7	7	4	3	5	5	1	4	6	7	10	5	6	7	3	2	4	3	5	13	8	3	3	7	0	0	1	2	3	1	5	4	1	4	2	3	6	3	2	2	2	1	2	0	5	3	0	1	1	6	5	2	2	2	2	5	1	0	0	2	0	2	1	3	4	2	2	0	1	2	1	2	0	2	2	2	0	3
0	0	0	2	4	8	6	7	4	8	18	16	10	10	10	11	14	9	34	49	49	19	7	2	3	5	9	11	12	10	8	21	22	32	32	22	10	9	21	52	29	70	34	103	34	20	26	30	43	22	61	48	40	13	12	3	3	5	3	1	2	2	3	3	7	12	10	9	28	20	24	9	9	6	5	3	5	11	18	25	54	154	0	122	87	74	8	2	4	3	1	6	4	2	8	0	1	2	1	3	6	2	9	54	94	37	23	17	9	11	5	8	9	4	7	10	6	10	3	4	3	1	1	3	6	4	2	3	6	8	12	9	8	3	6	5	8	7	11	7	2	3	7	1	4	1	1	0	4	1	5	3	3	5	4	3	1	2	0	4	2	0	2	2	2	1	7	7	3	4	2	3	0	2	2	0	2	1	1	2	3	2	3	2	2	2	1	1	5	2	1	2	2	5	0	0
0	0	0	5	1	6	9	2	1	12	4	13	5	5	13	11	19	12	33	81	97	26	11	2	5	3	7	6	12	8	15	20	21	40	33	30	17	10	15	30	16	37	29	49	18	15	9	19	20	15	34	31	18	8	6	2	0	3	2	0	7	1	5	10	4	3	5	6	20	10	10	9	5	8	5	4	3	7	5	9	19	45	122	0	210	155	7	3	3	0	4	3	5	4	1	1	2	0	1	7	2	9	5	47	32	12	15	7	9	9	0	7	12	6	8	4	4	5	5	6	0	1	2	1	2	1	3	5	3	9	7	7	3	2	4	3	9	4	14	7	3	2	6	0	4	3	4	3	2	1	2	5	6	4	5	2	1	2	0	2	1	2	1	3	1	2	5	1	1	1	1	2	1	1	0	1	2	2	1	0	2	2	1	1	0	1	1	0	4	3	2	5	6	4	2	3
0	0	0	2	2	4	2	6	7	3	7	8	7	13	10	2	13	9	18	36	43	18	5	6	4	8	5	8	10	7	10	7	17	22	17	14	12	8	12	20	18	23	20	38	22	8	12	10	13	13	20	13	16	9	4	2	1	1	2	2	1	2	4	4	5	5	6	7	15	10	12	7	8	3	7	4	6	14	5	10	13	31	87	210	0	188	5	3	2	1	4	3	3	0	1	0	6	2	8	1	7	6	11	61	32	16	19	14	3	3	4	5	4	5	6	9	7	5	2	3	4	3	2	2	2	2	1	0	8	7	11	10	6	9	4	7	13	14	18	9	3	6	2	0	4	2	2	3	1	2	3	4	2	3	5	0	3	0	1	4	1	2	3	0	1	2	0	1	2	3	1	2	1	3	1	1	0	1	1	2	1	2	0	0	2	1	1	1	2	4	2	0	3	2	1	0
0	0	0	3	2	7	4	11	7	5	12	12	10	10	4	9	11	12	21	45	35	22	10	4	3	7	2	13	12	12	15	36	30	33	32	21	14	10	14	20	21	15	12	22	14	12	11	17	37	26	57	26	16	10	10	6	1	3	8	2	0	1	2	5	9	2	11	11	14	12	17	10	11	2	1	5	6	4	7	12	15	29	74	155	188	0	7	2	2	3	0	2	3	2	5	3	4	3	4	5	5	3	5	62	57	17	21	12	6	11	6	11	10	7	1	5	5	9	3	1	3	3	2	7	2	2	1	5	6	9	12	9	10	9	3	6	17	20	20	9	3	3	4	5	1	1	5	3	2	1	1	5	2	7	7	2	5	2	4	2	1	2	1	2	0	5	7	2	1	3	0	2	0	2	2	1	3	2	3	2	1	3	4	1	3	0	2	3	1	0	2	3	3	2	4	4
0	0	0	3	2	10	5	9	10	33	29	15	5	4	8	4	4	8	5	12	4	3	7	3	4	6	7	14	17	6	8	9	6	7	12	3	2	5	4	10	24	19	8	17	17	36	38	52	17	9	12	14	40	235	102	23	13	30	34	10	14	30	37	118	50	46	45	24	33	26	22	33	85	61	25	32	46	201	333	44	22	14	8	7	5	7	0	62	18	11	14	10	9	17	14	12	4	7	5	9	8	3	14	12	10	11	9	14	16	22	10	14	10	12	10	22	32	31	16	21	18	6	4	4	7	4	8	9	8	7	2	8	2	2	1	3	1	8	5	2	4	6	4	3	3	1	0	2	3	8	4	5	5	5	9	4	2	2	4	2	4	6	2	8	2	2	7	15	7	6	4	6	2	3	4	1	1	1	3	2	2	1	3	2	4	3	5	4	5	5	7	3	7	5	9	3
0	0	0	2	6	3	3	8	13	20	11	4	7	7	1	8	2	7	8	5	6	5	2	6	4	6	7	8	4	2	3	2	4	6	3	4	3	4	2	7	9	7	12	9	7	17	27	7	9	5	6	5	16	23	25	42	32	63	248	81	36	153	213	222	56	22	17	18	11	6	10	7	14	28	28	30	44	34	30	14	9	10	2	3	3	2	62	0	52	21	28	8	9	12	4	3	5	5	3	7	5	4	5	5	6	12	5	6	11	5	0	10	4	12	7	11	19	22	9	10	8	6	1	4	3	6	8	2	6	3	6	2	2	3	1	2	1	2	4	8	2	1	2	2	3	1	0	2	1	7	2	3	3	3	6	3	4	1	1	2	4	2	1	3	1	6	8	6	14	5	8	3	2	3	4	1	3	1	3	0	4	7	5	5	2	1	4	2	6	5	3	1	8	2	7	2
0	0	0	1	0	1	4	2	4	9	3	9	2	4	2	1	2	5	4	1	4	1	1	2	2	5	4	1	5	5	1	3	2	1	3	0	1	2	2	4	5	5	1	8	7	12	11	4	2	2	1	6	4	8	15	31	43	32	135	328	102	93	66	30	28	12	8	6	7	8	12	5	7	13	14	19	10	12	13	7	6	4	4	3	2	2	18	52	0	78	37	11	19	18	9	5	4	4	4	6	6	2	4	4	3	2	8	4	5	3	3	6	3	5	1	5	5	6	11	4	5	4	2	5	5	2	4	4	6	3	3	5	0	0	2	1	1	2	2	2	6	0	2	0	1	1	1	5	6	4	4	2	5	0	1	3	2	1	3	0	3	2	5	4	0	6	6	8	4	2	5	5	0	2	1	3	0	1	5	0	0	4	3	8	6	3	2	4	2	3	9	5	10	5	3	3
0	0	0	1	2	0	2	1	3	9	4	4	5	3	0	3	3	2	6	2	2	0	5	3	2	1	1	1	1	1	0	3	2	1	2	1	1	1	0	11	5	7	2	4	3	7	8	8	1	5	6	2	5	8	12	33	79	73	45	27	28	20	20	16	15	14	4	6	7	7	11	6	6	6	5	11	9	7	7	7	3	1	3	0	1	3	11	21	78	0	237	25	22	23	5	4	1	7	3	8	5	2	4	3	5	2	5	5	2	4	1	2	3	4	2	7	3	12	7	6	13	7	3	5	4	2	4	2	3	4	10	3	2	1	2	0	2	2	7	1	2	1	4	2	1	1	3	1	2	2	2	2	2	3	2	4	2	2	1	5	4	6	8	1	4	4	11	9	11	16	7	7	10	2	2	0	4	5	1	5	2	6	6	9	0	2	3	8	3	5	6	8	8	6	7	2
0	0	0	4	1	1	3	0	3	5	5	5	1	2	2	2	2	0	6	3	5	0	0	1	0	0	5	3	1	2	3	2	3	0	1	1	2	1	3	1	7	5	4	5	4	8	14	6	0	4	12	2	2	8	24	30	48	111	34	21	14	20	16	14	18	17	10	4	9	11	8	7	4	10	10	3	12	12	15	7	6	4	1	4	4	0	14	28	37	237	0	62	36	27	5	5	3	2	8	6	3	8	12	2	8	9	4	1	3	6	2	3	3	3	2	3	3	5	9	5	4	3	4	5	4	5	5	4	3	2	0	2	1	1	0	1	1	5	6	3	4	1	0	3	0	3	3	2	2	4	4	4	2	5	4	2	3	3	0	0	1	1	3	1	1	4	7	15	12	7	8	8	6	4	5	6	1	0	3	2	10	7	8	3	0	0	3	3	4	2	7	2	7	1	7	0
0	0	0	2	1	3	2	3	1	6	1	0	1	2	0	1	0	2	1	1	1	4	2	1	3	1	3	0	4	2	1	1	3	3	1	2	0	4	3	5	4	8	6	12	4	8	11	5	3	7	1	9	5	8	16	24	34	30	11	5	7	8	10	10	17	12	19	7	7	9	11	15	8	6	7	5	6	6	8	5	10	3	6	3	3	2	10	8	11	25	62	0	139	44	5	7	1	6	7	8	5	6	10	3	5	3	6	3	5	10	1	2	8	5	5	6	3	1	7	2	4	2	1	3	6	7	2	4	1	3	7	5	2	2	2	4	4	4	4	4	3	1	2	1	4	1	1	0	3	1	4	2	2	4	4	8	2	1	3	4	3	3	8	4	2	3	13	11	16	16	6	3	4	8	2	3	2	6	1	10	10	11	6	2	4	3	5	5	4	5	4	11	6	6	6	2
0	0	0	4	1	1	0	3	1	6	1	6	3	3	1	2	3	3	2	1	1	1	3	2	1	3	2	2	3	1	1	4	2	4	1	1	1	4	1	1	2	9	5	10	7	8	14	5	3	3	5	5	2	18	12	21	42	38	18	12	8	8	11	11	10	13	17	8	12	12	9	4	11	9	3	8	4	6	8	3	6	3	4	5	3	3	9	9	19	22	36	139	0	174	12	5	2	4	8	15	7	14	15	1	6	5	6	7	7	2	3	3	2	3	3	7	11	4	6	9	5	7	7	3	4	5	4	6	0	2	7	4	2	2	2	0	3	6	3	4	6	1	2	2	3	1	4	2	1	2	6	5	1	2	3	4	8	7	1	4	6	7	12	6	6	6	30	30	16	23	13	18	8	4	3	7	6	3	10	2	10	14	18	3	4	4	2	5	2	6	5	10	11	11	5	2
0	0	0	2	1	1	0	2	5	10	6	3	3	3	3	2	4	1	2	3	0	2	2	2	1	2	1	3	1	3	3	5	1	1	2	1	3	5	2	6	5	3	8	1	3	8	2	9	2	1	5	4	7	10	40	49	69	40	12	11	2	9	14	19	23	21	16	16	8	9	16	11	9	9	7	4	5	6	10	9	5	4	2	4	0	2	17	12	18	23	27	44	174	0	32	10	15	13	11	12	13	18	25	4	2	7	9	10	4	2	3	8	10	8	8	8	8	4	9	7	9	9	9	9	9	8	5	5	8	3	7	4	2	1	1	1	3	2	3	11	7	3	3	1	1	4	3	4	9	6	9	3	3	9	5	9	7	4	11	5	3	12	8	7	8	13	43	136	97	28	35	17	9	1	5	3	2	7	3	2	13	29	12	9	5	8	9	9	5	8	8	9	22	14	15	5
0	0	0	4	2	1	4	2	3	4	5	5	2	4	3	0	1	1	2	5	3	3	0	5	1	2	3	7	4	5	3	6	5	3	2	5	0	0	1	3	7	4	3	5	4	2	9	13	3	6	14	4	9	9	13	24	26	12	4	6	5	4	5	18	19	35	16	14	8	7	9	13	13	13	7	6	4	9	9	3	4	2	8	1	1	5	14	4	9	5	5	5	12	32	0	52	24	58	68	45	30	21	15	7	3	6	9	10	26	13	8	18	11	20	8	11	13	10	15	35	59	40	30	25	15	12	19	18	23	9	6	5	5	0	5	3	4	2	4	6	12	6	9	9	12	7	5	4	12	8	8	12	5	15	17	19	13	14	16	9	12	17	19	16	7	13	67	87	137	63	73	42	12	8	4	3	6	17	4	8	10	16	12	16	17	12	19	18	8	8	9	22	89	70	52	20
0	0	0	2	6	3	1	5	1	4	3	6	4	1	3	3	0	1	3	2	2	5	0	4	2	5	2	4	4	3	2	1	3	6	8	0	1	3	2	3	2	4	1	1	1	3	4	2	2	3	5	2	6	4	6	8	9	10	7	3	1	4	5	5	11	9	13	16	5	8	7	6	8	4	7	9	3	4	3	2	3	3	0	1	0	3	12	3	5	4	5	7	5	10	52	0	164	415	58	30	19	17	10	7	4	4	1	2	8	7	13	15	8	20	14	14	8	8	19	26	55	169	133	103	29	21	32	31	26	7	5	7	0	3	1	2	3	5	3	9	14	12	9	11	6	10	13	21	28	18	19	16	20	14	18	31	32	19	15	21	24	42	30	25	13	21	27	13	22	16	32	21	15	1	1	12	7	7	8	5	14	14	7	11	18	16	24	27	19	17	16	19	40	55	59	30
0	0	0	2	2	2	6	4	4	5	4	1	5	4	1	1	2	1	2	3	4	1	2	1	2	5	7	2	6	6	2	2	3	3	6	2	2	2	2	0	2	4	1	2	1	7	6	4	4	4	1	1	6	5	8	7	5	4	4	4	4	7	8	4	10	7	8	7	5	4	6	6	7	6	6	2	3	8	6	5	0	2	1	2	6	4	4	5	4	1	3	1	2	15	24	164	0	99	29	25	13	13	12	2	3	3	2	5	11	14	12	15	9	20	3	9	11	10	9	26	25	121	310	648	50	18	41	27	24	4	8	9	6	2	2	2	1	4	3	11	12	7	8	22	13	8	13	20	67	65	44	32	17	15	23	25	38	14	22	16	40	22	21	12	10	18	10	11	9	14	17	23	5	4	5	10	17	10	7	4	5	5	11	9	9	15	22	27	21	17	16	15	9	23	29	29
0	0	0	4	1	3	0	2	3	8	4	1	3	0	4	2	1	3	2	0	3	2	4	0	1	2	2	3	5	4	0	5	2	2	1	5	1	2	0	2	3	3	3	2	1	1	2	4	5	5	1	3	3	6	8	13	9	11	3	5	2	3	6	16	5	14	9	8	6	3	4	8	4	8	3	2	2	7	2	5	2	2	2	0	2	3	7	5	4	7	2	6	4	13	58	415	99	0	101	38	22	10	17	1	2	3	2	10	6	6	6	9	13	14	10	10	11	7	8	13	39	103	139	51	21	27	18	17	16	11	5	5	5	2	1	7	6	3	3	6	11	6	7	13	6	7	15	20	33	18	13	12	11	13	18	25	33	16	27	21	37	49	53	24	9	33	24	15	17	32	63	50	6	6	5	11	11	16	9	5	11	11	12	20	18	22	29	23	15	18	12	30	38	76	90	48
0	0	0	4	2	1	3	6	2	5	2	4	0	1	2	2	1	3	3	1	4	3	2	1	0	2	2	6	3	4	3	3	4	5	1	0	3	0	1	1	3	2	3	3	3	2	5	9	6	7	4	3	3	4	10	10	8	7	8	6	5	6	6	8	9	16	12	18	8	11	8	14	12	8	7	3	7	2	6	2	3	4	1	1	8	4	5	3	4	3	8	7	8	11	68	58	29	101	0	254	66	26	24	5	5	2	9	16	15	11	8	19	12	23	8	12	6	11	16	17	35	106	52	23	14	13	14	12	33	13	19	15	7	6	3	1	6	7	6	13	13	5	16	10	10	12	13	14	28	21	23	18	17	22	41	78	37	14	17	8	11	21	33	24	20	42	75	28	51	46	103	30	17	9	5	7	17	19	13	12	15	21	8	15	10	7	8	10	5	9	8	16	20	40	31	16
0	0	0	4	2	3	8	9	7	8	6	5	3	2	0	1	3	2	6	5	3	6	2	5	2	2	5	5	4	4	7	4	3	7	2	1	2	1	2	5	3	5	5	4	3	5	3	9	3	4	9	3	2	5	7	9	9	6	5	5	3	2	5	3	7	17	13	16	14	13	9	7	13	8	8	10	5	6	7	6	8	6	3	7	1	5	9	7	6	8	6	8	15	12	45	30	25	38	254	0	231	75	42	6	4	13	9	12	24	9	7	19	16	19	8	11	8	6	11	17	20	48	26	10	7	10	10	15	21	16	14	21	7	1	8	6	3	9	5	16	26	27	14	20	15	11	27	15	25	16	19	24	33	31	74	116	31	10	15	12	18	19	22	26	18	40	49	29	37	35	51	30	10	2	4	11	10	18	10	11	14	12	2	10	11	6	7	6	9	5	7	9	10	21	15	11
0	0	0	4	1	3	1	3	4	2	1	2	3	1	2	4	6	1	3	2	6	3	1	4	2	1	5	7	3	8	3	6	3	6	6	1	0	0	5	2	1	4	4	5	6	7	5	6	6	14	2	4	8	9	10	7	5	5	2	5	7	3	3	4	12	12	19	22	17	20	17	24	16	8	3	4	6	3	9	5	4	3	6	2	7	5	8	5	6	5	3	5	7	13	30	19	13	22	66	231	0	278	124	5	5	9	21	23	24	14	11	23	20	11	10	10	8	12	5	13	9	22	16	12	7	8	2	14	40	29	27	15	13	6	10	4	10	14	10	32	51	17	9	14	19	5	7	14	16	14	14	16	36	41	89	46	22	14	11	6	11	8	12	13	13	26	28	25	27	13	28	15	4	5	6	6	7	10	10	11	9	6	14	4	7	5	9	6	3	7	6	1	14	7	8	9
0	0	0	3	2	2	2	5	5	7	1	4	5	1	6	2	6	2	4	4	2	2	3	2	4	2	7	5	6	7	5	6	4	6	6	5	2	3	1	4	5	4	5	2	3	9	7	15	11	13	11	7	8	16	11	11	13	8	4	1	2	6	9	7	8	11	19	36	15	21	15	23	12	10	7	4	9	5	4	6	9	5	2	9	6	3	3	4	2	2	8	6	14	18	21	17	13	10	26	75	278	0	299	13	8	15	19	35	28	17	12	28	18	9	8	3	11	9	7	11	11	17	11	10	6	7	10	8	21	43	64	35	9	7	8	7	10	13	15	43	38	17	10	6	8	8	4	12	10	5	4	8	25	42	42	22	14	5	8	3	5	7	4	16	6	22	30	23	16	16	17	7	3	5	4	3	11	6	6	8	3	7	3	5	7	9	7	5	2	5	3	3	5	7	11	9
0	0	0	3	6	2	3	5	5	4	4	8	2	3	2	3	3	3	3	2	3	3	5	1	3	3	3	8	6	9	5	6	9	8	3	3	2	1	2	4	3	3	7	15	7	11	8	19	13	9	9	19	6	11	16	14	10	14	12	3	6	5	11	2	6	25	50	48	24	45	36	40	14	9	0	6	5	3	10	2	6	9	9	5	11	5	14	5	4	4	12	10	15	25	15	10	12	17	24	42	124	299	0	10	14	23	37	37	35	23	10	16	12	16	8	7	7	7	7	8	16	8	8	8	4	5	6	6	15	29	35	18	10	5	5	11	8	15	13	29	18	13	8	4	6	7	4	8	15	7	1	10	8	27	31	15	8	9	2	3	6	14	5	12	10	17	37	37	25	17	25	13	5	3	4	3	8	7	8	6	9	8	2	7	6	1	3	4	5	2	3	5	12	9	3	1
0	0	0	1	4	2	8	2	3	6	8	7	9	5	3	1	5	12	13	15	16	11	5	3	5	2	7	12	13	9	11	14	19	23	9	4	7	5	5	13	9	19	19	46	19	17	14	14	33	38	51	32	21	14	4	5	4	2	1	3	2	5	7	6	4	10	11	16	35	34	20	25	11	3	8	1	3	13	12	10	19	26	54	47	61	62	12	5	4	3	2	3	1	4	7	7	2	1	5	6	5	13	10	0	1206	103	51	22	13	16	10	7	7	6	8	18	9	3	3	2	6	3	4	3	7	4	2	6	9	13	19	15	14	7	5	9	17	36	77	17	8	2	5	1	5	3	2	2	4	2	3	2	8	8	7	4	5	2	2	2	2	3	3	3	1	4	6	3	3	4	3	4	3	3	2	1	1	1	3	1	1	4	1	4	5	1	3	2	0	3	3	4	4	5	4	1
0	0	0	3	5	2	5	5	5	5	10	11	10	12	4	1	10	4	11	27	24	13	7	7	1	5	4	7	9	10	10	20	13	20	20	11	8	9	5	12	8	29	30	48	23	24	19	31	37	35	42	27	19	12	8	5	6	5	4	8	1	5	4	2	6	9	13	19	59	38	37	41	12	5	2	5	6	8	13	22	21	35	94	32	32	57	10	6	3	5	8	5	6	2	3	4	3	2	5	4	5	8	14	1206	0	155	70	24	13	7	7	6	9	5	2	8	7	8	7	4	2	5	1	4	7	6	6	3	9	17	25	13	11	5	8	9	16	34	48	9	9	7	3	1	7	4	5	3	5	2	2	7	6	7	8	1	3	2	3	1	3	3	7	3	1	3	7	6	7	8	2	0	2	2	1	0	4	1	2	2	3	1	3	2	2	2	0	0	1	2	1	1	6	2	3	3
0	0	0	4	1	2	6	6	5	9	8	11	13	4	1	5	9	6	14	14	9	6	3	4	3	6	4	5	8	12	11	13	12	19	9	3	4	6	4	13	25	26	26	56	25	31	22	51	27	31	26	32	25	24	26	12	10	9	8	2	6	2	11	11	8	17	39	29	131	150	115	65	20	9	4	3	5	15	15	22	25	31	37	12	16	17	11	12	2	2	9	3	5	7	6	4	3	3	2	13	9	15	23	103	155	0	135	35	16	17	7	8	13	10	10	8	9	5	5	3	7	5	1	0	3	6	0	2	13	13	23	21	12	10	3	4	12	16	34	18	13	9	2	6	3	1	8	4	2	1	3	4	7	11	6	5	1	2	2	1	1	4	3	4	3	4	10	12	7	7	2	8	5	0	0	2	2	3	2	3	3	1	3	3	7	1	2	4	3	2	3	2	4	6	4	4
0	0	0	5	4	5	6	5	3	5	9	7	12	12	3	6	4	10	6	3	8	6	6	3	2	4	2	10	13	11	6	10	11	15	10	7	5	7	5	8	5	19	18	24	13	13	8	35	34	37	34	19	26	25	12	12	7	10	8	1	6	3	7	9	10	18	33	49	65	241	54	84	19	7	6	0	1	14	13	7	20	23	23	15	19	21	9	5	8	5	4	6	6	9	9	1	2	2	9	9	21	19	37	51	70	135	0	94	28	22	8	21	12	11	7	14	10	12	8	10	9	8	3	3	4	0	4	5	16	38	64	29	13	7	5	11	7	34	66	31	21	10	6	0	8	1	3	4	9	0	7	2	12	13	20	3	4	3	2	6	3	1	5	4	5	2	10	11	9	4	3	7	3	4	3	2	4	5	5	6	6	3	2	7	1	2	2	0	3	2	4	3	6	8	2	0
0	0	0	2	4	2	6	8	9	8	14	20	7	6	8	6	7	5	8	5	8	5	8	4	5	4	8	11	18	14	12	18	12	13	16	5	6	2	7	6	8	6	11	12	8	8	12	33	39	64	27	36	18	23	21	13	11	6	7	5	2	4	6	6	11	25	45	109	53	76	38	109	28	17	10	3	9	9	16	11	21	7	17	7	14	12	14	6	4	5	1	3	7	10	10	2	5	10	16	12	23	35	37	22	24	35	94	0	170	90	29	54	45	25	12	21	16	9	7	16	15	12	8	13	8	4	9	15	35	69	70	24	8	7	3	9	15	23	24	91	19	12	6	6	10	8	2	6	6	6	5	13	16	28	21	12	14	6	1	1	3	4	4	3	4	4	7	11	13	8	5	9	0	3	1	2	3	1	5	4	4	5	3	3	2	2	4	3	5	8	3	1	6	8	5	5
0	0	0	5	7	4	4	14	11	16	7	5	6	10	8	4	9	5	10	2	10	7	1	5	7	13	5	18	20	22	9	12	6	12	5	6	1	3	2	8	6	6	5	12	4	15	6	33	29	35	21	16	24	29	17	18	7	5	4	3	6	9	9	9	15	38	48	125	23	34	21	62	50	22	6	9	5	17	18	9	5	7	9	9	3	6	16	11	5	2	3	5	7	4	26	8	11	6	15	24	24	28	35	13	13	16	28	170	0	212	31	145	96	76	37	47	28	16	17	34	23	23	10	6	12	13	18	35	61	41	26	14	4	3	5	3	9	9	13	56	31	12	10	6	11	6	7	4	15	3	9	9	13	19	22	11	12	3	2	6	4	8	6	7	11	7	13	21	11	8	14	7	5	3	6	9	3	2	6	4	3	8	4	1	5	2	6	6	6	7	7	8	7	4	5	5
0	0	0	7	3	6	10	11	10	23	16	13	14	6	7	15	9	10	16	9	9	8	7	2	8	9	14	33	34	29	18	20	16	11	14	5	3	8	3	9	6	7	3	12	7	4	6	25	42	48	25	30	32	30	10	13	8	10	3	2	6	7	5	8	7	22	19	56	29	21	13	39	44	15	20	10	11	16	19	12	8	14	11	9	3	11	22	5	3	4	6	10	2	2	13	7	14	6	11	9	14	17	23	16	7	17	22	90	212	0	57	214	124	72	59	79	37	37	13	22	21	12	6	13	7	3	14	26	39	26	31	9	7	6	5	9	10	10	14	44	18	10	12	8	4	4	4	1	4	11	9	21	14	18	8	7	6	2	5	5	4	1	6	6	2	10	8	10	9	7	8	4	6	3	4	2	3	4	8	3	5	5	3	1	6	2	5	6	2	3	7	3	6	6	3	6
0	0	0	11	8	5	19	16	10	12	9	12	13	15	7	3	11	7	6	8	4	6	2	4	9	17	17	39	33	52	20	19	21	12	6	0	1	6	3	3	8	4	3	6	4	4	6	12	14	24	20	14	12	11	3	6	9	3	4	5	5	5	2	4	10	10	15	16	11	10	7	14	25	15	8	5	5	6	7	10	8	12	5	0	4	6	10	0	3	1	2	1	3	3	8	13	12	6	8	7	11	12	10	10	7	7	8	29	31	57	0	125	122	38	49	34	22	13	17	15	14	13	6	14	9	10	7	29	40	23	10	12	5	4	5	3	7	6	8	31	28	11	12	7	12	6	7	5	8	6	8	18	19	14	13	6	5	3	3	2	3	1	2	2	3	3	13	3	11	3	8	7	5	1	2	2	4	4	2	4	3	5	2	3	1	5	2	7	4	3	9	0	6	3	6	8
0	0	0	8	6	4	6	19	9	19	8	7	9	10	9	5	6	8	9	3	5	4	6	3	4	10	15	22	29	31	8	14	18	13	11	5	4	0	2	9	5	6	1	9	7	6	9	20	16	33	10	16	16	10	18	7	3	8	5	4	1	6	6	3	9	27	9	45	12	31	7	23	30	12	5	9	4	6	12	4	6	6	8	7	5	11	14	10	6	2	3	2	3	8	18	15	15	9	19	19	23	28	16	7	6	8	21	54	145	214	125	0	1568	67	40	42	27	16	11	26	15	10	12	14	12	5	15	25	92	63	34	16	9	3	5	10	8	12	11	75	53	15	17	8	4	5	9	9	9	12	12	35	23	18	24	6	10	6	1	3	7	4	4	3	3	6	9	9	10	8	9	8	0	3	0	3	4	3	5	6	4	3	1	3	5	1	7	3	4	8	7	3	5	3	8	7
0	0	0	7	5	7	11	6	7	16	12	4	8	10	5	8	3	4	7	6	7	5	2	1	5	9	10	19	18	20	12	13	12	8	10	3	1	3	3	6	4	5	5	6	1	5	10	11	21	34	15	9	18	14	9	6	2	7	5	5	2	8	4	8	10	19	13	31	14	10	5	15	14	15	7	8	10	8	8	4	11	6	9	12	4	10	10	4	3	3	3	8	2	10	11	8	9	13	12	16	20	18	12	7	9	13	12	45	96	124	122	1568	0	73	31	36	19	15	13	15	25	26	9	13	12	13	15	39	194	67	25	24	4	3	8	4	8	12	17	58	74	23	11	12	13	7	5	6	13	12	16	44	26	19	25	12	4	8	4	2	5	7	7	3	2	10	9	13	10	0	8	7	2	4	1	5	3	4	4	3	4	1	4	7	2	3	8	4	5	11	2	6	7	4	9	5
0	0	0	11	9	3	11	12	16	20	13	10	7	5	2	5	6	7	2	2	8	5	6	7	5	7	7	14	18	17	10	8	12	11	9	3	2	3	3	5	2	3	3	6	5	4	6	14	27	22	12	7	16	14	9	7	9	3	5	2	4	5	4	8	16	30	15	24	5	9	10	16	29	27	22	14	7	6	15	13	5	13	4	6	5	7	12	12	5	4	3	5	3	8	20	20	20	14	23	19	11	9	16	6	5	10	11	25	76	72	38	67	73	0	200	71	53	28	43	77	66	22	16	23	29	21	48	183	77	22	9	3	2	3	5	7	5	7	8	24	17	6	8	3	4	7	4	4	15	9	16	23	10	13	13	8	3	5	6	5	11	6	6	5	8	8	9	11	11	8	12	5	4	3	1	4	4	6	7	3	3	4	9	2	3	2	9	9	6	12	8	6	14	10	9	9
0	0	0	10	9	12	17	33	18	30	16	17	13	11	10	6	5	6	8	10	7	4	7	6	7	12	15	30	39	22	7	8	6	5	9	4	5	4	3	2	6	0	4	3	2	4	6	11	21	21	14	17	22	13	11	7	8	5	3	6	4	13	13	11	8	32	10	19	7	6	6	18	34	47	19	11	10	10	9	7	6	8	7	8	6	1	10	7	1	2	2	5	3	8	8	14	3	10	8	8	10	8	8	8	2	10	7	12	37	59	49	40	31	200	0	141	92	56	54	45	22	12	14	13	18	9	34	53	26	14	8	6	4	3	2	2	2	6	7	15	10	7	6	7	8	1	6	9	8	9	9	25	11	7	9	3	4	6	4	0	3	5	10	5	3	7	8	11	11	3	8	6	2	1	1	3	5	1	1	4	1	0	1	0	3	5	4	6	8	9	6	6	6	8	5	12
0	0	0	11	8	4	10	23	33	47	16	22	22	11	5	11	17	7	18	9	7	14	5	10	7	8	24	26	40	29	14	11	11	13	10	3	3	2	7	12	15	9	4	5	11	8	10	29	22	19	15	22	31	28	31	10	9	7	7	5	3	8	15	17	10	26	18	37	28	9	15	18	115	64	28	19	18	22	28	11	7	12	10	4	9	5	22	11	5	7	3	6	7	8	11	14	9	10	12	11	10	3	7	18	8	8	14	21	47	79	34	42	36	71	141	0	378	178	34	45	27	11	2	11	13	10	21	24	22	7	10	10	1	2	3	4	4	6	8	10	11	9	11	2	4	5	3	4	7	5	3	7	6	4	9	4	2	3	1	2	4	3	3	2	2	3	11	5	5	2	6	6	0	1	3	3	4	7	2	2	3	3	0	5	6	2	6	4	4	10	9	4	3	8	9	5
0	0	0	13	8	5	11	24	32	57	22	19	16	9	9	10	6	10	4	4	8	8	5	8	7	9	17	23	28	10	9	8	9	7	6	8	0	2	3	7	10	9	3	4	3	5	11	25	18	20	7	13	18	29	15	17	9	12	9	9	11	7	18	19	31	40	24	36	12	11	8	23	88	246	28	30	23	32	25	16	16	9	6	4	7	5	32	19	5	3	3	3	11	8	13	8	11	11	6	8	8	11	7	9	7	9	10	16	28	37	22	27	19	53	92	378	0	705	105	39	24	12	6	12	8	15	23	23	17	7	13	6	3	7	2	1	5	10	4	7	9	6	4	5	4	1	2	4	3	5	8	10	3	7	4	4	5	8	7	1	6	5	10	4	6	3	8	11	10	5	7	8	3	5	4	2	1	4	2	5	4	5	3	2	1	2	4	7	5	13	11	14	13	11	2	6
0	0	0	8	11	11	7	33	61	106	23	24	15	14	11	9	6	1	9	6	5	3	6	2	10	14	13	34	39	12	15	10	5	8	16	7	4	10	3	7	9	4	2	7	4	9	12	21	8	13	9	14	27	26	13	20	12	10	11	8	7	13	13	30	27	15	14	24	14	12	15	26	59	311	53	46	43	24	34	18	13	9	10	5	5	9	31	22	6	12	5	1	4	4	10	8	10	7	11	6	12	9	7	3	8	5	12	9	16	37	13	16	15	28	56	178	705	0	90	46	23	10	8	7	10	8	16	16	15	15	5	9	1	0	0	2	4	6	4	8	4	3	2	2	4	2	2	5	8	4	2	11	5	7	8	3	8	0	5	1	5	4	2	2	5	4	8	10	8	1	7	5	0	3	3	2	5	0	2	3	5	1	3	1	5	5	3	5	3	9	14	5	10	2	6	2
0	0	0	6	7	5	7	15	30	23	13	12	3	3	3	4	6	5	4	6	2	5	1	7	6	8	9	10	12	11	11	1	5	7	3	3	1	3	7	2	2	4	6	1	6	7	7	13	7	8	8	9	7	21	15	20	5	10	8	5	9	16	13	24	39	35	13	16	8	11	5	11	27	69	52	32	16	12	15	6	8	7	3	5	2	3	16	9	11	7	9	7	6	9	15	19	9	8	16	11	5	7	7	3	7	5	8	7	17	13	17	11	13	43	54	34	105	90	0	101	38	17	6	18	16	17	45	37	17	6	12	2	3	1	1	3	1	3	3	8	3	2	5	1	2	2	5	4	5	8	2	5	5	4	2	5	7	7	1	5	4	4	8	4	2	3	9	11	10	6	10	4	2	4	4	4	2	0	5	2	8	4	6	2	3	6	3	5	12	17	16	11	15	8	7	9
0	0	0	4	10	3	5	4	7	10	11	9	10	6	3	5	1	0	0	4	2	4	1	5	3	7	5	15	6	12	3	7	4	5	0	2	3	2	1	3	8	6	7	2	3	6	9	9	8	12	3	9	5	11	13	15	18	7	15	7	3	10	12	11	25	39	17	20	10	6	11	13	23	36	23	27	13	9	13	6	10	7	4	6	3	1	21	10	4	6	5	2	9	7	35	26	26	13	17	17	13	11	8	2	4	3	10	16	34	22	15	26	15	77	45	45	39	46	101	0	243	17	8	31	25	34	110	71	24	7	6	9	4	2	2	3	4	3	6	9	10	10	8	7	2	4	6	5	21	11	16	10	11	6	11	11	6	9	5	5	7	8	8	10	3	4	10	21	18	8	12	15	2	1	1	2	3	2	2	1	6	3	8	7	8	11	7	13	18	15	22	20	22	16	12	7
0	0	0	4	2	3	5	4	3	8	5	3	8	3	6	9	5	3	4	1	3	2	2	4	2	8	6	6	10	6	6	1	4	5	2	3	4	2	1	2	4	3	4	2	1	10	3	8	8	5	9	3	7	10	11	19	7	7	3	7	6	8	19	15	22	34	16	23	10	8	6	20	20	16	13	8	10	12	8	5	6	4	3	0	4	3	18	8	5	13	4	4	5	9	59	55	25	39	35	20	9	11	16	6	2	7	9	15	23	21	14	15	25	66	22	27	24	23	38	243	0	57	28	39	32	36	74	51	45	10	11	5	2	6	2	0	4	3	6	13	13	8	4	10	5	4	5	4	19	7	17	19	15	14	11	17	15	14	9	5	10	17	8	10	5	7	23	26	23	18	17	21	7	3	7	4	7	5	2	3	8	3	7	7	4	11	7	8	8	15	17	22	28	22	17	13
0	0	0	3	8	3	4	4	3	9	2	4	7	1	4	2	2	6	4	4	2	2	4	1	2	3	1	4	6	4	6	2	3	2	1	2	1	3	0	5	4	2	2	1	4	0	2	8	4	9	3	2	6	8	12	11	6	7	2	7	5	8	5	8	5	11	13	16	5	5	4	10	9	5	5	6	3	5	2	6	6	3	1	1	3	3	6	6	4	7	3	2	7	9	40	169	121	103	106	48	22	17	8	3	5	5	8	12	23	12	13	10	26	22	12	11	12	10	17	17	57	0	87	55	23	9	22	36	54	13	10	10	7	2	1	3	3	2	10	23	27	15	14	24	9	14	16	19	75	27	35	36	33	17	42	48	38	31	16	13	18	15	12	13	15	15	20	16	22	21	38	16	4	4	3	9	14	14	6	9	5	11	10	10	7	12	17	9	11	20	12	6	26	29	18	13
0	0	0	3	1	1	2	5	2	6	3	3	7	2	0	0	1	2	1	1	0	2	1	0	3	4	2	6	3	3	1	7	5	4	1	1	3	0	0	1	1	1	1	6	2	2	1	6	3	2	4	4	2	6	6	6	5	1	3	4	3	2	4	2	10	7	9	6	2	3	2	7	2	5	9	4	2	5	9	2	0	5	1	2	2	2	4	1	2	3	4	1	7	9	30	133	310	139	52	26	16	11	8	4	1	1	3	8	10	6	6	12	9	16	14	2	6	8	6	8	28	87	0	115	24	21	25	22	15	3	11	6	6	3	5	2	1	3	2	2	15	11	8	13	11	10	22	28	93	46	37	12	20	12	25	40	90	47	36	21	93	37	34	28	12	23	12	9	14	18	17	17	8	6	6	13	25	12	8	9	5	7	8	10	19	25	21	25	19	14	9	12	14	41	35	37
0	0	0	6	5	5	5	4	3	4	3	6	2	3	1	2	3	0	0	2	3	5	2	1	1	2	6	4	5	8	1	1	2	3	3	3	4	1	2	3	3	1	2	6	4	3	1	2	3	6	6	6	3	5	6	12	1	5	6	4	1	5	4	3	7	14	9	7	8	1	4	4	9	10	3	4	6	7	2	4	3	5	3	1	2	7	4	4	5	5	5	3	3	9	25	103	648	51	23	10	12	10	8	3	4	0	3	13	6	13	14	14	13	23	13	11	12	7	18	31	39	55	115	0	96	52	45	47	28	4	12	3	3	5	1	3	2	5	1	3	12	10	12	15	7	13	10	21	58	61	37	17	10	14	18	22	25	15	18	13	30	20	17	9	12	6	7	15	16	10	15	10	5	1	3	9	7	6	3	7	2	7	8	9	11	10	18	21	27	27	20	18	22	15	18	21
0	0	0	9	10	3	10	8	7	6	3	2	3	2	1	5	6	3	0	4	3	3	0	0	2	8	4	9	8	6	3	3	2	3	2	2	3	2	2	0	0	2	2	5	5	7	0	6	5	7	2	4	5	7	7	2	6	3	1	3	4	7	3	7	5	17	4	3	8	5	8	6	8	9	5	12	3	6	3	3	2	1	6	2	2	2	7	3	5	4	4	6	4	9	15	29	50	21	14	7	7	6	4	7	7	3	4	8	12	7	9	12	12	29	18	13	8	10	16	25	32	23	24	96	0	109	120	57	16	14	4	7	4	2	2	2	3	3	6	6	10	7	13	5	5	4	6	11	19	33	19	13	12	9	7	10	10	10	11	8	16	10	6	5	4	10	8	7	4	4	13	6	2	1	8	5	10	4	4	6	2	3	4	6	6	4	11	24	35	29	16	21	8	14	10	10
0	0	0	12	3	3	4	3	7	4	4	5	3	5	3	2	2	6	3	0	3	2	2	1	2	3	2	3	4	5	4	5	1	4	5	1	2	1	1	1	1	3	3	2	2	4	2	0	3	2	3	4	2	3	11	9	2	5	5	5	6	3	6	9	10	10	1	5	6	2	4	6	7	8	7	6	2	6	4	2	4	4	4	1	2	2	4	6	2	2	5	7	5	8	12	21	18	27	13	10	8	7	5	4	6	6	0	4	13	3	10	5	13	21	9	10	15	8	17	34	36	9	21	52	109	0	152	38	12	10	4	1	1	2	3	1	2	6	2	7	11	5	7	1	3	2	6	4	14	8	7	16	12	4	7	5	6	3	6	5	14	16	8	7	8	7	6	8	8	10	11	12	5	2	1	5	7	5	2	0	3	6	4	10	10	9	15	34	79	167	40	18	20	17	18	10
0	0	0	6	4	3	10	9	10	9	9	10	7	3	3	3	5	3	2	4	2	3	3	1	3	4	4	10	7	14	4	5	5	5	2	4	0	2	2	3	4	6	4	6	2	1	0	3	1	6	5	4	3	6	10	13	5	5	7	2	1	7	12	9	17	17	9	7	7	3	6	7	10	14	9	11	5	12	7	4	3	6	2	3	1	1	8	8	4	4	5	2	4	5	19	32	41	18	14	10	2	10	6	2	6	0	4	9	18	14	7	15	15	48	34	21	23	16	45	110	74	22	25	45	120	152	0	91	15	8	9	2	2	0	2	2	3	10	6	6	6	9	11	6	9	7	3	8	12	14	9	15	12	4	10	8	10	5	13	4	12	6	8	1	3	5	10	15	9	10	12	9	2	3	4	4	1	5	4	1	5	4	8	5	5	8	11	26	21	58	23	16	23	14	18	6
0	0	0	12	10	4	10	9	15	13	6	5	2	6	4	4	2	3	3	2	2	5	1	1	4	6	6	11	15	15	9	7	5	12	5	3	0	2	0	1	5	5	3	7	0	5	7	9	8	11	7	7	7	10	14	9	4	3	4	2	8	3	11	8	16	15	10	21	14	6	7	15	19	18	7	10	9	6	11	8	5	7	3	5	0	5	9	2	4	2	4	4	6	5	18	31	27	17	12	15	14	8	6	6	3	2	5	15	35	26	29	25	39	183	53	24	23	16	37	71	51	36	22	47	57	38	91	0	61	12	6	3	5	2	4	1	3	3	6	13	18	8	17	12	11	6	1	9	13	17	22	30	23	12	15	13	12	4	7	3	8	13	9	8	3	8	13	4	7	11	10	13	5	3	0	5	4	4	4	4	6	2	8	2	3	7	15	16	10	18	12	14	10	4	10	5
0	0	0	2	1	4	13	6	4	5	3	6	6	5	1	5	2	3	4	3	3	8	1	0	1	10	6	7	8	14	9	13	7	6	2	4	4	0	2	2	8	4	2	4	2	9	7	6	18	13	16	13	6	11	11	11	8	7	6	2	4	6	5	8	10	21	12	19	7	16	8	18	18	14	5	3	3	6	5	5	3	10	6	3	8	6	8	6	6	3	3	1	0	8	23	26	24	16	33	21	40	21	15	9	9	13	16	35	61	39	40	92	194	77	26	22	17	15	17	24	45	54	15	28	16	12	15	61	0	29	17	15	5	6	2	9	6	7	7	61	78	23	21	21	8	11	13	16	44	24	29	79	51	24	50	26	17	13	12	7	8	9	7	12	7	16	16	15	11	8	9	8	5	0	3	7	5	12	1	2	5	8	3	5	9	5	5	5	5	8	6	7	14	17	11	5
0	0	0	1	3	4	10	2	4	7	6	5	4	4	8	3	2	3	1	12	1	8	2	4	3	8	7	4	16	17	9	12	10	15	11	3	3	1	4	8	4	4	5	10	6	5	2	11	15	28	21	15	8	5	6	6	5	5	5	3	3	3	5	8	11	15	16	24	27	26	22	24	9	11	7	8	3	9	7	7	6	5	8	9	7	9	7	3	3	4	2	3	2	3	9	7	4	11	13	16	29	43	29	13	17	13	38	69	41	26	23	63	67	22	14	7	7	15	6	7	10	13	3	4	14	10	8	12	29	0	185	81	16	14	13	17	25	25	37	7501	108	34	17	14	17	6	5	7	10	9	17	27	40	47	48	19	8	10	3	6	4	6	5	9	4	11	11	5	14	8	6	9	2	6	2	1	6	4	4	1	5	5	2	2	3	4	1	6	1	4	5	2	3	4	4	4
0	0	0	3	5	4	8	5	6	4	5	2	10	2	7	5	9	3	9	6	9	3	2	3	4	6	4	7	9	15	8	13	11	10	9	7	6	3	2	7	3	4	3	8	4	11	9	16	20	24	20	14	7	9	5	9	8	4	3	3	4	5	4	5	7	14	18	20	18	44	20	18	8	2	11	5	6	7	7	7	7	6	12	7	11	12	2	6	3	10	0	7	7	7	6	5	8	5	19	14	27	64	35	19	25	23	64	70	26	31	10	34	25	9	8	10	13	5	12	6	11	10	11	12	4	4	9	6	17	185	0	182	23	16	8	15	15	71	88	144	38	26	9	10	9	8	5	6	7	9	9	12	10	22	25	8	10	6	5	5	4	8	3	2	3	10	10	10	9	3	4	7	3	4	1	0	6	6	2	6	7	5	6	8	3	0	9	3	0	5	0	2	8	6	6	2
0	0	0	3	2	7	2	3	4	4	2	3	5	7	3	6	2	1	4	4	4	3	0	2	0	3	4	6	6	7	7	14	10	10	8	7	2	3	2	3	2	5	5	6	6	6	4	9	22	12	9	15	18	3	5	7	5	5	3	0	6	0	4	2	2	5	10	12	11	29	10	15	6	7	2	5	3	8	3	9	6	7	9	7	10	9	8	2	5	3	2	5	4	4	5	7	9	5	15	21	15	35	18	15	13	21	29	24	14	9	12	16	24	3	6	10	6	9	2	9	5	10	6	3	7	1	2	3	15	81	182	0	57	25	23	38	29	86	72	59	27	34	8	9	15	7	13	4	7	5	10	5	14	56	26	13	8	3	4	3	5	4	2	6	5	12	3	10	11	5	9	3	3	6	1	2	4	1	9	9	8	2	2	3	5	6	1	5	1	2	2	4	6	6	1	2
0	0	0	2	2	5	1	4	4	4	1	1	6	3	3	2	5	3	5	2	6	0	2	2	1	4	3	4	4	9	3	6	3	4	4	2	3	1	4	3	1	1	3	5	6	4	2	6	7	10	9	5	3	5	2	6	4	4	5	2	4	2	1	3	2	3	3	2	9	5	5	5	6	2	3	1	5	1	2	2	6	3	8	3	6	10	2	2	0	2	1	2	2	2	5	0	6	5	7	7	13	9	10	14	11	12	13	8	4	7	5	9	4	2	4	1	3	1	3	4	2	7	6	3	4	1	2	5	5	16	23	57	0	115	50	77	59	77	40	14	9	7	6	5	5	2	3	5	1	2	2	6	7	13	7	10	4	3	1	3	5	5	1	3	9	4	10	4	4	1	3	1	3	1	3	1	3	5	4	2	0	2	2	1	1	1	2	0	0	3	1	4	0	2	2	3
0	0	0	3	0	1	5	1	1	5	3	4	5	5	0	4	3	2	1	3	3	1	1	3	3	0	4	3	4	3	6	3	7	8	5	3	5	4	2	4	3	4	2	4	4	3	1	6	2	14	8	7	5	2	4	1	0	1	0	0	0	0	2	1	0	3	8	6	4	4	5	7	2	1	0	2	1	2	1	6	6	2	3	2	9	9	2	3	0	1	1	2	2	1	0	3	2	2	6	1	6	7	5	7	5	10	7	7	3	6	4	3	3	3	3	2	7	0	1	2	6	2	3	5	2	2	0	2	6	14	16	25	115	0	110	385	60	30	28	7	8	14	4	6	10	5	2	6	4	4	8	5	4	10	9	5	1	9	1	1	3	1	3	4	1	5	6	1	1	2	1	1	2	3	3	5	1	0	6	1	4	0	1	4	1	4	0	1	2	4	2	1	1	0	3	2
0	0	0	0	2	2	2	1	3	0	3	2	0	3	1	2	1	3	5	5	5	2	2	1	2	3	3	2	0	4	5	6	5	2	3	3	1	2	1	2	4	4	4	3	3	2	2	5	7	14	4	3	5	5	6	2	1	3	1	0	1	3	0	1	6	5	4	3	2	3	9	3	1	1	3	2	2	0	1	3	1	4	6	4	4	3	1	1	2	2	0	2	2	1	5	1	2	1	3	8	10	8	5	5	8	3	5	3	5	5	5	5	8	5	2	3	2	0	1	2	2	1	5	1	2	3	2	4	2	13	8	23	50	110	0	89	21	13	8	8	11	13	10	4	8	9	4	3	9	2	5	2	6	12	10	3	0	3	3	2	3	4	2	6	4	5	2	3	3	5	4	0	1	1	2	0	5	3	2	6	1	3	2	2	1	0	1	0	2	2	0	1	4	2	2	3
0	0	0	3	0	3	1	2	3	2	3	2	3	1	1	5	3	2	3	2	5	1	2	2	1	2	3	0	4	6	2	7	10	6	3	4	1	5	3	5	1	4	7	3	5	1	3	2	7	8	7	3	5	2	1	1	0	1	2	0	1	1	4	1	3	0	5	4	9	8	7	8	4	3	2	3	1	3	1	3	2	3	5	3	7	6	3	2	1	0	1	4	0	1	3	2	2	7	1	6	4	7	11	9	9	4	11	9	3	9	3	10	4	7	2	4	1	2	3	3	0	3	2	3	2	1	2	1	9	17	15	38	77	385	89	0	66	26	18	16	11	14	5	5	16	3	5	3	9	2	2	5	6	15	9	2	7	0	3	2	0	1	3	1	2	3	5	4	4	0	5	1	3	2	3	1	5	6	4	4	1	4	5	2	2	3	1	1	1	2	0	3	4	5	2	1
0	0	0	1	4	5	6	2	3	3	6	6	4	7	4	4	2	6	6	6	2	6	4	4	4	5	6	7	3	8	8	11	14	11	6	3	4	4	3	3	2	3	1	6	8	3	1	3	16	14	12	12	5	8	7	3	3	2	2	1	0	2	2	2	3	5	4	3	9	9	5	8	4	3	1	3	3	1	5	2	4	5	8	9	13	17	1	1	1	2	1	4	3	3	4	3	1	6	6	3	10	10	8	17	16	12	7	15	9	10	7	8	8	5	2	4	5	4	1	4	4	3	1	2	3	2	3	3	6	25	15	29	59	60	21	66	0	99	37	17	9	13	10	5	5	5	3	2	4	2	12	7	9	6	7	2	6	3	1	4	3	2	2	3	2	5	5	3	2	4	4	4	1	1	2	5	0	4	6	2	4	6	0	4	3	1	2	5	2	2	2	0	1	4	2	2
0	0	0	1	4	1	7	1	1	3	1	4	4	7	6	8	3	3	5	8	6	5	1	3	5	5	3	6	11	12	11	16	15	5	5	5	1	5	4	9	8	9	4	9	8	7	2	11	17	24	20	7	4	4	4	2	2	3	1	1	2	6	3	4	2	10	11	10	16	20	18	16	6	6	2	3	5	4	5	7	4	13	7	4	14	20	8	2	2	2	5	4	6	2	2	5	4	3	7	9	14	13	15	36	34	16	34	23	9	10	6	12	12	7	6	6	10	6	3	3	3	2	3	5	3	6	10	3	7	25	71	86	77	30	13	26	99	0	249	28	19	16	10	5	10	0	3	4	1	3	6	8	6	25	10	7	2	4	3	2	3	3	3	4	5	5	2	2	6	2	5	1	7	0	4	4	5	3	4	4	3	4	3	5	1	5	2	1	1	0	4	1	1	2	3	1
0	0	0	0	2	1	5	6	5	4	6	7	8	6	7	1	4	2	7	5	6	3	3	1	6	7	8	6	7	6	11	9	12	9	10	5	2	3	3	9	6	11	9	12	6	6	3	7	19	31	18	11	15	16	8	3	4	3	9	1	1	7	5	3	5	13	16	15	23	27	30	21	11	5	2	3	4	5	5	11	8	8	11	14	18	20	5	4	2	7	6	4	3	3	4	3	3	3	6	5	10	15	13	77	48	34	66	24	13	14	8	11	17	8	7	8	4	4	3	6	6	10	2	1	6	2	6	6	7	37	88	72	40	28	8	18	37	249	0	35	13	14	6	4	10	4	2	5	2	3	3	10	6	8	17	3	1	1	2	1	2	1	3	5	6	4	4	3	5	6	3	4	1	4	3	1	2	4	4	4	2	3	4	2	3	2	3	1	1	3	2	1	2	1	1	2
0	0	0	6	6	3	3	9	4	5	8	6	4	3	1	6	4	7	6	5	9	4	3	3	4	4	4	7	10	13	18	12	10	11	7	9	3	4	6	8	5	12	4	10	2	12	9	14	17	37	11	11	17	16	5	3	6	6	5	3	1	1	4	5	5	5	23	30	13	23	6	26	10	6	5	1	4	5	10	3	5	3	7	7	9	9	2	8	2	1	3	4	4	11	6	9	11	6	13	16	32	43	29	17	9	18	31	91	56	44	31	75	58	24	15	10	7	8	8	9	13	23	2	3	6	7	6	13	61	7501	144	59	14	7	8	16	17	28	35	0	78	32	18	10	16	12	12	5	14	7	8	28	28	40	46	12	5	7	6	5	3	7	6	6	6	13	12	8	10	5	8	4	2	2	0	3	2	3	2	5	11	1	2	1	3	2	5	4	3	5	1	3	4	6	6	4
0	0	0	2	2	8	8	6	3	4	4	4	4	5	1	2	6	2	1	0	1	10	1	0	4	7	5	9	10	13	16	9	8	5	9	5	2	4	3	2	7	2	7	2	4	6	6	9	9	8	8	3	5	4	5	9	2	6	2	3	1	2	3	4	8	7	13	15	7	13	9	17	6	8	6	6	5	5	7	7	4	3	2	3	3	3	4	2	6	2	4	3	6	7	12	14	12	11	13	26	51	38	18	8	9	13	21	19	31	18	28	53	74	17	10	11	9	4	3	10	13	27	15	12	10	11	6	18	78	108	38	27	9	8	11	11	9	19	13	78	0	93	38	28	27	12	18	10	23	12	28	69	198	133	132	29	21	7	5	5	7	8	7	12	5	14	12	5	4	4	11	11	3	5	5	4	8	6	4	5	3	3	5	2	6	5	6	9	3	3	6	5	6	8	9	7
0	0	0	3	1	1	3	3	4	7	1	8	3	2	1	3	1	3	2	6	1	3	0	3	2	1	1	6	10	5	12	5	4	3	2	4	1	1	1	3	2	5	0	2	4	6	3	5	7	9	6	4	5	6	2	6	3	1	1	2	3	3	2	9	6	7	9	13	7	7	6	11	10	4	5	1	1	1	5	5	4	7	3	2	6	3	6	1	0	1	1	1	1	3	6	12	7	6	5	27	17	17	13	2	7	9	10	12	12	10	11	15	23	6	7	9	6	3	2	10	8	15	11	10	7	5	9	8	23	34	26	34	7	14	13	14	13	16	14	32	93	0	56	29	69	27	24	16	19	6	23	33	106	458	53	19	17	10	6	5	5	5	1	12	9	14	10	6	8	10	6	10	1	3	7	9	10	11	3	3	2	7	5	2	3	2	6	6	0	8	3	9	4	4	6	1
0	0	0	5	0	5	2	5	3	4	1	3	2	2	4	3	3	3	1	1	4	3	2	3	2	2	6	5	4	7	5	2	2	4	3	1	0	0	0	0	3	2	1	3	3	3	8	4	7	8	7	5	0	1	0	3	4	2	3	1	0	2	2	3	3	1	9	4	3	3	1	3	5	1	7	2	2	4	4	2	0	0	7	6	2	4	4	2	2	4	0	2	2	3	9	9	8	7	16	14	9	10	8	5	3	2	6	6	10	12	12	17	11	8	6	11	4	2	5	8	4	14	8	12	13	7	11	17	21	17	9	8	6	4	10	5	10	10	6	18	38	56	0	474	70	42	43	20	32	34	75	74	108	35	28	22	22	7	10	8	7	4	6	10	9	9	10	6	3	5	8	6	4	4	2	4	8	4	7	6	0	5	7	0	1	6	3	4	7	10	5	5	3	8	5	8
0	0	0	2	3	2	3	3	3	3	5	3	3	2	1	2	1	2	1	0	0	4	0	1	2	3	3	2	2	7	1	5	3	2	2	1	2	0	2	1	1	2	2	3	1	2	3	5	6	0	5	3	10	6	3	3	1	1	0	1	1	2	2	1	4	3	4	6	4	6	6	4	8	1	3	2	3	1	3	0	5	0	1	0	0	5	3	2	0	2	3	1	2	1	9	11	22	13	10	20	14	6	4	1	1	6	0	6	6	8	7	8	12	3	7	2	5	2	1	7	10	24	13	15	5	1	6	12	21	14	10	9	5	6	4	5	5	5	4	10	28	29	474	0	74	49	67	38	41	47	135	57	114	38	28	23	36	16	13	11	19	15	4	8	13	12	3	9	5	3	7	6	2	5	4	8	12	14	9	5	6	4	5	1	2	3	1	4	5	5	1	5	1	7	5	6
0	0	0	5	3	1	3	0	1	0	1	1	4	2	2	2	1	3	3	2	2	2	2	0	0	1	1	3	1	4	5	3	6	5	1	5	1	2	4	3	2	0	2	2	5	1	0	2	3	2	2	4	4	1	4	3	1	2	3	4	0	2	1	1	3	1	10	5	5	11	5	4	1	2	0	5	3	4	3	1	2	1	4	4	4	1	3	3	1	1	0	4	3	1	12	6	13	6	10	15	19	8	6	5	7	3	8	10	11	4	12	4	13	4	8	4	4	4	2	2	5	9	11	7	5	3	9	11	8	17	9	15	5	10	8	16	5	10	10	16	27	69	70	74	0	64	50	26	18	20	31	11	40	54	25	29	25	6	13	6	8	6	7	9	14	10	9	5	9	5	4	5	2	9	3	10	17	11	4	4	5	1	3	1	2	6	2	7	4	4	0	3	3	7	8	2
0	0	0	1	3	3	4	2	4	3	2	2	0	2	1	1	0	0	1	0	1	3	0	0	1	3	1	2	5	0	2	7	5	3	1	0	1	0	1	3	1	2	1	2	2	2	0	5	1	4	3	4	1	0	2	3	4	0	0	0	3	1	2	5	1	3	4	6	3	1	2	1	2	3	0	1	2	1	3	2	2	2	1	3	2	1	1	1	1	1	3	1	1	4	7	10	8	7	12	11	5	8	7	3	4	1	1	8	6	4	6	5	7	7	1	5	1	2	2	4	4	14	10	13	4	2	7	6	11	6	8	7	2	5	9	3	5	0	4	12	12	27	42	49	64	0	365	54	23	24	33	16	24	29	18	22	41	31	7	6	9	7	9	20	28	25	9	5	6	6	5	6	8	7	7	14	30	18	13	3	6	5	3	2	4	7	5	4	5	2	0	5	3	8	11	10
0	0	0	2	2	2	6	3	3	5	6	2	4	1	1	0	0	3	1	1	1	2	0	1	3	2	3	5	2	5	3	1	3	2	0	2	1	0	0	1	4	4	2	0	2	2	9	4	2	6	1	2	5	3	2	0	0	0	4	0	0	3	1	0	2	3	2	4	6	3	1	5	2	3	3	1	1	4	1	2	4	3	1	4	2	5	0	0	1	3	3	1	4	3	5	13	13	15	13	27	7	4	4	2	5	8	3	2	7	4	7	9	5	4	6	3	2	2	5	6	5	16	22	10	6	6	3	1	13	5	5	13	3	2	4	5	3	3	2	12	18	24	43	67	50	365	0	209	47	36	42	29	28	19	27	68	89	36	18	17	21	19	10	24	26	32	10	1	6	10	8	9	6	7	11	25	51	21	9	4	8	4	3	5	10	8	4	7	7	3	2	5	3	6	10	7
0	0	0	1	0	1	2	1	4	1	2	3	0	2	1	2	1	1	0	1	1	2	0	0	2	6	2	3	1	4	0	2	1	0	1	1	1	1	3	1	2	0	4	4	3	1	3	0	3	5	0	2	1	3	1	1	3	2	1	3	2	1	1	2	1	2	4	3	1	4	3	3	5	2	5	3	3	1	2	3	3	1	0	3	3	3	2	2	5	1	2	0	2	4	4	21	20	20	14	15	14	12	8	2	3	4	4	6	4	1	5	9	6	4	9	4	4	5	4	5	4	19	28	21	11	4	8	9	16	7	6	4	5	6	3	3	2	4	5	5	10	16	20	38	26	54	209	0	74	45	66	27	31	13	15	38	208	50	34	27	30	16	13	41	28	12	10	5	12	11	6	13	8	6	11	20	66	22	14	9	4	5	4	7	4	7	12	14	7	4	2	5	2	5	12	17
0	0	0	1	3	0	5	6	5	4	4	4	1	5	4	3	2	2	2	1	3	0	2	0	2	6	2	2	5	5	4	2	5	2	3	3	0	1	1	1	2	0	4	1	3	3	2	3	2	6	5	3	2	5	3	7	5	5	3	5	3	3	5	4	5	11	3	10	5	6	6	4	8	6	5	1	5	3	2	3	3	5	4	2	1	2	3	1	6	2	2	3	1	9	12	28	67	33	28	25	16	10	15	4	5	2	9	6	15	4	8	9	13	15	8	7	3	8	5	21	19	75	93	58	19	14	12	13	44	10	7	7	1	4	9	9	4	1	2	14	23	19	32	41	18	23	47	74	0	192	204	54	50	20	37	78	177	24	29	15	32	27	15	25	21	20	9	11	11	9	17	15	11	6	7	6	17	11	13	7	6	11	5	7	3	10	8	12	8	6	3	11	7	12	12	16
0	0	0	4	4	1	5	2	6	3	1	3	1	4	3	5	1	2	1	1	2	2	3	4	2	3	1	6	6	8	4	1	3	6	1	0	0	1	2	3	1	2	2	3	4	1	1	3	6	5	0	5	4	3	1	1	4	4	5	1	1	3	2	3	4	4	7	6	2	4	0	2	3	6	3	2	3	3	2	3	2	4	1	1	2	1	8	7	4	2	4	1	2	6	8	18	65	18	21	16	14	5	7	2	2	1	0	6	3	11	6	12	12	9	9	5	5	4	8	11	7	27	46	61	33	8	14	17	24	9	9	5	2	4	2	2	2	3	3	7	12	6	34	47	20	24	36	45	192	0	304	62	41	10	27	24	66	15	19	19	34	19	10	12	6	14	6	7	11	3	13	13	2	5	2	5	14	9	11	7	4	4	3	5	8	7	7	10	9	6	3	6	8	8	5	11
0	0	0	6	5	4	2	1	5	0	0	6	5	0	2	7	0	2	2	5	0	3	2	0	3	2	2	3	7	3	4	8	4	3	2	1	1	2	4	3	0	0	2	3	0	2	2	4	6	8	3	5	3	2	7	5	3	3	2	1	0	2	4	2	5	5	6	4	9	4	4	6	5	3	1	5	2	2	7	3	2	1	5	2	3	1	4	2	4	2	4	4	6	9	8	19	44	13	23	19	14	4	1	3	2	3	7	5	9	9	8	12	16	16	9	3	8	2	2	16	17	35	37	37	19	7	9	22	29	17	9	10	2	8	5	2	12	6	3	8	28	23	75	135	31	33	42	66	204	304	0	116	74	19	40	35	68	21	9	13	18	14	13	9	4	9	4	6	8	8	13	14	3	2	1	7	14	5	8	6	6	6	5	4	2	5	10	7	5	8	4	7	6	5	4	5
0	0	0	5	10	6	4	9	5	7	4	3	7	3	3	3	4	1	4	3	1	5	3	1	3	8	7	4	5	9	9	1	7	4	1	3	1	1	2	1	6	1	2	3	3	3	2	5	9	5	6	3	4	4	8	2	4	3	1	2	2	5	6	5	9	7	14	12	5	10	3	6	11	6	5	5	3	3	7	5	1	4	3	5	4	5	5	3	2	2	4	2	5	3	12	16	32	12	18	24	16	8	10	2	7	4	2	13	9	21	18	35	44	23	25	7	10	11	5	10	19	36	12	17	13	16	15	30	79	27	12	5	6	5	2	5	7	8	10	28	69	33	74	57	11	16	29	27	54	62	116	0	142	34	40	22	31	6	5	6	10	11	5	6	11	10	8	6	8	9	7	9	3	5	2	4	9	8	3	4	8	2	3	8	7	6	4	7	12	4	6	7	4	10	5	7
0	0	0	5	2	3	2	4	2	2	6	1	2	2	5	3	5	5	4	3	1	4	1	2	1	3	4	5	5	3	4	8	8	4	3	4	1	1	2	5	4	3	1	1	7	7	0	4	10	14	6	4	2	3	2	6	2	1	1	3	1	5	8	5	3	5	8	8	5	9	6	10	4	10	5	2	0	5	3	4	2	2	3	6	2	2	5	3	5	2	2	2	1	3	5	20	17	11	17	33	36	25	8	8	6	7	12	16	13	14	19	23	26	10	11	6	3	5	5	11	15	33	20	10	12	12	12	23	51	40	10	14	7	4	6	6	9	6	6	28	198	106	108	114	40	24	28	31	50	41	74	142	0	110	127	54	27	14	8	4	12	9	8	17	8	22	13	3	8	4	12	7	4	1	7	2	13	9	6	8	2	6	4	2	2	7	8	8	10	4	5	0	5	10	7	5
0	0	0	5	2	5	5	2	4	6	5	0	6	2	5	6	6	2	4	4	2	2	0	2	0	2	1	3	6	5	4	4	7	2	4	1	2	0	1	1	1	3	5	4	2	1	3	5	3	12	6	3	0	7	6	4	3	5	4	1	3	6	3	3	5	5	11	10	11	11	11	11	6	4	3	5	2	4	5	5	6	3	5	4	3	7	5	3	0	3	5	4	2	9	15	14	15	13	22	31	41	42	27	8	7	11	13	28	19	18	14	18	19	13	7	4	7	7	4	6	14	17	12	14	9	4	4	12	24	47	22	56	13	10	12	15	6	25	8	40	133	458	35	38	54	29	19	13	20	10	19	34	110	0	176	31	20	5	10	2	8	8	9	10	7	21	8	4	9	5	8	8	3	2	5	4	6	12	5	4	8	3	1	7	6	6	3	5	3	5	4	5	4	5	2	2
0	0	0	2	3	4	5	6	2	4	5	4	5	0	4	1	2	3	4	2	4	1	3	1	3	3	4	7	4	9	1	3	5	5	4	2	1	3	2	3	2	7	3	5	5	3	1	8	7	5	7	6	6	7	6	10	7	7	4	1	4	4	4	4	9	11	11	16	5	12	11	6	9	8	3	6	2	6	6	6	4	6	4	5	5	7	9	6	1	2	4	4	3	5	17	18	23	18	41	74	89	42	31	7	8	6	20	21	22	8	13	24	25	13	9	9	4	8	2	11	11	42	25	18	7	7	10	15	50	48	25	26	7	9	10	9	7	10	17	46	132	53	28	28	25	18	27	15	37	27	40	40	127	176	0	96	31	16	10	6	7	11	8	20	15	21	23	8	7	13	17	9	3	6	4	5	8	8	10	13	7	4	11	5	3	6	7	7	2	3	2	2	6	10	12	6
0	0	0	3	4	1	5	2	1	2	7	3	5	0	0	1	4	4	3	1	0	1	3	1	2	0	4	7	2	0	4	1	3	4	3	2	1	1	0	5	3	2	2	3	2	2	1	5	2	1	5	3	2	4	9	5	3	0	2	3	6	3	3	6	4	14	3	7	6	7	8	5	7	3	4	0	2	3	3	3	6	3	3	2	0	2	4	3	3	4	2	8	4	9	19	31	25	25	78	116	46	22	15	4	1	5	3	12	11	7	6	6	12	8	3	4	4	3	5	11	17	48	40	22	10	5	8	13	26	19	8	13	10	5	3	2	2	7	3	12	29	19	22	23	29	22	68	38	78	24	35	22	54	31	96	0	98	28	12	9	23	34	22	39	26	78	32	17	13	11	36	18	15	15	10	12	27	17	12	15	8	9	6	5	9	9	7	11	8	7	6	10	9	12	14	17
0	0	0	3	0	2	5	5	2	4	0	2	1	3	1	1	2	1	3	2	1	3	1	1	0	3	0	3	3	1	1	4	2	2	3	1	2	2	1	2	1	1	2	2	3	2	2	3	2	1	1	1	2	2	6	8	2	3	4	3	5	3	4	5	4	7	6	7	4	5	4	11	4	4	3	2	3	3	1	5	2	2	1	1	3	5	2	4	2	2	3	2	8	7	13	32	38	33	37	31	22	14	8	5	3	1	4	14	12	6	5	10	4	3	4	2	5	8	7	6	15	38	90	25	10	6	10	12	17	8	10	8	4	1	0	7	6	2	1	5	21	17	22	36	25	41	89	208	177	66	68	31	27	20	31	98	0	64	32	32	44	31	17	48	15	39	12	10	7	15	21	21	10	5	5	17	40	28	13	17	10	6	5	8	10	15	11	7	5	7	3	7	6	5	17	16
0	0	0	0	2	1	2	4	4	0	2	1	0	2	1	3	2	2	0	1	2	2	2	0	1	2	1	1	5	2	4	1	2	3	1	3	3	3	1	3	1	1	1	1	0	3	0	1	2	3	0	3	2	2	2	5	0	1	2	4	2	0	1	2	4	3	5	2	6	3	3	2	3	2	3	1	0	1	1	1	2	2	2	2	0	2	2	1	1	2	3	1	7	4	14	19	14	16	14	10	14	5	9	2	2	2	3	6	3	2	3	6	8	5	6	3	8	0	7	9	14	31	47	15	10	3	5	4	13	10	6	3	3	9	3	0	3	4	1	7	7	10	7	16	6	31	36	50	24	15	21	6	14	5	16	28	64	0	337	79	77	106	44	101	39	38	9	3	12	11	25	17	13	7	15	50	127	79	41	14	13	16	11	14	33	19	14	5	2	6	3	9	11	16	15	20
0	0	0	3	3	3	2	2	0	3	3	2	2	1	1	1	2	3	2	1	0	2	1	0	2	0	1	1	3	1	4	3	1	2	2	4	0	1	0	0	0	2	2	1	4	2	1	2	1	4	4	2	0	3	4	4	4	5	2	3	1	4	2	5	3	5	4	8	3	4	5	2	4	6	3	1	0	0	1	4	1	2	0	0	1	4	4	1	3	1	0	3	1	11	16	15	22	27	17	15	11	8	2	2	3	2	2	1	2	5	3	1	4	6	4	1	7	5	1	5	9	16	36	18	11	6	13	7	12	3	5	4	1	1	3	3	1	3	2	6	5	6	10	13	13	7	18	34	29	19	9	5	8	10	10	12	32	337	0	191	173	170	62	59	19	24	17	11	10	16	23	25	23	9	16	38	55	35	27	19	18	10	9	8	51	36	23	12	12	9	6	9	7	15	22	53
0	0	0	7	3	2	3	1	3	5	3	1	0	1	1	1	2	2	2	2	0	1	0	3	2	3	2	3	1	4	1	1	3	3	1	0	2	2	0	0	2	4	4	1	3	3	3	2	1	3	2	2	1	4	3	4	4	3	1	3	3	6	4	6	5	4	6	2	2	4	3	2	2	2	1	3	2	3	3	6	3	1	4	2	4	2	2	2	0	5	0	4	4	5	9	21	16	21	8	12	6	3	3	2	1	1	6	1	6	5	2	3	2	5	0	2	1	1	5	5	5	13	21	13	8	5	4	3	7	6	5	3	3	1	2	2	4	2	1	5	5	5	8	11	6	6	17	27	15	19	13	6	4	2	6	9	32	79	191	0	110	76	31	18	4	11	4	7	9	14	13	16	22	10	5	20	20	20	14	8	7	6	10	19	55	58	35	21	9	9	10	14	9	17	18	74
0	0	0	3	0	4	0	4	7	1	3	2	2	1	2	1	3	0	5	2	4	0	3	2	4	0	2	3	3	2	0	0	3	1	2	3	2	0	0	2	0	2	2	1	0	2	3	5	3	3	1	4	1	4	6	4	3	2	2	2	3	1	2	3	8	5	4	3	5	5	3	8	5	2	4	3	1	3	2	1	2	2	2	1	1	1	4	4	3	4	1	3	6	3	12	24	40	37	11	18	11	5	6	2	3	1	3	3	4	4	3	7	5	11	3	4	6	5	4	7	10	18	93	30	16	14	12	8	8	4	4	5	5	3	3	0	3	3	2	3	7	5	7	19	8	9	21	30	32	34	18	10	12	8	7	23	44	77	173	110	0	75	33	26	14	11	9	7	6	18	12	22	9	6	9	16	32	20	10	11	7	7	11	9	25	38	31	39	13	9	7	13	6	14	24	59
0	0	0	4	2	3	4	3	4	7	2	2	2	0	1	2	0	3	1	2	1	2	1	1	1	1	1	1	5	3	1	4	5	1	2	1	1	2	0	4	3	2	1	0	4	4	1	3	0	1	7	4	2	5	1	3	10	8	2	4	3	5	6	3	6	2	10	3	2	2	6	4	5	4	4	3	4	1	3	4	3	0	0	2	2	2	6	2	2	6	1	3	7	12	17	42	22	49	21	19	8	7	14	3	3	4	1	4	8	1	1	4	7	6	5	3	5	4	4	8	17	15	37	20	10	16	6	13	9	6	8	4	5	1	4	1	2	3	1	7	8	5	4	15	6	7	19	16	27	19	14	11	9	8	11	34	31	106	170	76	75	0	240	78	15	35	17	8	19	28	33	82	34	16	15	25	30	43	33	26	19	22	19	19	55	59	33	20	11	11	8	14	16	35	55	64
0	0	0	2	3	3	2	5	6	4	3	2	2	0	0	5	2	1	1	0	1	3	1	1	0	1	3	2	3	6	0	1	4	3	3	1	1	2	2	3	5	1	0	2	0	0	2	9	2	5	3	3	2	0	3	5	7	7	5	2	4	5	3	4	3	6	2	10	1	6	4	10	4	4	4	2	1	1	2	2	3	5	2	1	3	1	2	1	5	8	3	8	12	8	19	30	21	53	33	22	12	4	5	3	7	3	5	4	6	6	2	4	7	6	10	3	10	2	8	8	8	12	34	17	6	8	8	9	7	5	3	2	1	3	2	3	2	3	3	6	7	1	6	4	7	9	10	13	15	10	13	5	8	9	8	22	17	44	62	31	33	240	0	60	19	31	27	18	31	54	106	300	46	12	7	10	21	46	36	20	24	54	36	43	55	49	23	10	15	6	9	15	19	80	84	42
0	0	0	2	1	1	2	3	1	4	2	2	2	2	5	3	1	0	2	1	1	1	1	0	2	3	2	4	2	2	0	2	6	2	2	0	0	2	2	1	2	5	3	2	3	6	3	3	2	2	6	2	5	5	5	3	7	4	3	2	3	1	0	2	5	6	8	3	7	4	4	4	2	6	2	5	3	2	3	0	1	3	2	3	0	2	8	3	4	1	1	4	6	7	16	25	12	24	24	26	13	16	12	3	3	4	4	3	7	6	2	3	3	5	5	2	4	2	4	10	10	13	28	9	5	7	1	8	12	9	2	6	3	4	6	1	3	4	5	6	12	12	10	8	9	20	24	41	25	12	9	6	17	10	20	39	48	101	59	18	26	78	60	0	120	167	15	4	19	22	39	30	30	23	15	60	53	193	74	52	23	16	11	11	20	12	10	8	9	9	1	7	8	20	21	11
0	0	0	1	1	2	2	3	2	1	1	0	0	1	1	1	2	1	1	2	1	2	0	0	4	2	3	2	1	2	0	3	1	4	5	2	0	0	1	1	2	3	2	3	2	3	1	4	1	3	2	2	2	3	8	4	4	2	0	0	1	2	1	2	7	8	1	3	3	4	3	5	3	6	2	1	2	4	2	2	3	0	2	1	1	0	2	1	0	4	1	2	6	8	7	13	10	9	20	18	13	6	10	1	1	3	5	4	11	2	3	3	2	8	3	2	6	5	2	3	5	15	12	12	4	8	3	3	7	4	3	5	9	1	4	2	2	5	6	6	5	9	9	13	14	28	26	28	21	6	4	11	8	7	15	26	15	39	19	4	14	15	19	120	0	84	8	5	12	12	10	16	13	18	26	80	58	303	146	76	23	8	7	5	15	8	6	2	3	3	2	4	7	4	10	9
0	0	0	2	0	0	3	2	1	3	4	1	2	2	3	0	2	2	5	2	2	1	2	1	1	3	1	0	3	4	5	1	2	1	1	2	2	2	1	0	3	4	9	3	4	5	2	7	2	4	6	5	0	7	7	6	8	4	4	1	3	3	2	2	5	8	4	6	4	6	3	4	3	2	2	3	4	2	1	6	0	1	1	2	2	5	2	6	6	4	4	3	6	13	13	21	18	33	42	40	26	22	17	4	3	4	2	4	7	10	3	6	10	8	7	3	3	4	3	4	7	15	23	6	10	7	5	8	16	11	10	12	4	5	5	3	5	5	4	13	14	14	9	12	10	25	32	12	20	14	9	10	22	21	21	78	39	38	24	11	11	35	31	167	84	0	31	9	14	34	43	30	25	10	13	22	23	61	41	53	23	16	12	13	13	11	8	10	5	4	4	5	11	10	18	10
0	0	0	3	3	0	1	3	4	6	5	3	4	0	1	1	6	1	4	1	5	3	0	5	1	4	2	4	1	5	3	2	2	9	1	1	1	0	1	3	2	3	2	6	2	5	3	9	4	7	3	1	7	12	16	16	16	9	6	6	5	4	7	8	15	24	18	13	3	19	12	13	4	8	6	3	2	5	7	6	10	1	7	5	0	7	7	8	6	11	7	13	30	43	67	27	10	24	75	49	28	30	37	6	7	10	10	7	13	8	13	9	9	9	8	11	8	8	9	10	23	20	12	7	8	6	10	13	16	11	10	3	10	6	2	5	5	2	4	12	12	10	10	3	9	9	10	10	9	6	4	8	13	8	23	32	12	9	17	4	9	17	27	15	8	31	0	78	204	147	129	43	9	11	7	12	5	14	9	23	18	24	15	11	10	8	14	7	5	7	6	6	28	36	17	11
0	0	0	2	2	2	3	2	9	2	4	6	4	3	2	3	1	3	2	2	4	1	4	5	2	1	0	7	4	6	3	4	3	5	3	3	2	3	2	3	1	7	3	4	6	9	11	9	5	9	1	5	3	18	46	76	42	25	17	7	6	5	25	21	32	54	41	19	8	11	7	17	20	8	9	6	6	10	18	9	9	6	7	1	1	2	15	6	8	9	15	11	30	136	87	13	11	15	28	29	25	23	37	3	6	12	11	11	21	10	3	9	13	11	11	5	11	10	11	21	26	16	9	15	7	8	15	4	15	5	10	10	4	1	3	4	3	2	3	8	5	6	6	9	5	5	1	5	11	7	6	6	3	4	8	17	10	3	11	7	7	8	18	4	5	9	78	0	225	35	33	27	10	2	5	6	2	6	7	7	14	13	15	12	5	9	7	10	10	8	8	12	43	30	22	7
0	0	0	3	3	3	2	1	5	6	5	5	1	0	0	1	3	2	3	1	0	1	0	2	2	3	1	5	7	7	0	5	2	5	4	2	1	1	1	2	2	1	3	2	2	6	1	9	10	1	5	4	6	7	23	27	29	11	8	9	5	5	6	5	15	26	22	17	16	13	13	12	13	5	10	3	4	5	9	6	2	5	3	1	2	1	7	14	4	11	12	16	16	97	137	22	9	17	51	37	27	16	25	3	7	7	9	13	11	9	11	10	10	11	11	5	10	8	10	18	23	22	14	16	4	8	9	7	11	14	9	11	4	1	3	4	2	6	5	10	4	8	3	5	9	6	6	12	11	11	8	8	8	9	7	13	7	12	10	9	6	19	31	19	12	14	204	225	0	124	68	42	10	11	6	5	6	8	7	11	30	33	20	16	20	10	15	9	4	11	10	14	49	44	27	10
0	0	0	2	2	3	0	4	0	2	3	2	5	1	5	1	2	2	0	2	1	4	1	0	1	3	2	2	2	4	4	2	2	1	0	1	1	2	3	3	1	2	2	2	6	5	1	5	10	7	4	5	2	11	18	13	13	14	9	5	4	4	1	4	9	4	10	10	7	11	7	7	5	5	7	3	4	8	6	4	2	2	4	1	3	3	6	5	2	16	7	16	23	28	63	16	14	32	46	35	13	16	17	4	8	7	4	8	8	7	3	8	0	8	3	2	5	1	6	8	18	21	18	10	4	10	10	11	8	8	3	5	1	2	5	0	4	2	6	5	4	10	5	3	5	6	10	11	9	3	8	9	4	5	13	11	15	11	16	14	18	28	54	22	12	34	147	35	124	0	213	173	25	11	6	7	12	10	14	15	36	72	29	34	13	18	13	6	8	7	5	11	19	58	41	13
0	0	0	5	1	4	3	2	1	6	5	4	2	2	1	1	1	2	0	4	4	3	3	2	4	2	6	4	6	3	5	2	2	2	2	3	6	0	1	2	1	1	4	1	5	2	3	4	4	2	7	6	3	11	5	8	12	7	1	5	8	5	8	6	4	13	12	9	7	13	5	11	6	6	0	4	3	1	5	4	2	2	2	1	1	0	4	8	5	7	8	6	13	35	73	32	17	63	103	51	28	17	25	3	2	2	3	5	14	8	8	9	8	12	8	6	7	7	10	12	17	38	17	15	13	11	12	10	9	6	4	9	3	1	4	5	4	5	3	8	11	6	8	7	4	5	8	6	17	13	13	7	12	8	17	36	21	25	23	13	12	33	106	39	10	43	129	33	68	213	0	225	27	6	9	11	19	28	24	17	24	29	33	15	21	16	18	10	6	5	6	9	24	56	40	12
0	0	0	5	0	2	1	2	1	6	1	2	1	3	2	1	0	0	0	1	2	1	1	2	0	4	5	1	1	5	1	5	0	2	3	3	3	1	1	5	2	3	1	2	3	5	1	6	3	5	5	3	4	6	12	7	8	15	1	4	5	9	4	13	4	5	8	8	2	1	4	6	4	4	6	4	6	1	7	2	2	2	3	2	2	2	6	3	5	7	8	3	18	17	42	21	23	50	30	30	15	7	13	4	0	8	7	9	7	4	7	8	7	5	6	6	8	5	4	15	21	16	17	10	6	12	9	13	8	9	7	3	1	1	0	1	4	1	4	4	11	10	6	6	5	6	9	13	15	13	14	9	7	8	9	18	21	17	25	16	22	82	300	30	16	30	43	27	42	173	225	0	33	17	8	13	11	30	13	23	22	55	43	41	42	25	19	18	12	8	16	23	26	106	87	25
0	0	0	0	1	3	1	0	2	3	2	4	3	1	0	0	1	2	0	3	4	2	0	0	1	1	2	1	3	2	2	1	0	3	2	2	3	0	3	0	3	2	1	1	2	2	3	4	0	2	0	2	1	1	6	6	4	4	2	2	1	3	3	0	3	3	2	2	4	6	1	0	0	2	2	3	3	4	1	1	0	2	0	1	1	0	2	2	0	10	6	4	8	9	12	15	5	6	17	10	4	3	5	3	2	5	3	0	5	6	5	0	2	4	2	0	3	0	2	2	7	4	8	5	2	5	2	5	5	2	3	3	3	2	1	3	1	7	1	2	3	1	4	2	2	8	6	8	11	2	3	3	4	3	3	15	10	13	23	22	9	34	46	30	13	25	9	10	10	25	27	33	0	75	59	26	16	27	72	63	61	51	22	19	43	22	14	6	1	2	6	6	11	10	9	19
0	0	0	3	0	1	0	1	2	0	3	2	0	1	0	1	1	0	1	0	0	0	2	0	0	0	0	2	2	2	1	5	2	3	1	1	1	1	1	3	1	1	0	2	2	0	1	3	1	1	2	0	2	4	8	4	2	2	2	1	0	5	2	1	1	4	4	4	1	4	2	3	3	1	1	0	3	3	2	1	0	5	2	1	3	2	3	3	2	2	4	8	4	1	8	1	4	6	9	2	5	5	3	3	2	0	4	3	3	3	1	3	4	3	1	1	5	3	4	1	3	4	6	1	1	2	3	3	0	6	4	6	1	3	1	2	1	0	4	2	5	3	4	5	9	7	7	6	6	5	2	5	1	2	6	15	5	7	9	10	6	16	12	23	18	10	11	2	11	11	6	17	75	0	105	20	5	19	54	79	48	20	7	6	16	11	2	5	3	2	2	3	10	4	7	8
0	0	0	1	2	1	1	1	2	1	2	1	0	1	1	2	1	1	0	3	2	3	0	1	1	1	3	3	0	0	1	1	2	0	0	3	1	1	0	1	1	4	1	1	1	0	1	1	1	1	2	2	2	1	3	2	1	2	3	1	1	3	0	2	3	3	2	3	0	3	2	2	2	3	3	0	1	2	1	2	0	1	2	0	1	2	4	4	1	2	5	2	3	5	4	1	5	5	5	4	6	4	4	2	1	0	3	1	6	4	2	0	1	1	1	3	4	3	4	1	7	3	6	3	8	1	4	0	3	2	1	1	3	3	2	3	2	4	3	0	5	7	2	4	3	7	11	11	7	2	1	2	7	5	4	10	5	15	16	5	9	15	7	15	26	13	7	5	6	6	9	8	59	105	0	49	14	49	83	41	22	11	13	6	14	6	4	6	5	3	6	1	2	9	8	5
0	0	0	0	0	0	0	0	2	1	1	0	3	3	0	1	1	1	1	1	0	2	1	1	2	2	3	2	3	0	1	3	2	1	0	0	0	1	2	0	2	2	0	1	0	3	0	1	1	0	0	1	1	6	4	7	5	4	1	2	0	0	2	2	0	2	4	4	1	1	1	3	0	0	2	1	2	1	0	3	4	0	0	1	1	1	1	1	3	0	6	3	7	3	3	12	10	11	7	11	6	3	3	1	0	2	2	2	9	2	2	3	5	4	3	3	2	2	4	2	4	9	13	9	5	5	4	5	7	1	0	2	1	5	0	1	5	4	1	3	4	9	4	8	10	14	25	20	6	5	7	4	2	4	5	12	17	50	38	20	16	25	10	60	80	22	12	6	5	7	11	13	26	20	49	0	86	157	87	40	12	12	10	8	19	11	7	3	0	2	2	2	2	12	12	19
0	0	0	4	2	1	3	0	3	4	2	1	0	3	0	1	1	0	2	0	0	1	2	0	2	3	1	1	3	2	3	3	2	1	3	2	0	0	0	0	0	2	1	1	1	4	3	2	3	1	2	0	3	2	5	7	2	1	3	1	3	0	3	0	0	7	5	0	3	4	5	1	4	1	1	4	1	2	1	0	2	0	2	2	0	3	1	3	0	4	1	2	6	2	6	7	17	11	17	10	7	11	8	1	4	2	4	3	3	3	4	4	3	4	5	4	1	5	2	3	7	14	25	7	10	7	1	4	5	6	6	4	3	1	5	5	0	5	2	2	8	10	8	12	17	30	51	66	17	14	14	9	13	6	8	27	40	127	55	20	32	30	21	53	58	23	5	2	6	12	19	11	16	5	14	86	0	68	23	22	8	6	7	8	15	19	6	8	5	4	2	9	4	13	13	11
0	0	0	1	0	1	0	2	0	3	2	3	1	0	1	0	3	0	1	0	3	3	0	1	1	3	3	1	2	3	1	3	3	2	1	0	2	2	3	1	3	1	2	0	1	1	4	1	3	4	3	2	2	0	6	4	2	2	2	3	3	1	1	2	3	3	3	5	3	2	1	4	2	2	3	2	2	2	1	1	2	2	1	2	1	2	1	1	1	5	0	6	3	7	17	7	10	16	19	18	10	6	7	1	1	3	5	1	2	4	4	3	4	6	1	7	4	0	0	2	5	14	12	6	4	5	5	4	12	4	6	1	5	0	3	6	4	3	4	3	6	11	4	14	11	18	21	22	11	9	5	8	9	12	8	17	28	79	35	20	20	43	46	193	303	61	14	6	8	10	28	30	27	19	49	157	68	0	212	58	20	16	12	12	18	15	5	7	7	1	5	4	10	11	10	13
0	0	0	0	0	1	3	0	3	4	1	3	1	4	1	2	1	0	1	1	1	2	0	0	1	3	0	4	2	3	1	1	4	4	2	0	0	0	0	2	1	2	2	6	2	4	3	4	2	3	4	3	3	1	7	2	5	4	3	2	1	3	1	4	3	3	1	1	1	4	5	6	4	2	1	2	1	2	2	2	1	0	1	1	1	3	3	3	5	1	3	1	10	3	4	8	7	9	13	10	10	6	8	3	2	2	5	5	6	8	2	5	4	7	1	2	2	2	5	2	2	6	8	3	4	2	4	4	1	4	2	9	4	6	2	4	6	4	4	2	4	3	7	9	4	13	9	14	13	11	8	3	6	5	10	12	13	41	27	14	10	33	36	74	146	41	9	7	7	14	24	13	72	54	83	87	23	212	0	180	43	16	13	8	18	17	7	7	5	5	7	4	3	9	16	9
0	0	0	1	1	0	5	0	3	3	2	2	0	0	1	1	3	2	2	3	1	0	1	1	0	1	3	2	2	2	1	2	0	4	3	1	0	0	1	1	1	2	3	2	2	3	3	3	0	4	4	2	1	1	3	1	6	4	4	3	1	3	3	3	3	8	2	4	2	3	4	1	0	2	2	6	1	2	2	1	3	2	2	0	2	2	2	0	0	5	2	10	2	2	8	5	4	5	12	11	11	8	6	1	2	3	6	4	4	3	4	6	3	3	4	2	5	3	2	1	3	9	9	7	6	0	1	4	2	1	6	9	2	1	6	4	2	4	4	5	5	3	6	5	4	3	4	9	7	7	6	4	8	4	13	15	17	14	19	8	11	26	20	52	76	53	23	7	11	15	17	23	63	79	41	40	22	58	180	0	83	31	16	7	19	6	8	10	3	3	7	5	3	16	7	9
0	0	0	2	1	1	2	1	5	6	4	6	1	0	1	1	0	0	0	2	4	1	1	2	1	0	2	0	3	4	4	1	1	3	0	0	3	2	0	0	0	1	0	4	2	2	1	3	0	3	0	1	5	4	6	11	5	9	5	0	2	1	2	1	2	2	4	6	3	3	4	5	2	1	3	1	2	2	3	1	1	1	3	2	1	1	2	4	0	2	10	10	10	13	10	14	5	11	15	14	9	3	9	1	3	3	6	4	3	5	3	4	4	3	1	3	4	5	8	6	8	5	5	2	2	3	5	6	5	5	7	8	0	4	1	1	4	3	2	11	3	2	0	6	5	6	8	4	6	4	6	8	2	8	7	8	10	13	18	7	7	19	24	23	23	23	18	14	30	36	24	22	61	48	22	12	8	20	43	83	0	74	25	15	17	14	8	3	4	3	4	3	7	12	12	6
0	0	0	5	1	1	0	3	3	4	3	1	3	1	0	1	2	2	3	1	2	1	3	1	2	0	3	5	4	2	2	4	0	0	0	1	1	0	2	1	1	1	2	1	2	2	3	2	6	4	0	2	4	2	4	10	15	7	7	5	4	2	5	5	6	7	11	10	5	7	5	8	2	5	2	3	3	1	4	1	4	3	2	2	2	3	1	7	4	6	7	11	14	29	16	14	5	11	21	12	6	7	8	4	1	1	3	5	8	5	5	3	1	4	0	3	5	1	4	3	3	11	7	7	3	6	4	2	8	5	5	2	2	0	3	4	6	4	3	1	3	7	5	4	1	5	4	5	11	4	6	2	6	3	4	9	6	16	10	6	7	22	54	16	8	16	24	13	33	72	29	55	51	20	11	12	6	16	16	31	74	0	69	23	30	19	5	7	4	4	4	11	19	23	19	14
0	0	0	1	1	2	2	2	3	5	2	2	1	0	2	2	1	2	1	1	2	1	1	1	2	1	2	3	2	3	2	0	0	1	1	2	0	2	0	1	1	2	2	4	0	2	4	3	1	1	0	4	3	3	7	7	9	4	7	2	2	1	2	6	7	8	3	6	2	6	2	4	4	3	6	4	2	2	2	5	1	4	3	1	0	4	3	5	3	6	8	6	18	12	12	7	11	12	8	2	14	3	2	1	3	3	2	3	4	3	2	1	4	9	1	0	3	3	6	8	7	10	8	8	4	4	8	8	3	2	6	2	2	1	2	5	0	3	4	2	5	5	7	5	3	3	3	4	5	3	5	3	4	1	11	6	5	11	9	10	11	19	36	11	7	12	15	15	20	29	33	43	22	7	13	10	7	12	13	16	25	69	0	198	33	24	13	4	5	7	11	15	14	42	35	14
0	0	0	2	5	1	4	2	2	6	4	3	1	0	2	0	1	2	0	1	1	3	0	1	2	4	2	1	0	0	2	1	2	2	0	0	2	3	0	1	2	1	0	1	2	2	5	2	1	1	4	2	1	1	6	7	6	1	4	3	8	5	3	3	3	2	5	5	3	1	3	3	4	3	4	3	4	5	4	1	4	2	2	1	0	1	2	5	8	9	3	2	3	9	16	11	9	20	15	10	4	5	7	4	2	3	7	3	1	1	3	3	7	2	0	5	2	1	2	7	7	10	10	9	6	10	5	2	5	2	8	3	1	4	2	2	4	5	2	1	2	2	0	1	1	2	5	7	7	5	4	8	2	7	5	5	8	14	8	19	9	19	43	11	5	13	11	12	16	34	15	41	19	6	6	8	8	12	8	7	15	23	198	0	63	64	40	8	13	4	11	33	16	43	47	24
0	0	0	0	3	1	2	0	0	0	1	1	2	1	1	1	1	3	3	0	0	0	2	1	1	0	2	1	3	1	4	1	0	3	0	1	0	1	0	3	3	1	2	1	1	4	1	2	1	1	3	2	1	2	4	7	6	2	3	3	0	3	1	3	6	3	5	6	4	5	6	4	3	4	8	4	0	3	2	4	4	2	2	0	2	3	4	2	6	0	0	4	4	5	17	18	9	18	10	11	7	7	6	5	2	7	1	2	5	6	1	5	2	3	3	6	1	5	3	8	4	7	19	11	6	10	5	3	9	3	3	5	1	1	1	2	3	1	3	3	6	3	1	2	2	4	10	4	3	8	2	7	2	6	3	9	10	33	51	55	25	55	55	20	15	13	10	5	20	13	21	42	43	16	14	19	15	18	18	19	17	30	33	63	0	260	32	13	10	12	10	9	23	23	49	43
0	0	0	1	2	0	0	1	4	4	3	2	1	1	0	3	0	1	3	2	0	2	2	0	0	0	0	2	3	1	1	7	2	1	1	0	0	1	2	2	0	3	1	2	1	1	4	5	0	2	2	2	2	1	4	5	3	3	1	3	3	4	4	5	5	3	5	7	3	3	3	5	2	2	3	3	3	1	1	3	2	0	2	1	1	0	3	1	3	2	0	3	4	8	12	16	15	22	7	6	5	9	1	1	2	1	2	2	2	2	5	1	3	2	5	2	2	5	6	11	11	12	25	10	4	9	8	7	5	4	0	6	1	4	0	3	1	5	2	2	5	2	6	3	6	7	8	7	10	7	5	6	7	6	6	9	15	19	36	58	38	59	49	12	8	11	8	9	10	18	16	25	22	11	6	11	19	15	17	6	14	19	24	64	260	0	76	32	12	8	4	17	25	33	62	106
0	0	0	3	3	4	4	1	0	2	1	0	3	5	0	2	0	1	0	1	8	3	3	1	0	3	3	6	3	4	1	0	1	2	1	0	0	2	0	3	2	0	2	0	1	2	1	2	4	1	2	2	1	3	2	8	8	2	6	4	3	2	3	4	6	10	2	5	1	4	3	4	2	7	8	6	4	0	5	1	1	1	1	1	1	2	5	4	2	3	3	5	2	9	19	24	22	29	8	7	9	7	3	3	0	2	2	4	6	5	2	7	8	9	4	6	4	3	3	7	7	17	21	18	11	15	11	15	5	1	9	1	2	0	1	1	2	2	3	5	6	6	3	1	2	5	4	12	8	7	10	4	8	3	7	7	11	14	23	35	31	33	23	10	6	8	14	7	15	13	18	19	14	2	4	7	6	5	7	8	8	5	13	40	32	76	0	121	30	11	24	74	23	38	96	177
0	0	0	3	2	2	1	2	3	3	3	1	0	2	2	0	0	2	2	5	1	0	0	0	1	3	2	0	3	3	5	4	2	1	0	1	0	0	1	2	0	1	1	4	1	5	1	2	7	3	2	2	3	3	6	6	2	5	3	4	3	7	5	2	5	5	4	2	5	2	0	2	4	0	8	3	1	3	8	3	0	2	1	0	1	3	4	2	4	8	3	5	5	9	18	27	27	23	10	6	6	5	4	2	0	4	0	3	6	6	7	3	4	9	6	4	7	5	5	13	8	9	25	21	24	34	26	16	5	6	3	5	0	1	0	1	5	1	1	4	9	6	4	4	7	4	7	14	12	10	7	7	8	5	7	11	7	5	12	21	39	20	10	8	2	10	7	10	9	6	10	18	6	5	6	3	8	7	7	10	3	7	4	8	13	32	121	0	65	37	30	43	15	26	28	91
0	0	0	2	3	3	2	3	1	1	0	2	2	0	0	3	2	1	1	0	3	2	3	2	3	4	5	2	2	3	1	4	2	2	4	4	0	1	0	1	1	1	5	3	1	2	2	2	3	3	2	0	3	1	4	6	4	6	1	3	3	1	4	3	5	12	2	5	2	4	3	9	4	4	8	7	3	6	2	1	3	1	5	4	2	1	5	6	2	3	4	4	2	5	8	19	21	15	5	9	3	2	5	0	1	3	3	5	6	2	4	4	5	6	8	4	5	3	12	18	8	11	19	27	35	79	21	10	5	1	0	1	0	2	2	1	2	1	1	3	3	0	7	5	4	5	7	7	8	9	5	12	10	3	2	8	5	2	12	9	13	11	15	9	3	5	5	10	4	8	6	12	1	3	5	0	5	7	5	3	4	4	5	13	10	12	30	65	0	119	43	32	16	8	15	13
0	0	0	5	4	3	2	8	5	1	1	2	4	1	4	2	0	1	4	1	3	1	2	1	5	3	6	3	6	6	4	5	2	3	1	1	1	3	2	2	2	1	3	1	1	3	2	5	0	2	4	1	2	3	3	10	7	3	7	9	6	9	8	3	9	14	4	10	5	4	3	4	6	10	9	10	5	3	2	4	1	2	2	3	4	0	5	5	3	5	2	5	6	8	8	17	17	18	9	5	7	5	2	3	2	2	2	8	7	3	3	8	11	12	9	10	13	9	17	15	15	20	14	27	29	167	58	18	8	4	5	2	3	4	2	2	2	0	3	5	3	8	10	5	4	2	3	4	6	6	8	4	4	5	3	7	7	6	9	9	9	11	6	9	3	4	7	8	11	7	5	8	2	2	3	2	4	1	5	3	3	4	7	4	12	8	11	37	119	0	174	46	17	18	10	12
0	0	0	4	0	1	5	4	5	11	1	6	2	2	2	2	4	2	3	2	2	0	2	1	3	3	3	4	5	7	2	1	1	0	0	0	0	2	0	3	3	0	0	1	1	8	2	3	5	4	3	5	1	3	5	7	9	9	3	4	5	15	17	5	13	9	5	4	1	3	3	6	9	13	12	7	7	4	2	3	1	0	1	2	2	2	7	3	9	6	7	4	5	8	9	16	16	12	8	7	6	3	3	3	1	3	4	3	7	7	9	7	2	8	6	9	11	14	16	22	17	12	9	20	16	40	23	12	6	5	0	2	1	2	0	0	2	4	2	1	6	3	5	1	0	0	2	2	3	3	4	6	5	4	2	6	3	3	6	10	7	8	9	1	2	4	6	8	10	5	6	16	6	2	6	2	2	5	7	7	4	4	11	11	10	4	24	30	43	174	0	61	34	19	13	15
0	0	0	1	1	0	1	3	3	3	8	1	2	1	0	0	1	2	3	1	2	0	3	2	3	6	5	3	4	3	5	3	2	1	2	3	1	0	1	1	4	0	1	0	1	3	2	4	5	3	1	3	6	4	6	12	11	6	7	8	8	6	6	2	9	5	3	4	2	5	4	5	6	8	9	6	1	1	5	4	1	2	2	5	0	3	3	1	5	8	2	11	10	9	22	19	15	30	16	9	1	3	5	4	1	2	3	1	8	3	0	3	6	6	6	4	14	5	11	20	22	6	12	18	21	18	16	14	7	2	2	4	4	1	1	3	0	1	1	3	5	9	5	5	3	5	5	5	11	6	7	7	0	5	2	10	7	9	9	14	13	14	15	7	4	5	6	12	14	11	9	23	6	3	1	2	9	4	4	5	3	11	15	33	9	17	74	43	32	46	61	0	74	50	61	31
0	0	0	2	2	1	5	0	7	4	3	3	3	3	3	2	1	5	2	2	3	1	2	2	3	5	5	6	2	2	4	3	3	3	1	2	2	0	1	1	2	0	2	3	1	2	5	4	1	5	3	4	2	9	12	31	19	9	8	9	12	9	13	7	19	20	14	8	7	4	5	11	8	12	8	8	9	11	11	9	4	2	2	6	3	3	7	8	10	8	7	6	11	22	89	40	9	38	20	10	14	5	12	4	6	4	6	6	7	6	6	5	7	14	6	3	13	10	15	22	28	26	14	22	8	20	23	10	14	3	8	6	0	1	4	4	1	1	2	4	6	4	3	1	3	3	3	2	7	8	6	4	5	4	6	9	6	11	7	9	6	16	19	8	7	11	28	43	49	19	24	26	11	10	2	2	4	10	3	3	7	19	14	16	23	25	23	15	16	17	34	74	0	105	55	12
0	0	0	0	3	1	3	2	2	0	0	2	2	1	0	2	1	2	3	2	1	3	1	0	2	3	2	2	2	4	2	4	5	2	0	1	1	1	3	3	2	3	3	1	0	3	3	3	2	7	0	4	0	3	6	13	15	7	6	5	3	10	11	5	12	11	9	9	4	3	5	4	4	8	3	11	5	7	3	2	3	2	5	4	2	2	5	2	5	6	1	6	11	14	70	55	23	76	40	21	7	7	9	5	2	6	8	8	4	6	3	3	4	10	8	8	11	2	8	16	22	29	41	15	14	17	14	4	17	4	6	6	2	0	2	5	4	2	1	6	8	4	8	7	7	8	6	5	12	8	5	10	10	5	10	12	5	16	15	17	14	35	80	20	4	10	36	30	44	58	56	106	10	4	9	12	13	11	9	16	12	23	42	43	23	33	38	26	8	18	19	50	105	0	406	38
0	0	0	3	2	1	1	1	4	0	1	3	2	3	0	1	2	3	2	2	3	2	1	4	0	4	5	4	3	3	1	2	2	3	1	0	2	0	1	4	0	0	5	7	0	2	0	1	2	4	2	0	4	3	5	8	12	6	3	2	3	9	6	5	6	8	5	7	3	6	5	3	9	3	4	4	2	1	8	1	4	0	0	2	1	4	9	7	3	7	7	6	5	15	52	59	29	90	31	15	8	11	3	4	3	4	2	5	5	3	6	8	9	9	5	9	2	6	7	12	17	18	35	18	10	18	18	10	11	4	6	1	2	3	2	2	2	3	1	6	9	6	5	5	8	11	10	12	12	5	4	5	7	2	12	14	17	15	22	18	24	55	84	21	10	18	17	22	27	41	40	87	9	7	8	12	13	10	16	7	12	19	35	47	49	62	96	28	15	10	13	61	55	406	0	87
0	0	0	1	4	4	1	2	0	3	1	4	1	0	0	1	0	2	2	3	0	0	2	1	2	3	1	4	2	1	1	3	1	2	2	2	2	0	0	0	3	2	1	2	0	5	1	2	3	6	2	1	2	4	3	1	8	2	2	2	4	5	7	7	2	6	7	2	1	3	1	4	3	4	4	4	3	2	2	1	1	3	0	3	0	4	3	2	3	2	0	2	2	5	20	30	29	48	16	11	9	9	1	1	3	4	0	5	5	6	8	7	5	9	12	5	6	2	9	7	13	13	37	21	10	10	6	5	5	4	2	2	3	2	3	1	2	1	2	4	7	1	8	6	2	10	7	17	16	11	5	7	5	2	6	17	16	20	53	74	59	64	42	11	9	10	11	7	10	13	12	25	19	8	5	19	11	13	9	9	6	14	14	24	43	106	177	91	13	12	15	31	12	38	87	0
