0	0	0	0	0	0	0	0	0	0	0	0	0	0	0	0	0	0	0	0	0	0	0	0	0	0	0	0	0	0	0	0	0	0	0	0	0	0	0	0	0	0	0	0	0	0	0	0	0	0	0	0	0	0	0	0	0	0	0	0	0	0	0	0	0	0	0	0	0	0	0	0	0	0	0	0	0	0	0	0	0	0	0	0	0	0	0	0	0	0	0	0	0	0	0	0	0	0	0	0	0	0	0	0	0	0	0	0	0	0	0	0	0	0	0	0	0	0	0	0	0	0	0	0	0
0	0	0	0	0	0	0	0	0	0	0	0	0	0	0	0	0	0	0	0	0	0	0	0	0	0	0	0	0	0	0	0	0	0	0	0	0	0	0	0	0	0	0	0	0	0	0	0	0	0	0	0	0	0	0	0	0	0	0	0	0	0	0	0	0	0	0	0	0	0	0	0	0	0	0	0	0	0	0	0	0	0	0	0	0	0	0	0	0	0	0	0	0	0	0	0	0	0	0	0	0	0	0	0	0	0	0	0	0	0	0	0	0	0	0	0	0	0	0	0	0	0	0	0	0
0	0	0	0	0	0	0	0	0	0	0	0	0	0	0	0	0	0	0	0	0	0	0	0	0	0	0	0	0	0	0	0	0	0	0	0	0	0	0	0	0	0	0	0	0	0	0	0	0	0	0	0	0	0	0	0	0	0	0	0	0	0	0	0	0	0	0	0	0	0	0	0	0	0	0	0	0	0	0	0	0	0	0	0	0	0	0	0	0	0	0	0	0	0	0	0	0	0	0	0	0	0	0	0	0	0	0	0	0	0	0	0	0	0	0	0	0	0	0	0	0	0	0	0	0
0	0	0	0	34	20	5	2	5	4	5	9	16	11	12	9	2	9	4	1	5	5	5	3	1	5	1	5	11	9	3	7	2	5	1	14	7	10	2	3	7	5	2	2	3	0	2	0	0	1	2	1	3	4	7	4	1	4	3	2	3	5	3	1	3	2	5	2	5	7	5	0	1	2	1	3	2	1	2	0	0	0	0	2	5	1	1	1	4	3	3	0	0	0	1	0	0	4	3	1	0	0	2	0	1	3	0	1	0	1	2	1	1	2	2	0	1	2	1	4	1	1	2	0	3
0	0	0	34	0	92	14	8	6	4	8	27	39	19	21	19	6	6	10	6	6	5	4	6	5	5	7	8	9	11	10	6	3	5	4	6	8	5	5	4	11	2	4	6	1	3	1	1	3	2	0	3	1	3	4	3	4	8	2	4	6	3	8	7	8	7	3	4	5	2	3	6	3	4	3	4	3	1	5	2	2	1	3	7	4	2	1	5	2	1	4	4	2	4	2	3	3	1	8	0	2	0	1	3	2	2	1	0	0	2	2	2	1	0	0	3	3	1	0	0	1	4	2	2	0
0	0	0	20	92	0	39	17	11	8	14	41	75	27	46	36	9	24	8	8	4	7	4	5	8	4	10	12	10	8	6	6	10	6	6	7	6	9	7	4	10	6	4	1	2	1	3	2	3	2	1	2	4	5	4	5	5	13	9	2	6	5	5	4	7	2	6	6	4	5	7	6	3	3	9	5	2	2	3	4	1	2	6	4	10	4	2	4	0	8	3	3	0	1	2	3	2	2	4	1	0	1	0	1	3	3	3	2	3	2	0	1	2	4	1	3	1	3	0	1	0	4	2	4	3
0	0	0	5	14	39	0	87	24	20	35	26	14	13	27	11	10	17	6	5	2	5	6	5	5	8	8	9	6	13	6	10	3	4	5	9	10	1	6	2	3	6	1	1	2	3	0	6	3	4	9	5	7	7	7	5	6	17	8	4	2	2	5	1	2	4	2	3	4	4	6	11	5	7	3	4	4	2	2	6	4	1	3	1	4	3	2	5	2	3	3	1	2	1	2	0	1	0	3	0	1	4	1	4	2	8	1	1	0	1	1	2	2	1	0	0	0	1	3	1	1	2	2	1	4
0	0	0	2	8	17	87	0	42	35	98	25	20	12	23	16	18	20	8	16	6	4	5	7	5	9	11	11	9	16	17	20	5	19	6	28	7	7	6	4	4	3	4	8	7	9	1	7	3	6	7	8	12	8	9	9	7	14	11	11	3	3	3	1	2	1	2	3	4	5	8	0	8	8	4	2	2	2	1	2	2	2	2	2	6	4	6	5	3	2	1	3	2	3	0	1	0	2	0	2	1	0	1	2	2	2	1	1	3	0	4	2	2	3	4	2	3	0	2	2	6	1	1	2	2
0	0	0	5	6	11	24	42	0	70	85	20	6	8	19	12	13	23	13	4	5	4	6	7	15	18	21	9	10	19	41	15	12	19	11	15	9	7	17	9	5	5	9	7	16	3	3	8	12	10	17	29	37	36	45	10	22	45	7	6	3	2	1	4	0	3	3	1	7	5	9	8	8	13	4	8	6	2	1	0	4	0	2	2	3	4	4	5	5	3	4	2	1	0	2	1	4	2	6	4	7	8	6	3	3	8	1	5	0	3	1	1	2	4	2	3	1	2	4	0	2	4	4	0	1
0	0	0	4	4	8	20	35	70	0	52	15	11	16	15	11	21	23	7	9	11	4	6	10	9	21	19	11	19	32	120	52	19	49	45	77	20	12	33	15	14	7	8	16	13	1	6	5	9	7	6	16	26	62	41	15	21	21	7	4	0	4	0	3	1	0	4	2	5	7	6	11	12	7	7	2	2	2	5	1	1	2	2	2	5	4	4	8	2	5	4	2	1	0	0	1	1	1	6	3	5	4	4	4	1	6	1	3	0	0	2	2	3	1	5	2	3	3	2	2	3	2	2	2	2
0	0	0	5	8	14	35	98	85	52	0	49	21	19	57	42	31	38	17	19	9	2	3	9	7	19	17	11	6	29	59	21	9	19	27	26	8	9	10	16	8	10	4	9	8	7	6	8	1	6	9	14	12	22	27	11	8	60	20	11	5	4	2	5	0	5	7	2	5	14	15	3	8	17	11	7	8	4	2	3	3	0	4	1	5	6	4	12	5	5	5	2	2	1	3	4	2	1	3	7	3	2	2	3	3	7	1	5	4	3	0	1	3	2	3	4	2	4	1	5	2	5	7	4	4
0	0	0	9	27	41	26	25	20	15	49	0	303	175	315	82	37	64	17	18	13	9	6	9	15	15	20	42	18	49	27	29	8	5	16	25	14	11	16	14	19	13	6	7	2	6	3	2	7	2	5	6	5	12	3	7	3	20	7	11	4	5	1	2	4	5	5	6	14	10	7	12	2	4	4	7	3	5	1	3	1	0	4	2	9	3	4	7	4	3	9	1	0	1	1	2	1	4	5	2	5	6	2	4	0	4	3	2	3	2	2	1	3	1	4	1	4	3	2	0	1	2	5	4	0
0	0	0	16	39	75	14	20	6	11	21	303	0	120	129	65	15	33	20	12	6	4	4	3	9	15	12	29	20	37	27	18	6	11	11	22	17	9	12	9	11	6	7	6	6	1	2	0	2	2	6	4	4	6	9	7	5	15	9	3	6	8	4	2	6	1	6	10	9	8	6	9	5	8	6	4	2	6	4	3	2	4	1	3	11	7	3	5	2	3	1	2	4	3	3	0	3	1	2	1	3	0	5	4	3	4	2	0	1	0	0	2	3	1	1	3	2	3	0	2	3	1	1	2	4
0	0	0	11	19	27	13	12	8	16	19	175	120	0	84	80	20	51	24	20	18	12	21	14	20	34	32	108	34	73	25	30	10	9	25	19	25	18	19	18	23	8	3	7	4	1	1	4	3	6	4	6	5	6	8	6	10	13	7	6	5	7	2	7	2	3	7	8	17	13	18	8	7	3	8	9	2	6	4	1	3	3	3	3	17	14	9	7	3	5	8	1	6	1	3	2	3	2	7	5	2	3	1	3	3	6	4	3	5	4	0	2	2	1	3	5	3	4	0	0	5	2	7	0	5
0	0	0	12	21	46	27	23	19	15	57	315	129	84	0	259	28	83	29	12	8	6	14	13	11	23	33	44	13	28	28	15	8	6	13	14	14	10	6	16	10	7	2	8	4	4	7	4	3	5	11	5	9	4	9	3	6	27	21	19	8	4	7	8	5	9	6	8	17	8	13	11	10	17	16	8	5	6	6	5	4	2	2	1	6	6	10	7	3	5	7	1	2	2	1	3	1	2	4	6	0	3	2	5	3	6	5	2	4	3	2	2	3	1	2	4	1	0	2	1	1	2	4	3	5
0	0	0	9	19	36	11	16	12	11	42	82	65	80	259	0	33	68	54	32	34	21	8	13	10	19	20	33	11	17	12	17	3	1	16	11	16	10	7	12	12	9	5	8	2	5	4	1	4	7	6	10	2	8	2	5	5	21	16	21	7	13	4	8	8	5	9	14	23	18	18	8	7	11	11	17	7	5	2	2	5	2	2	5	10	5	11	8	4	9	10	2	4	3	1	2	5	6	3	1	4	3	4	6	3	4	0	4	3	5	1	4	2	3	4	3	3	2	4	4	0	2	3	3	2
0	0	0	2	6	9	10	18	13	21	31	37	15	20	28	33	0	252	86	43	28	10	18	11	27	44	87	68	11	24	33	17	18	17	20	14	15	8	15	14	8	7	11	10	10	10	7	4	7	6	10	5	9	14	28	18	9	75	25	16	12	19	3	7	3	2	10	10	20	38	65	31	18	29	15	18	10	11	7	9	2	2	1	2	11	8	12	25	8	13	10	2	2	2	1	1	5	4	6	2	3	8	5	13	6	9	9	5	3	5	3	4	4	6	3	4	4	2	4	5	2	3	2	3	5
0	0	0	9	6	24	17	20	23	23	38	64	33	51	83	68	252	0	68	36	37	13	25	15	23	63	92	140	17	38	40	26	11	10	22	25	24	14	12	31	15	7	9	12	8	6	2	4	2	2	8	9	5	18	14	13	11	52	22	15	11	18	5	8	8	5	6	7	13	30	32	20	8	26	12	17	6	6	3	3	3	2	3	4	14	13	9	19	10	10	11	5	1	2	1	4	2	3	5	2	5	2	11	7	2	6	8	3	6	1	3	1	1	2	1	7	4	2	2	4	2	3	7	0	11
0	0	0	4	10	8	6	8	13	7	17	17	20	24	29	54	86	68	0	330	97	18	26	14	23	30	49	91	16	15	22	12	5	9	8	10	7	6	12	13	12	5	4	4	4	3	5	5	1	2	6	7	8	7	8	4	11	24	18	24	15	22	6	14	14	7	17	21	54	95	122	25	17	34	33	47	11	8	5	5	7	3	1	6	20	14	18	21	14	19	19	1	4	1	4	4	1	4	5	4	5	13	7	8	5	8	6	10	4	2	3	4	1	2	7	1	8	5	4	0	1	5	2	8	15
0	0	0	1	6	8	5	16	4	9	19	18	12	20	12	32	43	36	330	0	92	16	27	9	11	16	26	36	6	13	10	6	8	4	5	8	6	5	8	7	11	6	7	1	6	3	3	5	4	3	4	5	7	3	5	8	8	16	29	38	36	47	13	23	9	9	9	25	104	147	111	28	22	30	50	53	10	14	8	8	5	2	5	7	22	9	10	16	12	17	16	12	6	2	1	1	2	3	10	6	1	6	10	13	7	11	4	6	4	6	3	3	7	4	4	7	9	5	4	5	6	6	8	4	14
0	0	0	5	6	4	2	6	5	11	9	13	6	18	8	34	28	37	97	92	0	91	77	25	29	20	27	32	11	8	4	10	9	4	5	6	4	6	10	16	11	3	5	2	3	1	1	4	4	5	2	6	3	5	6	21	7	9	10	16	13	17	7	27	18	3	10	32	168	163	90	16	9	19	37	65	26	23	14	7	3	4	5	6	91	29	27	19	12	35	43	6	5	2	3	5	7	21	8	5	9	3	7	7	7	23	12	8	6	8	11	7	3	4	5	10	7	5	4	5	4	4	12	12	19
0	0	0	5	5	7	5	4	4	4	2	9	4	12	6	21	10	13	18	16	91	0	59	10	9	8	14	20	5	6	6	4	3	1	3	4	6	2	5	8	6	6	7	5	4	4	5	2	2	0	2	1	0	3	1	2	4	7	7	7	9	31	10	26	14	8	11	43	61	54	30	15	10	6	29	62	21	13	22	26	6	4	7	6	103	36	27	25	10	49	355	11	8	4	5	7	10	25	16	11	10	4	9	16	6	12	18	7	11	7	3	4	6	2	10	18	11	15	9	7	11	19	25	29	45
0	0	0	5	4	4	6	5	6	6	3	6	4	21	14	8	18	25	26	27	77	59	0	31	46	20	26	29	13	7	5	19	13	3	17	4	5	8	7	22	13	10	7	6	5	5	2	3	3	0	3	7	3	6	9	13	7	7	5	3	12	16	4	8	12	9	10	15	26	50	28	17	7	7	13	24	18	6	15	7	3	4	5	1	162	71	59	23	8	20	31	7	2	3	4	5	5	14	14	11	10	15	14	15	10	7	3	11	5	4	7	5	5	10	9	8	7	4	4	10	9	16	23	28	24
0	0	0	3	6	5	5	7	7	10	9	9	3	14	13	13	11	15	14	9	25	10	31	0	105	38	39	25	48	32	18	27	41	17	19	14	23	9	12	67	88	30	23	11	2	3	4	2	2	2	1	4	6	5	14	10	7	9	11	7	3	7	5	4	3	6	5	4	14	5	15	11	6	3	5	18	7	7	2	3	3	1	1	1	27	16	22	9	3	6	6	4	1	4	1	2	3	7	6	7	4	11	16	8	6	3	8	3	6	3	5	4	2	2	3	2	1	2	3	3	7	3	4	7	11
0	0	0	1	5	8	5	5	15	9	7	15	9	20	11	10	27	23	23	11	29	9	46	105	0	182	104	61	40	30	27	34	63	23	31	16	27	12	35	261	84	18	13	21	11	8	6	9	2	3	5	8	4	9	19	20	14	9	6	7	7	5	6	1	5	1	5	7	19	21	23	18	15	10	12	9	6	7	9	1	2	1	3	1	17	19	14	11	4	11	9	1	2	1	0	4	5	4	9	3	4	12	8	8	1	9	6	2	5	2	4	3	3	5	4	5	6	3	4	2	5	6	4	8	5
0	0	0	5	5	4	8	9	18	21	19	15	15	34	23	19	44	63	30	16	20	8	20	38	182	0	508	80	55	71	65	92	69	34	63	27	20	11	39	226	63	24	21	11	11	4	5	7	3	4	5	9	10	6	41	25	30	15	4	9	6	4	1	5	5	6	4	9	9	17	22	20	8	14	9	12	10	7	3	4	5	4	2	2	15	13	15	15	4	10	8	1	2	4	3	2	1	9	6	8	7	6	7	1	2	4	2	4	3	0	5	3	4	4	2	3	3	3	3	2	2	3	4	3	3
0	0	0	1	7	10	8	11	21	19	17	20	12	32	33	20	87	92	49	26	27	14	26	39	104	508	0	102	34	39	55	62	33	22	53	17	12	19	17	99	26	16	15	9	12	7	3	3	2	6	4	11	10	14	31	29	25	17	5	7	6	8	5	8	4	2	4	4	26	22	36	21	19	15	10	19	6	2	7	2	2	2	2	4	19	12	15	21	12	12	6	3	3	4	3	4	3	7	6	6	9	2	8	9	6	6	5	3	4	0	4	2	1	3	4	3	4	5	4	4	5	7	6	5	8
0	0	0	5	8	12	9	11	9	11	11	42	29	108	44	33	68	140	91	36	32	20	29	25	61	80	102	0	21	59	32	40	18	12	22	19	16	17	14	31	31	8	11	6	4	8	6	3	3	0	6	8	3	11	20	11	9	20	10	10	7	11	4	11	6	2	1	12	29	28	35	14	6	15	14	15	10	5	8	4	3	2	8	6	24	16	14	9	6	8	10	1	2	3	2	6	2	6	7	7	6	8	7	8	5	9	6	1	1	2	4	2	1	3	5	3	8	8	4	2	2	3	2	3	3
0	0	0	11	9	10	6	9	10	19	6	18	20	34	13	11	11	17	16	6	11	5	13	48	40	55	34	21	0	139	31	161	55	23	63	32	226	70	37	57	264	53	18	9	7	5	2	3	4	5	2	5	5	7	6	10	11	7	4	3	1	2	0	0	2	1	5	4	5	6	9	8	5	8	3	6	4	4	3	1	4	2	2	2	16	9	13	6	2	6	6	2	5	0	0	1	2	2	6	4	6	5	4	4	3	2	4	2	2	6	0	0	2	3	2	0	9	4	1	2	3	2	3	3	3
0	0	0	9	11	8	13	16	19	32	29	49	37	73	28	17	24	38	15	13	8	6	7	32	30	71	39	59	139	0	62	290	37	18	69	65	73	37	38	35	60	21	15	8	6	5	5	5	5	1	7	9	7	10	17	10	10	9	7	7	9	5	3	1	4	1	1	4	8	11	15	5	5	6	4	5	5	2	3	3	3	2	1	4	11	10	9	7	4	8	5	3	4	2	0	2	2	6	2	5	4	3	8	7	2	3	1	1	3	4	2	2	0	0	1	1	0	1	1	1	0	6	4	3	4
0	0	0	3	10	6	6	17	41	120	59	27	27	25	28	12	33	40	22	10	4	6	5	18	27	65	55	32	31	62	0	75	35	62	120	59	21	19	58	31	24	11	20	22	13	5	5	8	6	11	6	19	15	44	60	28	31	22	8	6	7	2	2	3	2	3	0	5	5	15	7	13	7	5	5	8	9	4	7	6	2	1	5	4	10	11	7	10	3	6	7	1	2	3	2	2	3	4	4	2	6	5	4	3	8	3	5	4	3	3	2	0	3	2	0	1	0	3	2	4	2	0	6	2	5
0	0	0	7	6	6	10	20	15	52	21	29	18	30	15	17	17	26	12	6	10	4	19	27	34	92	62	40	161	290	75	0	58	38	293	81	104	57	88	43	81	31	19	10	8	4	2	6	3	4	2	9	6	17	24	16	21	23	5	4	1	4	5	2	5	3	1	7	9	5	20	3	5	6	6	4	4	2	2	1	2	5	2	4	11	7	10	7	2	2	6	1	3	2	1	3	1	3	2	5	4	1	4	1	2	7	5	5	3	4	1	1	0	1	5	6	1	1	3	3	1	6	3	4	4
0	0	0	2	3	10	3	5	12	19	9	8	6	10	8	3	18	11	5	8	9	3	13	41	63	69	33	18	55	37	35	58	0	45	81	15	22	34	125	183	80	55	88	40	12	5	7	9	3	8	4	9	8	20	25	33	22	4	5	6	3	3	4	4	5	1	3	5	6	11	13	10	6	3	7	5	5	3	5	3	1	2	6	2	7	7	10	12	4	6	8	0	0	1	3	2	5	2	7	4	8	10	8	7	5	3	3	2	3	1	2	4	2	1	7	5	1	4	1	3	3	3	6	6	6
0	0	0	5	5	6	4	19	19	49	19	5	11	9	6	1	17	10	9	4	4	1	3	17	23	34	22	12	23	18	62	38	45	0	98	39	20	29	147	38	9	18	42	49	26	10	8	19	8	12	10	20	10	52	51	25	47	9	6	4	4	4	3	2	1	1	3	6	6	5	7	10	7	4	8	1	2	2	3	1	2	4	1	3	3	7	7	4	4	3	2	0	0	2	3	1	0	3	3	3	5	6	4	3	1	2	4	6	4	3	2	4	5	3	4	0	2	2	2	3	1	0	1	3	2
0	0	0	1	4	6	5	6	11	45	27	16	11	25	13	16	20	22	8	5	5	3	17	19	31	63	53	22	63	69	120	293	81	98	0	90	47	42	361	52	40	49	26	22	14	4	8	8	6	6	7	11	13	24	29	18	25	20	4	3	2	4	0	2	4	2	2	5	8	9	17	6	3	6	6	5	4	3	3	4	4	2	1	1	7	11	6	5	4	4	3	2	0	1	0	1	0	2	6	3	4	9	8	4	3	8	6	4	2	1	3	1	3	4	2	1	3	1	1	3	3	1	1	7	4
0	0	0	14	6	7	9	28	15	77	26	25	22	19	14	11	14	25	10	8	6	4	4	14	16	27	17	19	32	65	59	81	15	39	90	0	42	31	44	26	27	17	12	10	9	2	3	4	3	8	7	10	10	19	13	12	15	9	7	2	7	6	1	3	2	4	4	7	1	7	6	6	4	7	2	8	2	3	5	2	2	5	3	3	3	5	5	6	2	4	4	1	2	1	0	2	1	5	0	3	2	4	4	1	2	2	1	2	5	3	1	2	1	2	1	0	3	3	3	1	1	2	2	2	2
0	0	0	7	8	6	10	7	9	20	8	14	17	25	14	16	15	24	7	6	4	6	5	23	27	20	12	16	226	73	21	104	22	20	47	42	0	134	38	31	71	49	13	9	8	3	3	2	3	3	6	4	3	7	12	5	13	7	5	4	5	3	2	2	1	7	2	6	10	7	13	5	5	5	6	4	1	4	2	2	1	2	0	2	7	8	7	1	5	3	9	2	2	0	0	2	2	4	2	4	1	2	4	3	1	3	2	0	3	1	3	1	3	1	1	4	1	2	4	5	2	2	0	1	3
0	0	0	10	5	9	1	7	7	12	9	11	9	18	10	10	8	14	6	5	6	2	8	9	12	11	19	17	70	37	19	57	34	29	42	31	134	0	60	24	48	85	28	7	7	5	3	1	4	4	2	4	7	7	8	9	13	4	3	1	2	4	1	2	3	1	2	3	6	8	3	6	1	6	3	3	2	4	3	3	0	1	0	4	2	3	5	1	4	5	6	1	1	1	1	1	1	3	2	2	0	2	4	4	2	3	0	0	3	1	1	2	2	0	1	6	0	1	2	1	5	2	5	1	2
0	0	0	2	5	7	6	6	17	33	10	16	12	19	6	7	15	12	12	8	10	5	7	12	35	39	17	14	37	38	58	88	125	147	361	44	38	60	0	45	47	40	48	28	12	6	4	6	4	7	9	14	8	28	18	17	22	5	4	8	2	2	2	5	3	2	1	5	7	5	15	3	2	4	6	7	6	2	5	2	3	1	0	2	8	6	8	9	4	4	5	1	1	0	1	1	1	3	1	5	6	8	13	4	2	3	4	1	2	3	1	0	3	0	3	2	2	0	3	5	2	2	0	0	5
0	0	0	3	4	4	2	4	9	15	16	14	9	18	16	12	14	31	13	7	16	8	22	67	261	226	99	31	57	35	31	43	183	38	52	26	31	24	45	0	109	28	35	24	18	6	5	7	10	5	7	5	4	22	18	29	35	7	4	2	4	3	4	4	1	2	2	7	7	13	19	19	3	5	9	12	10	6	9	3	2	1	5	5	15	15	20	9	4	9	6	3	1	4	0	0	2	4	3	11	8	11	6	2	4	5	3	4	1	6	4	4	3	1	4	2	5	5	3	5	1	5	6	12	1
0	0	0	7	11	10	3	4	5	14	8	19	11	23	10	12	8	15	12	11	11	6	13	88	84	63	26	31	264	60	24	81	80	9	40	27	71	48	47	109	0	96	28	14	4	5	7	2	3	5	9	6	6	11	17	8	13	7	2	7	0	2	2	2	3	3	0	3	5	7	10	10	3	7	10	0	9	6	5	3	0	3	0	2	14	11	9	7	7	11	7	3	1	2	0	2	2	3	6	3	3	7	7	5	1	4	2	1	4	4	2	4	3	3	0	4	0	6	2	3	3	3	0	8	5
0	0	0	5	2	6	6	3	5	7	10	13	6	8	7	9	7	7	5	6	3	6	10	30	18	24	16	8	53	21	11	31	55	18	49	17	49	85	40	28	96	0	61	15	5	2	6	2	3	3	4	3	5	6	10	8	10	3	3	8	2	3	1	3	1	1	2	5	4	5	7	5	3	6	4	3	6	1	3	2	1	2	0	1	8	9	3	4	3	6	3	2	2	1	1	1	0	4	6	5	2	3	2	1	3	4	5	2	4	2	1	1	2	2	1	2	3	2	1	3	4	1	4	5	3
0	0	0	2	4	4	1	4	9	8	4	6	7	3	2	5	11	9	4	7	5	7	7	23	13	21	15	11	18	15	20	19	88	42	26	12	13	28	48	35	28	61	0	42	17	9	5	7	4	3	3	6	3	8	8	13	18	1	2	6	2	2	3	2	2	2	1	2	3	5	5	13	1	7	5	3	3	3	5	4	0	2	0	2	5	6	9	5	4	4	5	2	2	0	1	3	2	2	4	4	7	5	4	0	3	4	5	5	3	1	6	1	3	4	1	0	4	0	1	8	0	1	2	9	5
0	0	0	2	6	1	1	8	7	16	9	7	6	7	8	8	10	12	4	1	2	5	6	11	21	11	9	6	9	8	22	10	40	49	22	10	9	7	28	24	14	15	42	0	28	19	17	11	12	11	9	9	9	23	22	46	56	1	5	4	4	3	1	4	2	2	2	3	3	6	8	10	3	8	5	3	5	5	4	1	2	1	3	2	7	10	6	6	5	2	6	2	3	1	0	3	1	4	1	10	11	6	11	7	6	2	7	2	2	3	5	2	3	2	2	2	0	6	4	7	0	4	3	6	3
0	0	0	3	1	2	2	7	16	13	8	2	6	4	4	2	10	8	4	6	3	4	5	2	11	11	12	4	7	6	13	8	12	26	14	9	8	7	12	18	4	5	17	28	0	48	37	79	26	26	22	28	12	28	30	26	76	6	2	1	1	2	2	2	3	0	3	0	3	5	6	12	11	6	4	6	4	4	10	2	2	1	2	3	1	7	5	9	3	8	4	2	2	2	0	1	3	3	3	1	7	5	12	8	4	6	8	4	6	2	3	2	0	0	2	3	1	1	4	3	3	0	0	4	6
0	0	0	0	3	1	3	9	3	1	7	6	1	1	4	5	10	6	3	3	1	4	5	3	8	4	7	8	5	5	5	4	5	10	4	2	3	5	6	6	5	2	9	19	48	0	135	41	22	14	7	9	12	9	10	25	14	5	6	5	1	0	4	4	0	1	0	2	3	7	10	10	10	3	4	3	10	3	5	0	2	2	0	2	5	9	11	9	5	8	1	3	0	1	1	1	4	4	8	9	28	11	9	6	4	7	6	6	5	2	6	3	4	4	2	3	3	2	8	6	4	2	1	5	3
0	0	0	2	1	3	0	1	3	6	6	3	2	1	7	4	7	2	5	3	1	5	2	4	6	5	3	6	2	5	5	2	7	8	8	3	3	3	4	5	7	6	5	17	37	135	0	33	20	9	9	13	11	9	4	13	15	10	1	3	1	0	2	1	1	1	1	0	2	0	7	2	2	4	3	4	2	6	2	5	0	0	2	1	0	3	4	2	6	3	3	1	3	1	2	2	0	2	7	6	14	11	9	7	5	4	5	4	3	2	1	2	1	0	4	3	1	2	1	4	2	1	1	2	0
0	0	0	0	1	2	6	7	8	5	8	2	0	4	4	1	4	4	5	5	4	2	3	2	9	7	3	3	3	5	8	6	9	19	8	4	2	1	6	7	2	2	7	11	79	41	33	0	162	75	32	42	17	23	16	15	19	3	3	1	1	4	1	0	2	0	2	2	2	4	4	15	6	8	6	1	5	3	4	2	1	0	2	2	1	7	5	8	7	4	2	3	0	0	1	2	2	3	3	8	13	8	4	2	2	6	3	2	2	4	3	2	2	3	1	1	4	1	2	4	2	2	2	2	6
0	0	0	0	3	3	3	3	12	9	1	7	2	3	3	4	7	2	1	4	4	2	3	2	2	3	2	3	4	5	6	3	3	8	6	3	3	4	4	10	3	3	4	12	26	22	20	162	0	221	57	32	20	20	16	15	13	6	3	6	2	2	4	2	3	0	1	1	3	1	6	5	4	6	4	2	4	4	3	3	2	0	0	1	1	2	5	5	2	4	3	3	2	1	1	1	1	2	4	5	5	4	2	4	0	3	3	1	2	2	2	1	3	1	3	1	1	0	2	1	0	2	3	3	1
0	0	0	1	2	2	4	6	10	7	6	2	2	6	5	7	6	2	2	3	5	0	0	2	3	4	6	0	5	1	11	4	8	12	6	8	3	4	7	5	5	3	3	11	26	14	9	75	221	0	109	53	47	26	9	9	13	5	5	4	4	1	0	1	3	2	0	3	0	2	4	3	3	2	3	1	2	6	3	1	2	3	1	0	1	1	4	5	4	0	3	0	0	0	2	1	2	1	4	1	6	4	4	1	2	3	3	3	0	5	5	0	1	2	2	1	0	1	0	0	2	0	1	1	0
0	0	0	2	0	1	9	7	17	6	9	5	6	4	11	6	10	8	6	4	2	2	3	1	5	5	4	6	2	7	6	2	4	10	7	7	6	2	9	7	9	4	3	9	22	7	9	32	57	109	0	88	92	30	12	9	18	15	6	3	3	1	2	1	2	1	0	3	3	6	6	12	10	8	6	6	5	1	1	1	0	0	0	2	2	4	4	2	2	3	4	0	3	3	2	1	2	3	6	5	6	1	4	2	3	6	2	4	5	3	2	2	2	0	0	2	1	2	2	1	2	1	3	1	2
0	0	0	1	3	2	5	8	29	16	14	6	4	6	5	10	5	9	7	5	6	1	7	4	8	9	11	8	5	9	19	9	9	20	11	10	4	4	14	5	6	3	6	9	28	9	13	42	32	53	88	0	385	88	32	20	16	12	5	1	1	6	2	0	5	0	1	4	2	10	2	10	5	3	5	9	2	4	1	3	0	1	2	2	4	3	4	8	2	2	3	1	2	3	0	0	3	0	5	0	6	4	3	5	2	4	3	3	1	0	4	2	1	1	2	2	0	2	5	0	1	4	5	2	1
0	0	0	3	1	4	7	12	37	26	12	5	4	5	9	2	9	5	8	7	3	0	3	6	4	10	10	3	5	7	15	6	8	10	13	10	3	7	8	4	6	5	3	9	12	12	11	17	20	47	92	385	0	78	41	12	23	11	5	7	0	4	3	4	0	0	4	2	6	8	7	11	6	6	2	5	4	4	5	1	1	1	0	2	2	5	4	8	1	3	3	0	1	2	0	1	1	1	2	3	5	4	6	2	1	5	5	2	2	1	2	2	5	2	0	2	3	0	0	3	0	2	1	0	3
0	0	0	4	3	5	7	8	36	62	22	12	6	6	4	8	14	18	7	3	5	3	6	5	9	6	14	11	7	10	44	17	20	52	24	19	7	7	28	22	11	6	8	23	28	9	9	23	20	26	30	88	78	0	121	23	41	19	5	8	3	2	0	3	4	1	2	3	3	6	5	9	4	4	10	2	4	2	3	1	3	0	0	2	4	8	6	6	4	2	3	1	0	0	1	0	1	1	4	4	9	2	0	4	6	2	4	3	4	3	3	1	0	1	2	1	0	2	1	3	1	3	0	2	1
0	0	0	7	4	4	7	9	45	41	27	3	9	8	9	2	28	14	8	5	6	1	9	14	19	41	31	20	6	17	60	24	25	51	29	13	12	8	18	18	17	10	8	22	30	10	4	16	16	9	12	32	41	121	0	48	110	20	12	10	6	2	4	3	0	2	4	4	7	7	18	22	12	15	5	13	6	5	3	1	4	2	0	4	4	5	10	7	3	7	5	2	2	1	0	1	1	2	6	6	15	6	5	5	3	6	7	2	3	2	1	4	1	2	5	2	2	2	1	5	2	3	1	2	3
0	0	0	4	3	5	5	9	10	15	11	7	7	6	3	5	18	13	4	8	21	2	13	10	20	25	29	11	10	10	28	16	33	25	18	12	5	9	17	29	8	8	13	46	26	25	13	15	15	9	9	20	12	23	48	0	199	18	4	8	4	7	4	5	4	3	3	3	9	18	17	35	15	8	10	13	12	10	6	5	1	1	2	3	6	18	19	22	7	9	4	4	0	0	5	3	5	5	7	11	19	15	15	12	5	8	5	4	3	5	4	1	4	2	3	4	1	2	2	3	1	2	4	8	4
0	0	0	1	4	5	6	7	22	21	8	3	5	10	6	5	9	11	11	8	7	4	7	7	14	30	25	9	11	10	31	21	22	47	25	15	13	13	22	35	13	10	18	56	76	14	15	19	13	13	18	16	23	41	110	199	0	14	8	2	6	4	3	4	3	3	1	4	5	7	15	16	12	9	4	9	12	1	6	2	4	1	2	3	7	8	15	10	12	3	1	0	1	1	2	0	4	0	9	8	12	7	15	9	4	11	3	4	6	3	3	2	4	3	4	3	3	2	1	5	2	8	5	6	5
0	0	0	4	8	13	17	14	45	21	60	20	15	13	27	21	75	52	24	16	9	7	7	9	9	15	17	20	7	9	22	23	4	9	20	9	7	4	5	7	7	3	1	1	6	5	10	3	6	5	15	12	11	19	20	18	14	0	54	29	16	7	4	5	3	3	5	8	10	15	31	28	33	30	9	13	5	6	3	3	3	4	3	2	5	5	7	10	5	7	6	4	1	2	1	1	4	1	5	10	9	8	7	3	7	6	6	6	4	1	4	1	3	2	1	2	3	4	1	3	2	0	4	1	4
0	0	0	3	2	9	8	11	7	7	20	7	9	7	21	16	25	22	18	29	10	7	5	11	6	4	5	10	4	7	8	5	5	6	4	7	5	3	4	4	2	3	2	5	2	6	1	3	3	5	6	5	5	5	12	4	8	54	0	167	18	22	10	13	5	8	3	5	10	21	15	15	26	67	20	11	6	6	6	0	1	4	1	5	8	6	8	16	7	7	11	7	1	2	2	5	4	4	4	4	2	9	2	3	2	6	6	5	4	3	0	3	3	3	3	4	5	0	7	6	1	3	0	4	6
0	0	0	2	4	2	4	11	6	4	11	11	3	6	19	21	16	15	24	38	16	7	3	7	7	9	7	10	3	7	6	4	6	4	3	2	4	1	8	2	7	8	6	4	1	5	3	1	6	4	3	1	7	8	10	8	2	29	167	0	64	33	9	11	10	3	6	11	13	22	28	20	30	196	39	27	9	8	4	6	4	8	3	4	17	7	10	18	12	14	12	4	4	2	1	1	0	3	4	3	5	7	4	3	4	10	10	8	4	5	5	3	3	6	2	5	5	2	1	2	2	1	3	1	7
0	0	0	3	6	6	2	3	3	0	5	4	6	5	8	7	12	11	15	36	13	9	12	3	7	6	6	7	1	9	7	1	3	4	2	7	5	2	2	4	0	2	2	4	1	1	1	1	2	4	3	1	0	3	6	4	6	16	18	64	0	134	36	41	18	15	18	17	19	17	15	11	20	27	47	27	11	9	8	7	10	9	7	10	6	2	7	12	11	13	11	4	3	1	0	3	6	6	3	3	6	3	6	8	3	13	5	3	10	6	8	4	2	4	5	4	5	3	2	1	2	7	3	1	7
0	0	0	5	3	5	2	3	2	4	4	5	8	7	4	13	19	18	22	47	17	31	16	7	5	4	8	11	2	5	2	4	3	4	4	6	3	4	2	3	2	3	2	3	2	0	0	4	2	1	1	6	4	2	2	7	4	7	22	33	134	0	57	122	31	16	31	56	39	45	13	17	14	19	66	26	11	7	12	11	5	8	11	11	10	7	13	12	15	31	29	11	4	5	4	1	3	10	6	2	7	3	4	10	2	9	5	7	4	6	5	3	4	4	10	8	7	3	3	2	6	4	6	7	11
0	0	0	3	8	5	5	3	1	0	2	1	4	2	7	4	3	5	6	13	7	10	4	5	6	1	5	4	0	3	2	5	4	3	0	1	2	1	2	4	2	1	3	1	2	4	2	1	4	0	2	2	3	0	4	4	3	4	10	9	36	57	0	73	42	60	72	27	19	8	4	4	3	7	15	9	11	11	8	20	15	9	18	16	4	3	7	9	8	9	19	18	13	4	3	3	0	11	3	2	4	2	2	4	7	5	8	6	6	4	3	9	7	2	9	9	6	2	4	8	3	4	4	1	8
0	0	0	1	7	4	1	1	4	3	5	2	2	7	8	8	7	8	14	23	27	26	8	4	1	5	8	11	0	1	3	2	4	2	2	3	2	2	5	4	2	3	2	4	2	4	1	0	2	1	1	0	4	3	3	5	4	5	13	11	41	122	73	0	101	41	81	121	37	30	10	5	6	18	29	28	12	9	18	27	13	10	18	15	10	6	10	13	11	19	50	23	6	6	3	5	5	9	12	4	6	2	6	11	11	11	10	8	8	6	17	8	6	7	7	18	16	6	3	1	7	8	5	10	16
0	0	0	3	8	7	2	2	0	1	0	4	6	2	5	8	3	8	14	9	18	14	12	3	5	5	4	6	2	4	2	5	5	1	4	2	1	3	3	1	3	1	2	2	3	0	1	2	3	3	2	5	0	4	0	4	3	3	5	10	18	31	42	101	0	92	353	111	35	14	7	4	6	8	11	17	6	3	15	56	19	10	14	37	13	7	6	10	7	14	40	27	11	6	1	3	10	11	4	4	5	3	3	3	3	4	12	8	7	4	7	5	6	7	7	7	14	4	8	4	6	3	12	11	13
0	0	0	2	7	2	4	1	3	0	5	5	1	3	9	5	2	5	7	9	3	8	9	6	1	6	2	2	1	1	3	3	1	1	2	4	7	1	2	2	3	1	2	2	0	1	1	0	0	2	1	0	0	1	2	3	3	3	8	3	15	16	60	41	92	0	348	28	11	6	5	6	4	2	5	3	8	5	6	38	44	32	26	127	9	1	5	8	5	4	21	22	6	7	2	6	5	4	3	2	4	3	1	4	5	5	1	2	2	5	2	5	3	5	13	6	7	7	3	1	5	6	6	1	9
0	0	0	5	3	6	2	2	3	4	7	5	6	7	6	9	10	6	17	9	10	11	10	5	5	4	4	1	5	1	0	1	3	3	2	4	2	2	1	2	0	2	1	2	3	0	1	2	1	0	0	1	4	2	4	3	1	5	3	6	18	31	72	81	353	348	0	56	21	6	10	3	7	6	13	12	6	6	13	49	29	25	40	87	8	4	2	5	4	15	20	27	11	8	3	5	4	6	7	5	1	5	1	6	6	2	9	4	2	4	5	5	0	13	5	7	8	9	3	2	4	8	4	3	14
0	0	0	2	4	6	3	3	1	2	2	6	10	8	8	14	10	7	21	25	32	43	15	4	7	9	4	12	4	4	5	7	5	6	5	7	6	3	5	7	3	5	2	3	0	2	0	2	1	3	3	4	2	3	4	3	4	8	5	11	17	56	27	121	111	28	56	0	112	23	22	5	8	14	14	27	9	11	11	17	7	8	6	22	31	11	11	7	7	22	97	9	7	6	5	6	5	9	13	2	7	3	4	9	7	13	12	8	3	8	7	2	10	2	9	14	19	6	4	3	2	8	12	7	21
0	0	0	5	5	4	4	4	7	5	5	14	9	17	17	23	20	13	54	104	168	61	26	14	19	9	26	29	5	8	5	9	6	6	8	1	10	6	7	7	5	4	3	3	3	3	2	2	3	0	3	2	6	3	7	9	5	10	10	13	19	39	19	37	35	11	21	112	0	86	36	7	10	12	37	49	7	8	13	15	9	4	12	6	39	21	16	18	16	37	61	10	4	3	8	3	5	11	10	8	8	5	9	6	7	12	7	4	5	7	6	4	5	2	6	12	10	7	2	6	4	5	17	11	17
0	0	0	7	2	5	4	5	5	7	14	10	8	13	8	18	38	30	95	147	163	54	50	5	21	17	22	28	6	11	15	5	11	5	9	7	7	8	5	13	7	5	5	6	5	7	0	4	1	2	6	10	8	6	7	18	7	15	21	22	17	45	8	30	14	6	6	23	86	0	453	30	13	31	96	225	17	18	16	4	4	8	2	5	32	20	33	44	25	60	39	9	4	4	2	3	4	13	14	7	13	9	8	14	8	21	7	13	11	8	10	7	9	7	7	7	6	7	3	8	0	8	13	15	14
0	0	0	5	3	7	6	8	9	6	15	7	6	18	13	18	65	32	122	111	90	30	28	15	23	22	36	35	9	15	7	20	13	7	17	6	13	3	15	19	10	7	5	8	6	10	7	4	6	4	6	2	7	5	18	17	15	31	15	28	15	13	4	10	7	5	10	22	36	453	0	43	25	50	60	94	31	21	18	5	2	1	3	3	20	24	21	59	21	32	25	7	2	3	3	4	5	12	11	5	9	4	12	8	8	20	12	6	7	10	4	2	7	3	7	12	7	4	3	6	5	6	4	10	16
0	0	0	0	6	6	11	0	8	11	3	12	9	8	11	8	31	20	25	28	16	15	17	11	18	20	21	14	8	5	13	3	10	10	6	6	5	6	3	19	10	5	13	10	12	10	2	15	5	3	12	10	11	9	22	35	16	28	15	20	11	17	4	5	4	6	3	5	7	30	43	0	45	54	24	25	22	20	5	8	6	0	3	3	13	9	24	75	36	26	10	4	2	3	0	1	2	3	14	13	19	13	12	7	14	30	13	11	7	3	2	1	5	3	3	7	5	4	2	4	7	5	2	11	6
0	0	0	1	3	3	5	8	8	12	8	2	5	7	10	7	18	8	17	22	9	10	7	6	15	8	19	6	5	5	7	5	6	7	3	4	5	1	2	3	3	3	1	3	11	10	2	6	4	3	10	5	6	4	12	15	12	33	26	30	20	14	3	6	6	4	7	8	10	13	25	45	0	127	24	20	15	16	9	2	1	4	4	4	5	8	12	25	29	19	5	3	6	5	0	3	1	7	8	6	18	3	9	8	11	16	10	6	9	7	8	2	2	5	1	2	5	4	1	5	4	4	5	3	5
0	0	0	2	4	3	7	8	13	7	17	4	8	3	17	11	29	26	34	30	19	6	7	3	10	14	15	15	8	6	5	6	3	4	6	7	5	6	4	5	7	6	7	8	6	3	4	8	6	2	8	3	6	4	15	8	9	30	67	196	27	19	7	18	8	2	6	14	12	31	50	54	127	0	67	36	13	14	2	3	5	1	4	5	10	10	8	20	26	21	7	5	3	1	1	2	5	2	9	6	9	4	5	4	8	14	9	14	6	8	3	2	1	6	4	5	1	7	4	5	4	7	2	5	10
0	0	0	1	3	9	3	4	4	7	11	4	6	8	16	11	15	12	33	50	37	29	13	5	12	9	10	14	3	4	5	6	7	8	6	2	6	3	6	9	10	4	5	5	4	4	3	6	4	3	6	5	2	10	5	10	4	9	20	39	47	66	15	29	11	5	13	14	37	96	60	24	24	67	0	170	29	24	18	17	6	3	11	8	10	19	16	44	44	52	34	8	4	3	3	3	7	14	12	6	8	14	2	7	11	20	13	10	14	7	6	7	5	6	12	8	6	4	4	5	6	7	5	9	14
0	0	0	3	4	5	4	2	8	2	7	7	4	9	8	17	18	17	47	53	65	62	24	18	9	12	19	15	6	5	8	4	5	1	5	8	4	3	7	12	0	3	3	3	6	3	4	1	2	1	6	9	5	2	13	13	9	13	11	27	27	26	9	28	17	3	12	27	49	225	94	25	20	36	170	0	62	24	22	11	4	6	3	4	24	34	23	49	47	193	61	11	5	5	3	5	7	11	15	11	11	7	9	16	16	28	21	8	16	10	7	3	7	6	17	9	15	9	3	6	1	6	10	10	28
0	0	0	2	3	2	4	2	6	2	8	3	2	2	5	7	10	6	11	10	26	21	18	7	6	10	6	10	4	5	9	4	5	2	4	2	1	2	6	10	9	6	3	5	4	10	2	5	4	2	5	2	4	4	6	12	12	5	6	9	11	11	11	12	6	8	6	9	7	17	31	22	15	13	29	62	0	166	34	7	6	1	4	5	16	37	46	133	115	167	19	6	11	6	1	4	5	10	27	34	46	25	20	52	47	211	56	43	14	12	18	18	13	16	12	12	8	6	12	15	9	12	11	12	36
0	0	0	1	1	2	2	2	2	2	4	5	6	6	6	5	11	6	8	14	23	13	6	7	7	7	2	5	4	2	4	2	3	2	3	3	4	4	2	6	6	1	3	5	4	3	6	3	4	6	1	4	4	2	5	10	1	6	6	8	9	7	11	9	3	5	6	11	8	18	21	20	16	14	24	24	166	0	55	5	2	2	4	2	6	10	17	31	119	54	10	12	10	3	7	5	6	10	26	24	13	15	8	48	90	211	192	124	50	42	48	15	19	21	21	11	11	12	8	13	15	16	13	13	30
0	0	0	2	5	3	2	1	1	5	2	1	4	4	6	2	7	3	5	8	14	22	15	2	9	3	7	8	3	3	7	2	5	3	3	5	2	3	5	9	5	3	5	4	10	5	2	4	3	3	1	1	5	3	3	6	6	3	6	4	8	12	8	18	15	6	13	11	13	16	18	5	9	2	18	22	34	55	0	21	4	5	6	1	11	20	20	22	26	43	22	28	17	21	4	10	11	25	24	19	7	10	10	20	32	22	188	30	16	27	50	37	28	51	97	50	26	39	13	20	11	25	25	15	122
0	0	0	0	2	4	6	2	0	1	3	3	3	1	5	2	9	3	5	8	7	26	7	3	1	4	2	4	1	3	6	1	3	1	4	2	2	3	2	3	3	2	4	1	2	0	5	2	3	1	1	3	1	1	1	5	2	3	0	6	7	11	20	27	56	38	49	17	15	4	5	8	2	3	17	11	7	5	21	0	30	18	10	32	9	5	2	3	6	7	24	173	35	20	15	11	26	20	8	7	1	1	1	6	5	3	15	11	6	6	4	11	9	8	16	30	32	19	0	2	5	9	11	12	12
0	0	0	0	2	1	4	2	4	1	3	1	2	3	4	5	2	3	7	5	3	6	3	3	2	5	2	3	4	3	2	2	1	2	4	2	1	0	3	2	0	1	0	2	2	2	0	1	2	2	0	0	1	3	4	1	4	3	1	4	10	5	15	13	19	44	29	7	9	4	2	6	1	5	6	4	6	2	4	30	0	65	50	95	3	2	3	4	3	3	6	13	11	6	5	1	6	10	6	3	5	2	2	6	4	3	2	3	0	5	4	3	4	3	8	13	9	5	3	5	1	3	4	6	13
0	0	0	0	1	2	1	2	0	2	0	0	4	3	2	2	2	2	3	2	4	4	4	1	1	4	2	2	2	2	1	5	2	4	2	5	2	1	1	1	3	2	2	1	1	2	0	0	0	3	0	1	1	0	2	1	1	4	4	8	9	8	9	10	10	32	25	8	4	8	1	0	4	1	3	6	1	2	5	18	65	0	515	71	7	3	2	1	2	2	3	10	4	2	5	4	1	9	1	2	0	0	2	2	1	1	0	0	1	3	4	0	4	0	2	3	9	4	1	1	3	1	2	4	7
0	0	0	0	3	6	3	2	2	2	4	4	1	3	2	2	1	3	1	5	5	7	5	1	3	2	2	8	2	1	5	2	6	1	1	3	0	0	0	5	0	0	0	3	2	0	2	2	0	1	0	2	0	0	0	2	2	3	1	3	7	11	18	18	14	26	40	6	12	2	3	3	4	4	11	3	4	4	6	10	50	515	0	109	6	2	2	2	1	4	6	12	8	9	1	1	7	1	1	1	1	2	2	2	2	3	5	5	1	10	5	3	3	2	2	5	8	4	1	3	1	3	1	4	3
0	0	0	2	7	4	1	2	2	2	1	2	3	3	1	5	2	4	6	7	6	6	1	1	1	2	4	6	2	4	4	4	2	3	1	3	2	4	2	5	2	1	2	2	3	2	1	2	1	0	2	2	2	2	4	3	3	2	5	4	10	11	16	15	37	127	87	22	6	5	3	3	4	5	8	4	5	2	1	32	95	71	109	0	13	9	6	4	4	8	6	21	3	5	4	1	10	6	4	0	5	3	4	3	4	4	4	4	3	4	4	4	0	4	9	5	7	6	4	1	6	7	10	11	6
0	0	0	5	4	10	4	6	3	5	5	9	11	17	6	10	11	14	20	22	91	103	162	27	17	15	19	24	16	11	10	11	7	3	7	3	7	2	8	15	14	8	5	7	1	5	0	1	1	1	2	4	2	4	4	6	7	5	8	17	6	10	4	10	13	9	8	31	39	32	20	13	5	10	10	24	16	6	11	9	3	7	6	13	0	16	18	20	8	28	59	8	4	8	5	2	9	25	7	6	7	9	10	6	7	5	4	9	6	6	8	3	4	7	7	5	6	9	12	7	8	9	17	24	25
0	0	0	1	2	4	3	4	4	4	6	3	7	14	6	5	8	13	14	9	29	36	71	16	19	13	12	16	9	10	11	7	7	7	11	5	8	3	6	15	11	9	6	10	7	9	3	7	2	1	4	3	5	8	5	18	8	5	6	7	2	7	3	6	7	1	4	11	21	20	24	9	8	10	19	34	37	10	20	5	2	3	2	9	16	0	533	42	12	34	23	14	3	2	3	2	7	12	71	26	23	27	39	62	14	18	18	12	11	9	12	8	13	8	9	11	22	16	17	14	15	19	16	40	33
0	0	0	1	1	2	2	6	4	4	4	4	3	9	10	11	12	9	18	10	27	27	59	22	14	15	15	14	13	9	7	10	10	7	6	5	7	5	8	20	9	3	9	6	5	11	4	5	5	4	4	4	4	6	10	19	15	7	8	10	7	13	7	10	6	5	2	11	16	33	21	24	12	8	16	23	46	17	20	2	3	2	2	6	18	533	0	58	23	41	17	6	3	4	5	5	7	17	51	31	28	36	31	40	15	30	14	20	5	11	9	11	4	10	8	5	7	10	13	12	7	18	15	26	27
0	0	0	1	5	4	5	5	5	8	12	7	5	7	7	8	25	19	21	16	19	25	23	9	11	15	21	9	6	7	10	7	12	4	5	6	1	1	9	9	7	4	5	6	9	9	2	8	5	5	2	8	8	6	7	22	10	10	16	18	12	12	9	13	10	8	5	7	18	44	59	75	25	20	44	49	133	31	22	3	4	1	2	4	20	42	58	0	77	81	14	6	4	5	3	4	3	13	14	25	37	17	20	32	22	77	24	26	14	12	6	17	8	6	8	4	12	7	6	12	8	11	18	19	24
0	0	0	4	2	0	2	3	5	2	5	4	2	3	3	4	8	10	14	12	12	10	8	3	4	4	12	6	2	4	3	2	4	4	4	2	5	4	4	4	7	3	4	5	3	5	6	7	2	4	2	2	1	4	3	7	12	5	7	12	11	15	8	11	7	5	4	7	16	25	21	36	29	26	44	47	115	119	26	6	3	2	1	4	8	12	23	77	0	74	10	5	3	5	3	4	8	6	9	20	23	12	8	13	32	266	55	47	38	24	17	9	6	11	16	17	6	7	11	8	8	9	8	11	11
0	0	0	3	1	8	3	2	3	5	5	3	3	5	5	9	13	10	19	17	35	49	20	6	11	10	12	8	6	8	6	2	6	3	4	4	3	5	4	9	11	6	4	2	8	8	3	4	4	0	3	2	3	2	7	9	3	7	7	14	13	31	9	19	14	4	15	22	37	60	32	26	19	21	52	193	167	54	43	7	3	2	4	8	28	34	41	81	74	0	30	14	5	5	1	3	3	15	27	16	24	8	14	30	22	58	42	17	13	13	13	9	10	13	14	13	12	12	5	8	14	22	14	21	40
0	0	0	3	4	3	3	1	4	4	5	9	1	8	7	10	10	11	19	16	43	355	31	6	9	8	6	10	6	5	7	6	8	2	3	4	9	6	5	6	7	3	5	6	4	1	3	2	3	3	4	3	3	3	5	4	1	6	11	12	11	29	19	50	40	21	20	97	61	39	25	10	5	7	34	61	19	10	22	24	6	3	6	6	59	23	17	14	10	30	0	20	15	8	4	4	12	31	18	9	14	11	9	10	13	10	14	8	12	8	5	2	9	9	10	18	14	16	12	8	6	19	12	19	37
0	0	0	0	4	3	1	3	2	2	2	1	2	1	1	2	2	5	1	12	6	11	7	4	1	1	3	1	2	3	1	1	0	0	2	1	2	1	1	3	3	2	2	2	2	3	1	3	3	0	0	1	0	1	2	4	0	4	7	4	4	11	18	23	27	22	27	9	10	9	7	4	3	5	8	11	6	12	28	173	13	10	12	21	8	14	6	6	5	14	20	0	60	30	10	12	35	23	8	4	1	5	2	3	9	10	20	5	10	6	17	12	9	21	24	84	48	21	7	12	12	11	20	12	18
0	0	0	0	2	0	2	2	1	1	2	0	4	6	2	4	2	1	4	6	5	8	2	1	2	2	3	2	5	4	2	3	0	0	0	2	2	1	1	1	1	2	2	3	2	0	3	0	2	0	3	2	1	0	2	0	1	1	1	4	3	4	13	6	11	6	11	7	4	4	2	2	6	3	4	5	11	10	17	35	11	4	8	3	4	3	3	4	3	5	15	60	0	148	35	22	26	9	11	5	5	4	2	7	5	9	14	2	9	10	11	19	10	21	22	45	19	16	7	8	9	11	12	8	9
0	0	0	0	4	1	1	3	0	0	1	1	3	1	2	3	2	2	1	2	2	4	3	4	1	4	4	3	0	2	3	2	1	2	1	1	0	1	0	4	2	1	0	1	2	1	1	0	1	0	3	3	2	0	1	0	1	2	2	2	1	5	4	6	6	7	8	6	3	4	3	3	5	1	3	5	6	3	21	20	6	2	9	5	8	2	4	5	5	5	8	30	148	0	105	72	31	10	6	7	1	3	1	2	5	5	6	7	7	7	12	16	16	8	15	38	24	16	6	6	11	11	7	5	10
0	0	0	1	2	2	2	0	2	0	3	1	3	3	1	1	1	1	4	1	3	5	4	1	0	3	3	2	0	0	2	1	3	3	0	0	0	1	1	0	0	1	1	0	0	1	2	1	1	2	2	0	0	1	0	5	2	1	2	1	0	4	3	3	1	2	3	5	8	2	3	0	0	1	3	3	1	7	4	15	5	5	1	4	5	3	5	3	3	1	4	10	35	105	0	99	31	9	6	5	3	2	2	5	4	0	2	3	7	1	9	10	8	7	13	12	12	12	5	8	8	9	6	7	6
0	0	0	0	3	3	0	1	1	1	4	2	0	2	3	2	1	4	4	1	5	7	5	2	4	2	4	6	1	2	2	3	2	1	1	2	2	1	1	0	2	1	3	3	1	1	2	2	1	1	1	0	1	0	1	3	0	1	5	1	3	1	3	5	3	6	5	6	3	3	4	1	3	2	3	5	4	5	10	11	1	4	1	1	2	2	5	4	4	3	4	12	22	72	99	0	67	14	6	2	3	4	2	4	3	9	7	2	4	5	13	15	15	18	10	21	30	23	13	7	8	21	8	5	6
0	0	0	0	3	2	1	0	4	1	2	1	3	3	1	5	5	2	1	2	7	10	5	3	5	1	3	2	2	2	3	1	5	0	0	1	2	1	1	2	2	0	2	1	3	4	0	2	1	2	2	3	1	1	1	5	4	4	4	0	6	3	0	5	10	5	4	5	5	4	5	2	1	5	7	7	5	6	11	26	6	1	7	10	9	7	7	3	8	3	12	35	26	31	31	67	0	41	20	9	5	8	4	3	7	7	7	8	3	12	15	17	13	26	23	55	114	69	15	10	27	25	27	22	19
0	0	0	4	1	2	0	2	2	1	1	4	1	2	2	6	4	3	4	3	21	25	14	7	4	9	7	6	2	6	4	3	2	3	2	5	4	3	3	4	3	4	2	4	3	4	2	3	2	1	3	0	1	1	2	5	0	1	4	3	6	10	11	9	11	4	6	9	11	13	12	3	7	2	14	11	10	10	25	20	10	9	1	6	25	12	17	13	6	15	31	23	9	10	9	14	41	0	33	11	5	7	12	11	8	10	13	8	7	6	12	16	17	9	17	34	102	43	25	13	32	62	341	93	52
0	0	0	3	8	4	3	0	6	6	3	5	2	7	4	3	6	5	5	10	8	16	14	6	9	6	6	7	6	2	4	2	7	3	6	0	2	2	1	3	6	6	4	1	3	8	7	3	4	4	6	5	2	4	6	7	9	5	4	4	3	6	3	12	4	3	7	13	10	14	11	14	8	9	12	15	27	26	24	8	6	1	1	4	7	71	51	14	9	27	18	8	11	6	6	6	20	33	0	54	23	25	15	124	34	23	44	24	10	11	15	19	22	23	20	16	10	19	31	47	51	59	41	73	66
0	0	0	1	0	1	0	2	4	3	7	2	1	5	6	1	2	2	4	6	5	11	11	7	3	8	6	7	4	5	2	5	4	3	3	3	4	2	5	11	3	5	4	10	1	9	6	8	5	1	5	0	3	4	6	11	8	10	4	3	3	2	2	4	4	2	5	2	8	7	5	13	6	6	6	11	34	24	19	7	3	2	1	0	6	26	31	25	20	16	9	4	5	7	5	2	9	11	54	0	49	114	60	338	81	33	27	32	11	14	18	6	20	18	12	6	10	7	19	31	18	22	13	18	21
0	0	0	0	2	0	1	1	7	5	3	5	3	2	0	4	3	5	5	1	9	10	10	4	4	7	9	6	6	4	6	4	8	5	4	2	1	0	6	8	3	2	7	11	7	28	14	13	5	6	6	6	5	9	15	19	12	9	2	5	6	7	4	6	5	4	1	7	8	13	9	19	18	9	8	11	46	13	7	1	5	0	1	5	7	23	28	37	23	24	14	1	5	1	3	3	5	5	23	49	0	136	69	48	32	35	12	36	7	10	7	7	9	7	5	6	7	6	5	10	7	12	5	7	4
0	0	0	0	0	1	4	0	8	4	2	6	0	3	3	3	8	2	13	6	3	4	15	11	12	6	2	8	5	3	5	1	10	6	9	4	2	2	8	11	7	3	5	6	5	11	11	8	4	4	1	4	4	2	6	15	7	8	9	7	3	3	2	2	3	3	5	3	5	9	4	13	3	4	14	7	25	15	10	1	2	0	2	3	9	27	36	17	12	8	11	5	4	3	2	4	8	7	25	114	136	0	421	83	22	15	15	14	5	6	6	7	4	9	4	11	6	6	14	14	7	12	7	8	14
0	0	0	2	1	0	1	1	6	4	2	2	5	1	2	4	5	11	7	10	7	9	14	16	8	7	8	7	4	8	4	4	8	4	8	4	4	4	13	6	7	2	4	11	12	9	9	4	2	4	4	3	6	0	5	15	15	7	2	4	6	4	2	6	3	1	1	4	9	8	12	12	9	5	2	9	20	8	10	1	2	2	2	4	10	39	31	20	8	14	9	2	2	1	2	2	4	12	15	60	69	421	0	58	22	21	17	10	4	9	9	7	7	1	6	3	6	8	12	12	13	8	7	9	9
0	0	0	0	3	1	4	2	3	4	3	4	4	3	5	6	13	7	8	13	7	16	15	8	8	1	9	8	4	7	3	1	7	3	4	1	3	4	4	2	5	1	0	7	8	6	7	2	4	1	2	5	2	4	5	12	9	3	3	3	8	10	4	11	3	4	6	9	6	14	8	7	8	4	7	16	52	48	20	6	6	2	2	3	6	62	40	32	13	30	10	3	7	2	5	4	3	11	124	338	48	83	58	0	65	36	43	24	15	8	10	14	15	10	14	11	10	15	20	25	27	16	15	19	32
0	0	0	1	2	3	2	2	3	1	3	0	3	3	3	3	6	2	5	7	7	6	10	6	1	2	6	5	3	2	8	2	5	1	3	2	1	2	2	4	1	3	3	6	4	4	5	2	0	2	3	2	1	6	3	5	4	7	2	4	3	2	7	11	3	5	6	7	7	8	8	14	11	8	11	16	47	90	32	5	4	1	2	4	7	14	15	22	32	22	13	9	5	5	4	3	7	8	34	81	32	22	22	65	0	62	85	164	29	23	55	27	31	15	19	20	10	8	18	44	16	15	14	12	19
0	0	0	3	2	3	8	2	8	6	7	4	4	6	6	4	9	6	8	11	23	12	7	3	9	4	6	9	2	3	3	7	3	2	8	2	3	3	3	5	4	4	4	2	6	7	4	6	3	3	6	4	5	2	6	8	11	6	6	10	13	9	5	11	4	5	2	13	12	21	20	30	16	14	20	28	211	211	22	3	3	1	3	4	5	18	30	77	266	58	10	10	9	5	0	9	7	10	23	33	35	15	21	36	62	0	55	56	33	16	21	19	15	10	15	12	13	5	8	7	12	12	8	14	30
0	0	0	0	1	3	1	1	1	1	1	3	2	4	5	0	9	8	6	4	12	18	3	8	6	2	5	6	4	1	5	5	3	4	6	1	2	0	4	3	2	5	5	7	8	6	5	3	3	3	2	3	5	4	7	5	3	6	6	10	5	5	8	10	12	1	9	12	7	7	12	13	10	9	13	21	56	192	188	15	2	0	5	4	4	18	14	24	55	42	14	20	14	6	2	7	7	13	44	27	12	15	17	43	85	55	0	74	35	54	63	43	37	38	64	26	23	21	16	29	19	21	15	12	56
0	0	0	1	0	2	1	1	5	3	5	2	0	3	2	4	5	3	10	6	8	7	11	3	2	4	3	1	2	1	4	5	2	6	4	2	0	0	1	4	1	2	5	2	4	6	4	2	1	3	4	3	2	3	2	4	4	6	5	8	3	7	6	8	8	2	4	8	4	13	6	11	6	14	10	8	43	124	30	11	3	0	5	4	9	12	20	26	47	17	8	5	2	7	3	2	8	8	24	32	36	14	10	24	164	56	74	0	70	40	43	17	21	18	28	10	13	6	18	17	6	13	18	9	10
0	0	0	0	0	3	0	3	0	0	4	3	1	5	4	3	3	6	4	4	6	11	5	6	5	3	4	1	2	3	3	3	3	4	2	5	3	3	2	1	4	4	3	2	6	5	3	2	2	0	5	1	2	4	3	3	6	4	4	4	10	4	6	8	7	2	2	3	5	11	7	7	9	6	14	16	14	50	16	6	0	1	1	3	6	11	5	14	38	13	12	10	9	7	7	4	3	7	10	11	7	5	4	15	29	33	35	70	0	108	28	6	14	12	19	7	6	8	8	7	10	10	4	5	16
0	0	0	1	2	2	1	0	3	0	3	2	0	4	3	5	5	1	2	6	8	7	4	3	2	0	0	2	6	4	3	4	1	3	1	3	1	1	3	6	4	2	1	3	2	2	2	4	2	5	3	0	1	3	2	5	3	1	3	5	6	6	4	6	4	5	4	8	7	8	10	3	7	8	7	10	12	42	27	6	5	3	10	4	6	9	11	12	24	13	8	6	10	7	1	5	12	6	11	14	10	6	9	8	23	16	54	40	108	0	51	21	16	14	28	16	9	11	7	12	6	7	4	9	7
0	0	0	2	2	0	1	4	1	2	0	2	0	0	2	1	3	3	3	3	11	3	7	5	4	5	4	4	0	2	2	1	2	2	3	1	3	1	1	4	2	1	6	5	3	6	1	3	2	5	2	4	2	3	1	4	3	4	0	5	8	5	3	17	7	2	5	7	6	10	4	2	8	3	6	7	18	48	50	4	4	4	5	4	8	12	9	6	17	13	5	17	11	12	9	13	15	12	15	18	7	6	9	10	55	21	63	43	28	51	0	121	67	53	87	22	17	20	11	29	21	19	19	9	24
0	0	0	1	2	1	2	2	1	2	1	1	2	2	2	4	4	1	4	3	7	4	5	4	3	3	2	2	0	2	0	1	4	4	1	2	1	2	0	4	4	1	1	2	2	3	2	2	1	0	2	2	2	1	4	1	2	1	3	3	4	3	9	8	5	5	5	2	4	7	2	1	2	2	7	3	18	15	37	11	3	0	3	4	3	8	11	17	9	9	2	12	19	16	10	15	17	16	19	6	7	7	7	14	27	19	43	17	6	21	121	0	496	199	115	45	19	29	14	41	31	23	15	9	20
0	0	0	1	1	2	2	2	2	3	3	3	3	2	3	2	4	1	1	7	3	6	5	2	3	4	1	1	2	0	3	0	2	5	3	1	3	2	3	3	3	2	3	3	0	4	1	2	3	1	2	1	5	0	1	4	4	3	3	3	2	4	7	6	6	3	0	10	5	9	7	5	2	1	5	7	13	19	28	9	4	4	3	0	4	13	4	8	6	10	9	9	10	16	8	15	13	17	22	20	9	4	7	15	31	15	37	21	14	16	67	496	0	739	101	37	29	72	35	68	54	45	25	15	20
0	0	0	2	0	4	1	3	4	1	2	1	1	1	1	3	6	2	2	4	4	2	10	2	5	4	3	3	3	0	2	1	1	3	4	2	1	0	0	1	3	2	4	2	0	4	0	3	1	2	0	1	2	1	2	2	3	2	3	6	4	4	2	7	7	5	13	2	2	7	3	3	5	6	6	6	16	21	51	8	3	0	2	4	7	8	10	6	11	13	9	21	21	8	7	18	26	9	23	18	7	9	1	10	15	10	38	18	12	14	53	199	739	0	150	63	33	116	30	59	81	45	17	17	31
0	0	0	2	0	1	0	4	2	5	3	4	1	3	2	4	3	1	7	4	5	10	9	3	4	2	4	5	2	1	0	5	7	4	2	1	1	1	3	4	0	1	1	2	2	2	4	1	3	2	0	2	0	2	5	3	4	1	3	2	5	10	9	7	7	13	5	9	6	7	7	3	1	4	12	17	12	21	97	16	8	2	2	9	7	9	8	8	16	14	10	24	22	15	13	10	23	17	20	12	5	4	6	14	19	15	64	28	19	28	87	115	101	150	0	103	56	43	11	22	27	27	14	15	42
0	0	0	0	3	3	0	2	3	2	4	1	3	5	4	3	4	7	1	7	10	18	8	2	5	3	3	3	0	1	1	6	5	0	1	0	4	6	2	2	4	2	0	2	3	3	3	1	1	1	2	2	2	1	2	4	3	2	4	5	4	8	9	18	7	6	7	14	12	7	12	7	2	5	8	9	12	11	50	30	13	3	5	5	5	11	5	4	17	13	18	84	45	38	12	21	55	34	16	6	6	11	3	11	20	12	26	10	7	16	22	45	37	63	103	0	128	65	9	15	21	37	33	20	48
0	0	0	1	3	1	0	3	1	3	2	4	2	3	1	3	4	4	8	9	7	11	7	1	6	3	4	8	9	0	0	1	1	2	3	3	1	0	2	5	0	3	4	0	1	3	1	4	1	0	1	0	3	0	2	1	3	3	5	5	5	7	6	16	14	7	8	19	10	6	7	5	5	1	6	15	8	11	26	32	9	9	8	7	6	22	7	12	6	12	14	48	19	24	12	30	114	102	10	10	7	6	6	10	10	13	23	13	6	9	17	19	29	33	56	128	0	110	24	12	45	56	78	32	57
0	0	0	2	1	3	1	0	2	3	4	3	3	4	0	2	2	2	5	5	5	15	4	2	3	3	5	8	4	1	3	1	4	2	1	3	2	1	0	5	6	2	0	6	1	2	2	1	0	1	2	2	0	2	2	2	2	4	0	2	3	3	2	6	4	7	9	6	7	7	4	4	4	7	4	9	6	12	39	19	5	4	4	6	9	16	10	7	7	12	16	21	16	16	12	23	69	43	19	7	6	6	8	15	8	5	21	6	8	11	20	29	72	116	43	65	110	0	28	40	131	142	58	52	27
0	0	0	1	0	0	3	2	4	2	1	2	0	0	2	4	4	2	4	4	4	9	4	3	4	3	4	4	1	1	2	3	1	2	1	3	4	2	3	3	2	1	1	4	4	8	1	2	2	0	2	5	0	1	1	2	1	1	7	1	2	3	4	3	8	3	3	4	2	3	3	2	1	4	4	3	12	8	13	0	3	1	1	4	12	17	13	6	11	5	12	7	7	6	5	13	15	25	31	19	5	14	12	20	18	8	16	18	8	7	11	14	35	30	11	9	24	28	0	129	129	79	38	22	20
0	0	0	4	0	1	1	2	0	2	5	0	2	0	1	4	5	4	0	5	5	7	10	3	2	2	4	2	2	1	4	3	3	3	3	1	5	1	5	5	3	3	8	7	3	6	4	4	1	0	1	0	3	3	5	3	5	3	6	2	1	2	8	1	4	1	2	3	6	8	6	4	5	5	5	6	15	13	20	2	5	1	3	1	7	14	12	12	8	8	8	12	8	6	8	7	10	13	47	31	10	14	12	25	44	7	29	17	7	12	29	41	68	59	22	15	12	40	129	0	88	52	20	19	27
0	0	0	1	1	0	1	6	2	3	2	1	3	5	1	0	2	2	1	6	4	11	9	7	5	2	5	2	3	0	2	1	3	1	3	1	2	5	2	1	3	4	0	0	3	4	2	2	0	2	2	1	0	1	2	1	2	2	1	2	2	6	3	7	6	5	4	2	4	0	5	7	4	4	6	1	9	15	11	5	1	3	1	6	8	15	7	8	8	14	6	12	9	11	8	8	27	32	51	18	7	7	13	27	16	12	19	6	10	6	21	31	54	81	27	21	45	131	129	88	0	295	48	38	22
0	0	0	1	4	4	2	1	4	2	5	2	1	2	2	2	3	3	5	6	4	19	16	3	6	3	7	3	2	6	0	6	3	0	1	2	2	2	2	5	3	1	1	4	0	2	1	2	2	0	1	4	2	3	3	2	8	0	3	1	7	4	4	8	3	6	8	8	5	8	6	5	4	7	7	6	12	16	25	9	3	1	3	7	9	19	18	11	9	22	19	11	11	11	9	21	25	62	59	22	12	12	8	16	15	12	21	13	10	7	19	23	45	45	27	37	56	142	79	52	295	0	150	107	57
0	0	0	2	2	2	2	1	4	2	7	5	1	7	4	3	2	7	2	8	12	25	23	4	4	4	6	2	3	4	6	3	6	1	1	2	0	5	0	6	0	4	2	3	0	1	1	2	3	1	3	5	1	0	1	4	5	4	0	3	3	6	4	5	12	6	4	12	17	13	4	2	5	2	5	10	11	13	25	11	4	2	1	10	17	16	15	18	8	14	12	20	12	7	6	8	27	341	41	13	5	7	7	15	14	8	15	18	4	4	19	15	25	17	14	33	78	58	38	20	48	150	0	293	66
0	0	0	0	2	4	1	2	0	2	4	4	2	0	3	3	3	0	8	4	12	29	28	7	8	3	5	3	3	3	2	4	6	3	7	2	1	1	0	12	8	5	9	6	4	5	2	2	3	1	1	2	0	2	2	8	6	1	4	1	1	7	1	10	11	1	3	7	11	15	10	11	3	5	9	10	12	13	15	12	6	4	4	11	24	40	26	19	11	21	19	12	8	5	7	5	22	93	73	18	7	8	9	19	12	14	12	9	5	9	9	9	15	17	15	20	32	52	22	19	38	107	293	0	60
0	0	0	3	0	3	4	2	1	2	4	0	4	5	5	2	5	11	15	14	19	45	24	11	5	3	8	3	3	4	5	4	6	2	4	2	3	2	5	1	5	3	5	3	6	3	0	6	1	0	2	1	3	1	3	4	5	4	6	7	7	11	8	16	13	9	14	21	17	14	16	6	5	10	14	28	36	30	122	12	13	7	3	6	25	33	27	24	11	40	37	18	9	10	6	6	19	52	66	21	4	14	9	32	19	30	56	10	16	7	24	20	20	31	42	48	57	27	20	27	22	57	66	60	0
