0	0	0	0	0	0	0	0	0	0	0	0	0	0	0	0	0	0	0	0	0	0	0	0	0	0	0	0	0	0	0	0	0	0	0	0	0	0	0	0	0	0	0	0	0	0	0	0	0	0	0	0	0	0	0	0	0	0	0	0	0	0
0	0	0	0	0	0	0	0	0	0	0	0	0	0	0	0	0	0	0	0	0	0	0	0	0	0	0	0	0	0	0	0	0	0	0	0	0	0	0	0	0	0	0	0	0	0	0	0	0	0	0	0	0	0	0	0	0	0	0	0	0	0
0	0	0	0	0	0	0	0	0	0	0	0	0	0	0	0	0	0	0	0	0	0	0	0	0	0	0	0	0	0	0	0	0	0	0	0	0	0	0	0	0	0	0	0	0	0	0	0	0	0	0	0	0	0	0	0	0	0	0	0	0	0
0	0	0	0	27	7	6	3	3	3	3	6	17	6	2	6	3	1	5	1	3	3	1	2	3	3	2	3	2	6	7	7	4	6	2	4	3	5	2	1	7	5	3	4	5	6	4	4	2	0	0	1	1	0	4	3	1	1	1	0	0	1
0	0	0	27	0	38	21	2	6	3	5	23	56	9	3	5	4	6	12	9	0	9	3	2	2	5	3	6	5	7	5	6	9	16	8	4	3	3	4	6	6	24	5	15	20	22	14	6	4	0	0	1	2	2	2	6	0	3	1	3	1	2
0	0	0	7	38	0	79	10	0	11	12	16	14	16	8	2	4	6	5	9	3	2	1	3	4	2	5	8	11	15	4	8	10	14	9	6	6	7	6	7	8	13	10	21	56	31	12	5	0	0	1	1	1	3	5	2	3	2	2	1	2	2
0	0	0	6	21	79	0	10	4	11	10	17	19	47	15	8	2	4	4	8	6	5	1	5	2	8	5	8	10	8	16	14	28	29	11	5	7	9	8	18	4	16	11	12	64	103	17	8	4	1	0	4	1	3	6	3	3	1	1	1	1	1
0	0	0	3	2	10	10	0	27	21	9	9	7	16	5	6	7	9	12	19	9	1	8	10	23	44	63	18	37	31	10	9	6	5	5	4	6	11	47	119	10	9	3	42	22	20	28	26	7	4	2	5	9	4	12	6	5	17	10	6	11	2
0	0	0	3	6	0	4	27	0	30	10	8	4	7	5	4	6	10	5	10	50	30	39	23	121	28	34	10	8	9	5	6	2	4	3	1	3	6	9	17	4	6	11	19	7	9	11	17	11	7	5	3	5	4	9	0	10	8	8	5	4	4
0	0	0	3	3	11	11	21	30	0	156	17	5	4	6	3	3	5	5	7	13	15	19	18	15	8	13	4	10	5	0	3	3	2	2	3	2	2	9	10	3	8	11	44	18	7	19	23	2	4	2	3	7	4	4	3	4	9	9	0	0	4
0	0	0	3	5	12	10	9	10	156	0	26	7	9	1	5	1	0	3	2	7	10	6	7	10	4	10	8	4	3	4	4	5	8	2	4	3	2	4	6	7	12	8	19	18	8	18	12	3	2	3	2	2	3	9	2	1	5	1	1	3	2
0	0	0	6	23	16	17	9	8	17	26	0	31	12	7	3	1	7	19	11	8	10	13	5	7	5	3	4	6	9	5	3	5	12	11	6	4	2	7	12	12	27	38	58	12	15	43	18	3	1	0	1	1	5	4	5	0	3	5	1	1	1
0	0	0	17	56	14	19	7	4	5	7	31	0	37	14	10	10	9	8	14	7	8	1	3	5	2	5	2	8	7	4	8	12	41	16	7	7	3	5	7	30	160	23	13	9	20	25	12	4	0	1	4	3	1	7	4	6	4	4	1	2	1
0	0	0	6	9	16	47	16	7	4	9	12	37	0	43	17	15	10	14	14	7	4	2	0	5	7	8	9	18	17	15	16	63	81	23	13	14	12	10	16	34	30	13	21	24	110	24	6	3	1	1	4	2	2	9	9	3	4	4	3	2	8
0	0	0	2	3	8	15	5	5	6	1	7	14	43	0	134	27	17	11	11	8	3	4	1	4	4	4	6	12	15	21	21	129	57	76	43	20	27	9	17	32	19	6	8	10	19	11	8	4	6	6	2	7	9	23	22	15	7	5	5	7	4
0	0	0	6	5	2	8	6	4	3	5	3	10	17	134	0	53	28	8	14	4	3	0	2	4	5	6	8	6	13	20	18	40	22	38	58	19	45	13	10	18	6	4	13	7	8	7	13	5	7	4	6	7	15	30	57	14	9	5	9	7	9
0	0	0	3	4	4	2	7	6	3	1	1	10	15	27	53	0	134	12	35	9	5	1	1	5	3	4	9	7	4	2	8	10	13	14	16	6	13	12	9	19	8	9	8	3	10	7	14	13	15	4	2	26	15	33	26	14	10	6	6	6	7
0	0	0	1	6	6	4	9	10	5	0	7	9	10	17	28	134	0	49	81	9	8	3	4	2	7	8	2	5	6	6	2	13	13	9	8	15	11	12	12	38	14	13	14	2	11	17	12	9	5	2	2	12	12	24	16	13	6	4	5	7	4
0	0	0	5	12	5	4	12	5	5	3	19	8	14	11	8	12	49	0	336	38	9	7	4	9	7	10	3	5	6	5	4	8	12	9	6	5	6	13	25	18	20	62	24	2	11	28	80	12	8	4	2	19	8	20	7	7	9	3	1	5	2
0	0	0	1	9	9	8	19	10	7	2	11	14	14	11	14	35	81	336	0	35	12	2	4	12	10	7	3	11	4	6	6	13	12	8	9	10	10	18	13	14	22	32	23	9	16	48	69	10	8	2	6	10	12	31	13	8	9	1	1	3	8
0	0	0	3	0	3	6	9	50	13	7	8	7	7	8	4	9	9	38	35	0	31	13	7	13	17	10	7	6	4	9	6	5	6	2	4	3	7	16	11	5	6	16	12	6	7	16	102	18	6	1	3	15	8	14	6	6	10	3	2	5	1
0	0	0	3	9	2	5	1	30	15	10	10	8	4	3	3	5	8	9	12	31	0	31	12	13	9	4	6	5	3	3	3	7	2	4	3	2	1	5	6	2	5	13	14	3	4	10	22	6	5	1	4	6	5	5	2	3	2	2	1	4	3
0	0	0	1	3	1	1	8	39	19	6	13	1	2	4	0	1	3	7	2	13	31	0	29	19	5	13	5	7	3	3	2	2	2	2	2	2	6	6	5	0	5	8	9	4	3	4	6	6	3	1	2	8	2	4	4	1	5	4	1	2	4
0	0	0	2	2	3	5	10	23	18	7	5	3	0	1	2	1	4	4	4	7	12	29	0	68	16	22	2	4	6	2	2	1	0	3	0	2	4	5	9	2	3	4	11	3	5	6	9	3	1	2	7	6	0	5	1	3	1	0	3	6	4
0	0	0	3	2	4	2	23	121	15	10	7	5	5	4	4	5	2	9	12	13	13	19	68	0	37	49	13	3	4	3	3	4	5	2	2	4	8	11	10	2	6	4	19	6	6	5	9	8	7	3	7	5	2	13	5	8	10	9	4	7	11
0	0	0	3	5	2	8	44	28	8	4	5	2	7	4	5	3	7	7	10	17	9	5	16	37	0	114	52	30	11	2	2	2	1	5	4	8	13	52	21	4	1	9	11	8	14	5	14	15	10	10	8	12	7	19	9	15	33	22	12	31	11
0	0	0	2	3	5	5	63	34	13	10	3	5	8	4	6	4	8	10	7	10	4	13	22	49	114	0	59	41	20	13	4	5	4	2	6	5	11	42	31	4	5	4	18	9	8	11	18	15	8	4	6	7	5	15	2	14	15	10	8	9	5
0	0	0	3	6	8	8	18	10	4	8	4	2	9	6	8	9	2	3	3	7	6	5	2	13	52	59	0	95	32	15	6	5	4	2	5	13	16	59	17	2	2	2	12	7	8	9	8	10	3	3	8	3	6	12	13	9	18	20	7	16	13
0	0	0	2	5	11	10	37	8	10	4	6	8	18	12	6	7	5	5	11	6	5	7	4	3	30	41	95	0	123	16	8	14	11	10	8	18	30	82	42	3	5	8	12	18	10	12	11	5	5	4	6	2	7	11	8	13	12	12	8	9	15
0	0	0	6	7	15	8	31	9	5	3	9	7	17	15	13	4	6	6	4	4	3	3	6	4	11	20	32	123	0	66	11	14	13	9	9	20	29	27	42	6	6	5	12	16	26	6	6	8	3	2	3	4	9	3	9	17	5	10	7	12	5
0	0	0	7	5	4	16	10	5	0	4	5	4	15	21	20	2	6	5	6	9	3	3	2	3	2	13	15	16	66	0	50	29	20	13	10	41	22	11	17	6	5	3	6	15	25	7	5	2	2	1	2	6	0	7	7	8	6	5	2	5	3
0	0	0	7	6	8	14	9	6	3	4	3	8	16	21	18	8	2	4	6	6	3	2	2	3	2	4	6	8	11	50	0	89	21	29	42	23	17	7	6	7	5	7	2	8	15	7	3	4	4	3	3	4	2	4	10	10	1	4	4	5	3
0	0	0	4	9	10	28	6	2	3	5	5	12	63	129	40	10	13	8	13	5	7	2	1	4	2	5	5	14	14	29	89	0	58	57	62	20	25	7	13	16	11	5	10	14	18	12	4	3	2	1	6	7	6	8	12	8	3	4	6	7	1
0	0	0	6	16	14	29	5	4	2	8	12	41	81	57	22	13	13	12	12	6	2	2	0	5	1	4	4	11	13	20	21	58	0	66	15	15	15	6	9	70	33	12	10	9	22	15	12	3	4	1	2	5	7	7	16	6	4	1	1	4	5
0	0	0	2	8	9	11	5	3	2	2	11	16	23	76	38	14	9	9	8	2	4	2	3	2	5	2	2	10	9	13	29	57	66	0	39	11	16	6	6	34	12	4	7	12	11	8	4	3	0	3	2	5	5	6	14	5	2	1	2	1	0
0	0	0	4	4	6	5	4	1	3	4	6	7	13	43	58	16	8	6	9	4	3	2	0	2	4	6	5	8	9	10	42	62	15	39	0	60	42	10	9	11	5	2	1	3	6	5	5	8	4	3	4	8	9	6	30	8	7	6	2	9	6
0	0	0	3	3	6	7	6	3	2	3	4	7	14	20	19	6	15	5	10	3	2	2	2	4	8	5	13	18	20	41	23	20	15	11	60	0	159	14	15	10	4	3	6	12	11	8	8	7	5	3	6	10	12	3	30	26	11	7	6	12	9
0	0	0	5	3	7	9	11	6	2	2	2	3	12	27	45	13	11	6	10	7	1	6	4	8	13	11	16	30	29	22	17	25	15	16	42	159	0	23	23	8	8	4	14	3	16	9	9	13	5	3	10	11	14	24	67	40	5	12	12	15	8
0	0	0	2	4	6	8	47	9	9	4	7	5	10	9	13	12	12	13	18	16	5	6	5	11	52	42	59	82	27	11	7	7	6	6	10	14	23	0	100	1	6	9	11	13	19	8	21	17	5	4	9	12	8	33	17	39	12	20	5	22	12
0	0	0	1	6	7	18	119	17	10	6	12	7	16	17	10	9	12	25	13	11	6	5	9	10	21	31	17	42	42	17	6	13	9	6	9	15	23	100	0	9	16	9	23	24	31	30	31	13	6	3	10	14	13	28	6	20	13	12	8	4	8
0	0	0	7	6	8	4	10	4	3	7	12	30	34	32	18	19	38	18	14	5	2	0	2	2	4	4	2	3	6	6	7	16	70	34	11	10	8	1	9	0	43	14	7	4	14	11	7	4	6	3	1	6	1	12	9	3	8	3	3	1	1
0	0	0	5	24	13	16	9	6	8	12	27	160	30	19	6	8	14	20	22	6	5	5	3	6	1	5	2	5	6	5	5	11	33	12	5	4	8	6	16	43	0	40	19	9	19	45	19	6	0	4	1	7	2	9	5	7	3	2	0	4	2
0	0	0	3	5	10	11	3	11	11	8	38	23	13	6	4	9	13	62	32	16	13	8	4	4	9	4	2	8	5	3	7	5	12	4	2	3	4	9	9	14	40	0	25	8	11	52	62	11	4	3	4	7	2	9	2	2	3	2	1	1	2
0	0	0	4	15	21	12	42	19	44	19	58	13	21	8	13	8	14	24	23	12	14	9	11	19	11	18	12	12	12	6	2	10	10	7	1	6	14	11	23	7	19	25	0	36	23	236	48	8	3	2	1	9	3	12	4	6	5	3	2	9	1
0	0	0	5	20	56	64	22	7	18	18	12	9	24	10	7	3	2	2	9	6	3	4	3	6	8	9	7	18	16	15	8	14	9	12	3	12	3	13	24	4	9	8	36	0	94	27	14	4	3	0	6	1	5	6	5	6	3	6	5	4	5
0	0	0	6	22	31	103	20	9	7	8	15	20	110	19	8	10	11	11	16	7	4	3	5	6	14	8	8	10	26	25	15	18	22	11	6	11	16	19	31	14	19	11	23	94	0	57	16	6	4	5	3	3	4	9	9	9	6	8	2	5	3
0	0	0	4	14	12	17	28	11	19	18	43	25	24	11	7	7	17	28	48	16	10	4	6	5	5	11	9	12	6	7	7	12	15	8	5	8	9	8	30	11	45	52	236	27	57	0	64	8	2	1	1	3	2	9	5	4	4	6	2	7	2
0	0	0	4	6	5	8	26	17	23	12	18	12	6	8	13	14	12	80	69	102	22	6	9	9	14	18	8	11	6	5	3	4	12	4	5	8	9	21	31	7	19	62	48	14	16	64	0	14	7	4	5	13	4	14	6	13	10	7	2	2	3
0	0	0	2	4	0	4	7	11	2	3	3	4	3	4	5	13	9	12	10	18	6	6	3	8	15	15	10	5	8	2	4	3	3	3	8	7	13	17	13	4	6	11	8	4	6	8	14	0	39	13	25	70	36	26	18	34	65	34	12	13	24
0	0	0	0	0	0	1	4	7	4	2	1	0	1	6	7	15	5	8	8	6	5	3	1	7	10	8	3	5	3	2	4	2	4	0	4	5	5	5	6	6	0	4	3	3	4	2	7	39	0	25	296	27	38	12	4	18	21	64	23	18	25
0	0	0	0	0	1	0	2	5	2	3	0	1	1	6	4	4	2	4	2	1	1	1	2	3	10	4	3	4	2	1	3	1	1	3	3	3	3	4	3	3	4	3	2	0	5	1	4	13	25	0	36	8	13	5	3	9	11	16	17	13	28
0	0	0	1	1	1	4	5	3	3	2	1	4	4	2	6	2	2	2	6	3	4	2	7	7	8	6	8	6	3	2	3	6	2	2	4	6	10	9	10	1	1	4	1	6	3	1	5	25	296	36	0	27	83	15	13	27	26	33	22	16	27
0	0	0	1	2	1	1	9	5	7	2	1	3	2	7	7	26	12	19	10	15	6	8	6	5	12	7	3	2	4	6	4	7	5	5	8	10	11	12	14	6	7	7	9	1	3	3	13	70	27	8	27	0	99	69	14	26	11	16	7	9	7
0	0	0	0	2	3	3	4	4	4	3	5	1	2	9	15	15	12	8	12	8	5	2	0	2	7	5	6	7	9	0	2	6	7	5	9	12	14	8	13	1	2	2	3	5	4	2	4	36	38	13	83	99	0	31	26	38	19	18	16	14	15
0	0	0	4	2	5	6	12	9	4	9	4	7	9	23	30	33	24	20	31	14	5	4	5	13	19	15	12	11	3	7	4	8	7	6	6	3	24	33	28	12	9	9	12	6	9	9	14	26	12	5	15	69	31	0	47	42	19	17	6	12	7
0	0	0	3	6	2	3	6	0	3	2	5	4	9	22	57	26	16	7	13	6	2	4	1	5	9	2	13	8	9	7	10	12	16	14	30	30	67	17	6	9	5	2	4	5	9	5	6	18	4	3	13	14	26	47	0	41	10	5	13	8	13
0	0	0	1	0	3	3	5	10	4	1	0	6	3	15	14	14	13	7	8	6	3	1	3	8	15	14	9	13	17	8	10	8	6	5	8	26	40	39	20	3	7	2	6	6	9	4	13	34	18	9	27	26	38	42	41	0	32	42	20	49	46
0	0	0	1	3	2	1	17	8	9	5	3	4	4	7	9	10	6	9	9	10	2	5	1	10	33	15	18	12	5	6	1	3	4	2	7	11	5	12	13	8	3	3	5	3	6	4	10	65	21	11	26	11	19	19	10	32	0	110	15	32	39
0	0	0	1	1	2	1	10	8	9	1	5	4	4	5	5	6	4	3	1	3	2	4	0	9	22	10	20	12	10	5	4	4	1	1	6	7	12	20	12	3	2	2	3	6	8	6	7	34	64	16	33	16	18	17	5	42	110	0	30	86	188
0	0	0	0	3	1	1	6	5	0	1	1	1	3	5	9	6	5	1	1	2	1	1	3	4	12	8	7	8	7	2	4	6	1	2	2	6	12	5	8	3	0	1	2	5	2	2	2	12	23	17	22	7	16	6	13	20	15	30	0	45	79
0	0	0	0	1	2	1	11	4	0	3	1	2	2	7	7	6	7	5	3	5	4	2	6	7	31	9	16	9	12	5	5	7	4	1	9	12	15	22	4	1	4	1	9	4	5	7	2	13	18	13	16	9	14	12	8	49	32	86	45	0	221
0	0	0	1	2	2	1	2	4	4	2	1	1	8	4	9	7	4	2	8	1	3	4	4	11	11	5	13	15	5	3	3	1	5	0	6	9	8	12	8	1	2	2	1	5	3	2	3	24	25	28	27	7	15	7	13	46	39	188	79	221	0
