0	0	0	0	0	0	0	0	0	0	0	0	0	0	0	0	0	0	0	0	0	0	0	0	0	0	0	0	0	0	0	0	0	0	0	0	0	0	0	0	0	0	0	0	0	0	0	0	0	0	0	0	0	0	0	0	0	0	0	0	0	0
0	0	0	0	0	0	0	0	0	0	0	0	0	0	0	0	0	0	0	0	0	0	0	0	0	0	0	0	0	0	0	0	0	0	0	0	0	0	0	0	0	0	0	0	0	0	0	0	0	0	0	0	0	0	0	0	0	0	0	0	0	0
0	0	0	0	0	0	0	0	0	0	0	0	0	0	0	0	0	0	0	0	0	0	0	0	0	0	0	0	0	0	0	0	0	0	0	0	0	0	0	0	0	0	0	0	0	0	0	0	0	0	0	0	0	0	0	0	0	0	0	0	0	0
0	0	0	0	29	4	4	7	10	16	25	37	34	11	47	28	24	8	7	12	5	1	4	9	1	4	11	17	5	12	15	19	16	3	4	3	2	2	1	3	5	4	2	1	9	5	1	0	2	1	2	14	12	11	11	9	4	4	4	3	3	2
0	0	0	29	0	6	12	23	2	14	34	58	18	8	15	43	34	3	3	3	3	4	3	3	3	4	7	24	16	11	84	9	5	1	0	0	1	2	1	1	2	6	2	2	12	11	5	2	4	5	2	5	4	7	3	5	4	2	3	4	1	2
0	0	0	4	6	0	52	15	0	3	0	3	6	4	3	5	5	2	5	0	2	1	1	1	2	2	3	2	5	2	6	18	3	2	1	0	1	3	1	3	3	5	1	4	11	15	5	4	4	3	2	2	4	2	4	5	5	10	8	7	6	2
0	0	0	4	12	52	0	22	2	2	7	9	7	3	9	6	10	4	1	2	0	6	4	3	4	1	3	3	4	3	12	13	1	2	3	4	1	2	0	2	1	1	1	0	5	5	2	3	3	4	2	2	1	3	3	3	5	8	4	2	3	4
0	0	0	7	23	15	22	0	9	8	8	15	12	2	5	16	25	2	1	5	4	3	5	0	2	6	5	16	22	6	25	4	1	1	1	1	1	1	1	0	3	4	1	3	7	2	1	2	3	1	1	2	1	1	3	5	7	5	5	2	3	3
0	0	0	10	2	0	2	9	0	67	13	10	46	50	17	14	10	33	27	17	11	21	49	23	13	15	40	23	8	10	9	4	3	1	2	2	1	0	1	1	0	1	1	1	2	0	1	0	0	1	1	5	1	2	6	2	1	1	0	1	0	4
0	0	0	16	14	3	2	8	67	0	50	32	290	151	47	27	19	21	17	25	9	22	31	17	9	15	47	53	13	17	10	5	5	2	2	1	1	2	0	0	0	0	0	4	4	4	2	1	1	3	3	2	3	4	1	0	2	2	1	1	2	1
0	0	0	25	34	0	7	8	13	50	0	376	69	22	17	30	25	8	7	13	5	10	8	10	7	14	37	1442	35	38	58	8	5	1	1	3	2	2	2	3	6	1	1	0	4	2	1	4	2	4	4	4	5	4	1	4	7	2	2	2	1	1
0	0	0	37	58	3	9	15	10	32	376	0	49	12	20	39	33	3	4	7	3	3	3	10	7	9	25	164	39	39	110	8	3	3	0	0	2	3	2	1	1	3	1	3	4	5	1	2	4	4	4	5	6	6	5	1	1	2	4	1	1	3
0	0	0	34	18	6	7	12	46	290	69	49	0	71	71	41	12	13	11	17	7	15	15	12	5	16	35	77	19	27	18	3	5	1	1	1	0	0	2	3	4	2	2	4	5	3	1	2	1	2	3	2	4	4	3	3	6	4	3	1	0	0
0	0	0	11	8	4	3	2	50	151	22	12	71	0	51	18	15	29	34	35	16	22	27	20	10	14	24	22	15	6	8	4	1	1	3	3	2	1	2	1	1	1	1	3	0	1	1	3	2	0	1	1	6	5	3	6	2	2	0	0	1	1
0	0	0	47	15	3	9	5	17	47	17	20	71	51	0	27	28	13	10	23	13	9	13	6	9	6	10	16	9	9	12	2	3	2	2	0	0	4	2	3	2	4	1	5	5	5	4	0	0	5	6	8	10	7	4	1	3	0	3	2	0	1
0	0	0	28	43	5	6	16	14	27	30	39	41	18	27	0	159	9	4	4	3	6	6	8	1	6	11	27	20	11	9	8	2	1	1	2	1	0	1	4	1	2	0	2	5	8	3	1	1	1	2	4	4	5	6	1	4	2	4	4	2	1
0	0	0	24	34	5	10	25	10	19	25	33	12	15	28	159	0	5	6	7	2	8	3	3	4	6	8	22	11	7	13	10	5	5	1	1	2	1	1	2	3	3	3	3	7	4	3	1	2	0	2	2	4	5	3	4	4	7	4	4	6	0
0	0	0	8	3	2	4	2	33	21	8	3	13	29	13	9	5	0	105	24	14	18	28	14	8	8	5	6	3	1	6	0	0	2	3	0	1	1	0	1	1	1	1	2	1	1	0	2	1	1	3	2	1	3	1	1	1	3	0	0	0	3
0	0	0	7	3	5	1	1	27	17	7	4	11	34	10	4	6	105	0	47	39	84	50	25	7	10	9	7	5	7	4	1	4	1	0	1	1	1	1	2	0	0	1	0	1	0	4	0	1	1	2	3	2	3	0	2	3	0	0	1	1	2
0	0	0	12	3	0	2	5	17	25	13	7	17	35	23	4	7	24	47	0	81	58	39	18	14	10	14	11	6	10	6	3	2	2	3	0	1	0	1	2	3	1	2	2	1	0	1	1	0	3	2	5	3	3	0	2	1	2	3	2	1	0
0	0	0	5	3	2	0	4	11	9	5	3	7	16	13	3	2	14	39	81	0	53	26	10	9	7	11	4	2	5	3	3	4	4	3	4	1	2	1	1	0	2	2	0	0	1	2	2	2	3	1	3	4	3	2	3	1	0	0	0	0	1
0	0	0	1	4	1	6	3	21	22	10	3	15	22	9	6	8	18	84	58	53	0	107	42	17	14	15	10	4	5	8	1	2	0	1	3	2	1	0	3	1	2	1	0	1	2	1	0	0	1	3	2	1	2	3	0	0	1	0	1	3	0
0	0	0	4	3	1	4	5	49	31	8	3	15	27	13	6	3	28	50	39	26	107	0	179	60	30	25	9	1	7	5	1	1	2	1	0	2	2	0	0	0	0	2	2	3	0	2	0	0	2	3	1	1	0	3	1	0	2	1	1	1	2
0	0	0	9	3	1	3	0	23	17	10	10	12	20	6	8	3	14	25	18	10	42	179	0	168	40	37	7	11	6	5	4	4	0	2	0	1	0	2	1	1	1	4	1	1	0	1	0	1	1	0	4	1	5	4	0	2	0	2	0	1	0
0	0	0	1	3	2	4	2	13	9	7	7	5	10	9	1	4	8	7	14	9	17	60	168	0	80	30	7	3	9	5	0	3	0	0	0	0	0	1	4	2	2	0	1	3	2	3	0	2	1	1	4	1	0	1	0	0	1	4	2	2	1
0	0	0	4	4	2	1	6	15	15	14	9	16	14	6	6	6	8	10	10	7	14	30	40	80	0	90	13	4	16	10	4	0	3	2	0	2	2	1	3	0	1	2	0	2	1	3	1	2	2	4	1	2	2	2	0	3	0	2	0	2	0
0	0	0	11	7	3	3	5	40	47	37	25	35	24	10	11	8	5	9	14	11	15	25	37	30	90	0	38	15	34	7	2	2	2	3	1	3	0	2	1	2	4	2	2	0	0	1	0	1	2	2	3	8	1	4	3	0	1	1	0	0	0
0	0	0	17	24	2	3	16	23	53	1442	164	77	22	16	27	22	6	7	11	4	10	9	7	7	13	38	0	44	65	52	4	5	2	1	1	1	1	1	1	1	1	0	2	3	2	4	3	2	3	5	6	6	2	8	1	1	2	6	0	6	0
0	0	0	5	16	5	4	22	8	13	35	39	19	15	9	20	11	3	5	6	2	4	1	11	3	4	15	44	0	51	51	4	1	0	1	3	0	1	1	2	2	2	2	1	3	5	0	0	1	3	2	2	2	2	2	6	3	2	2	2	3	1
0	0	0	12	11	2	3	6	10	17	38	39	27	6	9	11	7	1	7	10	5	5	7	6	9	16	34	65	51	0	46	7	3	1	1	2	1	1	1	0	2	0	2	3	3	4	2	2	2	5	1	2	5	3	7	3	3	2	3	1	3	1
0	0	0	15	84	6	12	25	9	10	58	110	18	8	12	9	13	6	4	6	3	8	5	5	5	10	7	52	51	46	0	9	6	0	1	1	1	1	2	4	3	1	4	1	4	7	2	1	2	4	3	3	5	6	3	2	4	8	1	1	4	2
0	0	0	19	9	18	13	4	4	5	8	8	3	4	2	8	10	0	1	3	3	1	1	4	0	4	2	4	4	7	9	0	9	3	3	2	1	3	4	5	6	6	6	14	294	62	19	6	6	7	6	8	3	7	10	13	52	26	17	7	14	17
0	0	0	16	5	3	1	1	3	5	5	3	5	1	3	2	5	0	4	2	4	2	1	4	3	0	2	5	1	3	6	9	0	17	6	5	3	10	8	13	21	19	16	33	17	10	19	7	20	14	15	16	20	22	44	160	44	15	15	9	10	12
0	0	0	3	1	2	2	1	1	2	1	3	1	1	2	1	5	2	1	2	4	0	2	0	0	3	2	2	0	1	0	3	17	0	29	10	16	40	54	29	33	375	53	17	7	4	9	10	15	56	44	12	19	28	31	17	12	3	8	9	6	7
0	0	0	4	0	1	3	1	2	2	1	0	1	3	2	1	1	3	0	3	3	1	1	2	0	2	3	1	1	1	1	3	6	29	0	34	46	80	22	10	12	25	10	2	2	0	2	0	7	11	20	14	6	16	12	6	2	2	2	4	8	4
0	0	0	3	0	0	4	1	2	1	3	0	1	3	0	2	1	0	1	0	4	3	0	0	0	0	1	1	3	2	1	2	5	10	34	0	781	41	10	5	5	10	6	6	3	1	1	3	3	6	7	7	3	6	1	2	0	2	3	4	3	4
0	0	0	2	1	1	1	1	1	1	2	2	0	2	0	1	2	1	1	1	1	2	2	1	0	2	3	1	0	1	1	1	3	16	46	781	0	50	24	10	10	17	3	7	2	1	3	1	3	2	12	6	4	3	5	4	3	1	1	2	2	1
0	0	0	2	2	3	2	1	0	2	2	3	0	1	4	0	1	1	1	0	2	1	2	0	0	2	0	1	1	1	1	3	10	40	80	41	50	0	59	29	23	42	9	5	5	3	2	8	3	7	12	11	11	7	14	8	4	4	5	1	3	4
0	0	0	1	1	1	0	1	1	0	2	2	2	2	2	1	1	0	1	1	1	0	0	2	1	1	2	1	1	1	2	4	8	54	22	10	24	59	0	197	33	91	43	9	5	3	2	2	8	19	10	8	7	8	14	5	6	2	2	8	4	14
0	0	0	3	1	3	2	0	1	0	3	1	3	1	3	4	2	1	2	2	1	3	0	1	4	3	1	1	2	0	4	5	13	29	10	5	10	29	197	0	23	40	28	12	3	2	6	3	13	10	6	13	10	7	13	7	3	1	6	11	7	8
0	0	0	5	2	3	1	3	0	0	6	1	4	1	2	1	3	1	0	3	0	1	0	1	2	0	2	1	2	2	3	6	21	33	12	5	10	23	33	23	0	62	18	23	2	3	7	3	10	13	13	15	20	27	29	32	9	4	7	8	10	8
0	0	0	4	6	5	1	4	1	0	1	3	2	1	4	2	3	1	0	1	2	2	0	1	2	1	4	1	2	0	1	6	19	375	25	10	17	42	91	40	62	0	38	12	4	3	7	11	22	27	32	20	16	24	29	16	9	6	4	5	9	12
0	0	0	2	2	1	1	1	1	0	1	1	2	1	1	0	3	1	1	2	2	1	2	4	0	2	2	0	2	2	4	6	16	53	10	6	3	9	43	28	18	38	0	45	6	1	11	16	64	41	19	9	1	6	22	31	9	16	17	13	10	20
0	0	0	1	2	4	0	3	1	4	0	3	4	3	5	2	3	2	0	2	0	0	2	1	1	0	2	2	1	3	1	14	33	17	2	6	7	5	9	12	23	12	45	0	5	11	30	23	90	22	10	16	9	10	13	53	37	40	62	16	41	107
0	0	0	9	12	11	5	7	2	4	4	4	5	0	5	5	7	1	1	1	0	1	3	1	3	2	0	3	3	3	4	294	17	7	2	3	2	5	5	3	2	4	6	5	0	106	21	8	7	3	3	3	8	9	8	11	68	48	27	6	14	13
0	0	0	5	11	15	5	2	0	4	2	5	3	1	5	8	4	1	0	0	1	2	0	0	2	1	0	2	5	4	7	62	10	4	0	1	1	3	3	2	3	3	1	11	106	0	43	8	10	4	5	5	5	6	9	5	50	81	27	11	22	13
0	0	0	1	5	5	2	1	1	2	1	1	1	1	4	3	3	0	4	1	2	1	2	1	3	3	1	4	0	2	2	19	19	9	2	1	3	2	2	6	7	7	11	30	21	43	0	19	27	14	9	11	6	10	8	16	28	75	61	13	14	30
0	0	0	0	2	4	3	2	0	1	4	2	2	3	0	1	1	2	0	1	2	0	0	0	0	1	0	3	0	2	1	6	7	10	0	3	1	8	2	3	3	11	16	23	8	8	19	0	23	12	7	1	6	1	6	7	9	18	58	110	28	51
0	0	0	2	4	4	3	3	0	1	2	4	1	2	0	1	2	1	1	0	2	0	0	1	2	2	1	2	1	2	2	6	20	15	7	3	3	3	8	13	10	22	64	90	7	10	27	23	0	34	18	8	10	7	6	36	19	24	42	18	21	31
0	0	0	1	5	3	4	1	1	3	4	4	2	0	5	1	0	1	1	3	3	1	2	1	1	2	2	3	3	5	4	7	14	56	11	6	2	7	19	10	13	27	41	22	3	4	14	12	34	0	89	27	13	25	35	31	7	6	7	9	6	5
0	0	0	2	2	2	2	1	1	3	4	4	3	1	6	2	2	3	2	2	1	3	3	0	1	4	2	5	2	1	3	6	15	44	20	7	12	12	10	6	13	32	19	10	3	5	9	7	18	89	0	64	21	35	27	20	4	5	6	5	6	4
0	0	0	14	5	2	2	2	5	2	4	5	2	1	8	4	2	2	3	5	3	2	1	4	4	1	3	6	2	2	3	8	16	12	14	7	6	11	8	13	15	20	9	16	3	5	11	1	8	27	64	0	142	237	100	29	9	9	7	4	5	5
0	0	0	12	4	4	1	1	1	3	5	6	4	6	10	4	4	1	2	3	4	1	1	1	1	2	8	6	2	5	5	3	20	19	6	3	4	11	7	10	20	16	1	9	8	5	6	6	10	13	21	142	0	370	109	34	6	7	4	2	5	5
0	0	0	11	7	2	3	1	2	4	4	6	4	5	7	5	5	3	3	3	3	2	0	5	0	2	1	2	2	3	6	7	22	28	16	6	3	7	8	7	27	24	6	10	9	6	10	1	7	25	35	237	370	0	112	25	7	8	4	2	9	3
0	0	0	11	3	4	3	3	6	1	1	5	3	3	4	6	3	1	0	0	2	3	3	4	1	2	4	8	2	7	3	10	44	31	12	1	5	14	14	13	29	29	22	13	8	9	8	6	6	35	27	100	109	112	0	120	14	11	13	0	15	9
0	0	0	9	5	5	3	5	2	0	4	1	3	6	1	1	4	1	2	2	3	0	1	0	0	0	3	1	6	3	2	13	160	17	6	2	4	8	5	7	32	16	31	53	11	5	16	7	36	31	20	29	34	25	120	0	29	18	20	5	17	24
0	0	0	4	4	5	5	7	1	2	7	1	6	2	3	4	4	1	3	1	1	0	0	2	0	3	0	1	3	3	4	52	44	12	2	0	3	4	6	3	9	9	9	37	68	50	28	9	19	7	4	9	6	7	14	29	0	109	30	12	30	39
0	0	0	4	2	10	8	5	1	2	2	2	4	2	0	2	7	3	0	2	0	1	2	0	1	0	1	2	2	2	8	26	15	3	2	2	1	4	2	1	4	6	16	40	48	81	75	18	24	6	5	9	7	8	11	18	109	0	100	29	39	45
0	0	0	4	3	8	4	5	0	1	2	4	3	0	3	4	4	0	0	3	0	0	1	2	4	2	1	6	2	3	1	17	15	8	2	3	1	5	2	6	7	4	17	62	27	27	61	58	42	7	6	7	4	4	13	20	30	100	0	45	50	129
0	0	0	3	4	7	2	2	1	1	2	1	1	0	2	4	4	0	1	2	0	1	1	0	2	0	0	0	2	1	1	7	9	9	4	4	2	1	8	11	8	5	13	16	6	11	13	110	18	9	5	4	2	2	0	5	12	29	45	0	52	61
0	0	0	3	1	6	3	3	0	2	1	1	0	1	0	2	6	0	1	1	0	3	1	1	2	2	0	6	3	3	4	14	10	6	8	3	2	3	4	7	10	9	10	41	14	22	14	28	21	6	6	5	5	9	15	17	30	39	50	52	0	128
0	0	0	2	2	2	4	3	4	1	1	3	0	1	1	1	0	3	2	0	1	0	2	0	1	0	0	0	1	1	2	17	12	7	4	4	1	4	14	8	8	12	20	107	13	13	30	51	31	5	4	5	5	3	9	24	39	45	129	61	128	0
