0	0	0	0	0	0	0	0	0	0	0	0	0	0	0	0	0	0	0	0	0	0	0	0	0	0	0	0	0	0	0	0	0	0	0	0	0	0	0	0	0	0	0	0	0	0	0	0	0	0	0	0	0	0	0	0	0	0	0	0	0	0	0	0	0	0	0	0	0	0	0	0	0	0	0	0	0	0	0	0	0	0	0	0	0	0	0	0	0	0	0	0	0	0	0	0	0	0	0	0	0	0	0	0	0	0	0	0	0	0	0	0	0	0	0	0	0	0	0	0	0	0	0	0	0	0	0	0	0	0	0	0	0	0	0	0	0	0	0	0	0	0	0	0	0	0	0	0	0	0	0	0	0	0
0	0	0	0	0	0	0	0	0	0	0	0	0	0	0	0	0	0	0	0	0	0	0	0	0	0	0	0	0	0	0	0	0	0	0	0	0	0	0	0	0	0	0	0	0	0	0	0	0	0	0	0	0	0	0	0	0	0	0	0	0	0	0	0	0	0	0	0	0	0	0	0	0	0	0	0	0	0	0	0	0	0	0	0	0	0	0	0	0	0	0	0	0	0	0	0	0	0	0	0	0	0	0	0	0	0	0	0	0	0	0	0	0	0	0	0	0	0	0	0	0	0	0	0	0	0	0	0	0	0	0	0	0	0	0	0	0	0	0	0	0	0	0	0	0	0	0	0	0	0	0	0	0	0
0	0	0	0	0	0	0	0	0	0	0	0	0	0	0	0	0	0	0	0	0	0	0	0	0	0	0	0	0	0	0	0	0	0	0	0	0	0	0	0	0	0	0	0	0	0	0	0	0	0	0	0	0	0	0	0	0	0	0	0	0	0	0	0	0	0	0	0	0	0	0	0	0	0	0	0	0	0	0	0	0	0	0	0	0	0	0	0	0	0	0	0	0	0	0	0	0	0	0	0	0	0	0	0	0	0	0	0	0	0	0	0	0	0	0	0	0	0	0	0	0	0	0	0	0	0	0	0	0	0	0	0	0	0	0	0	0	0	0	0	0	0	0	0	0	0	0	0	0	0	0	0	0	0
0	0	0	0	0	0	0	0	0	0	0	0	0	0	0	0	0	0	0	0	0	0	0	0	0	0	0	0	0	0	0	0	0	0	0	0	0	0	0	0	0	0	0	0	0	0	0	0	0	0	0	0	0	0	0	0	0	0	0	0	0	0	0	0	0	0	0	0	0	0	0	0	0	0	0	0	0	0	0	0	0	0	0	0	0	0	0	0	0	0	0	0	0	0	0	0	0	0	0	0	0	0	0	0	0	0	0	0	0	0	0	0	0	0	0	0	0	0	0	0	0	0	0	0	0	0	0	0	0	0	0	0	0	0	0	0	0	0	0	0	0	0	0	0	0	0	0	0	0	0	0	0	0	0
0	0	0	0	0	0	0	0	0	0	0	0	0	0	0	0	0	0	0	0	0	0	0	0	0	0	0	0	0	0	0	0	0	0	0	0	0	0	0	0	0	0	0	0	0	0	0	0	0	0	0	0	0	0	0	0	0	0	0	0	0	0	0	0	0	0	0	0	0	0	0	0	0	0	0	0	0	0	0	0	0	0	0	0	0	0	0	0	0	0	0	0	0	0	0	0	0	0	0	0	0	0	0	0	0	0	0	0	0	0	0	0	0	0	0	0	0	0	0	0	0	0	0	0	0	0	0	0	0	0	0	0	0	0	0	0	0	0	0	0	0	0	0	0	0	0	0	0	0	0	0	0	0	0
0	0	0	0	0	0	0	0	0	0	0	0	0	0	0	0	0	0	0	0	0	0	0	0	0	0	0	0	0	0	0	0	0	0	0	0	0	0	0	0	0	0	0	0	0	0	0	0	0	0	0	0	0	0	0	0	0	0	0	0	0	0	0	0	0	0	0	0	0	0	0	0	0	0	0	0	0	0	0	0	0	0	0	0	0	0	0	0	0	0	0	0	0	0	0	0	0	0	0	0	0	0	0	0	0	0	0	0	0	0	0	0	0	0	0	0	0	0	0	0	0	0	0	0	0	0	0	0	0	0	0	0	0	0	0	0	0	0	0	0	0	0	0	0	0	0	0	0	0	0	0	0	0	0
0	0	0	0	0	0	0	0	0	0	0	0	0	0	0	0	0	0	0	0	0	0	0	0	0	0	0	0	0	0	0	0	0	0	0	0	0	0	0	0	0	0	0	0	0	0	0	0	0	0	0	0	0	0	0	0	0	0	0	0	0	0	0	0	0	0	0	0	0	0	0	0	0	0	0	0	0	0	0	0	0	0	0	0	0	0	0	0	0	0	0	0	0	0	0	0	0	0	0	0	0	0	0	0	0	0	0	0	0	0	0	0	0	0	0	0	0	0	0	0	0	0	0	0	0	0	0	0	0	0	0	0	0	0	0	0	0	0	0	0	0	0	0	0	0	0	0	0	0	0	0	0	0	0
0	0	0	0	0	0	0	0	44	8	6	6	3	4	0	0	0	2	2	0	0	1	0	0	1	1	0	0	1	0	0	0	0	0	0	0	0	1	0	1	0	0	0	1	0	0	0	0	0	2	1	0	0	1	1	1	1	1	2	2	1	1	2	1	2	3	7	5	7	6	5	3	2	3	3	3	7	5	1	3	11	5	3	2	1	2	1	0	0	0	2	1	1	0	3	0	0	1	3	1	1	1	2	0	1	0	1	0	1	1	0	0	1	1	1	0	1	1	1	2	3	4	2	2	3	1	2	1	1	0	0	0	1	1	1	5	6	2	3	1	7	11	6	3	3	2	1	1	6	2	1	1	1	1
0	0	0	0	0	0	0	44	0	19	14	3	5	2	1	3	0	3	3	2	1	4	2	2	2	1	1	0	0	0	0	0	0	1	0	1	1	0	1	0	0	0	0	0	0	1	0	0	0	0	0	2	0	1	4	2	3	4	4	3	2	0	5	3	0	2	9	8	4	7	1	5	5	6	3	5	5	11	2	1	10	7	3	1	6	1	0	0	2	0	2	2	1	0	1	0	0	0	1	2	1	1	3	0	1	1	0	0	0	3	0	0	0	1	0	1	0	2	0	2	1	0	1	0	1	0	0	0	0	1	2	0	1	1	3	5	3	2	1	2	6	7	11	4	3	2	1	1	2	2	2	3	1	0
0	0	0	0	0	0	0	8	19	0	70	15	7	2	2	2	3	1	2	4	5	3	7	2	0	1	0	0	1	0	0	1	1	0	0	0	0	1	1	0	0	1	2	1	0	2	1	0	0	0	0	0	2	2	1	1	8	6	3	4	1	5	10	8	2	5	6	11	6	1	2	4	2	1	1	2	3	1	3	1	8	1	2	1	0	1	0	1	0	1	0	1	1	1	1	1	0	1	1	1	2	1	0	1	0	0	0	0	0	1	0	0	2	0	0	1	0	1	1	2	1	2	0	0	0	0	0	1	0	0	0	0	2	2	1	2	3	0	1	3	1	7	12	4	2	0	0	1	3	0	1	0	1	2
0	0	0	0	0	0	0	6	14	70	0	46	11	4	3	4	2	3	2	4	1	3	5	0	0	0	0	1	1	0	1	0	0	1	0	0	0	0	1	0	2	0	0	0	0	0	0	0	1	0	1	1	0	1	4	3	4	1	2	1	3	5	9	7	2	3	7	8	3	3	0	3	0	2	2	1	3	2	1	3	3	4	2	1	2	2	2	2	1	0	1	0	0	0	1	0	0	0	1	0	0	1	0	0	0	0	1	0	0	2	1	1	0	0	0	1	0	0	2	0	2	0	0	2	0	1	1	0	0	0	0	0	1	0	1	0	0	0	1	1	1	9	8	9	6	0	1	4	2	1	1	1	2	0
0	0	0	0	0	0	0	6	3	15	46	0	29	8	9	5	0	3	5	7	8	2	5	2	1	0	0	0	0	0	0	0	0	0	1	1	0	0	0	1	0	0	0	0	0	0	0	0	0	0	2	1	0	0	2	1	1	2	3	4	4	10	2	2	3	0	4	1	3	2	1	0	0	1	0	1	4	0	2	0	2	3	1	1	3	2	0	2	0	0	0	0	1	0	0	1	0	0	1	0	0	0	0	0	1	0	2	1	0	0	0	0	0	2	0	2	2	0	0	0	1	1	2	0	1	1	0	0	0	0	0	0	0	0	1	1	0	0	0	3	4	6	7	5	4	2	1	2	1	0	1	1	0	0
0	0	0	0	0	0	0	3	5	7	11	29	0	28	5	7	2	6	5	9	4	4	0	1	1	1	0	0	0	1	0	1	0	0	0	0	0	0	0	0	1	2	0	1	1	1	2	1	1	1	1	0	0	0	1	1	2	0	5	4	4	12	6	2	0	2	2	0	1	3	0	0	0	0	0	1	1	0	1	2	2	0	0	0	3	0	0	0	0	2	1	0	0	0	0	0	0	0	0	0	0	2	0	0	0	0	0	0	0	0	0	0	0	0	0	0	0	1	1	0	0	0	1	1	0	0	0	0	0	1	0	0	0	0	1	1	1	1	2	2	1	0	4	2	3	4	0	0	1	2	2	0	1	1
0	0	0	0	0	0	0	4	2	2	4	8	28	0	27	6	4	1	5	5	4	1	2	1	1	0	0	1	0	0	1	0	0	0	0	0	2	0	1	1	0	0	0	0	0	0	0	0	1	0	1	0	0	0	1	3	0	3	1	2	8	9	4	4	3	1	1	4	1	2	1	1	0	0	0	1	0	0	2	2	1	2	0	1	0	1	1	0	0	0	0	1	0	0	0	0	0	0	0	0	0	0	0	0	1	1	0	0	1	0	0	0	1	0	1	0	0	0	1	2	1	0	0	0	0	0	0	0	1	0	0	0	0	0	1	1	0	0	3	0	1	2	2	1	3	0	1	1	0	0	0	0	2	0
0	0	0	0	0	0	0	0	1	2	3	9	5	27	0	19	10	5	6	8	2	1	0	3	0	0	0	0	0	0	0	1	0	0	0	0	0	0	0	0	0	0	0	0	0	1	2	1	0	0	1	1	0	2	0	1	2	1	2	2	1	2	5	1	0	1	0	0	0	1	0	1	0	0	0	1	1	0	1	0	1	0	2	0	2	0	0	1	1	0	0	0	0	0	0	1	0	0	0	0	0	0	0	0	0	0	1	0	0	0	0	0	0	1	1	1	0	0	1	0	1	0	0	0	0	0	0	0	0	0	0	1	0	1	0	0	0	1	0	2	1	1	0	0	1	2	1	1	2	0	0	0	0	0
0	0	0	0	0	0	0	0	3	2	4	5	7	6	19	0	34	16	4	3	0	3	1	1	0	0	0	0	0	0	0	0	2	1	0	0	0	0	0	0	0	0	0	0	0	0	2	0	0	0	0	0	0	2	0	1	1	2	1	0	5	1	3	0	2	2	0	1	1	0	0	0	0	2	1	0	0	2	0	1	0	1	2	0	2	0	0	0	0	0	0	0	0	1	0	0	0	0	0	0	0	0	0	0	1	0	0	0	0	0	0	0	0	0	0	3	0	0	0	1	1	1	0	1	0	0	0	0	0	0	0	0	0	0	0	1	1	0	1	1	0	0	2	2	0	0	0	1	0	0	1	1	0	0
0	0	0	0	0	0	0	0	0	3	2	0	2	4	10	34	0	28	5	2	2	3	1	0	1	0	0	1	1	0	0	0	0	1	0	1	0	0	0	1	0	0	1	0	0	0	1	0	0	0	2	0	1	0	0	2	1	1	3	3	1	2	2	0	0	1	0	0	0	0	0	0	1	0	0	0	0	0	0	0	0	0	0	0	0	0	0	0	0	0	1	0	1	0	0	0	1	0	0	0	0	1	0	0	1	0	0	0	0	0	1	0	0	0	0	0	0	0	0	1	0	0	0	0	0	0	0	0	2	0	0	1	0	0	1	0	2	0	0	0	1	0	1	1	0	3	0	1	0	0	0	0	0	0
0	0	0	0	0	0	0	2	3	1	3	3	6	1	5	16	28	0	13	3	3	2	2	0	1	0	0	0	0	0	0	0	0	0	0	1	0	0	1	0	0	0	0	0	2	0	0	1	0	0	1	1	0	0	0	1	3	2	1	7	2	1	0	1	0	1	1	2	0	0	0	0	0	1	2	0	0	1	0	0	0	1	1	0	0	1	2	1	0	0	0	0	0	0	0	0	0	0	0	0	0	0	0	1	0	0	0	0	0	0	0	1	0	0	0	0	0	0	0	0	0	0	0	0	0	0	1	0	0	0	0	0	0	0	0	0	0	1	0	0	1	2	0	3	3	0	0	0	0	0	1	0	0	0
0	0	0	0	0	0	0	2	3	2	2	5	5	5	6	4	5	13	0	18	9	10	5	0	1	3	0	0	1	0	0	0	0	0	0	0	0	0	0	0	0	0	1	0	1	2	1	1	1	3	1	1	0	0	2	0	2	4	5	5	4	5	3	3	3	0	0	2	2	3	0	0	2	0	2	1	0	0	2	0	3	0	0	1	1	1	0	0	0	1	0	0	0	0	0	0	0	0	1	1	2	0	0	0	0	0	0	0	0	0	1	0	1	1	1	1	1	2	0	0	0	0	0	0	1	3	1	0	0	0	0	0	0	0	1	2	0	0	2	1	2	0	0	1	2	2	2	1	0	1	1	0	0	0
0	0	0	0	0	0	0	0	2	4	4	7	9	5	8	3	2	3	18	0	25	7	9	3	0	0	1	0	0	0	0	0	1	0	0	0	0	0	0	0	0	1	0	0	0	1	0	1	1	1	0	0	0	2	3	4	14	12	8	17	5	9	5	7	5	1	2	3	3	4	3	0	2	1	1	1	3	4	4	2	3	2	1	0	3	0	0	0	0	1	1	0	0	1	1	0	2	0	0	1	0	0	0	0	0	0	0	0	1	0	0	0	0	0	0	0	1	0	1	1	1	0	2	0	1	0	0	0	0	0	0	1	1	0	1	1	0	0	0	0	0	0	2	3	0	4	0	1	2	2	2	0	1	0
0	0	0	0	0	0	0	0	1	5	1	8	4	4	2	0	2	3	9	25	0	43	53	5	0	0	1	1	0	0	0	1	0	0	2	1	0	0	1	2	0	2	1	2	0	1	1	0	1	3	1	2	2	0	2	8	12	5	4	5	7	1	1	3	3	2	2	5	3	0	1	3	0	1	1	1	1	1	2	3	3	3	1	1	0	0	1	1	0	0	1	0	0	1	0	0	0	0	1	0	0	3	0	0	1	0	2	0	0	1	0	0	0	0	0	1	1	3	1	0	1	0	2	0	0	1	0	0	0	0	2	0	0	0	1	0	0	0	2	0	3	3	4	1	1	1	2	0	0	1	0	1	0	0
0	0	0	0	0	0	0	1	4	3	3	2	4	1	1	3	3	2	10	7	43	0	25	0	1	1	0	0	0	0	0	0	0	0	2	0	0	0	0	0	0	0	1	0	0	2	0	0	2	2	1	3	1	1	2	4	7	7	8	6	5	2	3	3	3	3	0	3	5	2	1	3	1	1	0	0	3	3	2	1	3	1	1	1	0	0	0	0	2	0	0	0	0	1	0	0	0	0	0	0	0	1	0	0	1	0	1	0	1	0	0	0	0	0	0	1	0	0	0	0	1	1	1	0	0	0	0	0	0	0	1	0	1	0	1	0	0	0	1	1	1	2	1	1	1	2	0	0	0	2	0	0	1	0
0	0	0	0	0	0	0	0	2	7	5	5	0	2	0	1	1	2	5	9	53	25	0	3	2	0	0	0	0	2	0	0	0	0	0	1	0	0	0	0	0	0	0	1	0	1	1	1	1	0	1	1	0	0	5	9	19	8	4	5	2	4	3	4	1	3	3	3	5	1	0	2	0	0	1	0	1	2	1	1	0	1	2	0	2	0	1	0	0	0	1	0	1	0	0	0	2	0	0	0	0	1	1	0	2	0	0	0	1	0	0	0	0	1	0	2	1	0	1	0	0	1	0	0	0	1	2	1	0	0	1	1	0	0	1	1	0	0	0	0	0	3	4	2	1	0	0	0	1	1	1	0	0	0
0	0	0	0	0	0	0	0	2	2	0	2	1	1	3	1	0	0	0	3	5	0	3	0	13	5	0	1	1	2	0	0	0	1	0	0	1	0	1	1	1	3	3	2	1	3	5	5	2	0	3	1	5	10	15	12	2	5	1	3	0	4	1	0	4	0	0	4	7	5	2	2	2	0	1	1	1	8	17	7	7	2	0	1	1	0	1	0	0	1	0	0	3	0	0	1	0	2	0	0	0	0	0	2	0	0	0	1	1	1	0	1	0	1	0	1	0	1	0	1	1	1	2	1	0	0	1	0	0	0	1	0	0	0	1	1	0	0	2	0	0	3	0	0	2	0	0	2	1	4	0	0	0	0
0	0	0	0	0	0	0	1	2	0	0	1	1	1	0	0	1	1	1	0	0	1	2	13	0	9	2	1	3	3	0	0	0	0	1	3	1	0	1	3	1	1	0	1	2	2	4	3	2	1	3	7	6	6	7	3	2	4	0	0	0	0	0	0	0	1	1	0	0	1	0	1	1	1	1	0	1	2	4	4	3	2	1	1	0	1	1	0	0	1	0	0	1	1	0	0	0	0	0	0	0	0	1	3	1	1	0	0	1	0	0	0	1	0	0	0	2	0	1	0	0	0	0	0	1	1	0	1	0	1	2	0	0	1	1	0	0	0	0	0	0	1	1	0	0	0	0	1	0	1	3	0	0	2
0	0	0	0	0	0	0	1	1	1	0	0	1	0	0	0	0	0	3	0	0	1	0	5	9	0	12	2	3	0	1	1	1	2	0	2	2	2	3	2	2	2	2	2	4	17	2	6	1	4	2	5	8	4	2	1	2	0	1	2	0	1	1	1	0	0	0	1	2	1	2	1	1	0	0	1	1	0	1	0	1	1	1	0	1	0	1	0	0	0	0	1	0	0	0	0	0	1	1	0	0	1	0	0	0	1	0	0	1	0	1	0	0	1	0	0	0	0	3	0	0	0	0	3	0	0	1	1	0	1	0	1	2	2	0	3	0	0	0	0	0	1	0	0	0	0	0	0	0	0	0	0	0	0
0	0	0	0	0	0	0	0	1	0	0	0	0	0	0	0	0	0	0	1	1	0	0	0	2	12	0	13	6	2	0	1	3	2	1	2	0	2	2	2	3	7	9	14	7	13	6	8	5	6	2	0	3	4	1	0	1	1	1	2	0	0	0	0	0	0	0	0	1	1	0	0	0	2	0	0	0	1	1	1	1	2	0	0	1	0	0	0	0	1	0	0	0	1	0	0	1	1	0	0	0	0	2	0	0	0	0	2	0	0	0	0	1	0	2	2	0	2	1	0	0	0	0	1	1	0	2	0	1	0	1	0	1	1	0	2	1	0	0	1	0	0	0	0	0	0	0	0	0	0	0	1	1	0
0	0	0	0	0	0	0	0	0	0	1	0	0	1	0	0	1	0	0	0	1	0	0	1	1	2	13	0	22	5	0	0	1	0	2	4	1	4	2	6	11	4	8	5	2	3	6	8	3	4	1	1	2	1	0	0	1	0	0	0	1	0	1	0	0	0	0	0	0	0	1	2	0	1	0	0	1	0	2	0	0	1	2	0	0	0	0	0	0	0	0	0	0	1	1	0	0	0	0	0	0	0	0	0	1	0	0	1	0	0	0	1	0	0	0	0	0	0	0	0	0	0	0	0	0	1	0	0	1	0	0	0	0	0	0	0	0	0	0	0	0	0	1	0	0	0	0	1	1	0	0	0	0	1
0	0	0	0	0	0	0	1	0	1	1	0	0	0	0	0	1	0	1	0	0	0	0	1	3	3	6	22	0	9	10	6	3	1	3	2	3	8	5	9	4	80	15	5	4	3	4	8	6	2	0	0	0	0	1	2	1	1	1	0	0	0	0	1	0	1	0	0	0	2	0	2	0	0	2	0	0	2	0	1	0	0	1	0	0	0	0	0	0	0	0	0	2	0	1	0	1	0	0	0	0	1	0	1	0	0	1	0	1	0	0	0	0	0	0	1	0	0	0	1	0	2	0	0	2	0	0	0	0	0	0	1	0	0	0	2	0	0	0	0	0	0	0	2	0	0	0	0	1	1	1	0	0	0
0	0	0	0	0	0	0	0	0	0	0	0	1	0	0	0	0	0	0	0	0	0	2	2	3	0	2	5	9	0	89	16	9	7	2	6	1	9	6	3	10	24	2	3	3	0	2	2	2	1	1	1	0	0	0	1	0	0	0	1	1	2	0	0	1	0	0	0	0	0	2	1	0	0	1	0	0	0	2	1	0	0	0	0	0	0	0	0	0	0	0	1	0	0	0	0	0	0	0	0	0	0	2	1	1	0	0	0	0	0	0	0	0	0	0	0	1	1	0	1	0	0	0	1	0	0	0	1	1	1	3	0	0	0	1	0	0	0	0	0	0	0	0	1	1	1	0	1	0	0	0	0	0	2
0	0	0	0	0	0	0	0	0	0	1	0	0	1	0	0	0	0	0	0	0	0	0	0	0	1	0	0	10	89	0	19	17	7	6	6	7	3	10	8	12	14	4	1	2	3	1	2	3	1	2	0	1	1	1	0	0	0	1	1	1	0	0	0	0	0	0	0	0	0	0	1	0	0	1	0	0	1	0	0	0	0	0	0	1	0	0	0	0	0	0	1	0	0	0	0	0	0	0	0	0	0	2	0	0	0	0	0	0	0	0	0	0	0	1	0	0	1	1	1	0	0	0	0	0	0	1	0	0	1	0	0	1	0	0	0	1	1	0	0	0	0	0	0	0	1	0	0	1	1	0	0	1	1
0	0	0	0	0	0	0	0	0	1	0	0	1	0	1	0	0	0	0	0	1	0	0	0	0	1	1	0	6	16	19	0	132	8	4	15	4	4	4	4	7	3	4	0	1	0	1	1	0	0	0	1	0	2	0	0	1	0	0	0	0	0	1	0	0	1	0	0	0	0	1	0	0	1	0	0	0	0	2	1	0	0	0	0	0	0	0	0	0	0	0	0	0	0	1	0	0	0	0	0	0	0	0	0	0	1	0	0	0	0	0	0	0	0	0	0	0	0	0	0	0	1	0	0	0	1	0	0	0	0	1	1	0	0	0	0	0	0	0	0	1	1	0	0	0	0	0	0	0	0	1	1	0	0
0	0	0	0	0	0	0	0	0	1	0	0	0	0	0	2	0	0	0	1	0	0	0	0	0	1	3	1	3	9	17	132	0	19	11	15	1	1	4	7	0	3	4	0	0	1	1	0	0	1	0	0	0	0	0	0	0	0	0	0	0	0	0	0	1	0	0	0	0	0	1	0	0	0	1	0	0	0	0	0	1	0	0	0	0	0	0	0	0	0	0	0	0	0	0	0	0	0	0	0	0	0	0	1	0	0	0	0	0	0	0	0	0	0	0	0	0	0	0	0	0	0	0	0	0	1	2	0	0	0	0	1	0	0	0	0	0	0	0	0	1	0	0	0	0	0	0	0	1	1	0	1	0	1
0	0	0	0	0	0	0	0	1	0	1	0	0	0	0	1	1	0	0	0	0	0	0	1	0	2	2	0	1	7	7	8	19	0	35	18	10	7	3	0	3	3	1	0	1	1	2	0	1	1	0	0	0	0	0	1	0	1	0	2	0	0	0	1	2	0	0	0	1	0	0	0	0	0	0	0	0	0	0	0	0	0	0	0	0	0	0	0	0	0	0	0	0	0	0	0	0	0	0	0	0	0	0	0	0	0	0	0	0	0	0	0	0	1	0	0	0	0	0	0	0	0	0	0	1	0	0	0	0	0	0	0	0	0	0	0	0	0	0	0	0	0	0	0	0	0	1	0	0	0	0	0	0	0
0	0	0	0	0	0	0	0	0	0	0	1	0	0	0	0	0	0	0	0	2	2	0	0	1	0	1	2	3	2	6	4	11	35	0	33	8	3	10	6	1	2	3	3	1	2	2	1	3	0	3	0	1	0	1	0	0	0	0	1	0	1	0	1	1	1	0	0	1	0	0	0	0	0	0	0	0	0	0	1	1	0	0	0	1	0	0	0	0	0	0	0	0	0	1	0	0	0	0	0	1	0	0	1	0	0	0	0	0	1	0	0	0	1	0	0	0	0	2	0	0	0	0	0	0	0	1	0	1	0	0	0	0	0	0	0	0	0	0	0	0	0	0	0	1	0	0	0	0	0	0	0	0	0
0	0	0	0	0	0	0	0	1	0	0	1	0	0	0	0	1	1	0	0	1	0	1	0	3	2	2	4	2	6	6	15	15	18	33	0	15	17	25	12	5	5	2	3	1	0	1	1	2	3	1	0	0	2	0	2	0	1	0	0	0	0	0	0	0	0	0	0	0	1	0	0	1	0	0	0	0	0	1	0	1	0	1	0	0	0	0	0	0	0	0	0	0	0	1	0	1	0	0	0	0	0	0	0	0	0	0	0	0	0	0	1	0	0	0	0	0	0	1	0	1	0	0	0	0	0	0	0	1	0	0	0	0	0	1	0	1	0	0	0	0	0	0	0	0	0	0	0	1	0	0	1	0	0
0	0	0	0	0	0	0	0	1	0	0	0	0	2	0	0	0	0	0	0	0	0	0	1	1	2	0	1	3	1	7	4	1	10	8	15	0	16	60	19	7	4	5	2	1	0	1	1	5	1	3	1	0	1	1	0	0	1	2	0	1	1	0	0	0	0	0	1	0	0	0	2	0	0	1	0	1	0	2	0	0	0	0	0	0	0	1	1	0	0	1	0	0	0	0	0	0	0	0	1	0	0	0	0	0	1	0	0	0	0	0	1	0	0	0	0	0	0	1	0	1	0	1	0	0	1	0	0	0	0	0	0	1	0	0	0	0	0	0	1	0	1	0	0	0	0	0	0	0	1	0	0	0	0
0	0	0	0	0	0	0	1	0	1	0	0	0	0	0	0	0	0	0	0	0	0	0	0	0	2	2	4	8	9	3	4	1	7	3	17	16	0	70	13	14	16	8	4	5	0	3	2	2	1	1	1	3	0	0	1	0	1	0	0	1	0	0	0	0	0	0	0	0	0	0	0	0	0	0	0	0	1	1	0	0	0	0	0	0	1	0	0	1	0	0	0	0	0	1	0	0	0	0	0	0	0	0	0	0	0	0	0	0	0	0	0	1	1	0	0	0	1	0	1	0	0	1	0	0	0	1	0	0	0	0	1	0	1	1	0	0	0	1	0	0	0	0	0	0	0	0	0	0	0	0	0	0	1
0	0	0	0	0	0	0	0	1	1	1	0	0	1	0	0	0	1	0	0	1	0	0	1	1	3	2	2	5	6	10	4	4	3	10	25	60	70	0	15	20	4	7	4	6	0	3	3	4	2	0	2	0	0	0	0	1	0	0	0	1	0	0	0	0	0	0	0	1	0	0	0	1	1	0	0	0	1	0	1	0	2	0	0	0	0	0	0	0	0	0	1	1	0	0	0	0	0	0	0	0	0	0	0	0	0	0	0	0	0	1	0	0	0	0	0	0	0	0	0	1	0	0	0	0	1	0	0	0	0	0	0	0	0	0	0	0	0	0	1	0	0	0	0	0	0	0	0	0	0	0	0	0	0
0	0	0	0	0	0	0	1	0	0	0	1	0	1	0	0	1	0	0	0	2	0	0	1	3	2	2	6	9	3	8	4	7	0	6	12	19	13	15	0	22	3	10	6	2	2	2	3	8	7	1	1	1	2	2	1	0	0	0	0	0	0	0	0	0	0	1	0	1	0	0	1	0	0	0	0	0	1	0	0	0	0	0	0	0	0	0	0	2	0	0	0	0	0	0	0	0	0	0	0	0	0	0	0	0	0	0	0	0	0	0	1	0	0	0	0	0	0	0	0	0	0	0	1	1	0	0	1	0	0	0	0	0	0	0	0	1	0	0	0	1	0	0	0	0	0	0	0	0	0	0	0	0	0
0	0	0	0	0	0	0	0	0	0	2	0	1	0	0	0	0	0	0	0	0	0	0	1	1	2	3	11	4	10	12	7	0	3	1	5	7	14	20	22	0	13	9	4	2	5	3	5	8	5	1	2	1	1	0	2	0	1	0	0	0	1	0	1	0	1	0	0	0	0	0	0	0	0	2	0	0	0	0	1	0	0	0	0	0	0	0	0	0	0	0	0	0	0	0	0	0	0	0	0	0	0	1	0	0	0	0	1	0	0	1	0	0	0	0	0	0	2	0	1	0	0	0	0	1	0	0	0	1	0	0	0	0	0	0	0	0	0	1	0	0	0	0	1	0	0	0	0	0	0	1	0	0	0
0	0	0	0	0	0	0	0	0	1	0	0	2	0	0	0	0	0	0	1	2	0	0	3	1	2	7	4	80	24	14	3	3	3	2	5	4	16	4	3	13	0	8	8	3	0	4	8	8	2	1	1	0	0	0	1	0	0	0	0	1	1	0	0	1	1	0	1	0	0	0	0	0	2	1	0	0	0	1	0	0	0	0	0	1	0	0	0	0	0	0	0	0	0	0	0	0	0	0	0	0	0	0	0	0	0	0	0	0	1	1	0	0	0	0	0	0	0	0	0	0	0	0	1	0	0	0	1	1	0	0	0	1	0	0	0	0	0	0	0	0	0	1	0	0	0	0	1	0	0	2	0	1	0
0	0	0	0	0	0	0	0	0	2	0	0	0	0	0	0	1	0	1	0	1	1	0	3	0	2	9	8	15	2	4	4	4	1	3	2	5	8	7	10	9	8	0	54	16	4	8	14	14	6	0	3	0	2	0	3	0	1	1	0	0	0	0	0	1	0	1	1	1	1	1	3	0	0	1	0	1	1	0	1	0	0	2	0	0	0	0	0	0	0	0	0	1	0	0	0	0	0	0	0	0	0	0	1	0	0	1	1	0	0	1	0	0	0	0	0	2	1	1	2	1	0	0	0	1	0	0	0	0	0	0	0	0	0	0	0	0	0	1	0	0	0	0	0	0	0	0	0	0	0	0	0	0	0
0	0	0	0	0	0	0	1	0	1	0	0	1	0	0	0	0	0	0	0	2	0	1	2	1	2	14	5	5	3	1	0	0	0	3	3	2	4	4	6	4	8	54	0	47	19	11	20	7	4	0	8	2	2	1	0	3	0	1	1	0	1	0	0	0	0	0	0	1	0	1	0	1	3	0	1	1	1	2	0	0	1	1	0	0	0	0	0	0	0	0	0	0	3	1	0	1	0	0	0	0	0	0	0	0	1	0	0	0	0	0	0	2	0	0	0	0	0	0	0	0	0	0	0	2	0	1	0	0	0	0	0	0	0	0	0	0	0	0	0	1	0	0	0	0	0	0	1	0	0	0	0	0	1
0	0	0	0	0	0	0	0	0	0	0	0	1	0	0	0	0	2	1	0	0	0	0	1	2	4	7	2	4	3	2	1	0	1	1	1	1	5	6	2	2	3	16	47	0	20	17	8	8	10	9	4	4	5	3	0	0	1	0	1	0	1	1	2	0	0	1	0	0	1	2	1	3	1	0	1	0	2	1	0	0	2	0	1	0	0	0	0	1	0	0	0	1	1	0	0	0	0	0	0	0	1	0	0	0	0	0	0	0	1	0	0	0	0	1	0	0	0	0	0	1	0	1	0	0	0	0	1	0	0	0	0	0	0	0	0	1	0	1	0	1	0	1	0	0	0	0	0	0	1	2	0	0	1
0	0	0	0	0	0	0	0	1	2	0	0	1	0	1	0	0	0	2	1	1	2	1	3	2	17	13	3	3	0	3	0	1	1	2	0	0	0	0	2	5	0	4	19	20	0	217	20	4	5	5	9	6	1	0	3	3	2	1	1	1	0	1	0	0	0	0	1	0	2	0	1	0	0	1	0	0	2	2	2	1	0	0	0	0	0	0	0	0	0	0	3	0	0	0	2	0	1	0	1	0	0	0	1	0	0	0	0	0	0	0	0	0	0	0	1	1	0	1	0	1	0	0	0	0	0	0	1	0	0	0	0	0	1	1	0	0	0	0	0	0	0	1	0	2	0	2	0	0	0	0	1	1	1
0	0	0	0	0	0	0	0	0	1	0	0	2	0	2	2	1	0	1	0	1	0	1	5	4	2	6	6	4	2	1	1	1	2	2	1	1	3	3	2	3	4	8	11	17	217	0	22	14	7	16	8	18	3	1	3	2	2	1	3	0	0	0	0	1	0	2	1	1	1	1	0	0	1	0	3	1	1	3	3	1	1	0	0	0	0	0	1	0	0	0	0	0	1	1	0	0	0	0	0	0	0	0	1	1	0	1	0	2	0	0	0	1	0	0	1	0	0	0	1	1	2	1	0	2	0	0	0	1	0	0	0	1	0	0	0	0	0	0	0	0	0	0	0	0	1	0	0	0	0	0	0	2	1
0	0	0	0	0	0	0	0	0	0	0	0	1	0	1	0	0	1	1	1	0	0	1	5	3	6	8	8	8	2	2	1	0	0	1	1	1	2	3	3	5	8	14	20	8	20	22	0	19	10	6	6	3	0	3	0	1	0	3	0	2	0	0	0	0	0	0	0	0	0	1	0	0	1	0	0	1	2	2	3	0	0	0	0	0	0	1	0	0	0	0	0	0	0	0	0	0	1	0	0	0	1	0	0	0	0	0	1	0	0	0	0	0	0	1	0	0	0	0	0	1	0	1	0	0	0	1	0	1	0	0	0	0	1	0	0	0	0	0	0	0	0	1	0	0	1	0	0	0	0	0	1	0	1
0	0	0	0	0	0	0	0	0	0	1	0	1	1	0	0	0	0	1	1	1	2	1	2	2	1	5	3	6	2	3	0	0	1	3	2	5	2	4	8	8	8	14	7	8	4	14	19	0	19	9	5	2	3	0	0	1	0	3	1	2	0	0	1	0	0	0	1	1	0	0	2	1	0	0	2	0	1	0	0	0	1	0	0	0	1	0	0	0	0	0	1	0	0	1	0	0	0	0	0	0	0	0	2	1	0	0	0	0	0	0	0	0	0	1	0	1	0	2	0	1	0	0	0	0	0	0	0	0	0	1	2	0	2	0	1	0	2	0	0	1	0	0	1	0	1	0	0	0	0	0	0	0	0
0	0	0	0	0	0	0	2	0	0	0	0	1	0	0	0	0	0	3	1	3	2	0	0	1	4	6	4	2	1	1	0	1	1	0	3	1	1	2	7	5	2	6	4	10	5	7	10	19	0	17	7	5	2	2	1	0	1	2	0	0	0	0	0	2	0	0	0	2	0	1	0	2	0	1	0	0	1	0	1	2	0	0	0	0	0	1	0	0	0	0	0	0	0	0	0	0	0	0	0	0	0	1	0	0	1	0	0	0	0	1	0	1	0	1	0	0	0	0	0	0	0	0	0	0	0	1	0	0	0	0	0	0	0	0	0	0	0	0	0	1	0	0	0	0	0	1	0	1	0	0	0	0	0
0	0	0	0	0	0	0	1	0	0	1	2	1	1	1	0	2	1	1	0	1	1	1	3	3	2	2	1	0	1	2	0	0	0	3	1	3	1	0	1	1	1	0	0	9	5	16	6	9	17	0	83	14	4	5	4	0	1	0	1	0	2	0	0	0	1	1	0	1	1	1	2	1	0	0	0	0	0	2	1	0	1	0	1	0	0	1	0	1	0	0	1	1	1	0	0	0	0	0	0	0	0	0	0	0	0	1	0	0	0	0	0	0	0	1	0	0	2	1	0	0	2	2	1	0	0	0	0	0	0	0	1	1	0	0	0	1	0	0	0	0	0	2	0	1	0	0	3	0	0	0	0	0	2
0	0	0	0	0	0	0	0	2	0	1	1	0	0	1	0	0	1	1	0	2	3	1	1	7	5	0	1	0	1	0	1	0	0	0	0	1	1	2	1	2	1	3	8	4	9	8	6	5	7	83	0	18	6	12	2	3	0	1	0	3	1	1	1	2	1	0	0	2	0	0	5	1	1	0	0	0	2	4	3	2	0	1	1	0	0	1	1	0	0	0	0	2	0	1	0	0	0	0	0	0	0	0	0	0	0	0	0	0	1	0	0	1	0	0	0	0	0	1	1	1	1	0	2	0	1	0	2	0	0	1	0	0	0	1	1	0	1	1	1	0	1	3	0	0	1	0	1	0	0	2	0	0	0
0	0	0	0	0	0	0	0	0	2	0	0	0	0	0	0	1	0	0	0	2	1	0	5	6	8	3	2	0	0	1	0	0	0	1	0	0	3	0	1	1	0	0	2	4	6	18	3	2	5	14	18	0	16	6	2	0	1	0	1	1	0	0	0	2	2	1	5	2	4	2	0	1	3	1	1	0	3	5	1	1	1	0	0	1	0	0	1	0	0	0	0	0	0	1	0	0	0	1	0	0	0	0	1	1	1	0	1	0	0	1	1	0	0	0	0	1	2	1	4	0	1	0	0	1	0	0	0	1	0	0	0	0	0	0	1	1	0	0	0	1	0	1	0	0	1	0	1	0	1	0	1	1	0
0	0	0	0	0	0	0	1	1	2	1	0	0	0	2	2	0	0	0	2	0	1	0	10	6	4	4	1	0	0	1	2	0	0	0	2	1	0	0	2	1	0	2	2	5	1	3	0	3	2	4	6	16	0	25	7	1	2	1	1	5	1	1	1	2	4	1	1	5	3	4	3	3	3	0	1	4	7	10	22	4	0	0	1	0	1	0	0	0	0	0	0	1	1	0	1	0	1	1	0	0	0	0	0	2	0	0	0	1	0	0	0	0	0	0	1	0	0	1	0	3	2	0	0	1	0	1	0	1	1	1	0	2	1	1	0	0	0	0	1	1	0	0	1	1	1	0	0	2	1	0	1	0	1
0	0	0	0	0	0	0	1	4	1	4	2	1	1	0	0	0	0	2	3	2	2	5	15	7	2	1	0	1	0	1	0	0	0	1	0	1	0	0	2	0	0	0	1	3	0	1	3	0	2	5	12	6	25	0	34	8	3	4	3	0	2	2	2	4	3	2	6	6	8	7	4	1	4	0	1	1	7	11	13	4	3	0	2	0	0	0	0	0	0	1	0	1	0	0	0	1	0	1	0	0	0	0	0	0	2	0	1	1	1	0	1	0	0	1	1	0	1	1	1	1	0	2	0	1	0	0	1	0	2	0	0	2	0	1	0	1	0	1	0	1	0	0	2	0	1	0	0	1	0	0	1	0	0
0	0	0	0	0	0	0	1	2	1	3	1	1	3	1	1	2	1	0	4	8	4	9	12	3	1	0	0	2	1	0	0	0	1	0	2	0	1	0	1	2	1	3	0	0	3	3	0	0	1	4	2	2	7	34	0	20	9	10	4	1	2	2	2	4	7	1	4	9	4	2	2	5	0	1	2	1	2	14	3	3	1	1	1	0	1	0	0	0	3	0	0	0	0	0	1	0	1	0	0	0	0	0	0	0	1	0	0	0	1	0	0	0	0	1	0	1	1	0	0	0	1	1	2	0	1	0	0	0	1	0	0	1	1	0	1	0	1	0	0	0	0	1	2	0	0	0	0	0	0	0	1	1	1
0	0	0	0	0	0	0	1	3	8	4	1	2	0	2	1	1	3	2	14	12	7	19	2	2	2	1	1	1	0	0	1	0	0	0	0	0	0	1	0	0	0	0	3	0	3	2	1	1	0	0	3	0	1	8	20	0	69	27	11	8	5	5	10	14	7	5	13	7	4	5	6	1	1	2	4	3	2	5	5	1	1	2	0	0	0	0	1	0	0	0	1	2	0	0	0	0	0	0	0	0	0	0	0	0	0	0	1	0	0	0	0	0	0	0	1	0	1	1	0	3	0	1	0	0	0	0	1	0	0	0	0	1	0	1	3	2	2	1	0	0	1	3	0	0	1	1	0	0	2	2	1	1	0
0	0	0	0	0	0	0	1	4	6	1	2	0	3	1	2	1	2	4	12	5	7	8	5	4	0	1	0	1	0	0	0	0	1	0	1	1	1	0	0	1	0	1	0	1	2	2	0	0	1	1	0	1	2	3	9	69	0	24	16	7	7	3	18	12	11	3	31	10	10	3	2	0	2	4	0	2	2	2	4	4	3	2	0	0	1	0	0	1	0	0	0	0	0	0	0	0	0	0	1	0	1	0	1	0	0	0	0	0	0	0	0	0	0	2	1	0	0	0	2	1	0	0	2	1	2	0	0	0	1	2	0	1	1	1	0	4	0	1	2	2	1	4	1	1	1	0	0	0	1	1	0	0	2
0	0	0	0	0	0	0	2	4	3	2	3	5	1	2	1	3	1	5	8	4	8	4	1	0	1	1	0	1	0	1	0	0	0	0	0	2	0	0	0	0	0	1	1	0	1	1	3	3	2	0	1	0	1	4	10	27	24	0	47	7	7	6	13	7	6	1	5	3	2	2	3	0	1	0	1	2	2	2	3	3	1	1	0	0	0	0	1	1	0	0	0	0	0	0	0	1	0	0	0	0	1	0	0	0	0	0	0	0	0	0	0	2	0	0	0	0	0	1	1	1	0	0	0	0	0	0	1	0	0	0	1	1	2	0	1	0	0	0	1	3	3	2	2	0	2	0	0	0	0	0	2	1	0
0	0	0	0	0	0	0	2	3	4	1	4	4	2	2	0	3	7	5	17	5	6	5	3	0	2	2	0	0	1	1	0	0	2	1	0	0	0	0	0	0	0	0	1	1	1	3	0	1	0	1	0	1	1	3	4	11	16	47	0	19	4	6	4	7	5	0	4	4	1	2	1	2	0	0	4	0	1	1	1	2	1	1	3	3	0	1	0	0	1	0	0	1	1	2	0	0	0	0	1	2	1	0	0	0	0	0	0	0	0	0	0	1	0	1	0	1	2	0	0	1	0	0	1	0	0	0	0	0	1	1	2	1	0	0	0	0	0	0	1	1	0	1	1	0	0	0	1	1	1	1	1	0	0
0	0	0	0	0	0	0	1	2	1	3	4	4	8	1	5	1	2	4	5	7	5	2	0	0	0	0	1	0	1	1	0	0	0	0	0	1	1	1	0	0	1	0	0	0	1	0	2	2	0	0	3	1	5	0	1	8	7	7	19	0	52	14	14	3	3	4	5	2	2	3	0	2	1	0	2	1	0	2	0	1	1	1	0	2	2	0	0	0	0	0	0	1	0	0	0	0	0	0	0	1	0	0	1	0	0	0	0	0	0	1	0	0	0	2	0	0	2	0	1	2	2	0	0	1	0	1	0	0	0	0	0	1	0	1	2	0	1	2	1	0	1	2	0	2	0	0	2	1	0	0	0	1	0
0	0	0	0	0	0	0	1	0	5	5	10	12	9	2	1	2	1	5	9	1	2	4	4	0	1	0	0	0	2	0	0	0	0	1	0	1	0	0	0	1	1	0	1	1	0	0	0	0	0	2	1	0	1	2	2	5	7	7	4	52	0	47	16	4	4	5	10	3	1	2	2	0	0	0	0	2	0	2	0	1	0	1	1	0	0	0	1	0	0	1	0	1	0	0	0	0	2	0	0	0	0	0	1	0	0	1	1	0	0	0	0	1	1	1	0	0	2	0	0	1	1	0	0	0	0	0	1	0	0	0	1	0	1	1	0	1	2	0	1	1	6	0	4	3	0	2	1	1	1	0	0	0	0
0	0	0	0	0	0	0	2	5	10	9	2	6	4	5	3	2	0	3	5	1	3	3	1	0	1	0	1	0	0	0	1	0	0	0	0	0	0	0	0	0	0	0	0	1	1	0	0	0	0	0	1	0	1	2	2	5	3	6	6	14	47	0	30	11	7	10	13	4	1	1	1	1	1	3	1	0	1	0	1	2	1	2	0	0	1	0	0	0	0	1	0	0	1	0	0	1	0	0	1	0	0	0	0	1	0	0	0	1	1	0	1	0	0	0	0	1	2	0	0	0	0	0	0	0	0	0	0	0	0	2	0	1	1	2	0	1	0	2	1	0	5	0	2	4	1	0	0	1	0	1	0	0	0
0	0	0	0	0	0	0	1	3	8	7	2	2	4	1	0	0	1	3	7	3	3	4	0	0	1	0	0	1	0	0	0	0	1	1	0	0	0	0	0	1	0	0	0	2	0	0	0	1	0	0	1	0	1	2	2	10	18	13	4	14	16	30	0	35	10	9	12	5	3	0	1	1	2	1	1	0	1	3	1	1	0	0	0	0	1	0	1	1	0	0	0	1	0	1	0	0	0	2	0	0	0	0	1	0	2	0	0	0	0	0	1	0	0	1	0	0	0	1	0	0	2	2	0	0	0	0	1	0	0	0	1	0	1	0	2	1	1	4	1	1	2	1	2	2	0	3	1	1	0	1	1	0	0
0	0	0	0	0	0	0	2	0	2	2	3	0	3	0	2	0	0	3	5	3	3	1	4	0	0	0	0	0	1	0	0	1	2	1	0	0	0	0	0	0	1	1	0	0	0	1	0	0	2	0	2	2	2	4	4	14	12	7	7	3	4	11	35	0	77	15	33	21	15	4	5	3	2	6	2	3	2	7	6	1	1	0	1	1	0	0	1	0	0	0	1	2	1	0	1	0	1	1	1	1	1	1	0	0	1	0	0	0	1	1	0	0	1	1	1	1	1	1	1	1	0	0	1	0	0	0	0	3	0	0	1	0	2	2	1	1	2	0	2	2	0	0	1	0	0	1	0	0	2	2	0	0	0
0	0	0	0	0	0	0	3	2	5	3	0	2	1	1	2	1	1	0	1	2	3	3	0	1	0	0	0	1	0	0	1	0	0	1	0	0	0	0	0	1	1	0	0	0	0	0	0	0	0	1	1	2	4	3	7	7	11	6	5	3	4	7	10	77	0	18	19	9	16	3	7	11	6	7	3	5	4	3	5	0	2	1	1	0	0	0	0	0	0	0	1	1	0	0	2	0	0	1	0	1	1	2	0	1	0	0	1	0	0	1	0	1	0	1	0	0	2	0	1	1	0	0	1	0	0	0	1	0	0	2	0	0	1	1	3	1	0	0	0	0	1	1	1	0	0	1	2	0	0	0	0	2	0
0	0	0	0	0	0	0	7	9	6	7	4	2	1	0	0	0	1	0	2	2	0	3	0	1	0	0	0	0	0	0	0	0	0	0	0	0	0	0	1	0	0	1	0	1	0	2	0	0	0	1	0	1	1	2	1	5	3	1	0	4	5	10	9	15	18	0	13	6	15	4	16	4	4	8	3	6	1	3	1	5	4	1	1	0	0	1	2	0	0	0	0	0	2	0	0	1	0	1	1	0	0	1	2	2	0	0	1	1	0	0	0	0	1	0	3	0	2	3	2	2	1	0	0	1	1	0	1	1	2	1	0	1	1	3	3	6	4	4	3	0	3	2	2	4	5	0	0	1	2	1	1	0	2
0	0	0	0	0	0	0	5	8	11	8	1	0	4	0	1	0	2	2	3	5	3	3	4	0	1	0	0	0	0	0	0	0	0	0	0	1	0	0	0	0	1	1	0	0	1	1	0	1	0	0	0	5	1	6	4	13	31	5	4	5	10	13	12	33	19	13	0	42	21	2	9	8	4	2	2	3	2	2	8	7	2	3	0	1	0	0	1	0	0	2	2	1	1	0	0	0	0	0	1	0	1	0	0	1	0	0	0	0	0	0	0	0	0	1	1	0	1	1	2	0	0	1	1	0	1	3	1	0	0	1	0	0	1	1	1	4	2	2	2	2	2	4	2	0	1	1	0	0	1	0	1	0	0
0	0	0	0	0	0	0	7	4	6	3	3	1	1	0	1	0	0	2	3	3	5	5	7	0	2	1	0	0	0	0	0	0	1	1	0	0	0	1	1	0	0	1	1	0	0	1	0	1	2	1	2	2	5	6	9	7	10	3	4	2	3	4	5	21	9	6	42	0	98	9	9	5	0	6	3	4	6	6	9	9	1	1	2	3	1	0	2	0	0	0	1	0	2	1	0	0	0	1	0	0	0	0	0	4	2	3	2	1	0	2	0	2	1	2	0	5	2	0	0	1	1	2	0	2	0	0	0	0	1	2	1	0	1	1	0	2	2	1	1	2	1	1	1	2	1	2	1	1	2	1	1	0	0
0	0	0	0	0	0	0	6	7	1	3	2	3	2	1	0	0	0	3	4	0	2	1	5	1	1	1	0	2	0	0	0	0	0	0	1	0	0	0	0	0	0	1	0	1	2	1	0	0	0	1	0	4	3	8	4	4	10	2	1	2	1	1	3	15	16	15	21	98	0	22	31	9	1	5	1	11	6	9	13	6	4	0	1	0	1	1	0	1	1	0	2	0	0	0	3	0	1	0	0	0	0	2	1	0	1	0	1	1	1	2	0	0	2	0	0	3	0	3	2	2	0	0	1	1	1	3	0	3	0	1	0	0	2	2	2	2	0	2	3	2	2	1	2	0	2	0	0	1	0	0	0	0	2
0	0	0	0	0	0	0	5	1	2	0	1	0	1	0	0	0	0	0	3	1	1	0	2	0	2	0	1	0	2	0	1	1	0	0	0	0	0	0	0	0	0	1	1	2	0	1	1	0	1	1	0	2	4	7	2	5	3	2	2	3	2	1	0	4	3	4	2	9	22	0	26	9	9	7	8	4	9	2	19	4	1	1	1	1	3	2	0	1	1	1	1	0	0	3	0	0	0	1	0	1	2	1	0	0	2	0	0	3	0	0	1	1	3	2	2	2	0	2	2	2	1	0	3	0	1	0	0	1	1	2	1	0	1	1	2	1	1	2	1	1	0	2	0	0	1	0	0	1	1	0	1	0	1
0	0	0	0	0	0	0	3	5	4	3	0	0	1	1	0	0	0	0	0	3	3	2	2	1	1	0	2	2	1	1	0	0	0	0	0	2	0	0	1	0	0	3	0	1	1	0	0	2	0	2	5	0	3	4	2	6	2	3	1	0	2	1	1	5	7	16	9	9	31	26	0	19	6	8	6	18	8	8	5	9	3	1	1	1	1	0	1	0	1	3	0	0	3	0	1	1	0	0	1	0	0	0	0	0	2	0	0	0	0	0	0	2	1	1	2	3	4	3	1	2	0	1	2	2	0	0	0	1	3	0	0	1	3	3	2	1	2	0	1	2	4	1	2	0	3	1	0	0	1	0	2	2	0
0	0	0	0	0	0	0	2	5	2	0	0	0	0	0	0	1	0	2	2	0	1	0	2	1	1	0	0	0	0	0	0	0	0	0	1	0	0	1	0	0	0	0	1	3	0	0	0	1	2	1	1	1	3	1	5	1	0	0	2	2	0	1	1	3	11	4	8	5	9	9	19	0	20	15	4	4	4	0	4	2	4	1	0	0	0	0	2	1	1	1	1	0	0	0	0	1	0	0	1	1	0	1	0	1	0	1	0	2	0	1	0	1	2	2	2	3	1	5	1	5	0	0	0	0	1	0	2	0	0	0	1	1	1	0	1	2	0	2	1	1	2	0	1	0	0	1	1	0	0	1	0	0	0
0	0	0	0	0	0	0	3	6	1	2	1	0	0	0	2	0	1	0	1	1	1	0	0	1	0	2	1	0	0	0	1	0	0	0	0	0	0	1	0	0	2	0	3	1	0	1	1	0	0	0	1	3	3	4	0	1	2	1	0	1	0	1	2	2	6	4	4	0	1	9	6	20	0	31	11	5	1	1	0	1	1	1	1	0	0	0	0	0	0	1	0	0	1	2	1	0	2	0	1	1	1	2	2	0	2	3	0	0	0	1	2	0	2	1	7	7	6	4	2	1	0	0	0	2	0	0	0	1	0	0	1	1	1	1	1	1	1	3	0	1	3	1	0	0	1	0	0	0	3	1	3	0	1
0	0	0	0	0	0	0	3	3	1	2	0	0	0	0	1	0	2	2	1	1	0	1	1	1	0	0	0	2	1	1	0	1	0	0	0	1	0	0	0	2	1	1	0	0	1	0	0	0	1	0	0	1	0	0	1	2	4	0	0	0	0	3	1	6	7	8	2	6	5	7	8	15	31	0	22	7	2	0	2	1	0	1	0	0	0	0	1	0	0	1	0	0	1	2	1	0	1	0	1	1	2	1	0	4	2	1	1	1	1	0	1	4	0	4	3	4	9	6	2	1	0	2	2	2	0	2	2	0	0	0	2	1	0	2	1	2	1	3	0	1	0	1	0	1	1	0	0	1	0	1	0	0	0
0	0	0	0	0	0	0	3	5	2	1	1	1	1	1	0	0	0	1	1	1	0	0	1	0	1	0	0	0	0	0	0	0	0	0	0	0	0	0	0	0	0	0	1	1	0	3	0	2	0	0	0	1	1	1	2	4	0	1	4	2	0	1	1	2	3	3	2	3	1	8	6	4	11	22	0	17	5	3	3	4	1	3	1	0	2	0	0	1	1	0	3	3	4	0	1	1	0	0	0	1	0	1	0	0	1	1	1	1	0	0	0	0	0	1	2	6	4	6	4	9	1	2	1	1	0	1	2	0	0	1	3	0	3	3	8	6	4	2	1	1	1	2	1	0	0	0	0	0	2	0	0	0	2
0	0	0	0	0	0	0	7	5	3	3	4	1	0	1	0	0	0	0	3	1	3	1	1	1	1	0	1	0	0	0	0	0	0	0	0	1	0	0	0	0	0	1	1	0	0	1	1	0	0	0	0	0	4	1	1	3	2	2	0	1	2	0	0	3	5	6	3	4	11	4	18	4	5	7	17	0	14	7	8	20	4	4	1	0	1	2	2	0	2	1	0	4	0	2	0	0	3	4	0	2	1	0	2	0	1	0	1	2	2	0	2	2	0	3	1	5	5	6	6	7	1	2	1	1	0	0	2	0	2	2	1	1	4	4	9	3	4	1	0	2	2	1	0	0	0	1	1	1	2	3	0	2	0
0	0	0	0	0	0	0	5	11	1	2	0	0	0	0	2	0	1	0	4	1	3	2	8	2	0	1	0	2	0	1	0	0	0	0	0	0	1	1	1	0	0	1	1	2	2	1	2	1	1	0	2	3	7	7	2	2	2	2	1	0	0	1	1	2	4	1	2	6	6	9	8	4	1	2	5	14	0	26	20	88	15	3	4	1	1	1	1	0	1	2	1	2	2	1	1	3	2	2	0	1	1	0	1	2	1	0	2	0	1	1	0	1	1	1	1	3	1	3	4	6	4	0	0	0	2	2	2	1	2	1	1	0	0	1	1	1	0	2	1	4	3	0	0	3	0	1	0	3	2	0	0	1	2
0	0	0	0	0	0	0	1	2	3	1	2	1	2	1	0	0	0	2	4	2	2	1	17	4	1	1	2	0	2	0	2	0	0	0	1	2	1	0	0	0	1	0	2	1	2	3	2	0	0	2	4	5	10	11	14	5	2	2	1	2	2	0	3	7	3	3	2	6	9	2	8	0	1	0	3	7	26	0	61	13	6	1	1	0	0	0	0	0	0	0	4	2	3	1	1	0	0	0	2	2	0	0	1	0	1	0	1	0	0	0	1	0	0	1	2	1	2	1	1	1	2	2	0	1	0	1	0	0	0	0	1	0	1	1	3	0	0	0	0	0	1	3	1	0	1	1	1	2	1	1	6	1	0
0	0	0	0	0	0	0	3	1	1	3	0	2	2	0	1	0	0	0	2	3	1	1	7	4	0	1	0	1	1	0	1	0	0	1	0	0	0	1	0	1	0	1	0	0	2	3	3	0	1	1	3	1	22	13	3	5	4	3	1	0	0	1	1	6	5	1	8	9	13	19	5	4	0	2	3	8	20	61	0	16	3	1	1	4	1	1	0	0	1	0	1	2	0	2	1	0	0	1	0	2	0	0	2	0	1	0	0	2	0	0	1	0	0	1	3	1	3	1	2	1	1	3	0	2	2	0	1	0	0	0	2	2	2	2	0	1	3	0	1	3	3	2	1	1	1	1	0	0	1	0	0	1	0
0	0	0	0	0	0	0	11	10	8	3	2	2	1	1	0	0	0	3	3	3	3	0	7	3	1	1	0	0	0	0	0	1	0	1	1	0	0	0	0	0	0	0	0	0	1	1	0	0	2	0	2	1	4	4	3	1	4	3	2	1	1	2	1	1	0	5	7	9	6	4	9	2	1	1	4	20	88	13	16	0	13	2	1	0	1	0	0	1	0	3	4	4	3	0	1	3	1	0	0	2	1	0	1	1	1	0	0	2	1	0	1	1	2	2	1	0	0	5	2	6	1	2	0	2	2	2	4	1	1	3	1	2	0	1	3	3	2	0	0	2	2	2	1	4	0	1	2	1	1	1	2	3	0
0	0	0	0	0	0	0	5	7	1	4	3	0	2	0	1	0	1	0	2	3	1	1	2	2	1	2	1	0	0	0	0	0	0	0	0	0	0	2	0	0	0	0	1	2	0	1	0	1	0	1	0	1	0	3	1	1	3	1	1	1	0	1	0	1	2	4	2	1	4	1	3	4	1	0	1	4	15	6	3	13	0	10	8	3	0	3	2	1	0	2	3	3	1	3	1	0	1	0	0	0	1	2	0	1	2	2	2	1	0	0	2	1	1	1	0	0	1	2	4	8	6	4	2	2	1	4	3	0	3	4	2	2	1	2	4	6	2	1	3	5	2	1	4	2	2	0	1	2	3	3	3	1	3
0	0	0	0	0	0	0	3	3	2	2	1	0	0	2	2	0	1	0	1	1	1	2	0	1	1	0	2	1	0	0	0	0	0	0	1	0	0	0	0	0	0	2	1	0	0	0	0	0	0	0	1	0	0	0	1	2	2	1	1	1	1	2	0	0	1	1	3	1	0	1	1	1	1	1	3	4	3	1	1	2	10	0	22	12	5	4	5	0	1	3	3	6	3	5	1	0	1	1	1	0	0	0	0	2	1	0	1	0	1	1	1	0	0	0	1	1	1	3	2	0	11	5	10	0	1	3	2	2	1	0	2	4	1	3	9	8	5	8	9	16	3	6	3	4	5	2	3	12	21	9	5	3	2
0	0	0	0	0	0	0	2	1	1	1	1	0	1	0	0	0	0	1	0	1	1	0	1	1	0	0	0	0	0	0	0	0	0	0	0	0	0	0	0	0	0	0	0	1	0	0	0	0	0	1	1	0	1	2	1	0	0	0	3	0	1	0	0	1	1	1	0	2	1	1	1	0	1	0	1	1	4	1	1	1	8	22	0	135	22	10	3	2	3	3	5	5	4	0	2	2	2	2	1	1	0	0	1	1	1	2	0	0	0	0	1	1	2	0	1	0	1	2	4	3	7	12	6	2	1	3	4	4	4	1	1	0	4	5	3	2	3	14	9	9	1	3	1	0	3	0	1	14	15	18	7	2	6
0	0	0	0	0	0	0	1	6	0	2	3	3	0	2	2	0	0	1	3	0	0	2	1	0	1	1	0	0	0	1	0	0	0	1	0	0	0	0	0	0	1	0	0	0	0	0	0	0	0	0	0	1	0	0	0	0	0	0	3	2	0	0	0	1	0	0	1	3	0	1	1	0	0	0	0	0	1	0	4	0	3	12	135	0	19	13	9	3	3	8	4	11	6	3	0	2	0	2	0	0	1	2	0	1	0	0	1	0	0	0	0	0	0	1	2	0	0	2	4	3	7	8	9	5	3	3	2	1	0	3	5	2	2	2	2	6	9	9	5	5	4	4	3	0	4	2	4	15	11	10	6	5	7
0	0	0	0	0	0	0	2	1	1	2	2	0	1	0	0	0	1	1	0	0	0	0	0	1	0	0	0	0	0	0	0	0	0	0	0	0	1	0	0	0	0	0	0	0	0	0	0	1	0	0	0	0	1	0	1	0	1	0	0	2	0	1	1	0	0	0	0	1	1	3	1	0	0	0	2	1	1	0	1	1	0	5	22	19	0	31	13	5	10	18	13	14	2	0	1	0	1	2	2	4	4	0	1	1	1	1	1	0	1	1	1	0	0	0	1	0	0	0	2	0	3	9	15	4	2	4	4	1	3	2	8	4	5	2	2	3	3	3	9	3	0	1	3	1	2	1	1	5	0	5	7	3	5
0	0	0	0	0	0	0	1	0	0	2	0	0	1	0	0	0	2	0	0	1	0	1	1	1	1	0	0	0	0	0	0	0	0	0	0	1	0	0	0	0	0	0	0	0	0	0	1	0	1	1	1	0	0	0	0	0	0	0	1	0	0	0	0	0	0	1	0	0	1	2	0	0	0	0	0	2	1	0	1	0	3	4	10	13	31	0	14	6	9	8	10	4	0	1	2	1	1	1	5	4	1	0	0	1	1	0	1	1	1	0	0	0	0	0	0	0	0	0	0	0	0	1	2	4	0	2	2	5	2	1	1	1	4	1	1	6	3	0	2	1	3	3	2	1	1	2	3	4	6	6	1	1	4
0	0	0	0	0	0	0	0	0	1	2	2	0	0	1	0	0	1	0	0	1	0	0	0	0	0	0	0	0	0	0	0	0	0	0	0	1	0	0	0	0	0	0	0	0	0	1	0	0	0	0	1	1	0	0	0	1	0	1	0	0	1	0	1	1	0	2	1	2	0	0	1	2	0	1	0	2	1	0	0	0	2	5	3	9	13	14	0	29	11	5	8	3	2	0	0	1	4	5	1	2	2	3	1	0	2	1	1	1	1	0	0	0	2	0	1	1	0	2	1	0	2	3	8	1	1	2	2	2	1	1	6	7	7	4	3	5	4	5	2	2	1	0	1	1	3	2	1	5	2	3	2	1	0
0	0	0	0	0	0	0	0	2	0	1	0	0	0	1	0	0	0	0	0	0	2	0	0	0	0	0	0	0	0	0	0	0	0	0	0	0	1	0	2	0	0	0	0	1	0	0	0	0	0	1	0	0	0	0	0	0	1	1	0	0	0	0	1	0	0	0	0	0	1	1	0	1	0	0	1	0	0	0	0	1	1	0	2	3	5	6	29	0	31	8	4	4	0	1	1	2	2	1	0	5	0	2	1	2	1	1	0	2	0	0	1	1	0	1	0	1	1	2	0	0	1	4	0	5	0	2	0	3	3	2	3	0	6	2	2	2	2	3	2	0	0	1	0	1	2	0	1	1	4	0	3	1	2
0	0	0	0	0	0	0	0	0	1	0	0	2	0	0	0	0	0	1	1	0	0	0	1	1	0	1	0	0	0	0	0	0	0	0	0	0	0	0	0	0	0	0	0	0	0	0	0	0	0	0	0	0	0	0	3	0	0	0	1	0	0	0	0	0	0	0	0	0	1	1	1	1	0	0	1	2	1	0	1	0	0	1	3	3	10	9	11	31	0	14	8	3	1	2	1	2	0	5	3	8	7	3	2	0	2	0	2	0	1	1	2	0	1	0	0	0	3	0	0	1	6	3	2	4	0	3	1	2	5	0	3	8	2	1	2	4	3	3	0	0	0	0	0	0	3	1	4	0	3	1	1	3	0
0	0	0	0	0	0	0	2	2	0	1	0	1	0	0	0	1	0	0	1	1	0	1	0	0	0	0	0	0	0	0	0	0	0	0	0	1	0	0	0	0	0	0	0	0	0	0	0	0	0	0	0	0	0	1	0	0	0	0	0	0	1	1	0	0	0	0	2	0	0	1	3	1	1	1	0	1	2	0	0	3	2	3	3	8	18	8	5	8	14	0	34	5	4	4	2	1	3	4	1	10	2	1	2	1	5	2	2	1	0	3	1	2	2	1	3	0	2	5	1	1	3	16	7	4	7	12	12	3	12	4	13	10	5	4	3	1	2	3	2	2	0	3	2	0	0	0	2	3	5	3	4	1	7
0	0	0	0	0	0	0	1	2	1	0	0	0	1	0	0	0	0	0	0	0	0	0	0	0	1	0	0	0	1	1	0	0	0	0	0	0	0	1	0	0	0	0	0	0	3	0	0	1	0	1	0	0	0	0	0	1	0	0	0	0	0	0	0	1	1	0	2	1	2	1	0	1	0	0	3	0	1	4	1	4	3	3	5	4	13	10	8	4	8	34	0	17	8	2	1	1	2	2	1	5	2	2	3	4	0	0	1	1	1	0	0	0	1	1	2	3	2	0	2	2	7	25	23	12	8	18	17	7	15	3	19	9	5	2	3	1	3	4	1	1	1	2	2	2	3	3	1	0	1	2	1	2	5
0	0	0	0	0	0	0	1	1	1	0	1	0	0	0	0	1	0	0	0	0	0	1	3	1	0	0	0	2	0	0	0	0	0	0	0	0	0	1	0	0	0	1	0	1	0	0	0	0	0	1	2	0	1	1	0	2	0	0	1	1	1	0	1	2	1	0	1	0	0	0	0	0	0	0	3	4	2	2	2	4	3	6	5	11	14	4	3	4	3	5	17	0	16	4	0	3	1	4	1	2	2	2	0	3	0	3	0	0	0	1	0	2	3	0	0	1	1	2	4	5	35	54	28	9	2	5	4	3	5	4	9	0	3	12	14	5	3	3	2	4	2	2	1	2	2	2	3	2	7	3	10	2	4
0	0	0	0	0	0	0	0	0	1	0	0	0	0	0	1	0	0	0	1	1	1	0	0	1	0	1	1	0	0	0	0	0	0	0	0	0	0	0	0	0	0	0	3	1	0	1	0	0	0	1	0	0	1	0	0	0	0	0	1	0	0	1	0	1	0	2	1	2	0	0	3	0	1	1	4	0	2	3	0	3	1	3	4	6	2	0	2	0	1	4	8	16	0	24	2	2	7	2	1	3	1	0	3	8	1	2	3	3	2	2	1	4	2	5	1	1	2	2	7	7	17	6	8	1	4	9	1	4	6	15	10	7	6	14	7	7	4	1	2	2	1	0	1	3	0	0	0	2	4	2	9	1	2
0	0	0	0	0	0	0	3	1	1	1	0	0	0	0	0	0	0	0	1	0	0	0	0	0	0	0	1	1	0	0	1	0	0	1	1	0	1	0	0	0	0	0	1	0	0	1	0	1	0	0	1	1	0	0	0	0	0	0	2	0	0	0	1	0	0	0	0	1	0	3	0	0	2	2	0	2	1	1	2	0	3	5	0	3	0	1	0	1	2	4	2	4	24	0	7	10	12	7	2	1	3	5	3	5	4	2	2	1	0	5	2	2	3	4	1	2	2	5	8	6	4	0	2	2	2	4	1	4	7	8	6	4	0	6	1	2	1	2	1	2	1	1	1	0	1	1	0	1	4	1	0	2	1
0	0	0	0	0	0	0	0	0	1	0	1	0	0	1	0	0	0	0	0	0	0	0	1	0	0	0	0	0	0	0	0	0	0	0	0	0	0	0	0	0	0	0	0	0	2	0	0	0	0	0	0	0	1	0	1	0	0	0	0	0	0	0	0	1	2	0	0	0	3	0	1	0	1	1	1	0	1	1	1	1	1	1	2	0	1	2	0	1	1	2	1	0	2	7	0	160	10	7	6	3	5	1	2	9	3	3	8	5	5	7	11	6	4	3	3	3	5	2	4	2	1	2	5	1	3	4	1	3	1	8	3	2	1	5	1	2	0	0	1	1	1	1	0	0	0	1	0	0	0	0	2	2	3
0	0	0	0	0	0	0	0	0	0	0	0	0	0	0	0	1	0	0	2	0	0	2	0	0	0	1	0	1	0	0	0	0	0	0	1	0	0	0	0	0	0	0	1	0	0	0	0	0	0	0	0	0	0	1	0	0	0	1	0	0	0	1	0	0	0	1	0	0	0	0	1	1	0	0	1	0	3	0	0	3	0	0	2	2	0	1	1	2	2	1	1	3	2	10	160	0	22	13	4	1	2	3	4	3	1	6	4	6	7	11	12	6	2	2	2	1	3	6	0	5	2	2	2	1	2	2	0	3	6	9	6	5	2	1	1	3	0	1	0	0	2	1	0	3	0	0	0	2	1	0	0	2	0
0	0	0	0	0	0	0	1	0	1	0	0	0	0	0	0	0	0	0	0	0	0	0	2	0	1	1	0	0	0	0	0	0	0	0	0	0	0	0	0	0	0	0	0	0	1	0	1	0	0	0	0	0	1	0	1	0	0	0	0	0	2	0	0	1	0	0	0	0	1	0	0	0	2	1	0	3	2	0	0	1	1	1	2	0	1	1	4	2	0	3	2	1	7	12	10	22	0	84	7	9	10	7	12	3	1	2	12	9	12	5	2	1	1	4	0	2	3	2	1	4	2	0	1	3	1	2	3	5	4	11	10	15	14	3	2	1	6	3	0	0	1	2	0	0	1	0	0	1	1	2	2	2	0
0	0	0	0	0	0	0	3	1	1	1	1	0	0	0	0	0	0	1	0	1	0	0	0	0	1	0	0	0	0	0	0	0	0	0	0	0	0	0	0	0	0	0	0	0	0	0	0	0	0	0	0	1	1	1	0	0	0	0	0	0	0	0	2	1	1	1	0	1	0	1	0	0	0	0	0	4	2	0	1	0	0	1	2	2	2	1	5	1	5	4	2	4	2	7	7	13	84	0	15	12	9	12	16	8	4	2	10	12	8	9	3	2	0	2	3	1	3	2	2	2	0	2	1	0	1	5	2	3	7	11	2	11	3	4	0	1	1	0	1	0	1	0	1	0	0	0	0	2	1	1	0	2	2
0	0	0	0	0	0	0	1	2	1	0	0	0	0	0	0	0	0	1	1	0	0	0	0	0	0	0	0	0	0	0	0	0	0	0	0	1	0	0	0	0	0	0	0	0	1	0	0	0	0	0	0	0	0	0	0	0	1	0	1	0	0	1	0	1	0	1	1	0	0	0	1	1	1	1	0	0	0	2	0	0	0	1	1	0	2	5	1	0	3	1	1	1	1	2	6	4	7	15	0	19	13	7	12	3	2	3	5	4	5	2	2	3	2	0	2	0	0	0	0	0	0	1	3	1	1	2	0	2	4	11	6	8	2	6	2	0	2	1	0	1	0	0	1	1	0	0	1	0	0	1	1	1	1
0	0	0	0	0	0	0	1	1	2	0	0	0	0	0	0	0	0	2	0	0	0	0	0	0	0	0	0	0	0	0	0	0	0	1	0	0	0	0	0	0	0	0	0	0	0	0	0	0	0	0	0	0	0	0	0	0	0	0	2	1	0	0	0	1	1	0	0	0	0	1	0	1	1	1	1	2	1	2	2	2	0	0	1	0	4	4	2	5	8	10	5	2	3	1	3	1	9	12	19	0	16	5	5	6	0	1	6	4	1	1	1	1	2	0	2	0	1	3	0	0	0	5	1	4	1	3	4	2	16	1	15	22	4	1	2	2	2	1	1	0	0	0	0	0	0	1	0	0	1	0	1	2	2
0	0	0	0	0	0	0	1	1	1	1	0	2	0	0	0	1	0	0	0	3	1	1	0	0	1	0	0	1	0	0	0	0	0	0	0	0	0	0	0	0	0	0	0	1	0	0	1	0	0	0	0	0	0	0	0	0	1	1	1	0	0	0	0	1	1	0	1	0	0	2	0	0	1	2	0	1	1	0	0	1	1	0	0	1	4	1	2	0	7	2	2	2	1	3	5	2	10	9	13	16	0	46	19	3	1	5	8	1	3	1	3	0	1	0	0	3	2	0	1	1	1	6	1	0	2	1	2	2	4	4	6	18	11	4	5	2	3	1	0	0	1	2	1	1	0	0	0	1	0	1	3	0	1
0	0	0	0	0	0	0	2	3	0	0	0	0	0	0	0	0	0	0	0	0	0	1	0	1	0	2	0	0	2	2	0	0	0	0	0	0	0	0	0	1	0	0	0	0	0	0	0	0	1	0	0	0	0	0	0	0	0	0	0	0	0	0	0	1	2	1	0	0	2	1	0	1	2	1	1	0	0	0	0	0	2	0	0	2	0	0	3	2	3	1	2	2	0	5	1	3	7	12	7	5	46	0	28	6	2	4	5	1	2	0	3	4	2	2	0	1	2	2	0	1	1	1	2	2	2	2	2	0	1	3	3	9	10	8	1	0	2	0	1	0	0	1	0	0	0	0	0	0	1	1	2	0	0
0	0	0	0	0	0	0	0	0	1	0	0	0	0	0	0	0	1	0	0	0	0	0	2	3	0	0	0	1	1	0	0	1	0	1	0	0	0	0	0	0	0	1	0	0	1	1	0	2	0	0	0	1	0	0	0	0	1	0	0	1	1	0	1	0	0	2	0	0	1	0	0	0	2	0	0	2	1	1	2	1	0	0	1	0	1	0	1	1	2	2	3	0	3	3	2	4	12	16	12	5	19	28	0	18	14	12	18	4	3	1	2	4	1	2	2	3	7	2	3	4	3	4	2	0	0	3	3	1	4	3	6	5	9	8	2	1	1	1	2	1	1	0	0	0	0	0	1	0	0	1	2	0	0
0	0	0	0	0	0	0	1	1	0	0	1	0	1	0	1	1	0	0	0	1	1	2	0	1	0	0	1	0	1	0	0	0	0	0	0	0	0	0	0	0	0	0	0	0	0	1	0	1	0	0	0	1	2	0	0	0	0	0	0	0	0	1	0	0	1	2	1	4	0	0	0	1	0	4	0	0	2	0	0	1	1	2	1	1	1	1	0	2	0	1	4	3	8	5	9	3	3	8	3	6	3	6	18	0	14	9	4	0	2	1	1	2	3	1	4	6	6	5	1	6	2	2	1	2	0	1	1	1	0	5	3	5	7	3	4	0	2	1	0	4	1	2	0	0	1	1	0	1	0	1	0	2	0
0	0	0	0	0	0	0	0	1	0	0	0	0	1	0	0	0	0	0	0	0	0	0	0	1	1	0	0	0	0	0	1	0	0	0	0	1	0	0	0	0	0	0	1	0	0	0	0	0	1	0	0	1	0	2	1	0	0	0	0	0	0	0	2	1	0	0	0	2	1	2	2	0	2	2	1	1	1	1	1	1	2	1	1	0	1	1	2	1	2	5	0	0	1	4	3	1	1	4	2	0	1	2	14	14	0	12	10	2	1	3	2	2	2	4	10	4	6	5	1	2	0	0	1	0	2	2	0	0	1	1	1	2	2	6	1	3	3	2	0	4	2	1	1	2	0	1	0	2	0	0	1	1	1
0	0	0	0	0	0	0	1	0	0	1	2	0	0	1	0	0	0	0	0	2	1	0	0	0	0	0	0	1	0	0	0	0	0	0	0	0	0	0	0	0	0	1	0	0	0	1	0	0	0	1	0	0	0	0	0	0	0	0	0	0	1	0	0	0	0	0	0	3	0	0	0	1	3	1	1	0	0	0	0	0	2	0	2	0	1	0	1	1	0	2	0	3	2	2	3	6	2	2	3	1	5	4	12	9	12	0	28	7	3	4	5	2	7	0	3	1	4	5	0	3	2	0	0	0	2	1	0	2	2	4	3	2	0	1	0	1	1	3	0	0	1	1	0	1	0	0	0	0	0	0	1	0	0
0	0	0	0	0	0	0	0	0	0	0	1	0	0	0	0	0	0	0	0	0	0	0	1	0	0	2	1	0	0	0	0	0	0	0	0	0	0	0	0	1	0	1	0	0	0	0	1	0	0	0	0	1	0	1	0	1	0	0	0	0	1	0	0	0	1	1	0	2	1	0	0	0	0	1	1	1	2	1	0	0	2	1	0	1	1	1	1	0	2	2	1	0	3	2	8	4	12	10	5	6	8	5	18	4	10	28	0	19	4	4	2	4	2	3	5	3	2	0	1	2	1	1	2	2	2	0	1	5	2	5	2	5	0	1	1	3	0	4	0	1	1	1	0	0	0	1	1	1	1	1	2	1	2
0	0	0	0	0	0	0	1	0	0	0	0	0	1	0	0	0	0	0	1	0	1	1	1	1	1	0	0	1	0	0	0	0	0	0	0	0	0	0	0	0	0	0	0	0	0	2	0	0	0	0	0	0	1	1	0	0	0	0	0	0	0	1	0	0	0	1	0	1	1	3	0	2	0	1	1	2	0	0	2	2	1	0	0	0	0	1	1	2	0	1	1	0	3	1	5	6	9	12	4	4	1	1	4	0	2	7	19	0	18	3	4	1	5	3	0	1	0	3	0	1	2	0	1	1	4	3	1	2	2	2	4	0	3	3	1	0	0	0	0	0	0	1	1	0	0	0	0	0	0	0	0	0	0
0	0	0	0	0	0	0	1	3	1	2	0	0	0	0	0	0	0	0	0	1	0	0	1	0	0	0	0	0	0	0	0	0	0	1	0	0	0	0	0	0	1	0	0	1	0	0	0	0	0	0	1	0	0	1	1	0	0	0	0	0	0	1	0	1	0	0	0	0	1	0	0	0	0	1	0	2	1	0	0	1	0	1	0	0	1	1	1	0	1	0	1	0	2	0	5	7	12	8	5	1	3	2	3	2	1	3	4	18	0	28	10	8	3	0	3	0	1	1	2	0	0	2	2	0	1	2	1	1	1	2	3	1	2	1	0	0	0	0	1	1	1	2	1	0	0	0	0	0	0	1	0	0	0
0	0	0	0	0	0	0	0	0	0	1	0	0	0	0	0	1	0	1	0	0	0	0	0	0	1	0	0	0	0	0	0	0	0	0	0	0	0	1	0	1	1	1	0	0	0	0	0	0	1	0	0	1	0	0	0	0	0	0	0	1	0	0	0	1	1	0	0	2	2	0	0	1	1	0	0	0	1	0	0	0	0	1	0	0	1	0	0	0	1	3	0	1	2	5	7	11	5	9	2	1	1	0	1	1	3	4	4	3	28	0	28	2	3	2	0	1	1	4	1	2	0	0	0	1	0	2	2	2	1	2	2	2	1	1	1	0	0	0	1	1	0	0	0	0	2	2	0	0	0	0	0	2	1
0	0	0	0	0	0	0	0	0	0	1	0	0	0	0	0	0	1	0	0	0	0	0	1	0	0	0	1	0	0	0	0	0	0	0	1	1	0	0	1	0	0	0	0	0	0	0	0	0	0	0	0	1	0	1	0	0	0	0	0	0	0	1	1	0	0	0	0	0	0	1	0	0	2	1	0	2	0	1	1	1	2	1	1	0	1	0	0	1	2	1	0	0	1	2	11	12	2	3	2	1	3	3	2	1	2	5	2	4	10	28	0	24	11	3	2	3	2	1	1	1	1	1	2	0	0	2	0	1	0	2	1	1	2	2	0	1	1	0	0	2	2	0	0	0	0	1	0	0	1	1	0	1	0
0	0	0	0	0	0	0	1	0	2	0	0	0	1	0	0	0	0	1	0	0	0	0	0	1	0	1	0	0	0	0	0	0	0	0	0	0	1	0	0	0	0	0	2	0	0	1	0	0	1	0	1	0	0	0	0	0	0	2	1	0	1	0	0	0	1	0	0	2	0	1	2	1	0	4	0	2	1	0	0	1	1	0	1	0	0	0	0	1	0	2	0	2	4	2	6	6	1	2	3	1	0	4	4	2	2	2	4	1	8	2	24	0	38	10	4	3	1	4	1	1	2	1	2	1	0	1	1	1	5	3	2	3	1	0	1	3	0	0	0	1	0	0	1	1	0	0	0	0	0	1	0	0	0
0	0	0	0	0	0	0	1	1	0	0	2	0	0	1	0	0	0	1	0	0	0	1	1	0	1	0	0	0	0	0	0	0	1	1	0	0	1	0	0	0	0	0	0	0	0	0	0	0	0	0	0	0	0	0	0	0	0	0	0	0	1	0	0	1	0	1	0	1	2	3	1	2	2	0	0	0	1	0	0	2	1	0	2	0	0	0	2	0	1	2	1	3	2	3	4	2	1	0	2	2	1	2	1	3	2	7	2	5	3	3	11	38	0	21	7	3	4	2	5	3	0	0	0	2	0	0	0	0	1	0	2	2	1	2	0	2	1	0	0	0	0	0	0	0	1	0	0	1	0	0	1	1	0
0	0	0	0	0	0	0	1	0	0	0	0	0	1	1	0	0	0	1	0	0	0	0	0	0	0	2	0	0	0	1	0	0	0	0	0	0	0	0	0	0	0	0	0	1	0	0	1	1	1	1	0	0	0	1	1	0	2	0	1	2	1	0	1	1	1	0	1	2	0	2	1	2	1	4	1	3	1	1	1	2	1	0	0	1	0	0	0	1	0	1	1	0	5	4	3	2	4	2	0	0	0	2	2	1	4	0	3	3	0	2	3	10	21	0	27	15	4	7	2	1	1	3	1	0	1	2	1	0	2	0	3	1	2	0	2	1	0	0	1	1	3	0	0	1	2	0	1	0	0	0	2	0	0
0	0	0	0	0	0	0	0	1	1	1	2	0	0	1	3	0	0	1	0	1	1	2	1	0	0	2	0	1	0	0	0	0	0	0	0	0	0	0	0	0	0	0	0	0	1	1	0	0	0	0	0	0	1	1	0	1	1	0	0	0	0	0	0	1	0	3	1	0	0	2	2	2	7	3	2	1	1	2	3	1	0	1	1	2	1	0	1	0	0	3	2	0	1	1	3	2	0	3	2	2	0	0	2	4	10	3	5	0	3	0	2	4	7	27	0	42	14	5	2	1	1	1	1	0	3	0	2	0	0	1	1	0	1	0	4	1	0	0	0	1	0	0	1	0	0	0	0	1	1	1	0	0	0
0	0	0	0	0	0	0	1	0	0	0	2	0	0	0	0	0	0	1	1	1	0	1	0	2	0	0	0	0	1	0	0	0	0	0	0	0	0	0	0	0	0	2	0	0	1	0	0	1	0	0	0	1	0	0	1	0	0	0	1	0	0	1	0	1	0	0	0	5	3	2	3	3	7	4	6	5	3	1	1	0	0	1	0	0	0	0	1	1	0	0	3	1	1	2	3	1	2	1	0	0	3	1	3	6	4	1	3	1	0	1	3	3	3	15	42	0	24	10	1	1	1	0	0	0	1	2	1	1	0	1	0	0	1	5	0	2	2	1	0	1	0	0	1	0	1	1	0	0	1	0	1	0	0
0	0	0	0	0	0	0	1	2	1	0	0	1	0	0	0	0	0	2	0	3	0	0	1	0	0	2	0	0	1	1	0	0	0	0	0	0	1	0	0	2	0	1	0	0	0	0	0	0	0	2	0	2	0	1	1	1	0	0	2	2	2	2	0	1	2	2	1	2	0	0	4	1	6	9	4	5	1	2	3	0	1	1	1	0	0	0	0	1	3	2	2	1	2	2	5	3	3	3	0	1	2	2	7	6	6	4	2	0	1	1	2	1	4	4	14	24	0	13	3	5	1	1	2	1	1	1	0	0	0	1	2	1	1	6	1	0	3	1	1	0	2	2	1	2	0	0	0	2	0	0	1	0	0
0	0	0	0	0	0	0	1	0	1	2	0	1	1	1	0	0	0	0	1	1	0	1	0	1	3	1	0	0	0	1	0	0	0	2	1	1	0	0	0	0	0	1	0	0	1	0	0	2	0	1	1	1	1	1	0	1	0	1	0	0	0	0	1	1	0	3	1	0	3	2	3	5	4	6	6	6	3	1	1	5	2	3	2	2	0	0	2	2	0	5	0	2	2	5	2	6	2	2	0	3	0	2	2	5	5	5	0	3	1	4	1	4	2	7	5	10	13	0	18	10	4	1	2	2	2	1	0	0	1	3	3	2	3	8	3	1	2	2	1	2	1	1	2	0	0	0	0	0	1	1	3	1	1
0	0	0	0	0	0	0	2	2	2	0	0	0	2	0	1	1	0	0	1	0	0	0	1	0	0	0	0	1	1	1	0	0	0	0	0	0	1	0	0	1	0	2	0	0	0	1	0	0	0	0	1	4	0	1	0	0	2	1	0	1	0	0	0	1	1	2	2	0	2	2	1	1	2	2	4	6	4	1	2	2	4	2	4	4	2	0	1	0	0	1	2	4	7	8	4	0	1	2	0	0	1	0	3	1	1	0	1	0	2	1	1	1	5	2	2	1	3	18	0	36	3	1	1	2	2	5	1	1	1	2	1	2	1	7	4	1	1	0	0	3	1	2	0	0	1	0	0	1	1	2	2	5	1
0	0	0	0	0	0	0	3	1	1	2	1	0	1	1	1	0	0	0	1	1	1	0	1	0	0	0	0	0	0	0	0	0	0	0	1	1	0	1	0	0	0	1	0	1	1	1	1	1	0	0	1	0	3	1	0	3	1	1	1	2	1	0	0	1	1	2	0	1	2	2	2	5	1	1	9	7	6	1	1	6	8	0	3	3	0	0	0	0	1	1	2	5	7	6	2	5	4	2	0	0	1	1	4	6	2	3	2	1	0	2	1	1	3	1	1	1	5	10	36	0	13	3	2	1	0	3	4	1	1	1	3	1	5	8	7	6	3	0	0	0	0	2	1	0	0	0	0	2	4	4	7	1	4
0	0	0	0	0	0	0	4	0	2	0	1	0	0	0	1	0	0	0	0	0	1	1	1	0	0	0	0	2	0	0	1	0	0	0	0	0	0	0	0	0	0	0	0	0	0	2	0	0	0	2	1	1	2	0	1	0	0	0	0	2	1	0	2	0	0	1	0	1	0	1	0	0	0	0	1	1	4	2	1	1	6	11	7	7	3	0	2	1	6	3	7	35	17	4	1	2	2	0	0	0	1	1	3	2	0	2	1	2	0	0	1	2	0	1	1	1	1	4	3	13	0	23	16	7	4	6	5	1	4	0	8	2	4	6	4	3	2	0	2	6	2	3	0	0	1	1	2	3	5	2	11	5	6
0	0	0	0	0	0	0	2	1	0	0	2	1	0	0	0	0	0	0	2	2	1	0	2	0	0	0	0	0	0	0	0	0	0	0	0	1	1	0	0	0	0	0	0	1	0	1	1	0	0	2	0	0	0	2	1	1	0	0	0	0	0	0	2	0	0	0	1	2	0	0	1	0	0	2	2	2	0	2	3	2	4	5	12	8	9	1	3	4	3	16	25	54	6	0	2	2	0	2	1	5	6	1	4	2	0	0	1	0	2	0	1	1	0	3	1	0	1	1	1	3	23	0	659	22	11	16	9	1	6	2	6	6	7	0	4	4	1	5	3	3	0	0	0	0	1	1	0	2	2	6	16	5	2
0	0	0	0	0	0	0	2	0	0	2	0	1	0	0	1	0	0	0	0	0	0	0	1	0	3	1	0	0	1	0	0	0	0	0	0	0	0	0	1	0	1	0	0	0	0	0	0	0	0	1	2	0	0	0	2	0	2	0	1	0	0	0	0	1	1	0	1	0	1	3	2	0	0	2	1	1	0	0	0	0	2	10	6	9	15	2	8	0	2	7	23	28	8	2	5	2	1	1	3	1	1	2	2	1	1	0	2	1	2	0	2	2	0	1	1	0	2	2	1	2	16	659	0	33	8	14	8	3	7	1	8	8	4	1	1	5	3	5	1	2	2	3	1	3	0	0	1	2	6	10	17	5	7
0	0	0	0	0	0	0	3	1	0	0	1	0	0	0	0	0	0	1	1	0	0	0	0	1	0	1	0	2	0	0	0	0	1	0	0	0	0	0	1	1	0	1	2	0	0	2	0	0	0	0	0	1	1	1	0	0	1	0	0	1	0	0	0	0	0	1	0	2	1	0	2	0	2	2	1	1	0	1	2	2	2	0	2	5	4	4	1	5	4	4	12	9	1	2	1	1	3	0	1	4	0	2	0	2	0	0	2	1	0	1	0	1	2	0	0	0	1	2	2	1	7	22	33	0	27	20	15	6	9	2	6	4	2	3	0	3	0	2	1	2	1	0	3	0	3	0	1	1	5	7	10	9	9
0	0	0	0	0	0	0	1	0	0	1	1	0	0	0	0	0	0	3	0	1	0	1	0	1	0	0	1	0	0	0	1	1	0	0	0	1	0	1	0	0	0	0	0	0	0	0	0	0	0	0	1	0	0	0	1	0	2	0	0	0	0	0	0	0	0	1	1	0	1	1	0	1	0	0	0	0	2	0	2	2	1	1	1	3	2	0	1	0	0	7	8	2	4	2	3	2	1	1	1	1	2	2	0	0	2	2	2	4	1	0	0	0	0	1	3	1	1	2	2	0	4	11	8	27	0	50	25	9	6	2	3	4	3	1	2	1	1	1	1	1	2	0	0	1	0	0	2	0	3	4	7	6	21
0	0	0	0	0	0	0	2	0	0	1	0	0	0	0	0	0	1	1	0	0	0	2	1	0	1	2	0	0	0	1	0	2	0	1	0	0	1	0	0	0	0	0	1	0	0	0	1	0	1	0	0	0	1	0	0	0	0	0	0	1	0	0	0	0	0	0	3	0	3	0	0	0	0	2	1	0	2	1	0	2	4	3	3	3	4	2	2	2	3	12	18	5	9	4	4	2	2	5	2	3	1	2	3	1	2	1	0	3	2	2	2	1	0	2	0	2	1	1	5	3	6	16	14	20	50	0	71	14	11	8	11	5	4	2	2	1	0	3	0	1	1	0	3	1	1	1	1	2	2	3	6	8	11
0	0	0	0	0	0	0	1	0	1	0	0	0	0	0	0	0	0	0	0	0	0	1	0	1	1	0	0	0	1	0	0	0	0	0	0	0	0	0	1	0	1	0	0	1	1	0	0	0	0	0	2	0	0	1	0	1	0	1	0	0	1	0	1	0	1	1	1	0	0	0	0	2	0	2	2	2	2	0	1	4	3	2	4	2	4	2	2	0	1	12	17	4	1	1	1	0	3	2	0	4	2	2	3	1	0	0	1	1	1	2	0	1	0	1	2	1	0	0	1	4	5	9	8	15	25	71	0	21	16	10	6	5	4	2	2	2	2	3	2	1	1	0	2	0	1	1	0	1	2	2	4	0	7
0	0	0	0	0	0	0	1	0	0	0	0	0	1	0	0	2	0	0	0	0	0	0	0	0	0	1	1	0	1	0	0	0	0	1	1	0	0	0	0	1	1	0	0	0	0	1	1	0	0	0	0	1	1	0	0	0	0	0	0	0	0	0	0	3	0	1	0	0	3	1	1	0	1	0	0	0	1	0	0	1	0	2	4	1	1	5	2	3	2	3	7	3	4	4	3	3	5	3	2	2	2	0	1	1	0	2	5	2	1	2	1	1	0	0	0	1	0	0	1	1	1	1	3	6	9	14	21	0	21	13	7	1	3	2	1	2	1	0	1	0	1	0	0	1	0	1	0	1	1	3	2	1	2
0	0	0	0	0	0	0	0	1	0	0	0	1	0	0	0	0	0	0	0	0	0	0	0	1	1	0	0	0	1	1	0	0	0	0	0	0	0	0	0	0	0	0	0	0	0	0	0	0	0	0	0	0	1	2	1	0	1	0	1	0	0	0	0	0	0	2	0	1	0	1	3	0	0	0	0	2	2	0	0	1	3	1	4	0	3	2	1	3	5	12	15	5	6	7	1	6	4	7	4	16	4	1	4	0	1	2	2	2	1	1	0	5	1	2	0	0	0	1	1	1	4	6	7	9	6	11	16	21	0	24	27	10	2	3	5	0	4	2	1	1	1	1	1	0	0	0	0	2	3	4	7	4	0
0	0	0	0	0	0	0	0	2	0	0	0	0	0	0	0	0	0	0	0	2	1	1	1	2	0	1	0	0	3	0	1	0	0	0	0	0	0	0	0	0	0	0	0	0	0	0	0	1	0	0	1	0	1	0	0	0	2	0	1	0	0	2	0	0	2	1	1	2	1	2	0	0	0	0	1	2	1	0	0	3	4	0	1	3	2	1	1	2	0	4	3	4	15	8	8	9	11	11	11	1	4	3	3	5	1	4	5	2	2	2	2	3	0	0	1	1	1	3	2	1	0	2	1	2	2	8	10	13	24	0	23	16	6	5	4	2	1	1	1	2	0	1	1	0	0	0	0	0	2	4	3	0	3
0	0	0	0	0	0	0	0	0	0	0	0	0	0	1	0	1	0	0	1	0	0	1	0	0	1	0	0	1	0	0	1	1	0	0	0	0	1	0	0	0	0	0	0	0	0	0	0	2	0	1	0	0	0	0	0	0	0	1	2	0	1	0	1	1	0	0	0	1	0	1	0	1	1	2	3	1	1	1	2	1	2	2	1	5	8	1	6	3	3	13	19	9	10	6	3	6	10	2	6	15	6	3	6	3	1	3	2	4	3	2	1	2	2	3	1	0	2	3	1	3	8	6	8	6	3	11	6	7	27	23	0	51	16	7	5	3	4	1	1	2	1	0	0	0	1	0	1	2	2	2	1	0	2
0	0	0	0	0	0	0	1	1	2	1	0	0	0	0	0	0	0	0	1	0	1	0	0	0	2	1	0	0	0	1	0	0	0	0	0	1	0	0	0	0	1	0	0	0	0	1	0	0	0	1	0	0	2	2	1	1	1	1	1	1	0	1	0	0	0	1	0	0	0	0	1	1	1	1	0	1	0	0	2	2	2	4	0	2	4	1	7	0	8	10	9	0	7	4	2	5	15	11	8	22	18	9	5	5	2	2	5	0	1	2	1	3	2	1	0	0	1	2	2	1	2	6	8	4	4	5	5	1	10	16	51	0	22	10	5	6	1	2	1	0	0	0	0	0	0	0	1	2	2	3	2	2	0
0	0	0	0	0	0	0	1	1	2	0	0	0	0	1	0	0	0	0	0	0	0	0	0	1	2	1	0	0	0	0	0	0	0	0	0	0	1	0	0	0	0	0	0	0	1	0	1	2	0	0	0	0	1	0	1	0	1	2	0	0	1	1	1	2	1	1	1	1	2	1	3	1	1	0	3	4	0	1	2	0	1	1	4	2	5	4	7	6	2	5	5	3	6	0	1	2	14	3	2	4	11	10	9	7	2	0	0	3	2	1	2	1	1	2	1	1	1	3	1	5	4	7	4	2	3	4	4	3	2	6	16	22	0	21	7	13	4	1	1	0	0	0	2	0	0	0	0	1	0	1	4	2	4
0	0	0	0	0	0	0	1	3	1	1	1	1	1	0	0	1	0	1	1	1	1	1	1	1	0	0	0	0	1	0	0	0	0	0	1	0	1	0	0	0	0	0	0	0	1	0	0	0	0	0	1	0	1	1	0	1	1	0	0	1	1	2	0	2	1	3	1	1	2	1	3	0	1	2	3	4	1	1	2	1	2	3	5	2	2	1	4	2	1	4	2	12	14	6	5	1	3	4	6	1	4	8	8	3	6	1	1	3	1	1	2	0	2	0	0	5	6	8	7	8	6	0	1	3	1	2	2	2	3	5	7	10	21	0	26	10	1	5	3	5	1	0	2	1	1	0	1	0	4	1	2	3	2
0	0	0	0	0	0	0	5	5	2	0	1	1	1	0	1	0	0	2	1	0	0	1	1	0	3	2	0	2	0	0	0	0	0	0	0	0	0	0	0	0	0	0	0	0	0	0	0	1	0	0	1	1	0	0	1	3	0	1	0	2	0	0	2	1	3	3	1	0	2	2	2	1	1	1	8	9	1	3	0	3	4	9	3	2	2	1	3	2	2	3	3	14	7	1	1	1	2	0	2	2	5	1	2	4	1	0	1	1	0	1	0	1	0	2	4	0	1	3	4	7	4	4	1	0	2	2	2	1	5	4	5	5	7	26	0	34	11	2	1	2	0	2	2	1	0	4	0	1	3	4	0	1	1
0	0	0	0	0	0	0	6	3	3	0	0	1	0	0	1	2	0	0	0	0	0	0	0	0	0	1	0	0	0	1	0	0	0	0	1	0	0	0	1	0	0	0	0	1	0	0	0	0	0	1	0	1	0	1	0	2	4	0	0	0	1	1	1	1	1	6	4	2	2	1	1	2	1	2	6	3	1	0	1	3	6	8	2	6	3	6	5	2	4	1	1	5	7	2	2	3	1	1	0	2	2	0	1	0	3	1	3	0	0	0	1	3	2	1	1	2	0	1	1	6	3	4	5	3	1	1	2	2	0	2	3	6	13	10	34	0	32	20	6	6	5	0	1	0	2	3	2	2	4	0	2	5	0
0	0	0	0	0	0	0	2	2	0	0	0	1	0	1	0	0	1	0	0	0	0	0	0	0	0	0	0	0	0	1	0	0	0	0	0	0	0	0	0	0	0	0	0	0	0	0	0	2	0	0	1	0	0	0	1	2	0	0	0	1	2	0	1	2	0	4	2	2	0	1	2	0	1	1	4	4	0	0	3	2	2	5	3	9	3	3	4	2	3	2	3	3	4	1	0	0	6	1	2	2	3	2	1	2	3	1	0	0	0	0	1	0	1	0	0	2	3	2	1	3	2	1	3	0	1	0	2	1	4	1	4	1	4	1	11	32	0	41	7	2	6	3	0	1	1	4	1	2	3	1	2	1	1
0	0	0	0	0	0	0	3	1	1	1	0	2	3	0	1	0	0	2	0	2	1	0	2	0	0	0	0	0	0	0	0	0	0	0	0	0	1	0	0	1	0	1	0	1	0	0	0	0	0	0	1	0	0	1	0	1	1	0	0	2	0	2	4	0	0	4	2	1	2	2	0	2	3	3	2	1	2	0	0	0	1	8	14	9	3	0	5	3	3	3	4	3	1	2	0	1	3	0	1	1	1	0	1	1	2	3	4	0	0	0	0	0	0	0	0	1	1	2	0	0	0	5	5	2	1	3	3	0	2	1	1	2	1	5	2	20	41	0	13	5	4	4	0	3	6	5	1	3	3	1	1	1	4
0	0	0	0	0	0	0	1	2	3	1	3	2	0	2	1	0	0	1	0	0	1	0	0	0	0	1	0	0	0	0	0	0	0	0	0	1	0	1	0	0	0	0	0	0	0	0	0	0	0	0	1	0	1	0	0	0	2	1	1	1	1	1	1	2	0	3	2	1	3	1	1	1	0	0	1	0	1	0	1	0	3	9	9	5	9	2	2	2	0	2	1	2	2	1	1	0	0	1	0	1	0	1	2	0	0	0	0	0	1	1	0	0	0	1	0	0	1	1	0	0	2	3	1	1	1	0	2	1	1	1	1	1	1	3	1	6	7	13	0	26	11	7	6	5	14	8	9	26	9	3	3	0	2
0	0	0	0	0	0	0	7	6	1	1	4	1	1	1	0	1	1	2	0	3	1	0	0	0	0	0	0	0	0	0	1	1	0	0	0	0	0	0	1	0	0	0	1	1	0	0	0	1	1	0	0	1	1	1	0	0	2	3	1	0	1	0	1	2	0	0	2	2	2	1	2	1	1	1	1	2	4	0	3	2	5	16	9	5	3	1	2	0	0	2	1	4	2	2	1	0	0	0	1	0	0	0	1	4	4	0	1	0	1	1	2	1	0	1	1	1	0	2	3	0	6	3	2	2	1	1	1	0	1	2	2	0	0	5	2	6	2	5	26	0	20	6	6	7	15	3	5	23	4	4	5	4	2
0	0	0	0	0	0	0	11	7	7	9	6	0	2	1	0	0	2	0	0	3	2	3	3	1	1	0	0	0	0	0	1	0	0	0	0	1	0	0	0	0	0	0	0	0	0	0	0	0	0	0	1	0	0	0	0	1	1	3	0	1	6	5	2	0	1	3	2	1	2	0	4	2	3	0	1	2	3	1	3	2	2	3	1	4	0	3	1	0	0	0	1	2	1	1	1	2	1	1	0	0	1	0	1	1	2	1	1	0	1	0	2	0	0	3	0	0	2	1	1	0	2	0	2	1	2	1	1	1	1	0	1	0	0	1	0	5	6	4	11	20	0	15	16	10	13	3	4	11	5	4	1	1	1
0	0	0	0	0	0	0	6	11	12	8	7	4	2	0	2	1	0	0	2	4	1	4	0	1	0	0	1	0	0	0	0	0	0	0	0	0	0	0	0	0	1	0	0	1	1	0	1	0	0	2	3	1	0	0	1	3	4	2	1	2	0	0	1	0	1	2	4	1	1	2	1	0	1	1	2	1	0	3	2	2	1	6	3	4	1	3	0	1	0	3	2	2	0	1	1	1	2	0	0	0	2	1	0	2	1	1	1	1	2	0	0	0	0	0	0	0	2	1	2	2	3	0	3	0	0	0	0	0	1	1	0	0	0	0	2	0	3	4	7	6	15	0	26	7	12	4	1	4	4	1	3	0	1
0	0	0	0	0	0	0	3	4	4	9	5	2	1	0	2	1	3	1	3	1	1	2	0	0	0	0	0	2	1	0	0	0	0	0	0	0	0	0	0	1	0	0	0	0	0	0	0	1	0	0	0	0	1	2	2	0	1	2	1	0	4	2	2	1	1	2	2	1	2	0	2	1	0	0	1	0	0	1	1	1	4	3	1	3	3	2	1	0	0	2	2	1	1	1	0	0	0	1	1	0	1	0	0	0	1	0	0	1	1	0	0	1	0	0	1	1	1	2	0	1	0	0	1	3	0	3	2	0	1	1	0	0	2	2	2	1	0	0	6	6	16	26	0	29	15	9	2	7	4	0	2	2	2
0	0	0	0	0	0	0	3	3	2	6	4	3	3	1	0	0	3	2	0	1	1	1	2	0	0	0	0	0	1	0	0	0	0	1	0	0	0	0	0	0	0	0	0	0	2	0	0	0	0	1	0	0	1	0	0	0	1	0	0	2	3	4	2	0	0	4	0	2	0	0	0	0	0	1	0	0	3	0	1	4	2	4	0	0	1	1	1	1	0	0	2	2	3	0	0	3	0	0	1	0	1	0	0	0	2	1	0	0	0	0	0	1	0	1	0	0	2	0	0	0	0	0	3	0	1	1	0	1	0	0	0	0	0	1	1	0	1	3	5	7	10	7	29	0	80	17	13	6	1	2	3	0	1
0	0	0	0	0	0	0	2	2	0	0	2	4	0	2	0	3	0	2	4	1	2	0	0	0	0	0	0	0	1	1	0	0	0	0	0	0	0	0	0	0	0	0	0	0	0	1	1	1	0	0	1	1	1	1	0	1	1	2	0	0	0	1	0	0	0	5	1	1	2	1	3	0	1	1	0	0	0	1	1	0	2	5	3	4	2	1	3	2	3	0	3	2	0	1	0	0	1	0	0	0	0	0	0	1	0	0	0	0	0	2	0	0	1	2	0	1	0	0	1	0	1	1	0	3	0	1	1	0	0	0	1	0	0	1	0	2	1	6	14	15	13	12	15	80	0	21	19	20	8	3	0	2	0
0	0	0	0	0	0	0	1	1	0	1	1	0	1	1	0	0	0	2	0	2	0	0	0	0	0	0	0	0	0	0	0	0	1	0	0	0	0	0	0	0	0	0	0	0	2	0	0	0	1	0	0	0	0	0	0	1	0	0	0	0	2	0	3	1	1	0	1	2	0	0	1	1	0	0	0	1	1	1	1	1	0	2	0	2	1	2	2	0	1	0	3	2	0	1	1	0	0	0	0	1	0	0	0	1	1	0	1	0	0	2	1	0	0	0	0	1	0	0	0	0	1	1	0	0	0	1	1	1	0	0	0	0	0	0	4	3	4	5	8	3	3	4	9	17	21	0	75	6	3	1	0	2	1
0	0	0	0	0	0	0	1	1	1	4	2	0	1	1	1	1	0	1	1	0	0	0	2	1	0	0	1	0	1	0	0	0	0	0	0	0	0	0	0	0	1	0	1	0	0	0	0	0	0	3	1	1	0	0	0	0	0	0	1	2	1	0	1	0	2	0	0	1	0	0	0	1	0	0	0	1	0	1	0	2	1	3	1	4	1	3	1	1	4	2	1	3	0	0	0	0	0	0	1	0	0	0	1	0	0	0	1	0	0	0	0	0	0	1	0	0	0	0	0	0	2	0	1	1	2	1	0	0	0	0	1	1	0	1	0	2	1	1	9	5	4	1	2	13	19	75	0	10	2	3	2	1	2
0	0	0	0	0	0	0	6	2	3	2	1	1	0	2	0	0	0	0	2	0	0	1	1	0	0	0	1	1	0	1	0	1	0	0	1	0	0	0	0	0	0	0	0	0	0	0	0	0	1	0	0	0	2	1	0	0	0	0	1	1	1	1	1	0	0	1	0	1	1	1	0	0	0	1	0	1	3	2	0	1	2	12	14	15	5	4	5	1	0	3	0	2	2	1	0	2	1	2	0	0	1	0	0	1	2	0	1	0	0	0	0	0	1	0	1	0	2	0	1	2	3	2	2	1	0	2	1	1	2	0	2	2	1	0	1	2	2	3	26	23	11	4	7	6	20	6	10	0	13	11	7	1	1
0	0	0	0	0	0	0	2	2	0	1	0	2	0	0	0	0	0	1	2	1	2	1	4	1	0	0	0	1	0	1	0	1	0	0	0	1	0	0	0	0	0	0	0	1	0	0	0	0	0	0	0	1	1	0	0	2	1	0	1	0	1	0	0	2	0	2	1	2	0	1	1	0	3	0	2	2	2	1	1	1	3	21	15	11	0	6	2	4	3	5	1	7	4	4	0	1	1	1	0	1	0	1	0	0	0	0	1	0	0	0	1	0	0	0	1	1	0	1	1	4	5	2	6	5	3	2	2	1	3	2	2	2	0	4	3	4	3	3	9	4	5	4	4	1	8	3	2	13	0	29	10	6	2
0	0	0	0	0	0	0	1	2	1	1	1	2	0	0	1	0	1	1	2	0	0	1	0	3	0	0	0	1	0	0	1	0	0	0	0	0	0	0	0	1	2	0	0	2	0	0	0	0	0	0	2	0	0	0	0	2	1	0	1	0	0	1	1	2	0	1	0	1	0	0	0	1	1	1	0	3	0	1	0	1	3	9	18	10	5	6	3	0	1	3	2	3	2	1	0	0	2	1	1	0	1	1	1	1	0	0	1	0	1	0	1	1	0	0	1	0	0	1	2	4	2	6	10	7	4	3	2	3	4	4	2	3	1	1	4	0	1	1	3	4	4	1	0	2	3	1	3	11	29	0	10	20	2
0	0	0	0	0	0	0	1	3	0	1	1	0	0	0	1	0	0	0	0	1	0	0	0	0	0	1	0	0	0	0	1	1	0	0	1	0	0	0	0	0	0	0	0	0	1	0	1	0	0	0	0	1	1	1	1	1	0	2	1	0	0	0	1	0	0	1	1	1	0	1	2	0	3	0	0	0	0	6	0	2	3	5	7	6	7	1	2	3	1	4	1	10	9	0	2	0	2	0	1	1	3	2	2	0	1	1	2	0	0	0	0	0	1	2	0	1	1	3	2	7	11	16	17	10	7	6	4	2	7	3	1	2	4	2	0	2	2	1	3	5	1	3	2	3	0	0	2	7	10	10	0	23	12
0	0	0	0	0	0	0	1	1	1	2	0	1	2	0	0	0	0	0	1	0	1	0	0	0	0	1	0	0	0	1	0	0	0	0	0	0	0	0	0	0	1	0	0	0	1	2	0	0	0	0	0	1	0	0	1	1	0	1	0	1	0	0	0	0	2	0	0	0	0	0	2	0	0	0	0	2	1	1	1	3	1	3	2	5	3	1	1	1	3	1	2	2	1	2	2	2	2	2	1	2	0	0	0	2	1	0	1	0	0	2	1	0	1	0	0	0	0	1	5	1	5	5	5	9	6	8	0	1	4	0	0	2	2	3	1	5	1	1	0	4	1	0	2	0	2	2	1	1	6	20	23	0	9
0	0	0	0	0	0	0	1	0	2	0	0	1	0	0	0	0	0	0	0	0	0	0	0	2	0	0	1	0	2	1	0	1	0	0	0	0	1	0	0	0	0	0	1	1	1	1	1	0	0	2	0	0	1	0	1	0	2	0	0	0	0	0	0	0	0	2	0	0	2	1	0	0	1	0	2	0	2	0	0	0	3	2	6	7	5	4	0	2	0	7	5	4	2	1	3	0	0	2	1	2	1	0	0	0	1	0	2	0	0	1	0	0	0	0	0	0	0	1	1	4	6	2	7	9	21	11	7	2	0	3	2	0	4	2	1	0	1	4	2	2	1	1	2	1	0	1	2	1	2	2	12	9	0
