0	0	0	0	0	0	0	0	0	0	0	0	0	0	0	0	0	0	0	0	0	0	0	0	0	0	0	0	0	0	0	0	0	0	0	0	0	0	0	0	0	0	0	0	0	0	0	0	0	0	0	0	0	0	0	0	0	0	0	0	0	0
0	0	0	0	0	0	0	0	0	0	0	0	0	0	0	0	0	0	0	0	0	0	0	0	0	0	0	0	0	0	0	0	0	0	0	0	0	0	0	0	0	0	0	0	0	0	0	0	0	0	0	0	0	0	0	0	0	0	0	0	0	0
0	0	0	0	0	0	0	0	0	0	0	0	0	0	0	0	0	0	0	0	0	0	0	0	0	0	0	0	0	0	0	0	0	0	0	0	0	0	0	0	0	0	0	0	0	0	0	0	0	0	0	0	0	0	0	0	0	0	0	0	0	0
0	0	0	0	25	11	5	8	20	15	9	12	29	28	8	10	22	2	0	3	3	1	4	1	2	9	3	26	16	7	1	7	2	20	8	11	9	7	8	4	4	15	6	4	1	2	4	4	2	2	2	0	3	1	1	1	0	2	3	2	0	1
0	0	0	25	0	23	17	29	64	17	7	17	117	33	21	21	33	10	1	1	2	3	2	2	4	3	3	19	13	14	4	2	8	9	17	12	7	7	5	6	4	5	5	6	6	2	10	4	9	3	1	2	1	4	2	0	2	0	5	4	3	2
0	0	0	11	23	0	166	60	20	10	3	28	25	12	12	32	27	14	2	7	3	1	6	0	5	7	4	7	11	6	0	3	6	12	23	6	6	10	7	6	8	9	7	7	12	8	24	16	8	3	3	2	4	7	7	2	2	8	3	9	7	2
0	0	0	5	17	166	0	235	29	10	7	36	20	15	11	28	16	9	5	5	0	2	0	3	3	5	8	11	4	14	8	5	9	14	17	4	5	10	1	1	3	2	0	5	5	11	19	8	7	2	0	3	4	0	3	0	2	3	0	2	2	3
0	0	0	8	29	60	235	0	42	20	14	33	21	9	16	11	14	9	1	2	0	4	3	3	4	4	2	6	8	14	7	4	6	13	11	6	4	3	6	5	5	5	7	1	3	3	10	7	5	3	0	0	0	3	4	3	1	2	3	4	3	2
0	0	0	20	64	20	29	42	0	55	21	62	65	12	7	11	29	8	3	0	4	1	1	0	6	9	13	20	23	43	10	11	10	22	18	12	11	4	7	5	2	8	6	3	3	6	5	5	2	3	3	2	0	1	2	3	3	0	3	3	1	3
0	0	0	15	17	10	10	20	55	0	126	24	16	6	7	7	5	5	0	0	0	0	2	1	5	8	21	10	32	38	6	12	5	6	4	2	2	6	6	4	5	3	2	0	0	5	3	3	3	2	1	0	2	3	2	2	1	0	1	2	1	0
0	0	0	9	7	3	7	14	21	126	0	15	7	9	6	10	4	3	4	1	0	0	0	2	4	10	25	21	37	43	15	22	9	15	2	7	2	4	4	1	5	2	3	3	2	2	7	4	0	1	1	2	1	2	5	1	2	1	1	2	1	1
0	0	0	12	17	28	36	33	62	24	15	0	27	9	7	9	21	11	2	6	1	2	1	2	7	16	13	19	20	48	21	19	21	45	15	8	6	6	2	6	7	8	3	3	6	11	7	9	3	1	3	2	0	2	3	1	1	1	4	4	4	0
0	0	0	29	117	25	20	21	65	16	7	27	0	38	22	56	87	11	2	0	3	4	0	9	5	8	10	12	9	21	7	3	11	22	34	11	12	11	10	6	11	15	9	6	6	7	13	11	4	1	2	5	2	3	2	5	2	3	5	3	5	0
0	0	0	28	33	12	15	9	12	6	9	9	38	0	71	44	33	13	7	2	2	1	0	1	3	5	3	8	6	7	3	3	3	10	23	8	7	10	2	7	13	11	13	16	10	12	11	10	6	2	3	3	3	2	7	2	5	2	10	4	3	2
0	0	0	8	21	12	11	16	7	7	6	7	22	71	0	170	51	21	11	4	4	2	3	7	6	6	3	7	3	8	3	3	2	12	25	8	10	12	13	15	20	32	27	21	15	10	10	18	12	0	1	2	6	2	9	1	6	5	10	8	3	5
0	0	0	10	21	32	28	11	11	7	10	9	56	44	170	0	117	28	7	4	4	5	4	3	7	15	4	17	11	7	6	5	10	11	54	9	7	9	12	12	11	17	15	27	14	13	24	18	12	5	0	2	6	2	14	4	1	7	4	5	8	2
0	0	0	22	33	27	16	14	29	5	4	21	87	33	51	117	0	33	7	2	2	0	1	4	4	12	11	13	10	13	9	8	9	40	194	39	13	25	8	18	21	21	10	23	18	10	17	10	3	3	2	3	2	7	3	2	5	6	5	2	6	4
0	0	0	2	10	14	9	9	8	5	3	11	11	13	21	28	33	0	10	7	6	5	8	8	32	16	8	11	7	13	7	9	12	31	85	76	21	67	78	30	13	16	13	24	35	75	18	9	7	4	1	1	2	4	6	3	1	3	2	9	6	0
0	0	0	0	1	2	5	1	3	0	4	2	2	7	11	7	7	10	0	355	36	19	12	19	10	4	4	5	2	1	2	1	1	6	11	9	5	5	18	8	2	6	9	12	25	21	7	2	6	5	4	3	1	7	10	6	1	7	7	6	17	4
0	0	0	3	1	7	5	2	0	0	1	6	0	2	4	4	2	7	355	0	55	11	18	11	8	5	0	0	2	1	2	1	3	5	5	5	6	9	13	10	0	5	3	13	19	12	5	6	3	8	4	1	4	3	6	5	5	8	8	5	12	10
0	0	0	3	2	3	0	0	4	0	0	1	3	2	4	4	2	6	36	55	0	74	20	10	6	4	3	4	1	4	3	2	5	4	2	5	4	5	9	8	8	4	5	5	8	13	2	0	1	2	5	1	1	4	0	1	2	1	8	1	7	8
0	0	0	1	3	1	2	4	1	0	0	2	4	1	2	5	0	5	19	11	74	0	54	23	7	4	1	1	0	2	2	1	3	5	6	2	7	5	3	7	4	6	6	4	8	9	5	1	3	2	2	1	2	5	1	1	1	1	4	6	5	2
0	0	0	4	2	6	0	3	1	2	0	1	0	0	3	4	1	8	12	18	20	54	0	49	20	6	5	2	3	3	7	1	3	7	3	5	2	9	8	7	2	5	3	1	4	7	2	2	1	3	1	0	1	2	0	0	4	2	4	4	4	3
0	0	0	1	2	0	3	3	0	1	2	2	9	1	7	3	4	8	19	11	10	23	49	0	44	6	4	3	7	2	3	4	14	9	6	8	6	9	11	13	4	5	5	5	6	11	6	1	4	2	3	3	2	1	7	1	1	2	2	3	3	6
0	0	0	2	4	5	3	4	6	5	4	7	5	3	6	7	4	32	10	8	6	7	20	44	0	18	6	8	7	8	9	10	14	15	14	17	8	25	26	21	7	9	7	6	7	27	12	8	0	4	1	1	0	3	4	1	1	1	4	4	2	5
0	0	0	9	3	7	5	4	9	8	10	16	8	5	6	15	12	16	4	5	4	4	6	6	18	0	39	39	22	29	47	32	59	89	39	34	10	21	11	11	10	3	4	5	1	8	5	3	1	2	2	3	1	1	3	0	0	0	3	2	2	1
0	0	0	3	3	4	8	2	13	21	25	13	10	3	3	4	11	8	4	0	3	1	5	4	6	39	0	50	84	59	44	58	22	22	12	15	5	8	3	7	3	5	1	5	5	2	4	1	1	2	1	3	0	3	0	2	1	0	1	1	1	2
0	0	0	26	19	7	11	6	20	10	21	19	12	8	7	17	13	11	5	0	4	1	2	3	8	39	50	0	167	39	18	17	14	23	14	25	16	11	13	5	12	8	6	4	3	3	6	2	1	2	3	1	2	0	1	1	1	1	1	1	4	2
0	0	0	16	13	11	4	8	23	32	37	20	9	6	3	11	10	7	2	2	1	0	3	7	7	22	84	167	0	66	17	30	16	24	6	18	11	8	6	4	6	5	3	4	5	3	2	0	3	0	0	1	0	1	2	1	2	1	0	3	3	1
0	0	0	7	14	6	14	14	43	38	43	48	21	7	8	7	13	13	1	1	4	2	3	2	8	29	59	39	66	0	41	49	29	26	15	15	11	7	4	3	8	3	2	4	2	3	3	2	2	3	0	1	1	1	0	2	0	0	1	2	0	3
0	0	0	1	4	0	8	7	10	6	15	21	7	3	3	6	9	7	2	2	3	2	7	3	9	47	44	18	17	41	0	845	221	24	8	6	8	7	5	7	4	3	0	2	5	9	5	3	2	3	0	2	0	0	2	2	0	3	1	1	3	0
0	0	0	7	2	3	5	4	11	12	22	19	3	3	3	5	8	9	1	1	2	1	1	4	10	32	58	17	30	49	845	0	96	20	8	7	6	10	4	3	5	1	2	3	4	6	2	2	0	0	0	1	0	2	3	1	0	2	0	2	1	0
0	0	0	2	8	6	9	6	10	5	9	21	11	3	2	10	9	12	1	3	5	3	3	14	14	59	22	14	16	29	221	96	0	33	16	14	9	5	9	10	5	2	1	8	4	7	6	3	0	2	1	1	1	3	7	1	1	2	2	2	1	1
0	0	0	20	9	12	14	13	22	6	15	45	22	10	12	11	40	31	6	5	4	5	7	9	15	89	22	23	24	26	24	20	33	0	55	48	13	13	13	8	5	9	1	9	14	17	14	5	3	0	4	4	2	1	1	2	2	1	2	3	4	2
0	0	0	8	17	23	17	11	18	4	2	15	34	23	25	54	194	85	11	5	2	6	3	6	14	39	12	14	6	15	8	8	16	55	0	64	16	36	22	21	17	19	18	12	19	19	12	7	5	4	1	0	1	2	7	2	3	2	4	6	5	0
0	0	0	11	12	6	4	6	12	2	7	8	11	8	8	9	39	76	9	5	5	2	5	8	17	34	15	25	18	15	6	7	14	48	64	0	41	112	39	39	28	27	10	11	9	26	9	4	5	0	3	0	1	4	5	2	1	2	0	2	1	1
0	0	0	9	7	6	5	4	11	2	2	6	12	7	10	7	13	21	5	6	4	7	2	6	8	10	5	16	11	11	8	6	9	13	16	41	0	38	14	34	56	29	9	12	6	6	5	1	2	2	3	2	0	1	2	0	4	3	1	0	0	1
0	0	0	7	7	10	10	3	4	6	4	6	11	10	12	9	25	67	5	9	5	5	9	9	25	21	8	11	8	7	7	10	5	13	36	112	38	0	117	189	38	25	22	29	19	28	5	9	0	1	6	0	1	6	4	2	4	3	7	2	2	5
0	0	0	8	5	7	1	6	7	6	4	2	10	2	13	12	8	78	18	13	9	3	8	11	26	11	3	13	6	4	5	4	9	13	22	39	14	117	0	160	15	18	20	21	23	36	15	6	4	0	4	9	3	4	7	1	4	4	4	3	6	4
0	0	0	4	6	6	1	5	5	4	1	6	6	7	15	12	18	30	8	10	8	7	7	13	21	11	7	5	4	3	7	3	10	8	21	39	34	189	160	0	29	29	26	27	15	23	9	4	6	3	1	4	3	5	1	1	6	4	11	5	4	5
0	0	0	4	4	8	3	5	2	5	5	7	11	13	20	11	21	13	2	0	8	4	2	4	7	10	3	12	6	8	4	5	5	5	17	28	56	38	15	29	0	97	13	14	6	11	2	7	2	0	2	5	4	2	1	3	3	2	3	7	5	4
0	0	0	15	5	9	2	5	8	3	2	8	15	11	32	17	21	16	6	5	4	6	5	5	9	3	5	8	5	3	3	1	2	9	19	27	29	25	18	29	97	0	87	34	10	13	4	5	3	3	2	7	1	0	4	3	2	4	7	10	6	7
0	0	0	6	5	7	0	7	6	2	3	3	9	13	27	15	10	13	9	3	5	6	3	5	7	4	1	6	3	2	0	2	1	1	18	10	9	22	20	26	13	87	0	99	16	17	9	5	7	10	4	6	9	8	15	3	0	12	10	10	15	6
0	0	0	4	6	7	5	1	3	0	3	3	6	16	21	27	23	24	12	13	5	4	1	5	6	5	5	4	4	4	2	3	8	9	12	11	12	29	21	27	14	34	99	0	53	22	20	16	5	6	4	4	5	11	7	11	7	10	22	12	21	9
0	0	0	1	6	12	5	3	3	0	2	6	6	10	15	14	18	35	25	19	8	8	4	6	7	1	5	3	5	2	5	4	4	14	19	9	6	19	23	15	6	10	16	53	0	113	40	23	15	7	0	4	3	9	10	7	5	8	23	11	7	8
0	0	0	2	2	8	11	3	6	5	2	11	7	12	10	13	10	75	21	12	13	9	7	11	27	8	2	3	3	3	9	6	7	17	19	26	6	28	36	23	11	13	17	22	113	0	29	9	7	6	0	3	3	6	6	1	3	3	7	7	8	6
0	0	0	4	10	24	19	10	5	3	7	7	13	11	10	24	17	18	7	5	2	5	2	6	12	5	4	6	2	3	5	2	6	14	12	9	5	5	15	9	2	4	9	20	40	29	0	52	15	1	4	4	5	6	6	4	4	2	11	4	7	3
0	0	0	4	4	16	8	7	5	3	4	9	11	10	18	18	10	9	2	6	0	1	2	1	8	3	1	2	0	2	3	2	3	5	7	4	1	9	6	4	7	5	5	16	23	9	52	0	35	10	11	1	3	8	17	7	3	5	20	8	8	1
0	0	0	2	9	8	7	5	2	3	0	3	4	6	12	12	3	7	6	3	1	3	1	4	0	1	1	1	3	2	2	0	0	3	5	5	2	0	4	6	2	3	7	5	15	7	15	35	0	44	13	11	11	20	83	20	11	13	31	32	8	8
0	0	0	2	3	3	2	3	3	2	1	1	1	2	0	5	3	4	5	8	2	2	3	2	4	2	2	2	0	3	3	0	2	0	4	0	2	1	0	3	0	3	10	6	7	6	1	10	44	0	62	25	54	83	97	100	18	79	73	198	35	29
0	0	0	2	1	3	0	0	3	1	1	3	2	3	1	0	2	1	4	4	5	2	1	3	1	2	1	3	0	0	0	0	1	4	1	3	3	6	4	1	2	2	4	4	0	0	4	11	13	62	0	42	210	55	17	46	22	24	18	29	21	9
0	0	0	0	2	2	3	0	2	0	2	2	5	3	2	2	3	1	3	1	1	1	0	3	1	3	3	1	1	1	2	1	1	4	0	0	2	0	9	4	5	7	6	4	4	3	4	1	11	25	42	0	78	20	14	54	53	34	17	21	28	44
0	0	0	3	1	4	4	0	0	2	1	0	2	3	6	6	2	2	1	4	1	2	1	2	0	1	0	2	0	1	0	0	1	2	1	1	0	1	3	3	4	1	9	5	3	3	5	3	11	54	210	78	0	40	23	81	48	33	17	39	28	15
0	0	0	1	4	7	0	3	1	3	2	2	3	2	2	2	7	4	7	3	4	5	2	1	3	1	3	0	1	1	0	2	3	1	2	4	1	6	4	5	2	0	8	11	9	6	6	8	20	83	55	20	40	0	34	27	22	26	43	65	43	21
0	0	0	1	2	7	3	4	2	2	5	3	2	7	9	14	3	6	10	6	0	1	0	7	4	3	0	1	2	0	2	3	7	1	7	5	2	4	7	1	1	4	15	7	10	6	6	17	83	97	17	14	23	34	0	56	17	72	334	135	31	18
0	0	0	1	0	2	0	3	3	2	1	1	5	2	1	4	2	3	6	5	1	1	0	1	1	0	2	1	1	2	2	1	1	2	2	2	0	2	1	1	3	3	3	11	7	1	4	7	20	100	46	54	81	27	56	0	138	230	36	84	24	29
0	0	0	0	2	2	2	1	3	1	2	1	2	5	6	1	5	1	1	5	2	1	4	1	1	0	1	1	2	0	0	0	1	2	3	1	4	4	4	6	3	2	0	7	5	3	4	3	11	18	22	53	48	22	17	138	0	63	15	34	23	30
0	0	0	2	0	8	3	2	0	0	1	1	3	2	5	7	6	3	7	8	1	1	2	2	1	0	0	1	1	0	3	2	2	1	2	2	3	3	4	4	2	4	12	10	8	3	2	5	13	79	24	34	33	26	72	230	63	0	66	151	58	29
0	0	0	3	5	3	0	3	3	1	1	4	5	10	10	4	5	2	7	8	8	4	4	2	4	3	1	1	0	1	1	0	2	2	4	0	1	7	4	11	3	7	10	22	23	7	11	20	31	73	18	17	17	43	334	36	15	66	0	184	76	21
0	0	0	2	4	9	2	4	3	2	2	4	3	4	8	5	2	9	6	5	1	6	4	3	4	2	1	1	3	2	1	2	2	3	6	2	0	2	3	5	7	10	10	12	11	7	4	8	32	198	29	21	39	65	135	84	34	151	184	0	84	40
0	0	0	0	3	7	2	3	1	1	1	4	5	3	3	8	6	6	17	12	7	5	4	3	2	2	1	4	3	0	3	1	1	4	5	1	0	2	6	4	5	6	15	21	7	8	7	8	8	35	21	28	28	43	31	24	23	58	76	84	0	122
0	0	0	1	2	2	3	2	3	0	1	0	0	2	5	2	4	0	4	10	8	2	3	6	5	1	2	2	1	3	0	0	1	2	0	1	1	5	4	5	4	7	6	9	8	6	3	1	8	29	9	44	15	21	18	29	30	29	21	40	122	0
