0	0	0	0	0	0	0	0	0	0	0	0	0	0	0	0	0	0	0	0	0	0	0	0	0	0	0	0	0	0	0	0	0	0	0	0	0	0	0	0	0	0	0	0	0	0	0	0	0	0	0	0	0	0	0	0	0	0	0	0	0	0	0	0	0	0	0	0	0	0	0	0	0	0	0	0	0	0	0	0	0	0	0	0	0	0	0	0	0	0	0	0	0	0	0	0	0	0	0	0	0	0	0	0	0	0	0	0	0	0	0	0	0	0	0	0	0	0	0	0	0	0	0	0	0	0	0	0	0	0	0	0	0	0	0	0	0	0	0	0	0	0	0	0	0	0	0	0	0	0	0	0	0	0	0	0	0	0	0	0	0	0	0	0	0	0	0	0	0	0	0	0
0	0	0	0	0	0	0	0	0	0	0	0	0	0	0	0	0	0	0	0	0	0	0	0	0	0	0	0	0	0	0	0	0	0	0	0	0	0	0	0	0	0	0	0	0	0	0	0	0	0	0	0	0	0	0	0	0	0	0	0	0	0	0	0	0	0	0	0	0	0	0	0	0	0	0	0	0	0	0	0	0	0	0	0	0	0	0	0	0	0	0	0	0	0	0	0	0	0	0	0	0	0	0	0	0	0	0	0	0	0	0	0	0	0	0	0	0	0	0	0	0	0	0	0	0	0	0	0	0	0	0	0	0	0	0	0	0	0	0	0	0	0	0	0	0	0	0	0	0	0	0	0	0	0	0	0	0	0	0	0	0	0	0	0	0	0	0	0	0	0	0	0
0	0	0	0	0	0	0	0	0	0	0	0	0	0	0	0	0	0	0	0	0	0	0	0	0	0	0	0	0	0	0	0	0	0	0	0	0	0	0	0	0	0	0	0	0	0	0	0	0	0	0	0	0	0	0	0	0	0	0	0	0	0	0	0	0	0	0	0	0	0	0	0	0	0	0	0	0	0	0	0	0	0	0	0	0	0	0	0	0	0	0	0	0	0	0	0	0	0	0	0	0	0	0	0	0	0	0	0	0	0	0	0	0	0	0	0	0	0	0	0	0	0	0	0	0	0	0	0	0	0	0	0	0	0	0	0	0	0	0	0	0	0	0	0	0	0	0	0	0	0	0	0	0	0	0	0	0	0	0	0	0	0	0	0	0	0	0	0	0	0	0	0
0	0	0	0	78	33	7	8	6	7	4	3	2	3	4	1	4	2	2	3	4	1	5	7	8	9	9	6	6	7	10	12	10	9	10	22	27	11	6	2	5	7	12	11	11	10	9	5	8	6	4	3	3	8	3	7	5	3	4	5	4	0	7	1	5	3	3	8	9	5	3	4	14	10	6	5	4	2	5	1	2	5	4	3	2	2	0	5	6	2	4	6	1	3	1	0	2	3	1	3	2	1	2	0	0	0	2	1	1	1	0	0	1	4	2	2	1	2	2	0	1	1	1	1	1	2	2	2	1	1	1	0	1	1	2	0	1	0	0	1	2	1	1	1	0	2	5	0	0	0	1	1	0	1	1	1	1	2	0	1	0	2	1	0	2	0	0	1	0	0	1	0
0	0	0	78	0	106	11	18	14	7	4	5	6	5	2	5	0	3	5	3	4	5	3	11	13	12	15	8	10	9	7	8	10	12	16	37	148	19	11	8	6	10	39	23	19	21	11	6	7	4	3	4	2	5	5	10	2	7	9	8	3	5	4	9	8	4	2	8	8	9	7	11	20	15	9	11	2	6	4	3	5	5	2	1	2	5	0	6	6	5	4	3	4	2	3	2	4	4	2	3	3	2	3	4	0	0	1	1	1	0	2	3	8	2	0	4	1	1	1	2	0	2	0	0	2	2	2	2	1	0	0	1	3	1	3	0	0	1	0	1	2	0	0	1	2	2	0	0	1	0	1	0	1	0	0	0	2	1	1	0	2	3	1	1	0	2	1	0	1	2	1	0
0	0	0	33	106	0	57	24	19	7	6	5	10	8	7	8	7	6	10	8	4	9	18	33	27	28	21	8	6	4	8	9	11	24	20	25	270	46	18	14	10	17	35	36	13	35	36	19	11	10	2	6	9	6	9	8	1	5	8	6	1	2	2	6	7	10	4	9	16	14	4	5	22	12	8	10	5	3	4	5	2	5	1	4	1	6	1	0	2	4	4	4	6	5	2	2	1	0	0	2	1	4	2	2	1	1	2	1	1	3	3	3	9	5	5	1	2	3	3	2	2	4	3	1	4	1	1	1	2	1	0	2	0	1	2	4	1	1	1	0	0	0	2	1	2	1	0	1	2	2	1	0	3	0	0	2	3	1	3	2	3	2	1	1	0	2	0	2	3	0	3	0
0	0	0	7	11	57	0	194	28	29	8	18	29	34	11	23	21	23	17	11	4	18	25	39	53	26	13	9	4	2	3	3	5	11	16	14	34	99	54	21	13	6	27	28	11	28	30	12	10	5	7	5	5	6	3	7	2	5	5	6	2	6	6	5	13	11	9	11	22	10	6	9	17	12	12	10	11	3	3	1	2	6	1	6	4	5	1	1	2	6	5	5	4	6	6	5	1	2	3	3	5	3	3	0	3	1	1	4	3	2	1	2	0	5	3	1	2	3	3	2	2	1	3	5	1	4	2	3	1	0	0	2	2	2	0	2	1	2	1	2	0	1	3	2	3	3	0	3	0	2	1	1	5	1	1	1	2	0	6	2	1	5	3	2	1	1	2	1	0	2	0	0
0	0	0	8	18	24	194	0	73	59	16	25	30	36	9	20	12	18	22	13	11	10	13	31	21	15	10	5	6	3	4	3	8	12	15	10	33	165	96	74	17	13	32	32	17	45	41	7	5	5	5	3	2	4	4	10	5	15	13	7	9	10	5	5	9	7	9	15	28	7	8	13	14	20	16	14	8	11	5	5	7	5	7	6	1	4	6	8	1	2	2	3	8	5	4	5	2	3	1	4	5	5	1	1	2	2	4	4	4	1	6	3	5	6	4	2	3	2	5	0	1	1	3	6	3	3	2	1	0	2	1	1	3	4	2	1	0	1	8	4	2	1	1	4	1	0	1	3	3	0	1	1	1	1	4	6	5	3	2	4	4	4	0	1	2	2	3	2	1	3	3	0
0	0	0	6	14	19	28	73	0	284	19	24	16	15	20	13	10	15	29	38	6	16	18	17	9	18	13	5	6	4	1	4	4	6	14	8	18	89	45	57	20	13	53	80	36	70	40	10	14	11	10	5	12	14	16	17	10	19	24	26	12	7	13	15	14	21	13	43	40	22	13	24	20	46	53	67	18	7	4	9	10	6	6	10	3	5	1	8	7	8	4	6	13	13	7	5	3	1	2	7	11	8	10	0	3	2	3	3	7	3	2	8	13	8	8	4	3	3	8	3	4	2	5	5	1	4	1	0	1	6	3	6	2	3	2	2	2	7	3	2	2	2	1	3	5	1	3	4	2	2	0	1	3	1	2	5	2	1	4	4	5	5	3	3	1	2	0	2	2	1	3	0
0	0	0	7	7	7	29	59	284	0	57	29	32	34	10	8	9	23	25	60	11	16	22	30	17	14	7	2	6	5	2	3	7	5	6	3	8	44	44	114	25	11	24	27	21	31	28	16	10	10	9	8	14	13	13	21	4	26	37	26	15	16	8	4	9	29	19	45	26	23	8	19	16	24	28	75	27	22	14	8	23	16	2	4	2	6	4	10	13	8	7	10	10	7	13	6	2	2	6	5	9	7	6	5	5	5	3	2	4	3	4	4	10	13	6	6	2	4	5	2	5	5	3	5	5	3	2	4	3	2	1	2	4	6	4	1	2	3	4	3	2	4	1	3	4	1	3	1	1	2	1	4	3	2	1	7	2	1	2	3	5	8	2	4	1	2	2	2	1	3	1	0
0	0	0	4	4	6	8	16	19	57	0	67	27	28	13	8	3	13	58	267	62	41	14	12	6	7	9	2	5	5	2	1	4	3	3	3	7	4	16	24	20	12	15	14	8	24	17	11	12	27	12	10	17	21	21	10	10	13	23	24	40	15	10	7	9	47	63	65	27	11	15	18	11	19	6	34	78	52	18	18	30	18	14	8	5	10	8	13	12	7	9	6	11	9	23	7	9	9	10	16	18	17	9	5	4	13	10	3	4	6	2	8	16	16	21	11	4	5	11	3	1	5	6	8	2	2	7	3	10	4	4	5	5	3	5	5	4	5	12	7	7	5	3	5	2	4	5	2	2	4	4	4	13	4	8	8	9	3	2	9	19	20	4	4	1	2	3	4	2	6	0	0
0	0	0	3	5	5	18	25	24	29	67	0	152	137	44	38	15	35	159	72	43	80	31	21	9	15	9	2	0	2	2	0	4	4	15	4	7	9	27	52	17	5	2	12	12	24	18	12	13	22	7	5	10	10	9	4	7	9	9	6	10	5	5	3	8	16	24	39	23	10	11	11	11	10	6	14	24	21	10	10	9	9	5	12	8	5	3	6	3	8	4	6	4	3	13	4	9	5	5	6	7	3	3	3	5	4	5	5	2	3	0	10	5	10	8	9	3	6	4	1	1	4	1	3	6	3	4	4	4	2	1	0	4	2	3	3	2	3	4	5	5	5	1	2	4	2	4	3	3	5	2	1	4	4	1	1	4	4	5	4	12	15	1	4	1	7	3	3	3	1	2	0
0	0	0	2	6	10	29	30	16	32	27	152	0	321	39	52	23	81	159	60	31	112	82	66	20	19	8	9	5	5	2	3	4	5	9	5	15	18	14	40	20	16	13	15	11	43	42	16	15	22	11	11	10	6	5	9	3	8	7	9	11	6	4	5	10	19	28	26	34	18	8	13	5	11	7	19	15	9	15	7	12	5	6	5	1	3	4	4	3	5	6	6	5	8	6	3	0	4	2	4	2	9	1	2	4	3	3	7	0	3	1	4	9	9	9	9	3	1	9	2	5	5	3	3	1	1	5	0	8	2	4	6	1	0	2	3	0	2	3	4	1	1	0	1	3	3	5	1	1	4	5	3	4	2	3	4	3	1	1	4	10	6	6	3	2	2	1	2	1	2	3	0
0	0	0	3	5	8	34	36	15	34	28	137	321	0	55	99	22	139	64	28	25	65	41	38	24	22	10	4	4	2	2	2	1	7	9	3	6	22	27	37	9	7	16	17	10	29	30	14	9	19	8	8	10	5	6	8	4	8	10	12	3	4	2	6	11	13	11	15	33	9	3	7	8	10	7	16	16	6	6	8	6	7	4	7	3	2	1	3	1	7	1	6	4	6	4	3	3	5	5	1	8	8	2	5	2	5	3	0	3	3	3	7	6	4	11	6	2	2	7	2	3	0	6	4	7	2	3	2	2	3	1	0	0	4	3	1	0	3	4	3	4	0	1	1	2	4	2	4	3	1	2	2	1	2	3	3	4	0	3	3	7	6	2	1	1	2	2	7	2	1	1	0
0	0	0	4	2	7	11	9	20	10	13	44	39	55	0	115	21	48	23	12	6	12	13	11	10	7	5	0	1	1	1	3	3	3	5	4	3	12	17	26	4	0	9	7	6	9	10	4	5	6	4	4	2	2	4	3	3	3	2	3	2	3	3	2	5	7	17	10	15	6	4	3	1	7	8	12	12	4	8	5	4	5	2	5	3	1	7	2	4	4	3	4	2	3	6	5	2	2	2	3	3	8	0	5	0	2	2	0	2	5	6	4	4	4	4	1	2	3	3	0	3	1	2	0	2	5	1	0	3	0	0	1	3	1	1	1	3	3	5	2	5	1	3	2	3	2	2	2	0	0	4	2	2	3	3	4	4	7	1	5	11	8	3	2	1	2	3	2	3	2	3	0
0	0	0	1	5	8	23	20	13	8	8	38	52	99	115	0	63	156	19	13	9	23	14	29	20	15	6	7	2	5	3	4	7	6	5	6	7	4	22	28	6	3	6	5	6	12	19	6	4	11	7	8	5	3	1	2	2	5	5	5	5	2	1	4	7	9	7	11	11	7	3	3	5	7	4	9	8	6	4	3	4	4	5	4	2	0	4	3	1	5	2	4	1	2	3	0	1	0	3	3	4	4	1	1	3	2	4	3	2	6	1	2	5	7	4	2	2	0	4	1	3	1	1	4	2	3	3	1	1	2	2	0	5	4	1	1	3	3	2	4	1	4	3	1	1	1	1	1	4	2	2	2	0	1	2	2	1	3	1	6	2	4	0	3	1	2	1	2	3	2	2	0
0	0	0	4	0	7	21	12	10	9	3	15	23	22	21	63	0	74	12	17	9	15	13	18	22	16	4	4	2	2	2	1	7	9	10	4	3	8	8	6	1	8	10	5	5	9	14	10	3	6	5	5	6	3	1	2	2	2	6	6	3	2	4	3	2	2	9	5	13	1	3	2	6	1	4	5	4	4	7	3	1	2	2	1	3	2	3	2	2	3	2	2	2	1	2	2	0	0	1	2	3	5	0	0	3	1	3	2	0	0	2	4	1	3	2	4	4	2	2	1	2	0	2	2	1	4	0	2	3	1	3	2	3	0	1	2	1	2	0	3	0	2	0	0	1	4	4	1	1	0	2	2	4	1	1	2	0	3	2	5	7	4	3	0	1	2	3	1	5	0	0	0
0	0	0	2	3	6	23	18	15	23	13	35	81	139	48	156	74	0	42	20	16	30	39	35	22	11	6	5	1	3	0	2	4	8	12	5	9	14	9	16	9	1	6	6	3	15	18	9	12	6	7	15	7	4	6	4	3	2	7	2	4	5	6	3	3	10	7	10	17	10	1	6	7	8	2	6	4	3	5	8	3	5	2	4	3	1	3	2	3	4	0	0	4	4	5	3	2	0	2	2	7	4	0	0	1	5	3	1	4	2	2	0	4	6	8	0	0	1	4	3	5	3	0	2	3	0	3	3	4	3	2	3	1	2	0	0	1	2	2	2	1	1	1	1	0	3	1	1	0	1	1	2	2	1	4	5	2	2	1	5	4	7	3	3	1	0	1	2	1	1	4	0
0	0	0	2	5	10	17	22	29	25	58	159	159	64	23	19	12	42	0	122	78	550	39	20	16	17	10	6	6	1	1	4	3	2	5	6	7	7	11	16	14	10	14	16	11	31	26	21	23	37	11	12	21	9	9	11	1	1	8	15	10	8	8	9	5	28	43	38	32	20	9	14	8	16	11	13	25	17	15	4	12	17	10	7	7	6	6	5	5	4	5	8	8	8	3	1	1	8	8	5	8	10	2	5	3	3	8	4	9	2	4	9	10	8	14	4	4	2	5	3	5	1	3	4	4	6	0	4	4	0	2	0	4	5	2	3	2	5	3	3	5	0	0	4	5	2	1	1	1	2	2	2	6	5	5	3	4	4	3	6	6	15	6	0	3	2	8	2	3	5	1	0
0	0	0	3	3	8	11	13	38	60	267	72	60	28	12	13	17	20	122	0	79	84	37	19	13	9	10	2	6	3	2	2	3	3	6	9	7	13	12	33	19	16	14	11	14	32	27	13	25	38	19	15	26	18	26	7	6	9	14	19	17	8	5	11	18	71	120	159	62	20	14	25	19	19	15	23	25	27	25	4	23	23	8	9	7	9	8	11	16	7	5	7	9	7	5	4	4	4	6	8	10	15	12	5	5	5	12	5	4	6	5	11	16	15	15	5	3	4	7	7	4	7	4	3	3	5	4	2	7	5	2	1	3	3	2	4	2	6	4	7	3	3	0	3	2	1	4	2	4	0	3	3	8	2	10	10	3	6	7	6	13	8	5	2	2	4	3	6	2	4	1	0
0	0	0	4	4	4	4	11	6	11	62	43	31	25	6	9	9	16	78	79	0	93	13	12	9	7	12	6	1	2	1	2	4	5	2	4	10	11	9	10	25	10	11	7	10	21	16	14	14	114	22	25	26	14	13	4	7	6	7	13	10	8	6	12	15	56	176	45	28	13	13	8	6	15	5	7	16	30	22	9	17	22	16	12	8	6	7	3	9	9	2	7	6	12	8	3	3	2	2	7	18	19	9	6	7	5	11	6	4	7	9	10	10	17	22	13	8	5	9	9	8	7	5	12	8	6	6	6	7	4	5	2	3	5	4	2	4	7	4	4	6	1	3	4	5	3	1	1	4	2	6	6	11	8	13	6	4	3	6	7	16	19	7	3	1	5	2	4	4	4	4	0
0	0	0	1	5	9	18	10	16	16	41	80	112	65	12	23	15	30	550	84	93	0	73	25	27	12	8	4	5	3	1	2	4	5	5	10	9	13	13	16	19	12	9	15	8	30	39	26	21	55	16	15	16	7	13	7	2	4	7	12	12	4	2	9	14	31	40	41	40	20	8	11	7	11	6	4	10	18	12	9	9	10	11	10	3	8	9	7	4	1	3	4	4	6	3	5	5	6	5	5	9	10	2	0	1	3	2	4	3	4	4	7	5	8	11	6	3	3	8	3	2	1	3	6	3	4	3	1	6	4	4	3	4	2	0	3	5	2	4	1	2	6	2	2	0	6	3	2	2	3	7	11	9	3	7	7	4	1	2	1	7	7	6	2	4	3	3	6	0	1	3	0
0	0	0	5	3	18	25	13	18	22	14	31	82	41	13	14	13	39	39	37	13	73	0	230	49	56	38	12	7	4	6	9	12	9	14	12	16	17	17	18	31	21	27	12	16	53	158	57	37	35	15	15	7	13	2	3	2	5	9	4	7	9	3	6	14	12	11	30	72	25	8	10	18	13	12	11	8	7	4	1	6	10	5	7	2	6	7	6	2	5	3	1	4	3	4	3	4	3	4	4	3	8	5	1	2	0	5	3	5	5	0	4	6	6	6	6	4	2	6	6	1	3	1	4	3	4	6	3	4	2	3	1	3	3	1	1	0	1	0	1	0	1	0	2	2	0	6	0	2	3	2	2	7	0	2	8	3	1	5	1	4	5	4	3	2	2	1	1	2	1	3	0
0	0	0	7	11	33	39	31	17	30	12	21	66	38	11	29	18	35	20	19	12	25	230	0	136	118	30	11	7	3	2	5	11	6	40	15	21	18	13	16	18	21	28	14	11	78	305	35	26	12	12	11	11	1	10	9	4	5	5	9	8	6	5	5	8	12	16	28	53	17	10	14	10	14	9	5	10	6	5	2	7	8	5	6	4	5	4	2	1	2	3	8	5	1	3	0	1	4	7	5	6	5	5	2	8	1	2	0	0	2	3	3	4	1	6	1	0	1	3	4	0	2	0	5	2	3	4	3	3	3	0	1	2	3	3	2	2	1	2	2	1	0	0	2	2	2	1	1	0	4	4	3	3	0	4	4	3	0	1	3	4	3	1	0	3	3	1	1	2	4	4	0
0	0	0	8	13	27	53	21	9	17	6	9	20	24	10	20	22	22	16	13	9	27	49	136	0	469	35	7	4	3	2	6	13	16	56	19	29	25	12	10	19	14	26	11	12	32	58	18	20	16	6	6	4	6	8	9	3	6	10	5	5	2	6	9	11	4	6	6	20	14	6	9	12	14	4	5	7	2	4	2	2	8	2	3	1	4	2	4	1	5	3	1	1	4	4	1	3	2	3	4	4	5	2	2	0	1	2	3	1	0	0	7	0	3	0	1	4	2	0	1	1	2	2	3	4	3	3	2	2	4	3	2	1	3	2	0	0	2	2	4	0	1	0	1	0	2	0	1	1	1	1	4	4	2	1	4	1	0	3	2	5	2	1	1	1	1	3	4	3	2	1	0
0	0	0	9	12	28	26	15	18	14	7	15	19	22	7	15	16	11	17	9	7	12	56	118	469	0	53	10	8	5	5	4	28	21	90	18	33	25	13	10	17	14	21	24	10	30	52	24	25	9	9	7	8	4	5	5	4	3	5	6	2	5	0	5	6	4	3	9	17	18	10	12	11	11	7	5	5	3	8	1	2	3	1	4	1	3	4	4	3	7	4	2	7	6	5	3	3	0	1	7	3	8	2	1	2	1	2	1	2	2	3	1	3	4	0	3	4	2	5	3	1	1	3	2	3	2	0	0	2	0	0	2	1	0	1	1	2	2	1	0	1	1	1	0	1	4	0	3	0	0	1	3	4	1	2	3	2	0	2	2	2	7	1	1	0	0	1	1	3	4	2	0
0	0	0	9	15	21	13	10	13	7	9	9	8	10	5	6	4	6	10	10	12	8	38	30	35	53	0	44	9	8	5	15	24	21	75	33	19	15	7	13	29	22	27	14	15	20	33	97	33	18	17	7	15	7	2	6	1	3	5	13	7	4	3	10	14	11	14	18	19	26	10	16	19	9	11	4	6	4	6	2	1	0	6	9	4	6	3	7	4	4	3	3	4	5	1	3	4	0	1	4	3	4	1	2	1	3	2	3	4	2	0	2	5	4	3	4	2	2	4	4	0	1	3	3	1	4	2	1	1	1	2	3	0	0	0	1	0	1	2	6	1	2	1	0	2	3	1	2	2	3	3	3	3	3	1	2	1	5	1	2	2	3	1	2	1	1	1	1	4	0	0	0
0	0	0	6	8	8	9	5	5	2	2	2	9	4	0	7	4	5	6	2	6	4	12	11	7	10	44	0	56	24	23	17	31	18	25	25	14	6	3	5	24	20	9	8	13	10	7	27	16	13	11	7	10	6	4	8	3	0	2	7	3	4	3	10	8	8	9	4	8	10	11	10	12	6	4	5	1	3	4	1	3	5	5	4	2	3	2	6	6	4	4	4	3	4	2	0	1	1	2	1	0	3	4	1	1	3	1	2	3	2	0	7	1	2	3	0	6	3	2	5	2	1	1	0	4	6	1	3	3	1	1	4	3	3	2	2	1	3	1	2	1	0	3	2	1	2	0	1	1	0	3	1	2	0	1	1	2	1	3	1	1	4	1	1	0	0	0	3	1	2	1	0
0	0	0	6	10	6	4	6	6	6	5	0	5	4	1	2	2	1	6	6	1	5	7	7	4	8	9	56	0	67	19	11	10	8	11	21	8	6	2	4	10	21	12	9	8	3	5	17	11	4	8	1	9	3	2	5	3	2	4	5	2	1	4	13	10	5	5	9	3	14	11	6	14	4	3	5	2	5	1	3	4	1	4	3	1	4	3	7	1	3	2	2	7	3	2	1	4	0	2	3	1	2	1	0	0	1	0	2	3	3	2	2	2	6	3	4	1	0	3	0	3	2	2	2	1	5	5	1	2	4	1	0	3	1	0	2	2	0	0	0	1	1	1	3	1	1	0	3	1	4	2	2	0	3	4	1	3	0	0	0	2	1	0	1	0	2	1	1	1	1	2	0
0	0	0	7	9	4	2	3	4	5	5	2	5	2	1	5	2	3	1	3	2	3	4	3	3	5	8	24	67	0	72	26	10	4	7	10	3	4	2	2	8	5	7	8	7	7	3	9	6	2	1	4	4	1	1	1	0	2	0	4	3	5	6	4	8	5	5	7	6	9	3	5	9	2	6	3	1	5	2	0	0	3	4	6	5	2	3	2	3	0	2	1	4	2	4	2	1	1	0	1	1	1	3	1	2	1	2	1	1	1	1	5	2	0	3	4	2	3	0	0	3	4	1	1	3	0	1	0	0	0	1	2	1	1	1	1	4	2	2	0	2	1	0	0	1	0	0	2	2	0	1	2	0	0	2	1	1	1	0	0	2	1	2	1	0	0	1	1	1	1	2	0
0	0	0	10	7	8	3	4	1	2	2	2	2	2	1	3	2	0	1	2	1	1	6	2	2	5	5	23	19	72	0	83	18	7	8	16	7	1	1	2	2	4	5	4	4	2	2	7	1	4	3	2	3	2	7	3	1	3	3	2	1	3	3	7	6	3	2	0	3	4	2	6	8	3	7	1	2	0	1	0	1	1	1	1	3	1	3	2	1	1	2	2	1	0	1	1	3	0	1	0	1	1	0	0	3	1	0	1	0	1	1	2	4	0	1	1	6	0	2	1	0	1	0	0	2	2	0	0	0	0	0	0	1	2	1	0	2	0	0	0	1	1	0	0	1	0	2	0	0	0	1	2	2	2	1	3	1	1	2	1	1	0	1	0	1	0	0	0	1	0	0	0
0	0	0	12	8	9	3	3	4	3	1	0	3	2	3	4	1	2	4	2	2	2	9	5	6	4	15	17	11	26	83	0	65	22	10	24	3	6	3	0	5	5	7	3	2	2	8	7	5	4	3	4	3	5	4	4	1	0	2	1	0	1	2	3	5	4	0	3	4	3	7	6	8	1	2	0	3	5	3	1	0	3	4	3	0	1	2	2	1	3	2	0	1	3	2	2	3	2	1	1	2	0	2	2	0	1	0	2	0	1	1	2	2	1	0	1	4	1	1	1	1	1	4	2	1	2	1	4	0	0	1	0	0	0	1	2	0	1	0	1	0	2	0	0	0	0	0	3	0	1	3	3	2	1	3	1	0	2	0	0	1	1	0	1	0	2	0	0	0	1	1	0
0	0	0	10	10	11	5	8	4	7	4	4	4	1	3	7	7	4	3	3	4	4	12	11	13	28	24	31	10	10	18	65	0	150	43	35	11	3	1	2	5	9	3	9	8	7	10	16	5	3	3	2	0	3	4	1	2	5	4	5	7	4	1	0	4	2	4	6	2	6	4	9	4	4	1	3	2	3	0	2	0	4	0	2	1	4	2	2	2	1	4	0	1	3	1	4	1	0	1	1	1	1	3	1	3	2	0	0	2	1	1	2	3	1	2	3	2	4	1	1	1	2	2	1	1	4	0	0	2	1	0	2	2	1	0	2	0	0	1	1	1	1	0	3	1	2	1	0	0	2	1	1	3	1	1	0	1	1	1	1	2	0	0	1	1	1	1	2	2	0	2	0
0	0	0	9	12	24	11	12	6	5	3	4	5	7	3	6	9	8	2	3	5	5	9	6	16	21	21	18	8	4	7	22	150	0	55	41	9	8	3	4	5	8	6	9	6	10	9	9	6	2	2	1	6	1	3	0	4	3	1	4	1	0	1	4	6	3	3	1	7	2	4	6	4	4	1	3	4	3	0	0	2	1	2	2	1	2	3	4	2	1	2	3	2	1	3	1	0	0	0	1	1	4	2	0	0	1	1	2	2	0	1	0	0	1	2	7	3	1	2	1	3	1	2	3	1	1	3	0	0	0	0	0	0	2	1	1	0	1	3	4	3	1	2	0	1	2	2	2	3	0	2	4	2	1	1	5	2	2	1	2	3	2	0	0	0	2	1	0	2	0	2	0
0	0	0	10	16	20	16	15	14	6	3	15	9	9	5	5	10	12	5	6	2	5	14	40	56	90	75	25	11	7	8	10	43	55	0	38	23	11	4	5	20	11	13	10	13	15	30	19	12	5	10	5	4	5	7	2	1	4	6	3	1	6	2	5	9	6	3	10	8	10	5	5	6	9	7	5	3	2	4	2	6	5	4	7	2	3	2	3	2	0	0	1	4	1	3	4	1	1	2	2	2	0	3	0	1	2	1	1	1	1	0	2	6	1	2	0	2	3	2	4	2	2	0	3	2	2	1	3	1	2	2	0	1	0	0	1	0	1	4	3	1	0	0	1	0	2	0	2	0	1	0	1	0	0	3	1	1	2	0	0	2	4	1	0	0	2	1	3	3	0	0	0
0	0	0	22	37	25	14	10	8	3	3	4	5	3	4	6	4	5	6	9	4	10	12	15	19	18	33	25	21	10	16	24	35	41	38	0	47	8	5	3	19	13	17	18	16	14	15	22	10	3	6	3	1	3	5	1	5	1	3	5	3	3	5	8	6	8	6	6	12	15	5	11	11	11	3	9	2	1	4	1	2	4	1	4	2	3	3	4	2	2	0	5	5	7	2	2	0	3	1	4	4	2	2	3	1	2	1	1	2	0	2	2	1	3	2	1	2	1	2	1	1	1	3	2	3	2	1	1	2	1	0	0	1	0	2	0	2	1	1	0	2	2	0	1	0	1	0	3	4	0	4	1	1	1	2	3	1	1	1	2	4	2	0	1	0	3	0	0	0	2	3	0
0	0	0	27	148	270	34	33	18	8	7	7	15	6	3	7	3	9	7	7	10	9	16	21	29	33	19	14	8	3	7	3	11	9	23	47	0	54	12	10	9	22	50	49	27	28	29	9	11	6	6	10	4	5	8	8	4	6	6	9	3	4	10	7	10	6	8	13	18	21	8	11	29	11	17	9	4	5	3	2	5	3	1	4	2	9	5	2	1	4	1	1	4	1	5	1	2	0	0	3	2	4	3	1	1	4	2	2	2	3	1	1	3	2	3	0	2	2	4	1	2	3	3	2	2	1	6	0	3	1	2	1	3	2	0	6	0	2	2	3	1	0	2	1	1	0	2	1	4	0	5	1	3	2	1	2	1	1	2	2	3	3	0	3	0	0	1	1	2	2	0	0
0	0	0	11	19	46	99	165	89	44	4	9	18	22	12	4	8	14	7	13	11	13	17	18	25	25	15	6	6	4	1	6	3	8	11	8	54	0	53	29	22	9	60	109	34	79	36	10	10	9	4	3	8	9	16	16	7	14	13	20	5	4	6	9	8	5	10	16	24	23	11	15	23	27	29	19	6	7	6	1	6	7	6	6	4	8	3	4	4	5	8	7	10	9	2	6	3	1	3	2	4	4	4	1	2	3	3	2	3	0	4	7	5	6	5	1	3	2	6	3	4	4	6	3	1	1	1	3	5	3	4	1	3	1	3	2	0	1	3	3	4	0	3	2	1	1	2	0	1	2	0	0	2	2	0	2	4	3	3	1	2	5	0	1	0	0	0	1	1	4	4	0
0	0	0	6	11	18	54	96	45	44	16	27	14	27	17	22	8	9	11	12	9	13	17	13	12	13	7	3	2	2	1	3	1	3	4	5	12	53	0	189	6	6	15	17	8	11	21	5	5	4	2	3	6	7	12	9	10	13	11	10	10	7	0	5	6	8	15	16	14	14	3	6	11	14	15	17	10	10	4	6	4	0	4	1	3	2	4	5	7	8	4	11	6	7	4	4	2	5	2	2	1	2	3	4	1	1	3	2	1	2	2	4	9	2	2	4	3	2	2	2	2	2	1	3	2	2	2	0	1	0	3	3	2	6	1	3	2	2	4	7	0	3	2	4	6	1	4	1	2	1	3	1	3	2	2	0	1	3	2	0	6	4	2	1	0	3	1	2	1	1	1	0
0	0	0	2	8	14	21	74	57	114	24	52	40	37	26	28	6	16	16	33	10	16	18	16	10	10	13	5	4	2	2	0	2	4	5	3	10	29	189	0	12	7	17	21	11	23	17	4	12	13	5	5	1	13	7	5	4	12	8	11	4	8	6	5	5	10	7	20	27	6	3	9	7	8	16	26	22	6	9	9	7	4	8	5	1	6	4	6	8	7	3	5	8	4	4	8	4	4	1	5	4	5	2	3	9	5	1	4	0	1	4	8	5	3	1	3	3	4	4	3	0	1	1	6	2	1	3	4	2	2	2	4	2	1	1	2	2	1	2	3	1	3	1	1	2	2	0	1	2	0	0	3	4	5	3	2	5	0	2	5	5	3	1	0	2	1	0	0	1	2	3	0
0	0	0	5	6	10	13	17	20	25	20	17	20	9	4	6	1	9	14	19	25	19	31	18	19	17	29	24	10	8	2	5	5	5	20	19	9	22	6	12	0	126	78	18	23	71	59	151	107	27	20	14	34	38	15	15	2	10	6	25	9	9	7	20	73	30	19	49	108	278	54	90	35	25	13	19	7	5	9	4	7	8	8	18	2	13	7	11	5	8	8	6	11	14	9	4	1	6	2	1	2	7	6	2	2	3	3	4	5	2	8	6	6	5	5	9	3	4	7	0	8	4	5	2	12	9	3	4	3	2	2	4	2	4	1	1	1	3	2	1	5	4	0	7	3	2	4	2	3	2	2	2	1	4	1	3	1	4	0	3	6	5	5	1	0	0	1	1	4	2	2	0
0	0	0	7	10	17	6	13	13	11	12	5	16	7	0	3	8	1	10	16	10	12	21	21	14	14	22	20	21	5	4	5	9	8	11	13	22	9	6	7	126	0	102	29	54	48	35	54	22	14	20	12	21	24	20	21	5	10	17	25	8	12	18	37	88	15	18	30	50	299	72	125	167	42	20	14	7	7	3	4	6	7	9	14	13	9	10	9	7	6	5	11	22	9	11	3	5	2	3	3	6	4	5	1	5	1	4	1	1	2	1	4	4	1	5	3	3	1	4	4	7	3	4	8	5	6	4	2	6	2	0	0	3	3	3	4	2	1	1	3	1	3	1	0	4	5	1	4	1	6	4	2	3	2	2	3	5	1	1	1	0	3	2	3	1	0	1	4	4	1	0	0
0	0	0	12	39	35	27	32	53	24	15	2	13	16	9	6	10	6	14	14	11	9	27	28	26	21	27	9	12	7	5	7	3	6	13	17	50	60	15	17	78	102	0	106	115	192	64	32	31	22	14	13	7	17	13	16	8	7	9	23	9	5	8	12	26	21	11	36	74	118	25	44	127	54	24	17	6	4	9	3	5	4	7	7	3	5	5	9	7	6	7	6	17	7	7	1	3	2	2	5	2	7	7	1	1	1	4	1	4	4	8	3	3	5	5	4	6	4	3	2	1	3	3	5	2	2	3	1	2	0	3	3	1	0	0	0	1	5	2	1	0	2	2	3	1	3	6	1	2	3	0	3	2	1	4	4	1	2	1	0	1	5	2	4	0	3	2	3	4	4	3	0
0	0	0	11	23	36	28	32	80	27	14	12	15	17	7	5	5	6	16	11	7	15	12	14	11	24	14	8	9	8	4	3	9	9	10	18	49	109	17	21	18	29	106	0	175	64	26	14	9	10	9	6	5	20	18	17	9	14	10	26	7	6	6	16	19	13	13	19	24	44	17	38	77	66	55	28	12	8	7	4	9	5	3	2	3	5	6	10	6	3	4	13	14	5	4	3	3	3	1	5	4	6	3	1	3	2	4	2	1	0	4	3	4	5	3	0	7	0	6	2	3	5	4	5	3	6	2	1	4	0	2	2	3	3	2	2	0	5	1	7	3	0	1	2	3	6	3	1	1	1	1	3	3	3	3	5	0	2	2	1	5	7	4	1	2	1	2	1	3	4	0	0
0	0	0	11	19	13	11	17	36	21	8	12	11	10	6	6	5	3	11	14	10	8	16	11	12	10	15	13	8	7	4	2	8	6	13	16	27	34	8	11	23	54	115	175	0	40	22	17	10	6	8	6	8	19	19	26	11	16	32	30	10	8	12	24	27	20	8	24	30	53	16	44	332	90	30	27	7	3	7	1	6	8	7	6	2	7	12	11	10	6	7	17	27	18	4	7	3	5	2	4	7	5	5	3	3	2	2	2	3	8	3	2	7	2	6	2	2	1	5	4	1	3	2	4	2	3	1	2	1	4	3	1	3	2	1	3	1	2	2	6	1	1	5	4	2	4	1	1	0	2	0	2	3	1	5	5	4	3	2	5	7	4	3	5	0	1	0	4	2	0	2	0
0	0	0	10	21	35	28	45	70	31	24	24	43	29	9	12	9	15	31	32	21	30	53	78	32	30	20	10	3	7	2	2	7	10	15	14	28	79	11	23	71	48	192	64	40	0	296	30	30	19	13	5	12	14	11	7	8	7	11	21	10	8	8	8	24	24	22	48	238	76	22	31	43	36	20	18	7	9	11	4	9	4	8	3	1	8	7	11	5	6	8	9	9	5	5	1	0	3	2	1	4	5	3	3	3	1	3	4	3	6	6	2	7	4	7	1	2	1	4	1	3	5	2	3	4	1	0	1	1	1	1	0	1	3	0	2	2	2	2	1	1	2	3	3	2	4	2	1	1	1	1	4	2	1	2	9	1	2	4	3	6	2	3	3	1	1	2	2	1	2	2	0
0	0	0	9	11	36	30	41	40	28	17	18	42	30	10	19	14	18	26	27	16	39	158	305	58	52	33	7	5	3	2	8	10	9	30	15	29	36	21	17	59	35	64	26	22	296	0	40	32	20	17	8	12	9	7	11	3	8	9	11	6	6	8	9	11	14	11	29	151	44	13	17	30	21	9	14	6	6	6	2	7	6	6	6	5	3	7	8	6	8	1	8	5	6	7	2	2	4	2	3	4	9	2	4	3	5	6	3	1	4	2	8	5	5	8	4	2	0	5	1	3	1	3	4	5	2	1	3	2	1	4	0	2	4	1	4	0	2	0	3	2	3	1	4	2	4	4	0	1	0	0	1	4	2	2	2	2	2	2	1	1	5	2	4	4	1	1	0	4	2	4	0
0	0	0	5	6	19	12	7	10	16	11	12	16	14	4	6	10	9	21	13	14	26	57	35	18	24	97	27	17	9	7	7	16	9	19	22	9	10	5	4	151	54	32	14	17	30	40	0	224	35	38	11	28	17	12	10	1	9	10	6	7	6	6	18	27	15	26	20	49	54	30	23	20	18	6	7	2	6	7	3	2	9	11	8	7	7	3	9	4	3	4	5	9	4	9	5	1	2	4	0	6	6	1	2	4	2	1	2	2	5	2	3	9	5	6	4	2	3	4	3	2	4	3	5	5	7	5	5	5	2	2	2	6	2	0	0	1	0	0	2	3	1	3	2	1	0	5	0	2	3	2	2	2	2	2	8	3	3	2	1	3	2	3	2	3	1	3	2	5	3	3	0
0	0	0	8	7	11	10	5	14	10	12	13	15	9	5	4	3	12	23	25	14	21	37	26	20	25	33	16	11	6	1	5	5	6	12	10	11	10	5	12	107	22	31	9	10	30	32	224	0	55	92	32	21	19	8	6	1	4	4	9	7	6	5	10	24	31	26	26	39	34	22	24	19	15	5	10	6	9	6	4	7	13	7	5	6	9	9	7	3	5	3	8	9	9	6	2	1	3	1	1	6	4	3	2	0	4	4	2	2	5	4	3	3	4	8	7	6	3	8	5	2	1	4	3	4	5	3	7	6	0	3	5	3	7	2	6	2	2	1	4	1	5	2	1	4	2	1	1	0	3	4	4	7	3	3	1	3	4	2	1	7	7	3	4	4	1	2	2	2	1	2	0
0	0	0	6	4	10	5	5	11	10	27	22	22	19	6	11	6	6	37	38	114	55	35	12	16	9	18	13	4	2	4	4	3	2	5	3	6	9	4	13	27	14	22	10	6	19	20	35	55	0	102	46	52	20	14	13	5	2	7	9	10	9	7	14	19	53	95	49	41	30	16	23	7	22	6	8	7	15	15	10	6	19	16	8	6	10	5	13	4	6	6	3	10	12	6	2	1	2	6	7	11	14	8	2	7	1	6	2	3	8	5	8	13	9	11	9	7	5	9	6	8	5	5	8	8	6	6	2	5	6	1	8	4	2	2	5	5	8	6	4	1	2	3	5	3	2	0	2	2	3	2	5	5	11	9	9	3	2	3	3	6	8	1	3	2	4	0	8	4	1	4	0
0	0	0	4	3	2	7	5	10	9	12	7	11	8	4	7	5	7	11	19	22	16	15	12	6	9	17	11	8	1	3	3	3	2	10	6	6	4	2	5	20	20	14	9	8	13	17	38	92	102	0	183	63	23	12	4	3	3	6	12	6	8	9	5	15	41	23	24	20	14	29	12	20	12	3	12	4	7	10	6	4	18	14	7	13	7	9	11	4	8	1	1	2	7	4	1	4	2	4	5	5	10	6	1	6	8	1	2	6	2	5	9	7	13	10	10	8	10	11	3	5	4	9	16	12	14	7	3	6	4	2	4	3	3	4	4	1	1	4	4	4	4	3	4	0	8	5	3	2	4	7	8	6	1	9	3	4	3	1	2	6	4	1	1	1	4	4	6	5	2	3	0
0	0	0	3	4	6	5	3	5	8	10	5	11	8	4	8	5	15	12	15	25	15	15	11	6	7	7	7	1	4	2	4	2	1	5	3	10	3	3	5	14	12	13	6	6	5	8	11	32	46	183	0	46	15	8	2	4	5	13	5	14	5	7	12	11	26	24	13	15	11	18	17	8	4	5	6	8	7	11	9	3	15	24	20	8	14	2	13	2	3	3	3	7	6	10	4	2	3	3	5	7	12	6	2	2	4	7	5	5	1	2	9	5	8	18	24	16	5	18	9	7	10	11	10	16	27	13	11	17	6	7	2	6	1	6	6	1	5	4	4	1	3	1	3	5	4	2	3	4	2	2	5	8	2	8	7	2	3	4	5	7	6	2	1	1	6	3	8	4	3	1	0
0	0	0	3	2	9	5	2	12	14	17	10	10	10	2	5	6	7	21	26	26	16	7	11	4	8	15	10	9	4	3	3	0	6	4	1	4	8	6	1	34	21	7	5	8	12	12	28	21	52	63	46	0	163	25	13	12	10	15	39	26	23	33	41	33	124	49	33	27	28	48	55	14	13	5	12	15	15	15	6	18	27	38	45	14	21	24	40	10	9	5	12	27	33	22	5	7	5	6	8	9	14	9	6	5	2	7	5	7	4	6	11	14	9	19	9	17	12	19	8	10	13	5	14	16	8	3	4	4	1	6	4	3	13	1	5	3	2	2	4	0	1	2	1	2	6	4	0	4	6	0	11	5	3	6	7	2	7	4	5	4	7	3	1	2	1	7	7	7	4	3	0
0	0	0	8	5	6	6	4	14	13	21	10	6	5	2	3	3	4	9	18	14	7	13	1	6	4	7	6	3	1	2	5	3	1	5	3	5	9	7	13	38	24	17	20	19	14	9	17	19	20	23	15	163	0	107	24	11	11	28	58	61	27	69	50	57	90	33	30	29	35	48	64	19	27	14	24	12	22	14	13	20	38	38	96	29	46	25	92	33	18	13	8	43	43	39	5	8	11	10	8	13	14	4	2	2	1	5	5	6	7	11	20	16	27	16	14	4	11	25	11	6	4	12	20	16	9	4	4	7	2	6	4	3	4	11	3	5	5	7	5	5	4	3	2	5	1	1	4	2	8	5	10	6	3	10	7	3	3	4	4	7	9	4	3	2	3	5	6	4	1	3	0
0	0	0	3	5	9	3	4	16	13	21	9	5	6	4	1	1	6	9	26	13	13	2	10	8	5	2	4	2	1	7	4	4	3	7	5	8	16	12	7	15	20	13	18	19	11	7	12	8	14	12	8	25	107	0	56	19	21	74	344	135	64	90	44	27	44	20	25	13	26	26	48	17	60	25	41	23	12	9	7	26	14	12	48	21	34	36	98	43	40	25	34	100	127	58	12	7	9	8	20	13	16	10	4	6	7	2	7	6	10	12	11	35	23	13	9	9	9	10	12	14	9	11	8	4	6	3	4	3	3	2	3	6	1	1	3	3	1	8	5	8	3	1	7	7	3	2	2	5	3	4	5	4	5	5	4	4	4	3	5	8	5	2	5	1	2	1	3	0	2	2	0
0	0	0	7	10	8	7	10	17	21	10	4	9	8	3	2	2	4	11	7	4	7	3	9	9	5	6	8	5	1	3	4	1	0	2	1	8	16	9	5	15	21	16	17	26	7	11	10	6	13	4	2	13	24	56	0	50	30	94	67	24	25	55	29	20	10	12	11	15	13	14	25	24	58	40	40	19	10	8	4	13	12	9	11	11	10	10	21	25	22	40	132	91	32	15	12	2	10	6	9	3	1	10	4	0	1	6	4	4	3	3	2	15	8	8	4	5	3	5	2	2	4	6	9	4	3	0	5	2	4	2	0	0	2	1	3	1	2	8	2	5	2	4	2	3	6	5	2	1	2	1	3	3	2	4	4	5	1	2	2	3	5	3	4	3	1	2	0	5	0	1	0
0	0	0	5	2	1	2	5	10	4	10	7	3	4	3	2	2	3	1	6	7	2	2	4	3	4	1	3	3	0	1	1	2	4	1	5	4	7	10	4	2	5	8	9	11	8	3	1	1	5	3	4	12	11	19	50	0	49	47	23	11	27	21	8	4	3	6	12	5	5	11	11	8	16	12	16	20	9	4	6	11	5	6	4	6	12	10	17	20	86	73	136	26	16	16	17	19	16	6	4	3	3	10	3	6	6	4	3	3	6	7	7	13	8	9	1	1	5	8	7	5	5	8	5	3	0	1	3	2	2	3	2	4	5	2	0	3	4	4	11	6	4	4	4	9	9	5	3	5	0	3	4	2	2	2	4	3	6	4	5	2	3	4	1	1	1	2	3	4	0	0	0
0	0	0	3	7	5	5	15	19	26	13	9	8	8	3	5	2	2	1	9	6	4	5	5	6	3	3	0	2	2	3	0	5	3	4	1	6	14	13	12	10	10	7	14	16	7	8	9	4	2	3	5	10	11	21	30	49	0	92	31	13	13	13	7	11	9	10	10	8	7	8	11	13	31	90	70	14	6	14	7	15	4	5	10	9	6	7	7	12	22	20	36	14	18	10	11	4	3	3	4	13	6	9	3	1	3	7	1	6	1	5	2	11	8	3	3	0	3	3	3	2	6	10	3	1	3	2	0	0	0	1	1	6	6	2	1	2	4	3	9	5	3	1	3	8	1	2	2	3	2	3	0	1	4	4	6	7	3	1	5	3	5	2	1	1	2	6	3	4	2	4	0
0	0	0	4	9	8	5	13	24	37	23	9	7	10	2	5	6	7	8	14	7	7	9	5	10	5	5	2	4	0	3	2	4	1	6	3	6	13	11	8	6	17	9	10	32	11	9	10	4	7	6	13	15	28	74	94	47	92	0	143	51	26	20	21	20	22	12	24	11	19	10	24	20	59	50	218	29	13	14	12	39	20	6	20	17	15	11	24	23	34	37	53	37	29	21	13	11	7	4	16	10	9	13	1	4	3	8	4	3	10	8	14	21	24	10	7	3	9	9	2	5	1	3	6	5	3	2	0	2	0	2	1	3	2	6	2	5	5	6	6	7	0	3	3	2	7	5	1	2	4	1	1	7	4	3	5	6	2	2	2	8	5	0	6	3	5	5	3	3	4	1	0
0	0	0	5	8	6	6	7	26	26	24	6	9	12	3	5	6	2	15	19	13	12	4	9	5	6	13	7	5	4	2	1	5	4	3	5	9	20	10	11	25	25	23	26	30	21	11	6	9	9	12	5	39	58	344	67	23	31	143	0	89	53	39	33	35	46	15	43	24	35	22	54	32	153	21	94	25	11	12	13	31	23	11	19	15	22	15	27	27	27	18	41	80	47	18	13	4	7	6	5	8	10	11	5	6	4	3	4	6	7	7	16	25	16	13	6	1	6	9	8	9	6	6	15	5	7	3	1	6	1	5	1	1	1	6	1	3	3	10	5	6	7	4	2	5	4	1	3	1	1	5	7	5	1	4	3	1	3	2	5	2	6	4	2	1	1	2	5	7	2	3	0
0	0	0	4	3	1	2	9	12	15	40	10	11	3	2	5	3	4	10	17	10	12	7	8	5	2	7	3	2	3	1	0	7	1	1	3	3	5	10	4	9	8	9	7	10	10	6	7	7	10	6	14	26	61	135	24	11	13	51	89	0	214	42	21	23	38	21	23	10	11	16	28	12	30	16	49	45	27	30	24	101	36	26	48	15	38	17	42	45	33	28	30	30	102	79	23	22	12	8	24	20	11	26	5	10	13	15	9	11	17	15	51	96	61	23	9	9	2	9	11	10	14	17	15	10	6	6	4	4	3	5	3	2	2	6	4	8	4	13	15	5	4	1	5	8	8	7	6	3	6	3	10	8	2	8	8	9	6	3	5	9	10	5	2	1	1	6	6	4	2	2	0
0	0	0	0	5	2	6	10	7	16	15	5	6	4	3	2	2	5	8	8	8	4	9	6	2	5	4	4	1	5	3	1	4	0	6	3	4	4	7	8	9	12	5	6	8	8	6	6	6	9	8	5	23	27	64	25	27	13	26	53	214	0	51	17	13	25	13	19	10	7	9	12	8	18	14	34	20	27	18	13	61	39	23	49	38	37	46	40	129	85	32	30	27	111	257	33	16	27	22	32	20	12	36	12	16	7	7	10	12	11	27	42	107	81	12	14	7	7	12	8	17	12	20	26	10	5	2	3	6	3	6	4	7	8	8	3	2	9	6	16	4	7	10	6	17	8	9	5	7	4	8	8	7	3	8	8	11	3	3	7	3	9	5	5	7	4	5	5	8	6	3	0
0	0	0	7	4	2	6	5	13	8	10	5	4	2	3	1	4	6	8	5	6	2	3	5	6	0	3	3	4	6	3	2	1	1	2	5	10	6	0	6	7	18	8	6	12	8	8	6	5	7	9	7	33	69	90	55	21	13	20	39	42	51	0	55	35	28	14	14	8	10	19	22	15	24	9	18	12	8	10	11	13	16	16	44	35	142	43	317	91	42	41	44	165	329	35	12	8	14	11	8	3	11	6	3	6	8	5	5	7	5	12	23	16	16	16	5	7	5	14	7	7	9	14	21	10	5	6	3	2	2	1	3	5	9	2	4	2	3	9	5	7	2	4	4	5	2	6	5	3	8	4	3	2	5	1	9	2	4	5	1	1	4	3	2	2	3	1	2	2	2	1	0
0	0	0	1	9	6	5	5	15	4	7	3	5	6	2	4	3	3	9	11	12	9	6	5	9	5	10	10	13	4	7	3	0	4	5	8	7	9	5	5	20	37	12	16	24	8	9	18	10	14	5	12	41	50	44	29	8	7	21	33	21	17	55	0	169	20	19	20	15	24	140	61	38	23	12	9	5	5	9	10	15	17	9	27	15	21	16	48	14	18	13	26	98	37	18	8	6	5	6	8	7	2	5	3	4	3	2	9	0	4	2	6	8	14	7	11	8	5	5	11	5	6	8	8	8	3	3	4	4	3	3	3	5	1	4	1	5	1	3	5	1	0	0	3	1	4	3	2	3	4	3	3	3	5	5	10	4	4	1	3	1	7	4	2	0	0	4	3	5	1	2	0
0	0	0	5	8	7	13	9	14	9	9	8	10	11	5	7	2	3	5	18	15	14	14	8	11	6	14	8	10	8	6	5	4	6	9	6	10	8	6	5	73	88	26	19	27	24	11	27	24	19	15	11	33	57	27	20	4	11	20	35	23	13	35	169	0	23	18	30	23	82	998	187	50	37	9	16	11	8	6	6	10	16	16	14	5	22	9	31	14	7	10	13	37	20	13	4	3	5	2	6	8	2	6	4	0	4	3	4	7	5	2	12	8	3	3	5	8	4	5	3	4	7	5	6	10	9	3	2	5	1	2	2	2	2	3	4	6	2	5	4	1	2	1	1	1	3	2	1	4	4	4	0	3	0	4	3	4	1	3	4	2	4	2	1	2	2	1	3	2	2	1	0
0	0	0	3	4	10	11	7	21	29	47	16	19	13	7	9	2	10	28	71	56	31	12	12	4	4	11	8	5	5	3	4	2	3	6	8	6	5	8	10	30	15	21	13	20	24	14	15	31	53	41	26	124	90	44	10	3	9	22	46	38	25	28	20	23	0	263	135	42	28	34	53	20	24	12	21	17	24	26	15	21	56	29	48	18	25	13	36	14	9	9	14	21	24	21	5	5	6	5	13	18	16	10	5	7	7	6	9	9	7	11	19	20	20	22	11	11	7	24	9	9	15	7	16	10	5	5	7	5	5	3	1	3	2	2	7	5	3	6	6	4	2	1	4	5	6	2	0	4	5	4	6	8	3	3	16	1	3	0	6	6	5	4	4	5	2	6	2	3	4	4	0
0	0	0	3	2	4	9	9	13	19	63	24	28	11	17	7	9	7	43	120	176	40	11	16	6	3	14	9	5	5	2	0	4	3	3	6	8	10	15	7	19	18	11	13	8	22	11	26	26	95	23	24	49	33	20	12	6	10	12	15	21	13	14	19	18	263	0	126	35	21	14	39	10	19	10	26	22	24	25	10	21	50	31	25	7	8	11	8	13	11	9	14	13	14	11	8	5	5	8	9	18	18	13	2	2	4	5	7	7	3	14	18	8	18	22	9	8	13	14	8	12	9	11	14	11	6	4	4	9	2	4	6	4	6	3	2	5	5	7	4	2	3	1	2	1	3	0	5	4	5	3	9	8	4	6	6	2	4	3	7	10	19	4	1	6	1	7	1	2	2	4	0
0	0	0	8	8	9	11	15	43	45	65	39	26	15	10	11	5	10	38	159	45	41	30	28	6	9	18	4	9	7	0	3	6	1	10	6	13	16	16	20	49	30	36	19	24	48	29	20	26	49	24	13	33	30	25	11	12	10	24	43	23	19	14	20	30	135	126	0	145	60	23	65	21	45	14	28	23	13	20	14	24	20	13	19	9	8	7	10	11	11	8	6	14	12	15	0	2	7	4	6	9	11	6	2	6	4	3	5	7	3	7	9	15	18	15	6	4	9	6	4	3	6	6	8	4	7	3	4	9	4	3	4	4	2	8	3	1	3	4	7	3	1	3	7	5	4	2	1	2	5	2	6	7	4	1	4	8	2	2	3	5	5	4	1	3	1	2	1	4	3	2	0
0	0	0	9	8	16	22	28	40	26	27	23	34	33	15	11	13	17	32	62	28	40	72	53	20	17	19	8	3	6	3	4	2	7	8	12	18	24	14	27	108	50	74	24	30	238	151	49	39	41	20	15	27	29	13	15	5	8	11	24	10	10	8	15	23	42	35	145	0	107	26	43	31	27	10	24	12	9	10	5	6	19	6	12	6	10	10	11	7	5	5	10	18	11	7	2	5	2	4	10	4	8	5	1	2	1	3	0	4	3	4	3	11	9	8	9	1	4	10	7	3	3	6	4	2	3	2	1	2	5	2	3	3	5	2	2	1	0	4	6	1	2	2	2	4	2	3	0	4	4	1	3	6	5	2	3	6	3	1	2	5	4	6	2	0	4	1	0	3	2	1	0
0	0	0	5	9	14	10	7	22	23	11	10	18	9	6	7	1	10	20	20	13	20	25	17	14	18	26	10	14	9	4	3	6	2	10	15	21	23	14	6	278	299	118	44	53	76	44	54	34	30	14	11	28	35	26	13	5	7	19	35	11	7	10	24	82	28	21	60	107	0	57	281	114	55	21	18	12	4	10	4	7	12	12	16	9	11	3	12	8	8	10	10	20	11	11	2	1	10	4	6	6	6	8	4	3	2	3	4	1	4	2	9	9	17	8	4	4	7	11	5	3	2	2	4	8	6	3	3	4	3	0	1	4	1	2	2	1	1	5	1	0	2	1	4	1	3	4	3	1	1	3	1	2	3	6	2	4	0	3	1	5	5	3	4	1	2	5	3	3	0	2	0
0	0	0	3	7	4	6	8	13	8	15	11	8	3	4	3	3	1	9	14	13	8	8	10	6	10	10	11	11	3	2	7	4	4	5	5	8	11	3	3	54	72	25	17	16	22	13	30	22	16	29	18	48	48	26	14	11	8	10	22	16	9	19	140	998	34	14	23	26	57	0	102	38	28	11	11	3	5	8	9	13	14	16	13	15	19	10	25	12	8	4	8	37	14	6	5	5	4	3	3	4	4	7	1	2	6	2	4	1	4	3	8	7	7	9	7	2	3	6	7	7	7	8	8	13	5	3	2	1	3	2	3	1	2	3	2	3	0	3	1	2	2	1	1	2	4	3	2	0	4	0	0	1	1	2	3	4	3	0	2	3	1	4	1	0	0	0	1	4	3	1	0
0	0	0	4	11	5	9	13	24	19	18	11	13	7	3	3	2	6	14	25	8	11	10	14	9	12	16	10	6	5	6	6	9	6	5	11	11	15	6	9	90	125	44	38	44	31	17	23	24	23	12	17	55	64	48	25	11	11	24	54	28	12	22	61	187	53	39	65	43	281	102	0	78	94	10	23	12	7	8	6	8	8	10	24	14	14	10	15	14	12	8	18	31	19	18	2	4	6	4	5	5	6	3	5	2	2	1	1	7	4	2	9	9	11	7	4	3	7	12	9	4	3	9	8	11	4	5	4	3	2	2	1	1	8	5	6	0	1	1	5	2	2	3	1	0	4	0	1	3	6	7	3	4	5	7	6	3	3	2	1	9	1	4	1	2	2	1	5	5	0	2	0
0	0	0	14	20	22	17	14	20	16	11	11	5	8	1	5	6	7	8	19	6	7	18	10	12	11	19	12	14	9	8	8	4	4	6	11	29	23	11	7	35	167	127	77	332	43	30	20	19	7	20	8	14	19	17	24	8	13	20	32	12	8	15	38	50	20	10	21	31	114	38	78	0	74	21	13	9	5	4	5	3	7	8	9	7	10	5	17	6	8	3	7	34	13	10	1	4	5	8	3	1	4	7	4	3	4	5	4	2	7	1	3	4	2	6	5	2	2	6	2	3	1	8	9	3	4	0	0	4	0	2	1	1	2	3	3	0	2	4	3	4	1	0	2	3	2	3	2	5	2	2	3	2	1	2	2	4	2	0	5	0	5	1	2	1	0	2	2	2	1	1	0
0	0	0	10	15	12	12	20	46	24	19	10	11	10	7	7	1	8	16	19	15	11	13	14	14	11	9	6	4	2	3	1	4	4	9	11	11	27	14	8	25	42	54	66	90	36	21	18	15	22	12	4	13	27	60	58	16	31	59	153	30	18	24	23	37	24	19	45	27	55	28	94	74	0	43	63	21	6	9	6	17	11	11	18	10	13	12	17	13	18	8	19	40	13	10	5	7	4	5	4	8	4	4	3	1	1	6	2	4	6	4	4	8	8	6	3	5	4	4	1	2	4	9	9	4	3	1	2	6	0	3	4	1	3	2	2	2	5	4	6	2	1	1	4	3	3	5	3	2	4	6	3	4	4	9	4	3	4	3	2	5	7	1	2	2	0	2	0	5	2	2	0
0	0	0	6	9	8	12	16	53	28	6	6	7	7	8	4	4	2	11	15	5	6	12	9	4	7	11	4	3	6	7	2	1	1	7	3	17	29	15	16	13	20	24	55	30	20	9	6	5	6	3	5	5	14	25	40	12	90	50	21	16	14	9	12	9	12	10	14	10	21	11	10	21	43	0	59	7	10	10	5	16	9	4	8	8	13	5	8	7	17	11	22	10	11	4	1	2	4	2	4	5	3	4	1	3	4	4	6	5	2	5	4	8	8	3	3	2	2	1	5	2	2	2	3	2	2	3	2	2	2	1	0	3	1	2	2	3	0	3	3	4	2	0	5	1	6	4	0	2	0	3	5	0	3	2	1	2	4	4	2	3	3	3	4	0	1	1	1	2	2	1	0
0	0	0	5	11	10	10	14	67	75	34	14	19	16	12	9	5	6	13	23	7	4	11	5	5	5	4	5	5	3	1	0	3	3	5	9	9	19	17	26	19	14	17	28	27	18	14	7	10	8	12	6	12	24	41	40	16	70	218	94	49	34	18	9	16	21	26	28	24	18	11	23	13	63	59	0	46	14	11	12	27	12	6	11	7	10	16	16	18	20	14	23	21	18	8	6	12	5	7	6	15	7	6	6	9	6	5	2	4	5	5	11	21	15	9	6	7	3	7	2	8	2	4	4	3	1	4	2	5	3	6	5	1	1	3	3	0	0	10	3	3	6	2	6	4	1	3	5	5	3	2	2	4	4	6	4	6	1	4	5	6	5	3	3	3	4	3	3	2	1	2	0
0	0	0	4	2	5	11	8	18	27	78	24	15	16	12	8	4	4	25	25	16	10	8	10	7	5	6	1	2	1	2	3	2	4	3	2	4	6	10	22	7	7	6	12	7	7	6	2	6	7	4	8	15	12	23	19	20	14	29	25	45	20	12	5	11	17	22	23	12	12	3	12	9	21	7	46	0	58	29	34	99	22	14	14	6	8	11	7	12	10	7	12	12	17	14	10	13	12	10	16	25	13	16	4	5	7	15	5	10	11	12	17	40	36	20	8	5	9	3	9	10	8	6	6	4	3	4	3	0	2	1	1	5	6	4	5	3	9	13	10	2	3	6	9	5	9	7	2	1	3	2	4	2	6	11	8	7	8	6	12	15	25	3	6	1	6	1	4	2	4	3	0
0	0	0	2	6	3	3	11	7	22	52	21	9	6	4	6	4	3	17	27	30	18	7	6	2	3	4	3	5	5	0	5	3	3	2	1	5	7	10	6	5	7	4	8	3	9	6	6	9	15	7	7	15	22	12	10	9	6	13	11	27	27	8	5	8	24	24	13	9	4	5	7	5	6	10	14	58	0	873	68	72	72	21	18	16	6	14	12	11	9	6	11	7	13	21	12	10	10	15	31	143	66	26	5	15	20	20	19	24	26	18	34	39	86	40	9	11	10	23	8	11	5	10	16	4	6	4	4	8	5	4	10	10	11	5	1	5	12	23	11	12	9	4	6	5	9	10	2	8	5	7	7	16	12	9	16	11	10	8	12	24	50	9	4	5	3	9	7	8	6	10	0
0	0	0	5	4	4	3	5	4	14	18	10	15	6	8	4	7	5	15	25	22	12	4	5	4	8	6	4	1	2	1	3	0	0	4	4	3	6	4	9	9	3	9	7	7	11	6	7	6	15	10	11	15	14	9	8	4	14	14	12	30	18	10	9	6	26	25	20	10	10	8	8	4	9	10	11	29	873	0	52	45	80	27	25	8	9	16	13	11	12	15	11	4	11	27	12	5	11	10	35	270	84	27	12	19	9	22	13	26	37	25	49	56	86	76	10	7	20	26	12	7	12	11	15	5	3	9	7	11	5	2	9	6	12	6	9	5	9	18	8	12	5	6	13	2	7	9	6	11	4	3	11	18	10	14	15	10	11	10	16	47	55	8	7	5	2	7	10	19	6	7	0
0	0	0	1	3	5	1	5	9	8	18	10	7	8	5	3	3	8	4	4	9	9	1	2	2	1	2	1	3	0	0	1	2	0	2	1	2	1	6	9	4	4	3	4	1	4	2	3	4	10	6	9	6	13	7	4	6	7	12	13	24	13	11	10	6	15	10	14	5	4	9	6	5	6	5	12	34	68	52	0	75	24	13	10	6	5	7	10	18	9	8	8	3	6	18	16	12	13	16	96	60	11	43	17	36	31	44	21	21	36	24	22	50	38	25	6	7	14	12	8	6	12	11	6	2	2	3	5	9	5	3	5	5	6	11	14	5	11	46	28	9	10	4	15	5	10	12	7	3	8	5	4	9	6	9	10	22	8	15	29	36	49	8	5	1	1	7	9	9	5	8	0
0	0	0	2	5	2	2	7	10	23	30	9	12	6	4	4	1	3	12	23	17	9	6	7	2	2	1	3	4	0	1	0	0	2	6	2	5	6	4	7	7	6	5	9	6	9	7	2	7	6	4	3	18	20	26	13	11	15	39	31	101	61	13	15	10	21	21	24	6	7	13	8	3	17	16	27	99	72	45	75	0	37	12	16	7	8	18	13	21	22	21	17	10	45	52	37	26	12	13	48	37	21	32	13	12	14	13	13	10	22	14	42	242	110	25	9	7	9	15	17	6	7	8	18	9	5	1	4	5	2	0	4	5	7	3	5	5	2	14	27	9	4	2	14	8	8	12	5	4	4	2	5	11	7	11	5	12	2	5	12	7	20	10	7	8	2	1	5	5	5	4	0
0	0	0	5	5	5	6	5	6	16	18	9	5	7	5	4	2	5	17	23	22	10	10	8	8	3	0	5	1	3	1	3	4	1	5	4	3	7	0	4	8	7	4	5	8	4	6	9	13	19	18	15	27	38	14	12	5	4	20	23	36	39	16	17	16	56	50	20	19	12	14	8	7	11	9	12	22	72	80	24	37	0	76	41	21	29	24	13	17	21	9	6	14	20	37	18	14	7	16	23	38	71	24	8	10	15	9	16	13	22	26	60	50	126	254	26	32	19	51	23	19	30	13	36	7	8	6	7	23	6	6	3	6	12	13	10	6	8	13	7	5	7	5	6	11	10	7	6	4	7	8	18	17	9	18	21	13	6	8	12	21	14	3	9	3	5	8	10	17	5	7	0
0	0	0	4	2	1	1	7	6	2	14	5	6	4	2	5	2	2	10	8	16	11	5	5	2	1	6	5	4	4	1	4	0	2	4	1	1	6	4	8	8	9	7	3	7	8	6	11	7	16	14	24	38	38	12	9	6	5	6	11	26	23	16	9	16	29	31	13	6	12	16	10	8	11	4	6	14	21	27	13	12	76	0	110	53	27	28	32	14	9	9	12	14	21	30	9	5	4	11	16	17	21	19	4	9	8	7	9	17	16	28	32	13	29	62	63	37	31	151	53	38	25	21	112	39	16	13	6	10	4	5	6	15	18	17	4	4	2	10	13	6	4	2	6	7	12	8	6	7	14	10	20	12	10	19	16	9	5	5	6	8	5	8	6	2	3	2	6	5	1	6	0
0	0	0	3	1	4	6	6	10	4	8	12	5	7	5	4	1	4	7	9	12	10	7	6	3	4	9	4	3	6	1	3	2	2	7	4	4	6	1	5	18	14	7	2	6	3	6	8	5	8	7	20	45	96	48	11	4	10	20	19	48	49	44	27	14	48	25	19	12	16	13	24	9	18	8	11	14	18	25	10	16	41	110	0	66	108	80	122	36	22	9	13	22	77	58	12	11	8	12	15	12	11	13	6	6	5	9	4	9	9	15	39	34	42	46	16	16	18	35	26	14	19	23	46	22	10	9	6	13	4	3	2	5	9	9	10	7	8	6	8	3	1	2	3	7	9	6	4	12	6	7	12	10	6	5	8	7	2	2	5	9	7	1	4	4	3	6	2	8	4	5	0
0	0	0	2	2	1	4	1	3	2	5	8	1	3	3	2	3	3	7	7	8	3	2	4	1	1	4	2	1	5	3	0	1	1	2	2	2	4	3	1	2	13	3	3	2	1	5	7	6	6	13	8	14	29	21	11	6	9	17	15	15	38	35	15	5	18	7	9	6	9	15	14	7	10	8	7	6	16	8	6	7	21	53	66	0	139	189	82	38	20	12	18	15	31	39	10	12	14	11	10	10	9	9	9	6	6	4	12	12	6	17	21	18	16	11	14	15	12	28	36	37	43	54	51	28	12	7	2	9	2	3	6	8	9	10	3	0	2	2	4	4	3	2	8	6	6	10	5	10	10	10	19	7	4	7	12	6	5	4	3	4	3	7	2	1	1	3	3	7	1	8	0
0	0	0	2	5	6	5	4	5	6	10	5	3	2	1	0	2	1	6	9	6	8	6	5	4	3	6	3	4	2	1	1	4	2	3	3	9	8	2	6	13	9	5	5	7	8	3	7	9	10	7	14	21	46	34	10	12	6	15	22	38	37	142	21	22	25	8	8	10	11	19	14	10	13	13	10	8	6	9	5	8	29	27	108	139	0	211	506	82	35	19	16	26	113	64	9	8	14	11	8	5	8	12	7	10	3	0	10	12	9	12	14	20	30	18	6	8	21	21	10	29	22	29	29	16	6	4	1	8	6	2	1	1	5	5	7	5	4	7	9	2	2	5	6	1	5	9	3	6	5	2	6	6	9	5	5	1	4	1	4	3	7	5	3	1	2	1	9	5	5	4	0
0	0	0	0	0	1	1	6	1	4	8	3	4	1	7	4	3	3	6	8	7	9	7	4	2	4	3	2	3	3	3	2	2	3	2	3	5	3	4	4	7	10	5	6	12	7	7	3	9	5	9	2	24	25	36	10	10	7	11	15	17	46	43	16	9	13	11	7	10	3	10	10	5	12	5	16	11	14	16	7	18	24	28	80	189	211	0	79	70	30	25	15	19	65	119	17	13	27	32	23	12	6	18	7	8	8	12	13	16	18	19	36	27	21	11	6	13	20	23	19	20	35	72	50	18	6	3	3	3	4	3	6	9	12	6	5	3	5	11	18	9	9	6	8	10	10	13	9	12	8	7	22	8	7	2	16	7	6	6	5	12	6	5	3	3	4	8	6	6	5	6	0
0	0	0	5	6	0	1	8	8	10	13	6	4	3	2	3	2	2	5	11	3	7	6	2	4	4	7	6	7	2	2	2	2	4	3	4	2	4	5	6	11	9	9	10	11	11	8	9	7	13	11	13	40	92	98	21	17	7	24	27	42	40	317	48	31	36	8	10	11	12	25	15	17	17	8	16	7	12	13	10	13	13	32	122	82	506	79	0	67	17	23	26	57	167	56	10	10	16	14	11	11	13	12	5	10	3	3	6	5	14	14	22	16	19	22	6	4	5	17	10	15	16	19	28	12	8	2	9	2	2	4	9	6	4	8	3	6	5	3	6	4	3	2	5	6	2	2	3	5	6	4	6	5	3	7	2	4	5	3	3	8	9	3	2	2	3	3	1	4	1	2	0
0	0	0	6	6	2	2	1	7	13	12	3	3	1	4	1	2	3	5	16	9	4	2	1	1	3	4	6	1	3	1	1	2	2	2	2	1	4	7	8	5	7	7	6	10	5	6	4	3	4	4	2	10	33	43	25	20	12	23	27	45	129	91	14	14	14	13	11	7	8	12	14	6	13	7	18	12	11	11	18	21	17	14	36	38	82	70	67	0	169	98	48	40	275	91	24	20	22	17	9	9	7	13	1	7	5	7	5	11	9	12	21	27	21	9	6	2	8	10	4	11	7	25	19	8	5	5	3	5	5	3	2	2	4	8	4	5	4	7	13	7	4	7	14	9	6	4	8	4	5	3	6	2	1	3	7	4	5	1	6	4	7	3	4	4	3	3	2	8	0	0	0
0	0	0	2	5	4	6	2	8	8	7	8	5	7	4	5	3	4	4	7	9	1	5	2	5	7	4	4	3	0	1	3	1	1	0	2	4	5	8	7	8	6	6	3	6	6	8	3	5	6	8	3	9	18	40	22	86	22	34	27	33	85	42	18	7	9	11	11	5	8	8	12	8	18	17	20	10	9	12	9	22	21	9	22	20	35	30	17	169	0	614	126	31	72	34	31	26	27	21	23	3	11	17	7	13	6	5	10	18	8	9	21	37	21	10	6	3	7	1	3	11	4	17	16	6	6	2	1	2	1	3	2	4	8	7	2	3	4	9	12	12	4	2	4	15	4	3	13	6	5	1	8	2	1	2	4	4	2	1	4	5	4	4	2	1	1	3	5	4	4	3	0
0	0	0	4	4	4	5	2	4	7	9	4	6	1	3	2	2	0	5	5	2	3	3	3	3	4	3	4	2	2	2	2	4	2	0	0	1	8	4	3	8	5	7	4	7	8	1	4	3	6	1	3	5	13	25	40	73	20	37	18	28	32	41	13	10	9	9	8	5	10	4	8	3	8	11	14	7	6	15	8	21	9	9	9	12	19	25	23	98	614	0	95	31	45	31	24	13	22	17	8	5	2	17	3	5	6	2	1	13	6	7	21	16	15	6	3	5	5	9	7	5	4	10	7	2	1	0	3	3	2	2	0	2	2	6	10	2	3	6	14	5	0	5	3	7	13	2	2	3	3	5	2	2	3	3	4	8	2	3	6	6	4	4	1	1	2	1	5	1	1	1	0
0	0	0	6	3	4	5	3	6	10	6	6	6	6	4	4	2	0	8	7	7	4	1	8	1	2	3	4	2	1	2	0	0	3	1	5	1	7	11	5	6	11	6	13	17	9	8	5	8	3	1	3	12	8	34	132	136	36	53	41	30	30	44	26	13	14	14	6	10	10	8	18	7	19	22	23	12	11	11	8	17	6	12	13	18	16	15	26	48	126	95	0	56	43	21	6	15	11	10	6	11	4	8	8	7	4	7	3	1	8	5	11	12	8	12	6	9	6	6	7	4	3	7	5	8	3	1	3	2	4	3	4	2	4	5	5	4	2	8	7	4	3	1	5	6	5	1	0	3	2	3	8	5	2	3	2	5	1	2	3	3	5	0	0	0	0	2	4	7	4	0	0
0	0	0	1	4	6	4	8	13	10	11	4	5	4	2	1	2	4	8	9	6	4	4	5	1	7	4	3	7	4	1	1	1	2	4	5	4	10	6	8	11	22	17	14	27	9	5	9	9	10	2	7	27	43	100	91	26	14	37	80	30	27	165	98	37	21	13	14	18	20	37	31	34	40	10	21	12	7	4	3	10	14	14	22	15	26	19	57	40	31	31	56	0	92	25	5	9	8	4	6	2	4	7	2	3	7	5	9	6	6	3	8	12	15	9	5	6	5	2	7	3	6	6	14	6	4	5	0	4	1	4	3	3	4	1	3	4	3	3	5	6	3	0	2	5	3	4	5	4	3	8	6	3	1	2	2	2	0	2	3	3	6	1	5	1	1	1	3	1	0	2	0
0	0	0	3	2	5	6	5	13	7	9	3	8	6	3	2	1	4	8	7	12	6	3	1	4	6	5	4	3	2	0	3	3	1	1	7	1	9	7	4	14	9	7	5	18	5	6	4	9	12	7	6	33	43	127	32	16	18	29	47	102	111	329	37	20	24	14	12	11	11	14	19	13	13	11	18	17	13	11	6	45	20	21	77	31	113	65	167	275	72	45	43	92	0	71	18	18	9	12	11	6	9	7	1	5	2	4	3	7	7	11	20	29	26	12	5	7	11	15	11	10	19	16	20	8	6	5	2	6	5	0	2	1	6	2	3	1	5	10	9	5	6	3	6	5	11	7	9	3	4	3	11	4	4	3	4	7	2	4	2	4	5	4	5	3	2	1	3	3	3	1	0
0	0	0	1	3	2	6	4	7	13	23	13	6	4	6	3	2	5	3	5	8	3	4	3	4	5	1	2	2	4	1	2	1	3	3	2	5	2	4	4	9	11	7	4	4	5	7	9	6	6	4	10	22	39	58	15	16	10	21	18	79	257	35	18	13	21	11	15	7	11	6	18	10	10	4	8	14	21	27	18	52	37	30	58	39	64	119	56	91	34	31	21	25	71	0	30	19	31	28	28	14	15	46	8	19	9	8	11	29	19	32	88	115	92	31	8	14	9	22	18	15	23	36	44	12	3	3	10	8	6	2	4	5	11	13	6	3	12	15	27	10	4	5	12	10	12	8	9	9	9	7	12	6	7	14	12	11	9	4	12	3	6	3	5	2	3	5	6	6	2	4	0
0	0	0	0	2	2	5	5	5	6	7	4	3	3	5	0	2	3	1	4	3	5	3	0	1	3	3	0	1	2	1	2	4	1	4	2	1	6	4	8	4	3	1	3	7	1	2	5	2	2	1	4	5	5	12	12	17	11	13	13	23	33	12	8	4	5	8	0	2	2	5	2	1	5	1	6	10	12	12	16	37	18	9	12	10	9	17	10	24	31	24	6	5	18	30	0	424	146	102	52	14	12	45	31	31	15	12	20	29	20	21	38	43	31	13	4	9	6	8	5	10	18	23	13	6	4	3	2	7	1	3	4	4	7	14	9	4	10	17	104	25	11	10	22	57	20	19	12	8	7	1	8	3	2	8	7	10	9	4	5	7	9	7	4	7	1	2	4	7	6	5	0
0	0	0	2	4	1	1	2	3	2	9	9	0	3	2	1	0	2	1	4	3	5	4	1	3	3	4	1	4	1	3	3	1	0	1	0	2	3	2	4	1	5	3	3	3	0	2	1	1	1	4	2	7	8	7	2	19	4	11	4	22	16	8	6	3	5	5	2	5	1	5	4	4	7	2	12	13	10	5	12	26	14	5	11	12	8	13	10	20	26	13	15	9	18	19	424	0	299	238	48	12	10	34	22	29	17	11	12	30	32	15	33	29	23	11	9	5	9	7	12	7	18	20	16	4	1	0	2	4	3	2	2	6	11	22	13	5	13	32	113	34	19	12	44	71	62	26	18	9	6	6	5	7	2	7	6	11	5	9	4	6	5	4	7	2	4	5	5	6	3	1	0
0	0	0	3	4	0	2	3	1	2	9	5	4	5	2	0	0	0	8	4	2	6	3	4	2	0	0	1	0	1	0	2	0	0	1	3	0	1	5	4	6	2	2	3	5	3	4	2	3	2	2	3	5	11	9	10	16	3	7	7	12	27	14	5	5	6	5	7	2	10	4	6	5	4	4	5	12	10	11	13	12	7	4	8	14	14	27	16	22	27	22	11	8	9	31	146	299	0	161	23	8	6	31	11	19	16	8	16	31	23	21	27	31	13	14	7	4	15	6	9	13	15	28	10	7	2	3	4	2	3	3	4	7	15	12	11	10	14	10	45	22	12	9	31	44	41	17	13	11	8	6	8	7	3	6	7	8	6	6	7	6	7	5	7	5	4	6	4	3	3	3	0
0	0	0	1	2	0	3	1	2	6	10	5	2	5	2	3	1	2	8	6	2	5	4	7	3	1	1	2	2	0	1	1	1	0	2	1	0	3	2	1	2	3	2	1	2	2	2	4	1	6	4	3	6	10	8	6	6	3	4	6	8	22	11	6	2	5	8	4	4	4	3	4	8	5	2	7	10	15	10	16	13	16	11	12	11	11	32	14	17	21	17	10	4	12	28	102	238	161	0	43	6	9	73	31	20	20	10	24	93	42	35	51	27	32	18	9	11	8	9	11	8	29	39	25	6	2	3	2	3	5	5	4	7	25	32	11	7	10	27	94	35	15	6	34	38	79	40	22	12	13	10	6	5	8	10	7	18	4	10	10	8	12	11	4	0	0	8	4	7	5	3	0
0	0	0	3	3	2	3	4	7	5	16	6	4	1	3	3	2	2	5	8	7	5	4	5	4	7	4	1	3	1	0	1	1	1	2	4	3	2	2	5	1	3	5	5	4	1	3	0	1	7	5	5	8	8	20	9	4	4	16	5	24	32	8	8	6	13	9	6	10	6	3	5	3	4	4	6	16	31	35	96	48	23	16	15	10	8	23	11	9	23	8	6	6	11	28	52	48	23	43	0	30	24	329	39	67	46	37	44	58	97	47	65	74	74	24	11	10	9	16	13	6	14	16	15	6	8	1	2	7	4	6	8	9	12	24	17	9	30	111	135	31	12	11	30	23	39	20	15	9	4	4	6	5	5	15	14	27	12	7	20	19	17	12	3	4	5	7	7	6	6	3	0
0	0	0	2	3	1	5	5	11	9	18	7	2	8	3	4	3	7	8	10	18	9	3	6	4	3	3	0	1	1	1	2	1	1	2	4	2	4	1	4	2	6	2	4	7	4	4	6	6	11	5	7	9	13	13	3	3	13	10	8	20	20	3	7	8	18	18	9	4	6	4	5	1	8	5	15	25	143	270	60	37	38	17	12	10	5	12	11	9	3	5	11	2	6	14	14	12	8	6	30	0	115	37	12	15	35	42	16	30	31	25	34	28	47	71	12	9	25	17	11	3	9	11	17	5	8	2	7	10	7	7	12	18	9	11	13	10	12	31	13	13	11	4	7	4	14	10	6	10	6	11	9	26	14	29	41	31	5	8	30	90	66	35	13	10	5	5	8	11	12	16	0
0	0	0	1	2	4	3	5	8	7	17	3	9	8	8	4	5	4	10	15	19	10	8	5	5	8	4	3	2	1	1	0	1	4	0	2	4	4	2	5	7	4	7	6	5	5	9	6	4	14	10	12	14	14	16	1	3	6	9	10	11	12	11	2	2	16	18	11	8	6	4	6	4	4	3	7	13	66	84	11	21	71	21	11	9	8	6	13	7	11	2	4	4	9	15	12	10	6	9	24	115	0	15	5	10	18	11	19	12	33	24	38	20	28	114	30	20	21	41	17	13	15	11	19	6	11	9	11	19	6	8	9	12	7	12	15	8	17	15	9	5	3	9	9	3	3	6	7	8	7	9	27	59	22	59	78	22	7	8	24	44	27	27	10	11	5	11	6	23	8	13	0
0	0	0	2	3	2	3	1	10	6	9	3	1	2	0	1	0	0	2	12	9	2	5	5	2	2	1	4	1	3	0	2	3	2	3	2	3	4	3	2	6	5	7	3	5	3	2	1	3	8	6	6	9	4	10	10	10	9	13	11	26	36	6	5	6	10	13	6	5	8	7	3	7	4	4	6	16	26	27	43	32	24	19	13	9	12	18	12	13	17	17	8	7	7	46	45	34	31	73	329	37	15	0	28	37	48	24	49	112	159	58	130	66	72	35	12	10	19	10	19	16	19	24	24	5	4	3	2	11	10	14	7	10	11	18	11	8	32	74	145	34	11	6	31	20	28	23	16	16	10	16	10	6	6	14	27	20	10	5	12	25	19	8	9	11	4	8	5	8	9	9	0
0	0	0	0	4	2	0	1	0	5	5	3	2	5	5	1	0	0	5	5	6	0	1	2	2	1	2	1	0	1	0	2	1	0	0	3	1	1	4	3	2	1	1	1	3	3	4	2	2	2	1	2	6	2	4	4	3	3	1	5	5	12	3	3	4	5	2	2	1	4	1	5	4	3	1	6	4	5	12	17	13	8	4	6	9	7	7	5	1	7	3	8	2	1	8	31	22	11	31	39	12	5	28	0	244	162	33	37	40	44	17	14	7	14	11	7	6	9	5	6	6	6	6	9	1	2	1	3	3	7	5	9	4	10	18	9	17	47	92	58	844	76	41	178	29	111	40	39	6	7	2	6	3	5	16	10	21	30	22	21	15	9	15	8	6	4	9	4	7	6	6	0
0	0	0	0	0	1	3	2	3	5	4	5	4	2	0	3	3	1	3	5	7	1	2	8	0	2	1	1	0	2	3	0	3	0	1	1	1	2	1	9	2	5	1	3	3	3	3	4	0	7	6	2	5	2	6	0	6	1	4	6	10	16	6	4	0	7	2	6	2	3	2	2	3	1	3	9	5	15	19	36	12	10	9	6	6	10	8	10	7	13	5	7	3	5	19	31	29	19	20	67	15	10	37	244	0	1053	50	82	57	74	17	19	5	14	16	9	6	7	8	9	2	9	15	9	6	0	5	6	2	4	9	7	10	14	16	18	20	71	585	80	118	56	24	44	26	65	40	17	10	7	1	6	6	5	11	14	28	27	30	25	18	14	16	8	10	8	11	8	7	6	10	0
0	0	0	0	0	1	1	2	2	5	13	4	3	5	2	2	1	5	3	5	5	3	0	1	1	1	3	3	1	1	1	1	2	1	2	2	4	3	1	5	3	1	1	2	2	1	5	2	4	1	8	4	2	1	7	1	6	3	3	4	13	7	8	3	4	7	4	4	1	2	6	2	4	1	4	6	7	20	9	31	14	15	8	5	6	3	8	3	5	6	6	4	7	2	9	15	17	16	20	46	35	18	48	162	1053	0	95	126	53	61	18	21	13	13	13	9	7	12	8	14	9	9	9	7	3	4	4	6	2	7	14	13	5	17	18	25	18	120	412	41	79	61	33	42	15	56	27	30	8	4	7	7	7	5	16	14	57	60	45	37	24	14	16	10	7	10	5	6	5	6	13	0
0	0	0	2	1	2	1	4	3	3	10	5	3	3	2	4	3	3	8	12	11	2	5	2	2	2	2	1	0	2	0	0	0	1	1	1	2	3	3	1	3	4	4	4	2	3	6	1	4	6	1	7	7	5	2	6	4	7	8	3	15	7	5	2	3	6	5	3	3	3	2	1	5	6	4	5	15	20	22	44	13	9	7	9	4	0	12	3	7	5	2	7	5	4	8	12	11	8	10	37	42	11	24	33	50	95	0	30	26	36	16	20	21	22	10	13	5	5	8	9	5	14	3	6	3	3	1	4	4	4	8	7	6	7	12	15	11	34	105	21	20	18	14	9	6	18	9	15	9	11	5	9	6	11	22	15	44	34	30	204	77	53	24	10	14	7	6	4	10	7	21	0
0	0	0	1	1	1	4	4	3	2	3	5	7	0	0	3	2	1	4	5	6	4	3	0	3	1	3	2	2	1	1	2	0	2	1	1	2	2	2	4	4	1	1	2	2	4	3	2	2	2	2	5	5	5	7	4	3	1	4	4	9	10	5	9	4	9	7	5	0	4	4	1	4	2	6	2	5	19	13	21	13	16	9	4	12	10	13	6	5	10	1	3	9	3	11	20	12	16	24	44	16	19	49	37	82	126	30	0	132	187	53	38	24	19	23	16	10	26	10	16	9	17	12	16	10	3	6	5	7	8	21	17	18	27	38	44	36	146	102	42	47	26	24	29	11	62	67	39	22	9	8	12	16	9	31	44	91	30	24	23	17	12	29	20	10	11	12	11	24	15	17	0
0	0	0	1	1	1	3	4	7	4	4	2	0	3	2	2	0	4	9	4	4	3	5	0	1	2	4	3	3	1	0	0	2	2	1	2	2	3	1	0	5	1	4	1	3	3	1	2	2	3	6	5	7	6	6	4	3	6	3	6	11	12	7	0	7	9	7	7	4	1	1	7	2	4	5	4	10	24	26	21	10	13	17	9	12	12	16	5	11	18	13	1	6	7	29	29	30	31	93	58	30	12	112	40	57	53	26	132	0	338	118	53	36	21	20	7	13	27	14	19	16	36	32	17	4	6	2	5	5	6	14	10	18	34	83	36	26	39	67	74	47	13	29	35	18	86	75	39	26	10	6	15	6	8	14	19	22	16	9	11	7	10	11	8	2	4	11	5	16	4	11	0
0	0	0	1	0	3	2	1	3	3	6	3	3	3	5	6	0	2	2	6	7	4	5	2	0	2	2	2	3	1	1	1	1	0	1	0	3	0	2	1	2	2	4	0	8	6	4	5	5	8	2	1	4	7	10	3	6	1	10	7	17	11	5	4	5	7	3	3	3	4	4	4	7	6	2	5	11	26	37	36	22	22	16	9	6	9	18	14	9	8	6	8	6	7	19	20	32	23	42	97	31	33	159	44	74	61	36	187	338	0	116	78	29	44	32	23	6	23	18	22	16	27	19	20	8	3	5	4	7	12	15	17	19	37	37	25	20	43	103	59	26	21	17	21	19	43	42	28	17	9	7	12	14	12	22	34	55	13	21	12	26	13	27	9	5	5	17	10	17	14	13	0
0	0	0	0	2	3	1	6	2	4	2	0	1	3	6	1	2	2	4	5	9	4	0	3	0	3	0	0	2	1	1	1	1	1	0	2	1	4	2	4	8	1	8	4	3	6	2	2	4	5	5	2	6	11	12	3	7	5	8	7	15	27	12	2	2	11	14	7	4	2	3	2	1	4	5	5	12	18	25	24	14	26	28	15	17	12	19	14	12	9	7	5	3	11	32	21	15	21	35	47	25	24	58	17	17	18	16	53	118	116	0	104	24	34	50	27	30	83	51	72	28	98	43	81	7	4	2	3	12	5	12	13	29	58	65	32	13	33	27	27	14	3	10	6	10	16	25	16	19	17	16	30	15	8	28	49	24	9	13	9	15	7	8	9	6	4	13	13	18	8	7	0
0	0	0	0	3	3	2	3	8	4	8	10	4	7	4	2	4	0	9	11	10	7	4	3	7	1	2	7	2	5	2	2	2	0	2	2	1	7	4	8	6	4	3	3	2	2	8	3	3	8	9	9	11	20	11	2	7	2	14	16	51	42	23	6	12	19	18	9	3	9	8	9	3	4	4	11	17	34	49	22	42	60	32	39	21	14	36	22	21	21	21	11	8	20	88	38	33	27	51	65	34	38	130	14	19	21	20	38	53	78	104	0	107	235	73	13	6	23	28	20	22	40	31	42	3	9	5	6	10	4	8	7	12	19	27	16	6	9	36	29	15	9	3	15	7	20	12	16	11	9	4	14	13	8	20	27	16	7	5	11	15	15	9	7	5	6	9	5	14	4	7	0
0	0	0	1	8	9	0	5	13	10	16	5	9	6	4	5	1	4	10	16	10	5	6	4	0	3	5	1	2	2	4	2	3	0	6	1	3	5	9	5	6	4	3	4	7	7	5	9	3	13	7	5	14	16	35	15	13	11	21	25	96	107	16	8	8	20	8	15	11	9	7	9	4	8	8	21	40	39	56	50	242	50	13	34	18	20	27	16	27	37	16	12	12	29	115	43	29	31	27	74	28	20	66	7	5	13	21	24	36	29	24	107	0	224	29	10	6	13	21	13	10	13	11	20	3	9	2	1	5	2	1	2	6	10	13	9	7	10	26	34	17	6	3	10	14	19	17	16	9	3	6	8	6	5	11	15	12	8	2	12	26	24	6	9	4	3	6	8	3	11	6	0
0	0	0	4	2	5	5	6	8	13	16	10	9	4	4	7	3	6	8	15	17	8	6	1	3	4	4	2	6	0	0	1	1	1	1	3	2	6	2	3	5	1	5	5	2	4	5	5	4	9	13	8	9	27	23	8	8	8	24	16	61	81	16	14	3	20	18	18	9	17	7	11	2	8	8	15	36	86	86	38	110	126	29	42	16	30	21	19	21	21	15	8	15	26	92	31	23	13	32	74	47	28	72	14	14	13	22	19	21	44	34	235	224	0	100	11	15	21	23	27	11	20	23	32	11	4	4	5	11	5	10	13	12	18	11	8	10	13	17	38	13	10	3	12	6	13	10	7	7	7	6	19	17	11	15	22	11	15	7	11	14	23	11	6	3	4	4	7	11	6	9	0
0	0	0	2	0	5	3	4	8	6	21	8	9	11	4	4	2	8	14	15	22	11	6	6	0	0	3	3	3	3	1	0	2	2	2	2	3	5	2	1	5	5	5	3	6	7	8	6	8	11	10	18	19	16	13	8	9	3	10	13	23	12	16	7	3	22	22	15	8	8	9	7	6	6	3	9	20	40	76	25	25	254	62	46	11	18	11	22	9	10	6	12	9	12	31	13	11	14	18	24	71	114	35	11	16	13	10	23	20	32	50	73	29	100	0	36	25	46	112	30	23	26	13	43	20	8	7	11	10	9	3	11	17	21	14	21	11	16	15	19	6	4	5	12	4	11	7	9	9	13	5	28	23	14	25	50	17	8	5	10	24	16	11	10	4	3	10	15	8	8	6	0
0	0	0	2	4	1	1	2	4	6	11	9	9	6	1	2	4	0	4	5	13	6	6	1	1	3	4	0	4	4	1	1	3	7	0	1	0	1	4	3	9	3	4	0	2	1	4	4	7	9	10	24	9	14	9	4	1	3	7	6	9	14	5	11	5	11	9	6	9	4	7	4	5	3	3	6	8	9	10	6	9	26	63	16	14	6	6	6	6	6	3	6	5	5	8	4	9	7	9	11	12	30	12	7	9	9	13	16	7	23	27	13	10	11	36	0	455	80	187	67	39	25	12	55	27	28	19	19	39	7	8	19	19	21	18	19	3	6	8	6	4	4	2	3	4	4	7	4	6	17	25	135	51	17	23	27	8	4	3	5	11	12	14	7	5	8	10	27	24	15	10	0
0	0	0	1	1	2	2	3	3	2	4	3	3	2	2	2	4	0	4	3	8	3	4	0	4	4	2	6	1	2	6	4	2	3	2	2	2	3	3	3	3	3	6	7	2	2	2	2	6	7	8	16	17	4	9	5	1	0	3	1	9	7	7	8	8	11	8	4	1	4	2	3	2	5	2	7	5	11	7	7	7	32	37	16	15	8	13	4	2	3	5	9	6	7	14	9	5	4	11	10	9	20	10	6	6	7	5	10	13	6	30	6	6	15	25	455	0	81	98	70	49	22	15	35	23	25	25	30	37	16	12	25	29	27	16	11	11	5	7	8	3	3	1	5	3	7	5	7	16	28	61	323	44	20	21	34	9	2	4	4	2	6	14	8	6	2	9	30	39	10	4	0
0	0	0	2	1	3	3	2	3	4	5	6	1	2	3	0	2	1	2	4	5	3	2	1	2	2	2	3	0	3	0	1	4	1	3	1	2	2	2	4	4	1	4	0	1	1	0	3	3	5	10	5	12	11	9	3	5	3	9	6	2	7	5	5	4	7	13	9	4	7	3	7	2	4	2	3	9	10	20	14	9	19	31	18	12	21	20	5	8	7	5	6	5	11	9	6	9	15	8	9	25	21	19	9	7	12	5	26	27	23	83	23	13	21	46	80	81	0	74	201	64	82	22	59	12	11	12	19	15	18	12	27	56	58	42	42	14	11	8	9	5	5	10	10	7	11	11	9	42	40	34	233	36	16	38	50	23	8	5	9	8	6	17	10	7	4	13	21	29	6	8	0
0	0	0	2	1	3	3	5	8	5	11	4	9	7	3	4	2	4	5	7	9	8	6	3	0	5	4	2	3	0	2	1	1	2	2	2	4	6	2	4	7	4	3	6	5	4	5	4	8	9	11	18	19	25	10	5	8	3	9	9	9	12	14	5	5	24	14	6	10	11	6	12	6	4	1	7	3	23	26	12	15	51	151	35	28	21	23	17	10	1	9	6	2	15	22	8	7	6	9	16	17	41	10	5	8	8	8	10	14	18	51	28	21	23	112	187	98	74	0	59	54	32	26	106	29	14	11	17	22	10	5	15	12	12	16	15	13	8	16	8	8	5	7	8	3	15	9	4	8	10	20	63	22	19	31	35	6	5	1	10	10	8	6	9	1	4	11	20	19	6	6	0
0	0	0	0	2	2	2	0	3	2	3	1	2	2	0	1	1	3	3	7	9	3	6	4	1	3	4	5	0	0	1	1	1	1	4	1	1	3	2	3	0	4	2	2	4	1	1	3	5	6	3	9	8	11	12	2	7	3	2	8	11	8	7	11	3	9	8	4	7	5	7	9	2	1	5	2	9	8	12	8	17	23	53	26	36	10	19	10	4	3	7	7	7	11	18	5	12	9	11	13	11	17	19	6	9	14	9	16	19	22	72	20	13	27	30	67	70	201	59	0	210	166	39	142	19	19	13	8	22	9	13	21	39	40	52	18	13	11	4	12	7	10	2	8	6	10	6	5	23	63	25	97	18	9	14	22	16	6	9	7	11	5	15	5	8	6	7	16	27	6	6	0
0	0	0	1	0	2	2	1	4	5	1	1	5	3	3	3	2	5	5	4	8	2	1	0	1	1	0	2	3	3	0	1	1	3	2	1	2	4	2	0	8	7	1	3	1	3	3	2	2	8	5	7	10	6	14	2	5	2	5	9	10	17	7	5	4	9	12	3	3	3	7	4	3	2	2	8	10	11	7	6	6	19	38	14	37	29	20	15	11	11	5	4	3	10	15	10	7	13	8	6	3	13	16	6	2	9	5	9	16	16	28	22	10	11	23	39	49	64	54	210	0	101	46	130	35	16	17	7	15	4	6	12	20	24	16	7	8	4	2	13	4	1	6	6	6	11	8	11	12	55	37	62	12	8	9	16	10	5	9	6	4	2	3	2	3	6	3	8	9	8	3	0
0	0	0	1	2	4	1	1	2	5	5	4	5	0	1	1	0	3	1	7	7	1	3	2	2	1	1	1	2	4	1	1	2	1	2	1	3	4	2	1	4	3	3	5	3	5	1	4	1	5	4	10	13	4	9	4	5	6	1	6	14	12	9	6	7	15	9	6	3	2	7	3	1	4	2	2	8	5	12	12	7	30	25	19	43	22	35	16	7	4	4	3	6	19	23	18	18	15	29	14	9	15	19	6	9	9	14	17	36	27	98	40	13	20	26	25	22	82	32	166	101	0	156	111	16	13	10	2	4	4	8	15	29	56	52	15	7	13	13	12	7	5	3	14	13	13	23	18	33	35	18	40	7	7	18	23	12	5	8	6	8	11	10	8	4	1	9	7	20	2	3	0
0	0	0	1	0	3	3	3	5	3	6	1	3	6	2	1	2	0	3	4	5	3	1	0	2	3	3	1	2	1	0	4	2	2	0	3	3	6	1	1	5	4	3	4	2	2	3	3	4	5	9	11	5	12	11	6	8	10	3	6	17	20	14	8	5	7	11	6	6	2	8	9	8	9	2	4	6	10	11	11	8	13	21	23	54	29	72	19	25	17	10	7	6	16	36	23	20	28	39	16	11	11	24	6	15	9	3	12	32	19	43	31	11	23	13	12	15	22	26	39	46	156	0	58	16	3	5	2	6	6	5	4	16	26	23	12	7	12	10	13	11	5	6	5	14	22	18	12	15	25	14	9	10	6	6	9	12	4	3	4	6	6	5	7	5	2	8	5	5	1	2	0
0	0	0	1	0	1	5	6	5	5	8	3	3	4	0	4	2	2	4	3	12	6	4	5	3	2	3	0	2	1	0	2	1	3	3	2	2	3	3	6	2	8	5	5	4	3	4	5	3	8	16	10	14	20	8	9	5	3	6	15	15	26	21	8	6	16	14	8	4	4	8	8	9	9	3	4	6	16	15	6	18	36	112	46	51	29	50	28	19	16	7	5	14	20	44	13	16	10	25	15	17	19	24	9	9	7	6	16	17	20	81	42	20	32	43	55	35	59	106	142	130	111	58	0	23	16	6	8	16	5	7	8	19	28	21	13	8	10	7	14	6	3	3	7	5	11	12	12	19	23	22	44	18	5	12	24	14	4	7	8	10	8	8	3	1	4	8	16	19	4	2	0
0	0	0	1	2	4	1	3	1	5	2	6	1	7	2	2	1	3	4	3	8	3	3	2	4	3	1	4	1	3	2	1	1	1	2	3	2	1	2	2	12	5	2	3	2	4	5	5	4	8	12	16	16	16	4	4	3	1	5	5	10	10	10	8	10	10	11	4	2	8	13	11	3	4	2	3	4	4	5	2	9	7	39	22	28	16	18	12	8	6	2	8	6	8	12	6	4	7	6	6	5	6	5	1	6	3	3	10	4	8	7	3	3	11	20	27	23	12	29	19	35	16	16	23	0	77	16	15	11	5	3	10	7	6	9	5	1	1	6	6	5	2	2	1	2	6	4	2	5	15	21	13	8	5	5	10	4	3	4	6	0	3	5	7	2	2	3	4	12	6	2	0
0	0	0	2	2	1	4	3	4	3	2	3	1	2	5	3	4	0	6	5	6	4	4	3	3	2	4	6	5	0	2	2	4	1	2	2	1	1	2	1	9	6	2	6	3	1	2	7	5	6	14	27	8	9	6	3	0	3	3	7	6	5	5	3	9	5	6	7	3	6	5	4	4	3	2	1	3	6	3	2	5	8	16	10	12	6	6	8	5	6	1	3	4	6	3	4	1	2	2	8	8	11	4	2	0	4	3	3	6	3	4	9	9	4	8	28	25	11	14	19	16	13	3	16	77	0	74	17	12	4	3	4	7	5	9	7	3	3	4	1	2	4	1	0	2	4	1	3	8	10	16	8	13	7	3	7	2	3	0	4	8	6	4	1	4	3	5	4	6	4	2	0
0	0	0	2	2	1	2	2	1	2	7	4	5	3	1	3	0	3	0	4	6	3	6	4	3	0	2	1	5	1	0	1	0	3	1	1	6	1	2	3	3	4	3	2	1	0	1	5	3	6	7	13	3	4	3	0	1	2	2	3	6	2	6	3	3	5	4	3	2	3	3	5	0	1	3	4	4	4	9	3	1	6	13	9	7	4	3	2	5	2	0	1	5	5	3	3	0	3	3	1	2	9	3	1	5	4	1	6	2	5	2	5	2	4	7	19	25	12	11	13	17	10	5	6	16	74	0	57	33	4	4	7	9	7	4	1	7	3	3	4	2	3	3	1	1	3	2	3	0	7	28	13	7	5	5	9	5	0	2	5	5	1	4	5	2	7	2	7	10	5	3	0
0	0	0	2	2	1	3	1	0	4	3	4	0	2	0	1	2	3	4	2	6	1	3	3	2	0	1	3	1	0	0	4	0	0	3	1	0	3	0	4	4	2	1	1	2	1	3	5	7	2	3	11	4	4	4	5	3	0	0	1	4	3	3	4	2	7	4	4	1	3	2	4	0	2	2	2	3	4	7	5	4	7	6	6	2	1	3	9	3	1	3	3	0	2	10	2	2	4	2	2	7	11	2	3	6	6	4	5	5	4	3	6	1	5	11	19	30	19	17	8	7	2	2	8	15	17	57	0	111	11	3	18	7	9	5	6	7	2	3	4	3	2	5	4	0	7	7	2	3	9	26	25	29	16	10	11	8	4	0	0	6	5	10	14	5	2	5	16	13	6	4	0
0	0	0	1	1	2	1	0	1	3	10	4	8	2	3	1	3	4	4	7	7	6	4	3	2	2	1	3	2	0	0	0	2	0	1	2	3	5	1	2	3	6	2	4	1	1	2	5	6	5	6	17	4	7	3	2	2	0	2	6	4	6	2	4	5	5	9	9	2	4	1	3	4	6	2	5	0	8	11	9	5	23	10	13	9	8	3	2	5	2	3	2	4	6	8	7	4	2	3	7	10	19	11	3	2	2	4	7	5	7	12	10	5	11	10	39	37	15	22	22	15	4	6	16	11	12	33	111	0	24	17	10	16	6	6	10	2	6	10	3	5	3	2	2	5	5	6	4	4	13	21	31	69	39	18	21	10	0	3	3	8	6	13	5	8	11	17	27	21	7	3	0
0	0	0	1	0	1	0	2	6	2	4	2	2	3	0	2	1	3	0	5	4	4	2	3	4	0	1	1	4	0	0	0	1	0	2	1	1	3	0	2	2	2	0	0	4	1	1	2	0	6	4	6	1	2	3	4	2	0	0	1	3	3	2	3	1	5	2	4	5	3	3	2	0	0	2	3	2	5	5	5	2	6	4	4	2	6	4	2	5	1	2	4	1	5	6	1	3	3	5	4	7	6	10	7	4	7	4	8	6	12	5	4	2	5	9	7	16	18	10	9	4	4	6	5	5	4	4	11	24	0	56	25	14	14	13	20	23	14	6	7	3	5	5	6	1	11	6	5	10	3	7	15	29	85	41	18	6	10	5	12	7	5	25	50	52	53	301	105	49	107	31	0
0	0	0	1	0	0	0	1	3	1	4	1	4	1	0	2	3	2	2	2	5	4	3	0	3	0	2	1	1	1	0	1	0	0	2	0	2	4	3	2	2	0	3	2	3	1	4	2	3	1	2	7	6	6	2	2	3	1	2	5	5	6	1	3	2	3	4	3	2	0	2	2	2	3	1	6	1	4	2	3	0	6	5	3	3	2	3	4	3	3	2	3	4	0	2	3	2	3	5	6	7	8	14	5	9	14	8	21	14	15	12	8	1	10	3	8	12	12	5	13	6	8	5	7	3	3	4	3	17	56	0	61	31	26	18	100	60	20	9	9	6	9	9	8	3	7	9	13	18	11	9	12	25	23	37	31	35	15	9	10	9	9	30	106	29	35	191	56	85	70	58	0
0	0	0	0	1	2	2	1	6	2	5	0	6	0	1	0	2	3	0	1	2	3	1	1	2	2	3	4	0	2	0	0	2	0	0	0	1	1	3	4	4	0	3	2	1	0	0	2	5	8	4	2	4	4	3	0	2	1	1	1	3	4	3	3	2	1	6	4	3	1	3	1	1	4	0	5	1	10	9	5	4	3	6	2	6	1	6	9	2	2	0	4	3	2	4	4	2	4	4	8	12	9	7	9	7	13	7	17	10	17	13	7	2	13	11	19	25	27	15	21	12	15	4	8	10	4	7	18	10	25	61	0	131	42	28	62	28	18	17	10	5	8	7	11	4	6	6	8	40	19	21	30	29	28	34	36	14	7	1	4	8	8	20	20	15	16	43	112	145	22	27	0
0	0	0	1	3	0	2	3	2	4	5	4	1	0	3	5	3	1	4	3	3	4	3	2	1	1	0	3	3	1	1	0	2	0	1	1	3	3	2	2	2	3	1	3	3	1	2	6	3	4	3	6	3	3	6	0	4	6	3	1	2	7	5	5	2	3	4	4	3	4	1	1	1	1	3	1	5	10	6	5	5	6	15	5	8	1	9	6	2	4	2	2	3	1	5	4	6	7	7	9	18	12	10	4	10	5	6	18	18	19	29	12	6	12	17	19	29	56	12	39	20	29	16	19	7	7	9	7	16	14	31	131	0	221	64	80	33	17	11	9	7	5	11	3	3	13	14	20	96	41	17	42	25	18	29	39	23	11	7	6	10	4	17	23	7	7	25	38	73	10	12	0
0	0	0	1	1	1	2	4	3	6	3	2	0	4	1	4	0	2	5	3	5	2	3	3	3	0	0	3	1	1	2	0	1	2	0	0	2	1	6	1	4	3	0	3	2	3	4	2	7	2	3	1	13	4	1	2	5	6	2	1	2	8	9	1	2	2	6	2	5	1	2	8	2	3	1	1	6	11	12	6	7	12	18	9	9	5	12	4	4	8	2	4	4	6	11	7	11	15	25	12	9	7	11	10	14	17	7	27	34	37	58	19	10	18	21	21	27	58	12	40	24	56	26	28	6	5	7	9	6	14	26	42	221	0	392	73	25	17	5	12	7	8	13	9	8	21	29	29	119	50	24	32	12	11	21	34	19	5	2	9	17	5	8	11	2	5	17	16	24	12	13	0
0	0	0	2	3	2	0	2	2	4	5	3	2	3	1	1	1	0	2	2	4	0	1	3	2	1	0	2	0	1	1	1	0	1	0	2	0	3	1	1	1	3	0	2	1	0	1	0	2	2	4	6	1	11	1	1	2	2	6	6	6	8	2	4	3	2	3	8	2	2	3	5	3	2	2	3	4	5	6	11	3	13	17	9	10	5	6	8	8	7	6	5	1	2	13	14	22	12	32	24	11	12	18	18	16	18	12	38	83	37	65	27	13	11	14	18	16	42	16	52	16	52	23	21	9	9	4	5	6	13	18	28	64	392	0	53	27	32	21	21	10	7	22	15	8	29	54	38	122	32	17	18	11	7	20	35	14	10	8	10	8	5	11	7	4	8	21	17	28	11	9	0
0	0	0	0	0	4	2	1	2	1	5	3	3	1	1	1	2	0	3	4	2	3	1	2	0	1	1	2	2	1	0	2	2	1	1	0	6	2	3	2	1	4	0	2	3	2	4	0	6	5	4	6	5	3	3	3	0	1	2	1	4	3	4	1	4	7	2	3	2	2	2	6	3	2	2	3	5	1	9	14	5	10	4	10	3	7	5	3	4	2	10	5	3	3	6	9	13	11	11	17	13	15	11	9	18	25	15	44	36	25	32	16	9	8	21	19	11	42	15	18	7	15	12	13	5	7	1	6	10	20	100	62	80	73	53	0	107	38	16	9	15	7	16	6	5	15	16	19	34	22	13	19	27	23	44	49	47	21	10	9	13	7	33	37	20	14	39	29	115	22	27	0
0	0	0	1	0	1	1	0	2	2	4	2	0	0	3	3	1	1	2	2	4	5	0	2	0	2	0	1	2	4	2	0	0	0	0	2	0	0	2	2	1	2	1	0	1	2	0	1	2	5	1	1	3	5	3	1	3	2	5	3	8	2	2	5	6	5	5	1	1	1	3	0	0	2	3	0	3	5	5	5	5	6	4	7	0	5	3	6	5	3	2	4	4	1	3	4	5	10	7	9	10	8	8	17	20	18	11	36	26	20	13	6	7	10	11	3	11	14	13	13	8	7	7	8	1	3	7	7	2	23	60	28	33	25	27	107	0	61	13	13	14	13	25	9	8	13	36	23	24	11	4	11	8	10	26	26	42	26	29	18	9	7	27	50	21	8	29	24	30	31	32	0
0	0	0	0	1	1	2	1	7	3	5	3	2	3	3	3	2	2	5	6	7	2	1	1	2	2	1	3	0	2	0	1	0	1	1	1	2	1	2	1	3	1	5	5	2	2	2	0	2	8	1	5	2	5	1	2	4	4	5	3	4	9	3	1	2	3	5	3	0	1	0	1	2	5	0	0	9	12	9	11	2	8	2	8	2	4	5	5	4	4	3	2	3	5	12	10	13	14	10	30	12	17	32	47	71	120	34	146	39	43	33	9	10	13	16	6	5	11	8	11	4	13	12	10	1	3	3	2	6	14	20	18	17	17	32	38	61	0	74	15	51	60	49	32	9	24	48	37	14	3	6	12	10	14	25	21	109	64	42	25	20	13	34	18	17	9	15	11	24	10	20	0
0	0	0	0	0	1	1	8	3	4	12	4	3	4	5	2	0	2	3	4	4	4	0	2	2	1	2	1	0	2	0	0	1	3	4	1	2	3	4	2	2	1	2	1	2	2	0	0	1	6	4	4	2	7	8	8	4	3	6	10	13	6	9	3	5	6	7	4	4	5	3	1	4	4	3	10	13	23	18	46	14	13	10	6	2	7	11	3	7	9	6	8	3	10	15	17	32	10	27	111	31	15	74	92	585	412	105	102	67	103	27	36	26	17	15	8	7	8	16	4	2	13	10	7	6	4	3	3	10	6	9	17	11	5	21	16	13	74	0	72	70	37	22	39	15	59	28	19	13	8	7	5	8	6	12	18	39	34	22	30	26	18	16	4	10	8	9	11	9	8	19	0
0	0	0	1	1	0	2	4	2	3	7	5	4	3	2	4	3	2	3	7	4	1	1	2	4	0	6	2	0	0	0	1	1	4	3	0	3	3	7	3	1	3	1	7	6	1	3	2	4	4	4	4	4	5	5	2	11	9	6	5	15	16	5	5	4	6	4	7	6	1	1	5	3	6	3	3	10	11	8	28	27	7	13	8	4	9	18	6	13	12	14	7	5	9	27	104	113	45	94	135	13	9	145	58	80	41	21	42	74	59	27	29	34	38	19	6	8	9	8	12	13	12	13	14	6	1	4	4	3	7	9	10	9	12	21	9	13	15	72	0	62	21	16	65	47	79	26	26	12	4	2	10	5	7	9	10	20	11	15	10	12	6	7	6	4	0	4	4	6	5	3	0
0	0	0	2	2	0	0	2	2	2	7	5	1	4	5	1	0	1	5	3	6	2	0	1	0	1	1	1	1	2	1	0	1	3	1	2	1	4	0	1	5	1	0	3	1	1	2	3	1	1	4	1	0	5	8	5	6	5	7	6	5	4	7	1	1	4	2	3	1	0	2	2	4	2	4	3	2	12	12	9	9	5	6	3	4	2	9	4	7	12	5	4	6	5	10	25	34	22	35	31	13	5	34	844	118	79	20	47	47	26	14	15	17	13	6	4	3	5	8	7	4	7	11	6	5	2	2	3	5	3	6	5	7	7	10	15	14	51	70	62	0	52	46	340	34	259	83	58	12	7	1	4	9	7	16	5	17	35	22	14	8	13	15	2	5	1	5	3	7	4	15	0
0	0	0	1	0	0	1	1	2	4	5	5	1	0	1	4	2	1	0	3	1	6	1	0	1	1	2	0	1	1	1	2	1	1	0	2	0	0	3	3	4	3	2	0	1	2	3	1	5	2	4	3	1	4	3	2	4	3	0	7	4	7	2	0	2	2	3	1	2	2	2	2	1	1	2	6	3	9	5	10	4	7	4	1	3	2	9	3	4	4	0	3	3	6	4	11	19	12	15	12	11	3	11	76	56	61	18	26	13	21	3	9	6	10	4	4	3	5	5	10	1	5	5	3	2	4	3	2	3	5	9	8	5	8	7	7	13	60	37	21	52	0	75	25	11	21	37	25	10	4	2	2	3	3	10	11	14	63	87	13	9	10	6	6	7	5	9	6	4	8	15	0
0	0	0	1	0	2	3	1	1	1	3	1	0	1	3	3	0	1	0	0	3	2	0	0	0	1	1	3	1	0	0	0	0	2	0	0	2	3	2	1	0	1	2	1	5	3	1	3	2	3	3	1	2	3	1	4	4	1	3	4	1	10	4	0	1	1	1	3	2	1	1	3	0	1	0	2	6	4	6	4	2	5	2	2	2	5	6	2	7	2	5	1	0	3	5	10	12	9	6	11	4	9	6	41	24	33	14	24	29	17	10	3	3	3	5	2	1	10	7	2	6	3	6	3	2	1	3	5	2	5	9	7	11	13	22	16	25	49	22	16	46	75	0	37	17	32	52	75	15	5	4	1	1	4	4	13	19	26	17	11	8	3	13	10	1	4	8	7	8	8	10	0
0	0	0	1	1	1	2	4	3	3	5	2	1	1	2	1	0	1	4	3	4	2	2	2	1	0	0	2	3	0	0	0	3	0	1	1	1	2	4	1	7	0	3	2	4	3	4	2	1	5	4	3	1	2	7	2	4	3	3	2	5	6	4	3	1	4	2	7	2	4	1	1	2	4	5	6	9	6	13	15	14	6	6	3	8	6	8	5	14	4	3	5	2	6	12	22	44	31	34	30	7	9	31	178	44	42	9	29	35	21	6	15	10	12	12	3	5	10	8	8	6	14	5	7	1	0	1	4	2	6	8	11	3	9	15	6	9	32	39	65	340	25	37	0	88	172	46	38	12	3	2	9	4	5	9	5	17	13	14	11	10	7	10	5	7	2	7	4	7	2	5	0
0	0	0	0	2	2	3	1	5	4	2	4	3	2	3	1	1	0	5	2	5	0	2	2	0	1	2	1	1	1	1	0	1	1	0	0	1	1	6	2	3	4	1	3	2	2	2	1	4	3	0	5	2	5	7	3	9	8	2	5	8	17	5	1	1	5	1	5	4	1	2	0	3	3	1	4	5	5	2	5	8	11	7	7	6	1	10	6	9	15	7	6	5	5	10	57	71	44	38	23	4	3	20	29	26	15	6	11	18	19	10	7	14	6	4	4	3	7	3	6	6	13	14	5	2	2	1	0	5	1	3	4	3	8	8	5	8	9	15	47	34	11	17	88	0	47	21	15	5	7	3	3	4	2	3	3	3	7	9	8	1	6	5	6	4	4	2	4	2	2	4	0
0	0	0	2	2	1	3	0	1	1	4	2	3	4	2	1	4	3	2	1	3	6	0	2	2	4	3	2	1	0	0	0	2	2	2	1	0	1	1	2	2	5	3	6	4	4	4	0	2	2	8	4	6	1	3	6	9	1	7	4	8	8	2	4	3	6	3	4	2	3	4	4	2	3	6	1	9	9	7	10	8	10	12	9	6	5	10	2	6	4	13	5	3	11	12	20	62	41	79	39	14	3	28	111	65	56	18	62	86	43	16	20	19	13	11	4	7	11	15	10	11	13	22	11	6	4	3	7	5	11	7	6	13	21	29	15	13	24	59	79	259	21	32	172	47	0	162	101	19	4	5	8	4	4	6	14	16	18	13	10	8	9	5	14	7	3	5	11	10	9	6	0
0	0	0	5	0	0	0	1	3	3	5	4	5	2	2	1	4	1	1	4	1	3	6	1	0	0	1	0	0	0	2	0	1	2	0	0	2	2	4	0	4	1	6	3	1	2	4	5	1	0	5	2	4	1	2	5	5	2	5	1	7	9	6	3	2	2	0	2	3	4	3	0	3	5	4	3	7	10	9	12	12	7	8	6	10	9	13	2	4	3	2	1	4	7	8	19	26	17	40	20	10	6	23	40	40	27	9	67	75	42	25	12	17	10	7	7	5	11	9	6	8	23	18	12	4	1	2	7	6	6	9	6	14	29	54	16	36	48	28	26	83	37	52	46	21	162	0	850	37	12	7	11	5	6	5	14	11	26	16	8	4	7	10	10	5	9	8	6	11	8	12	0
0	0	0	0	0	1	3	3	4	1	2	3	1	4	2	1	1	1	1	2	1	2	0	1	1	3	2	1	3	2	0	3	0	2	2	3	1	0	1	1	2	4	1	1	1	1	0	0	1	2	3	3	0	4	2	2	3	2	1	3	6	5	5	2	1	0	5	1	0	3	2	1	2	3	0	5	2	2	6	7	5	6	6	4	5	3	9	3	8	13	2	0	5	9	9	12	18	13	22	15	6	7	16	39	17	30	15	39	39	28	16	16	16	7	9	4	7	9	4	5	11	18	12	12	2	3	3	2	4	5	13	8	20	29	38	19	23	37	19	26	58	25	75	38	15	101	850	0	45	11	4	8	9	6	9	10	19	15	13	11	10	3	9	14	10	5	8	8	10	4	10	0
0	0	0	0	1	2	0	3	2	1	2	3	1	3	0	4	1	0	1	4	4	2	2	0	1	0	2	1	1	2	0	0	0	3	0	4	4	1	2	2	3	1	2	1	0	1	1	2	0	2	2	4	4	2	5	1	5	3	2	1	3	7	3	3	4	4	4	2	4	1	0	3	5	2	2	5	1	8	11	3	4	4	7	12	10	6	12	5	4	6	3	3	4	3	9	8	9	11	12	9	10	8	16	6	10	8	9	22	26	17	19	11	9	7	9	6	16	42	8	23	12	33	15	19	5	8	0	3	4	10	18	40	96	119	122	34	24	14	13	12	12	10	15	12	5	19	37	45	0	33	11	22	4	9	13	20	12	8	5	4	7	3	5	13	3	3	13	12	17	11	12	0
0	0	0	0	0	2	2	0	2	2	4	5	4	1	0	2	0	1	2	0	2	3	3	4	1	0	3	0	4	0	0	1	2	0	1	0	0	2	1	0	2	6	3	1	2	1	0	3	3	3	4	2	6	8	3	2	0	2	4	1	6	4	8	4	4	5	5	5	4	1	4	6	2	4	0	3	3	5	4	8	4	7	14	6	10	5	8	6	5	5	3	2	3	4	9	7	6	8	13	4	6	7	10	7	7	4	11	9	10	9	17	9	3	7	13	17	28	40	10	63	55	35	25	23	15	10	7	9	13	3	11	19	41	50	32	22	11	3	8	4	7	4	5	3	7	4	12	11	33	0	66	39	4	12	6	13	10	4	3	3	6	3	6	5	6	4	7	12	17	11	3	0
0	0	0	1	1	1	1	1	0	1	4	2	5	2	4	2	2	1	2	3	6	7	2	4	1	1	3	3	2	1	1	3	1	2	0	4	5	0	3	0	2	4	0	1	0	1	0	2	4	2	7	2	0	5	4	1	3	3	1	5	3	8	4	3	4	4	3	2	1	3	0	7	2	6	3	2	2	7	3	5	2	8	10	7	10	2	7	4	3	1	5	3	8	3	7	1	6	6	10	4	11	9	16	2	1	7	5	8	6	7	16	4	6	6	5	25	61	34	20	25	37	18	14	22	21	16	28	26	21	7	9	21	17	24	17	13	4	6	7	2	1	2	4	2	3	5	7	4	11	66	0	49	18	8	6	6	9	4	1	2	5	4	4	12	8	6	8	14	19	9	0	0
0	0	0	1	0	0	1	1	1	4	4	1	3	2	2	2	2	2	2	3	6	11	2	3	4	3	3	1	2	2	2	3	1	4	1	1	1	0	1	3	2	2	3	3	2	4	1	2	4	5	8	5	11	10	5	3	4	0	1	7	10	8	3	3	0	6	9	6	3	1	0	3	3	3	5	2	4	7	11	4	5	18	20	12	19	6	22	6	6	8	2	8	6	11	12	8	5	8	6	6	9	27	10	6	6	7	9	12	15	12	30	14	8	19	28	135	323	233	63	97	62	40	9	44	13	8	13	25	31	15	12	30	42	32	18	19	11	12	5	10	4	2	1	9	3	8	11	8	22	39	49	0	35	20	29	39	10	8	7	7	9	7	11	13	6	5	14	26	38	16	11	0
0	0	0	0	1	3	5	1	3	3	13	4	4	1	2	0	4	2	6	8	11	9	7	3	4	4	3	2	0	0	2	2	3	2	0	1	3	2	3	4	1	3	2	3	3	2	4	2	7	5	6	8	5	6	4	3	2	1	7	5	8	7	2	3	3	8	8	7	6	2	1	4	2	4	0	4	2	16	18	9	11	17	12	10	7	6	8	5	2	2	2	5	3	4	6	3	7	7	5	5	26	59	6	3	6	7	6	16	6	14	15	13	6	17	23	51	44	36	22	18	12	7	10	18	8	13	7	29	69	29	25	29	25	12	11	27	8	10	8	5	9	3	1	4	4	4	5	9	4	4	18	35	0	141	118	72	19	7	8	9	16	15	27	11	10	9	27	63	43	24	17	0
0	0	0	1	0	0	1	1	1	2	4	4	2	2	3	1	1	1	5	2	8	3	0	0	2	1	3	0	3	0	2	1	1	1	0	1	2	2	2	5	4	2	1	3	1	1	2	2	3	11	1	2	3	3	5	2	2	4	4	1	2	3	5	5	0	3	4	4	5	3	1	5	1	4	3	4	6	12	10	6	7	9	10	6	4	9	7	3	1	1	3	2	1	4	7	2	2	3	8	5	14	22	6	5	5	5	11	9	8	12	8	8	5	11	14	17	20	16	19	9	8	7	6	5	5	7	5	16	39	85	23	28	18	11	7	23	10	14	6	7	7	3	4	5	2	4	6	6	9	12	8	20	141	0	70	51	19	9	7	14	16	10	34	29	19	19	53	88	45	51	18	0
0	0	0	1	0	0	1	4	2	1	8	1	3	3	3	2	1	4	5	10	13	7	2	4	1	2	1	1	4	2	1	3	1	1	3	2	1	0	2	3	1	2	4	3	5	2	2	2	3	9	9	8	6	10	5	4	2	4	3	4	8	8	1	5	4	3	6	1	2	6	2	7	2	9	2	6	11	9	14	9	11	18	19	5	7	5	2	7	3	2	3	3	2	3	14	8	7	6	10	15	29	59	14	16	11	16	22	31	14	22	28	20	11	15	25	23	21	38	31	14	9	18	6	12	5	3	5	10	18	41	37	34	29	21	20	44	26	25	12	9	16	10	4	9	3	6	5	9	13	6	6	29	118	70	0	373	60	15	9	21	33	20	63	41	16	17	44	52	74	35	30	0
0	0	0	1	0	2	1	6	5	7	8	1	4	3	4	2	2	5	3	10	6	7	8	4	4	3	2	1	1	1	3	1	0	5	1	3	2	2	0	2	3	3	4	5	5	9	2	8	1	9	3	7	7	7	4	4	4	6	5	3	8	8	9	10	3	16	6	4	3	2	3	6	2	4	1	4	8	16	15	10	5	21	16	8	12	5	16	2	7	4	4	2	2	4	12	7	6	7	7	14	41	78	27	10	14	14	15	44	19	34	49	27	15	22	50	27	34	50	35	22	16	23	9	24	10	7	9	11	21	18	31	36	39	34	35	49	26	21	18	10	5	11	13	5	3	14	14	10	20	13	6	39	72	51	373	0	51	20	7	16	40	14	34	21	16	11	27	41	79	17	21	0
0	0	0	1	2	3	2	5	2	2	9	4	3	4	4	1	0	2	4	3	4	4	3	3	1	2	1	2	3	1	1	0	1	2	1	1	1	4	1	5	1	5	1	0	4	1	2	3	3	3	4	2	2	3	4	5	3	7	6	1	9	11	2	4	4	1	2	8	6	4	4	3	4	3	2	6	7	11	10	22	12	13	9	7	6	1	7	4	4	4	8	5	2	7	11	10	11	8	18	27	31	22	20	21	28	57	44	91	22	55	24	16	12	11	17	8	9	23	6	16	10	12	12	14	4	2	5	8	10	6	35	14	23	19	14	47	42	109	39	20	17	14	19	17	3	16	11	19	12	10	9	10	19	19	60	51	0	54	31	41	38	12	117	45	15	13	17	25	29	19	35	0
0	0	0	2	1	1	0	3	1	1	3	4	1	0	7	3	3	2	4	6	3	1	1	0	0	0	5	1	0	1	1	2	1	2	2	1	1	3	3	0	4	1	2	2	3	2	2	3	4	2	3	3	7	3	4	1	6	3	2	3	6	3	4	4	1	3	4	2	3	0	3	3	2	4	4	1	8	10	11	8	2	6	5	2	5	4	6	5	5	2	2	1	0	2	9	9	5	6	4	12	5	7	10	30	27	60	34	30	16	13	9	7	8	15	8	4	2	8	5	6	5	5	4	4	3	3	0	4	0	10	15	7	11	5	10	21	26	64	34	11	35	63	26	13	7	18	26	15	8	4	4	8	7	9	15	20	54	0	452	44	13	15	31	28	15	6	10	9	7	13	37	0
0	0	0	0	1	3	6	2	4	2	2	5	1	3	1	1	2	1	3	7	6	2	5	1	3	2	1	3	0	0	2	0	1	1	0	1	2	3	2	2	0	1	1	2	2	4	2	2	2	3	1	4	4	4	3	2	4	1	2	2	3	3	5	1	3	0	3	2	1	3	0	2	0	3	4	4	6	8	10	15	5	8	5	2	4	1	6	3	1	1	3	2	2	4	4	4	9	6	10	7	8	8	5	22	30	45	30	24	9	21	13	5	2	7	5	3	4	5	1	9	9	8	3	7	4	0	2	0	3	5	9	1	7	2	8	10	29	42	22	15	22	87	17	14	9	13	16	13	5	3	1	7	8	7	9	7	31	452	0	45	14	5	22	19	14	7	8	6	8	10	31	0
0	0	0	1	0	2	2	4	4	3	9	4	4	3	5	6	5	5	6	6	7	1	1	3	2	2	2	1	0	0	1	0	1	2	0	2	2	1	0	5	3	1	0	1	5	3	1	1	1	3	2	5	5	4	5	2	5	5	2	5	5	7	1	3	4	6	7	3	2	1	2	1	5	2	2	5	12	12	16	29	12	12	6	5	3	4	5	3	6	4	6	3	3	2	12	5	4	7	10	20	30	24	12	21	25	37	204	23	11	12	9	11	12	11	10	5	4	9	10	7	6	6	4	8	6	4	5	0	3	12	10	4	6	9	10	9	18	25	30	10	14	13	11	11	8	10	8	11	4	3	2	7	9	14	21	16	41	44	45	0	85	50	49	18	17	10	6	9	12	11	22	0
0	0	0	0	2	3	1	4	5	5	19	12	10	7	11	2	7	4	6	13	16	7	4	4	5	2	2	1	2	2	1	1	2	3	2	4	3	2	6	5	6	0	1	5	7	6	1	3	7	6	6	7	4	7	8	3	2	3	8	2	9	3	1	1	2	6	10	5	5	5	3	9	0	5	3	6	15	24	47	36	7	21	8	9	4	3	12	8	4	5	6	3	3	4	3	7	6	6	8	19	90	44	25	15	18	24	77	17	7	26	15	15	26	14	24	11	2	8	10	11	4	8	6	10	0	8	5	6	8	7	9	8	10	17	8	13	9	20	26	12	8	9	8	10	1	8	4	10	7	6	5	9	16	16	33	40	38	13	14	85	0	162	36	15	12	10	15	15	11	7	18	0
0	0	0	2	3	2	5	4	5	8	20	15	6	6	8	4	4	7	15	8	19	7	5	3	2	7	3	4	1	1	0	1	0	2	4	2	3	5	4	3	5	3	5	7	4	2	5	2	7	8	4	6	7	9	5	5	3	5	5	6	10	9	4	7	4	5	19	5	4	5	1	1	5	7	3	5	25	50	55	49	20	14	5	7	3	7	6	9	7	4	4	5	6	5	6	9	5	7	12	17	66	27	19	9	14	14	53	12	10	13	7	15	24	23	16	12	6	6	8	5	2	11	6	8	3	6	1	5	6	5	9	8	4	5	5	7	7	13	18	6	13	10	3	7	6	9	7	3	3	3	4	7	15	10	20	14	12	15	5	50	162	0	22	6	1	4	2	14	9	8	12	0
0	0	0	1	1	1	3	0	3	2	4	1	6	2	3	0	3	3	6	5	7	6	4	1	1	1	1	1	0	2	1	0	0	0	1	0	0	0	2	1	5	2	2	4	3	3	2	3	3	1	1	2	3	4	2	3	4	2	0	4	5	5	3	4	2	4	4	4	6	3	4	4	1	1	3	3	3	9	8	8	10	3	8	1	7	5	5	3	3	4	4	0	1	4	3	7	4	5	11	12	35	27	8	15	16	16	24	29	11	27	8	9	6	11	11	14	14	17	6	15	3	10	5	8	5	4	4	10	13	25	30	20	17	8	11	33	27	34	16	7	15	6	13	10	5	5	10	9	5	6	4	11	27	34	63	34	117	31	22	49	36	22	0	108	33	21	37	27	22	50	101	0
0	0	0	0	1	1	2	1	3	4	4	4	3	1	2	3	0	3	0	2	3	2	3	0	1	1	2	1	1	1	0	1	1	0	0	1	3	1	1	0	1	3	4	1	5	3	4	2	4	3	1	1	1	3	5	4	1	1	6	2	2	5	2	2	1	4	1	1	2	4	1	1	2	2	4	3	6	4	7	5	7	9	6	4	2	3	3	2	4	2	1	0	5	5	5	4	7	7	4	3	13	10	9	8	8	10	10	20	8	9	9	7	9	6	10	7	8	10	9	5	2	8	7	3	7	1	5	14	5	50	106	20	23	11	7	37	50	18	4	6	2	6	10	5	6	14	10	14	13	5	12	13	11	29	41	21	45	28	19	18	15	6	108	0	82	59	123	39	51	267	376	0
0	0	0	2	0	0	1	2	1	1	1	1	2	1	1	1	1	1	3	2	1	4	2	3	1	0	1	0	0	0	1	0	1	0	0	0	0	0	0	2	0	1	0	2	0	1	4	3	4	2	1	1	2	2	1	3	1	1	3	1	1	7	2	0	2	5	6	3	0	1	0	2	1	2	0	3	1	5	5	1	8	3	2	4	1	1	3	2	4	1	1	0	1	3	2	7	2	5	0	4	10	11	11	6	10	7	14	10	2	5	6	5	4	3	4	5	6	7	1	8	3	4	5	1	2	4	2	5	8	52	29	15	7	2	4	20	21	17	10	4	5	7	1	7	4	7	5	10	3	6	8	6	10	19	16	16	15	15	14	17	12	1	33	82	0	597	70	15	16	192	95	0
0	0	0	0	2	2	1	2	2	2	2	7	2	2	2	2	2	0	2	4	5	3	2	3	1	0	1	0	2	0	0	2	1	2	2	3	0	0	3	1	0	0	3	1	1	1	1	1	1	4	4	6	1	3	2	1	1	2	5	1	1	4	3	0	2	2	1	1	4	2	0	2	0	0	1	4	6	3	2	1	2	5	3	3	1	2	4	3	3	1	2	0	1	2	3	1	4	4	0	5	5	5	4	4	8	10	7	11	4	5	4	6	3	4	3	8	2	4	4	6	6	1	2	4	2	3	7	2	11	53	35	16	7	5	8	14	8	9	8	0	1	5	4	2	4	3	9	5	3	4	6	5	9	19	17	11	13	6	7	10	10	4	21	59	597	0	51	20	10	114	40	0
0	0	0	0	1	0	2	3	0	2	3	3	1	2	3	1	3	1	8	3	2	3	1	1	3	1	1	0	1	1	0	0	1	1	1	0	1	0	1	0	1	1	2	2	0	2	1	3	2	0	4	3	7	5	1	2	2	6	5	2	6	5	1	4	1	6	7	2	1	5	0	1	2	2	1	3	1	9	7	7	1	8	2	6	3	1	8	3	3	3	1	2	1	1	5	2	5	6	8	7	5	11	8	9	11	5	6	12	11	17	13	9	6	4	10	10	9	13	11	7	3	9	8	8	3	5	2	5	17	301	191	43	25	17	21	39	29	15	9	4	5	9	8	7	2	5	8	8	13	7	8	14	27	53	44	27	17	10	8	6	15	2	37	123	70	51	0	131	84	213	52	0
0	0	0	1	0	2	1	2	2	2	4	3	2	7	2	2	1	2	2	6	4	6	1	1	4	1	1	3	1	1	0	0	2	0	3	0	1	1	2	0	1	4	3	1	4	2	0	2	2	8	6	8	7	6	3	0	3	3	3	5	6	5	2	3	3	2	1	1	0	3	1	5	2	0	1	3	4	7	10	9	5	10	6	2	3	9	6	1	2	5	5	4	3	3	6	4	5	4	4	7	8	6	5	4	8	6	4	11	5	10	13	5	8	7	15	27	30	21	20	16	8	7	5	16	4	4	7	16	27	105	56	112	38	16	17	29	24	11	11	4	3	6	7	4	4	11	6	8	12	12	14	26	63	88	52	41	25	9	6	9	15	14	27	39	15	20	131	0	248	51	20	0
0	0	0	0	1	3	0	1	2	1	2	3	1	2	3	3	5	1	3	2	4	0	2	2	3	3	4	1	1	1	1	0	2	2	3	0	2	1	1	1	4	4	4	3	2	1	4	5	2	4	5	4	7	4	0	5	4	4	3	7	4	8	2	5	2	3	2	4	3	3	4	5	2	5	2	2	2	8	19	9	5	17	5	8	7	5	6	4	8	4	1	7	1	3	6	7	6	3	7	6	11	23	8	7	7	5	10	24	16	17	18	14	3	11	8	24	39	29	19	27	9	20	5	19	12	6	10	13	21	49	85	145	73	24	28	115	30	24	9	6	7	4	8	7	2	10	11	10	17	17	19	38	43	45	74	79	29	7	8	12	11	9	22	51	16	10	84	248	0	34	17	0
0	0	0	0	2	0	2	3	1	3	6	1	2	1	2	2	0	1	5	4	4	1	1	4	2	4	0	2	1	1	0	1	0	0	0	2	2	4	1	2	2	1	4	4	0	2	2	3	1	1	2	3	4	1	2	0	0	2	4	2	2	6	2	1	2	4	2	3	2	0	3	0	1	2	2	1	4	6	6	5	5	5	1	4	1	5	5	1	0	4	1	4	0	3	2	6	3	3	5	6	12	8	9	6	6	6	7	15	4	14	8	4	11	6	8	15	10	6	6	6	8	2	1	4	6	4	5	6	7	107	70	22	10	12	11	22	31	10	8	5	4	8	8	2	2	9	8	4	11	11	9	16	24	51	35	17	19	13	10	11	7	8	50	267	192	114	213	51	34	0	96	0
0	0	0	1	1	3	0	3	3	1	0	2	3	1	3	2	0	4	1	1	4	3	3	4	1	2	0	1	2	2	0	1	2	2	0	3	0	4	1	3	2	0	3	0	2	2	4	3	2	4	3	1	3	3	2	1	0	4	1	3	2	3	1	2	1	4	4	2	1	2	1	2	1	2	1	2	3	10	7	8	4	7	6	5	8	4	6	2	0	3	1	0	2	1	4	5	1	3	3	3	16	13	9	6	10	13	21	17	11	13	7	7	6	9	6	10	4	8	6	6	3	3	2	2	2	2	3	4	3	31	58	27	12	13	9	27	32	20	19	3	15	15	10	5	4	6	12	10	12	3	0	11	17	18	30	21	35	37	31	22	18	12	101	376	95	40	52	20	17	96	0	0
0	0	0	0	0	0	0	0	0	0	0	0	0	0	0	0	0	0	0	0	0	0	0	0	0	0	0	0	0	0	0	0	0	0	0	0	0	0	0	0	0	0	0	0	0	0	0	0	0	0	0	0	0	0	0	0	0	0	0	0	0	0	0	0	0	0	0	0	0	0	0	0	0	0	0	0	0	0	0	0	0	0	0	0	0	0	0	0	0	0	0	0	0	0	0	0	0	0	0	0	0	0	0	0	0	0	0	0	0	0	0	0	0	0	0	0	0	0	0	0	0	0	0	0	0	0	0	0	0	0	0	0	0	0	0	0	0	0	0	0	0	0	0	0	0	0	0	0	0	0	0	0	0	0	0	0	0	0	0	0	0	0	0	0	0	0	0	0	0	0	0	0
