0	0	0	0	0	0	0	0	0	0	0	0	0	0	0	0	0	0	0	0	0	0	0	0	0	0	0	0	0	0	0	0	0	0	0	0	0	0	0	0	0	0	0	0	0	0	0	0	0	0	0	0	0	0	0	0	0	0	0	0	0	0	0	0	0	0	0	0	0	0	0	0	0	0	0	0	0	0	0	0	0	0	0	0	0	0	0	0	0	0	0	0	0	0	0	0	0	0	0	0	0	0	0	0	0	0	0	0	0	0	0	0	0	0	0	0	0	0	0	0	0	0	0	0	0
0	0	0	0	0	0	0	0	0	0	0	0	0	0	0	0	0	0	0	0	0	0	0	0	0	0	0	0	0	0	0	0	0	0	0	0	0	0	0	0	0	0	0	0	0	0	0	0	0	0	0	0	0	0	0	0	0	0	0	0	0	0	0	0	0	0	0	0	0	0	0	0	0	0	0	0	0	0	0	0	0	0	0	0	0	0	0	0	0	0	0	0	0	0	0	0	0	0	0	0	0	0	0	0	0	0	0	0	0	0	0	0	0	0	0	0	0	0	0	0	0	0	0	0	0
0	0	0	0	0	0	0	0	0	0	0	0	0	0	0	0	0	0	0	0	0	0	0	0	0	0	0	0	0	0	0	0	0	0	0	0	0	0	0	0	0	0	0	0	0	0	0	0	0	0	0	0	0	0	0	0	0	0	0	0	0	0	0	0	0	0	0	0	0	0	0	0	0	0	0	0	0	0	0	0	0	0	0	0	0	0	0	0	0	0	0	0	0	0	0	0	0	0	0	0	0	0	0	0	0	0	0	0	0	0	0	0	0	0	0	0	0	0	0	0	0	0	0	0	0
0	0	0	0	52	23	15	14	8	11	15	22	22	14	15	9	6	3	4	1	1	8	6	6	7	11	8	15	9	7	6	4	5	2	1	2	3	3	8	16	20	13	5	4	2	3	6	3	2	5	7	10	1	2	6	1	7	1	1	2	2	3	3	2	3	1	1	0	2	1	2	6	6	6	7	4	6	1	3	5	2	5	8	5	5	5	2	3	1	0	1	2	1	1	1	3	2	5	5	2	4	0	0	1	1	1	2	2	2	3	1	2	1	2	0	1	2	1	4	3	2	0	1	1	1
0	0	0	52	0	185	84	31	32	16	32	29	14	5	13	15	11	8	4	3	8	10	6	6	10	10	12	16	9	8	7	8	5	3	4	3	4	4	20	32	13	13	6	6	4	8	5	5	3	10	10	12	11	3	5	7	4	4	2	5	2	3	3	3	4	4	4	2	0	5	4	4	6	7	6	2	1	4	5	3	4	5	6	4	4	7	4	2	2	2	2	1	0	0	0	1	4	2	1	5	4	4	2	3	3	0	6	6	5	2	1	5	2	4	3	2	4	4	3	1	2	1	1	0	2
0	0	0	23	185	0	226	40	33	30	11	17	9	10	3	6	10	7	10	3	5	8	6	3	7	9	7	11	7	4	3	6	1	3	0	4	1	6	12	27	9	9	2	8	4	8	1	0	3	4	11	12	4	2	9	5	3	5	1	0	2	2	3	1	2	3	3	7	4	3	4	6	1	9	3	4	5	2	4	7	1	6	2	3	5	3	3	2	1	2	1	0	0	1	0	0	2	0	2	3	4	1	1	3	1	4	1	3	1	5	1	4	1	7	2	2	3	2	3	0	3	1	1	0	1
0	0	0	15	84	226	0	102	58	31	18	22	6	7	5	12	12	9	6	8	7	6	11	4	5	6	12	10	5	4	5	6	5	4	2	5	6	6	16	20	11	10	5	8	2	1	4	2	1	5	16	8	5	4	5	7	4	0	1	4	1	3	1	3	6	5	2	1	5	4	5	8	12	13	3	4	4	5	1	4	2	4	2	3	4	3	2	1	2	3	1	2	1	2	0	1	4	3	3	5	6	4	4	2	1	0	2	4	1	2	1	2	6	3	4	2	3	4	2	3	0	2	1	3	3
0	0	0	14	31	40	102	0	107	66	39	25	14	7	9	8	24	11	11	5	17	19	13	13	11	12	24	13	3	5	5	4	7	3	5	3	5	8	16	10	7	4	6	7	6	7	4	1	1	3	8	10	3	6	4	8	5	2	6	2	1	0	2	5	3	1	3	1	2	4	3	3	7	11	4	5	1	2	7	4	3	0	1	7	8	6	3	4	2	0	2	2	2	2	1	1	4	3	6	4	4	4	2	0	2	4	3	2	3	5	3	3	2	5	3	2	1	4	4	1	2	2	1	1	1
0	0	0	8	32	33	58	107	0	461	60	28	11	8	17	20	45	29	18	15	25	28	27	18	11	8	16	13	9	6	4	3	12	7	6	5	10	11	16	16	7	7	5	6	4	1	2	6	5	12	18	15	9	3	8	3	9	2	4	4	3	7	0	6	6	3	8	1	3	3	3	8	13	21	6	8	7	7	3	5	5	3	4	3	4	7	3	6	2	2	0	2	2	2	2	2	4	3	1	2	3	3	1	4	3	4	4	2	8	2	3	12	10	2	3	5	1	1	2	4	3	0	2	1	1
0	0	0	11	16	30	31	66	461	0	54	23	8	8	11	31	86	36	26	12	23	48	36	27	13	20	16	13	11	2	6	5	12	11	10	13	16	13	30	10	12	7	8	8	4	9	3	2	4	10	18	16	8	13	8	11	7	7	8	2	3	2	2	4	3	5	6	3	3	7	6	9	24	10	8	13	9	4	5	3	3	7	7	3	7	4	10	4	1	1	1	0	1	5	3	3	8	0	5	4	5	7	3	7	6	3	6	5	6	4	5	9	7	4	4	3	3	4	8	1	7	4	4	3	4
0	0	0	15	32	11	18	39	60	54	0	98	18	23	23	43	45	17	8	9	18	27	23	21	29	20	66	85	24	10	6	12	8	9	9	4	14	18	60	47	23	16	11	9	12	10	5	6	9	26	31	8	8	7	5	7	3	1	5	4	7	4	6	12	5	8	2	4	1	3	3	8	29	45	13	9	9	7	5	9	1	6	5	10	10	15	9	5	5	0	2	0	2	3	2	4	7	4	9	8	6	6	7	3	4	6	7	4	6	4	5	8	7	3	2	1	2	5	0	5	0	4	1	4	2
0	0	0	22	29	17	22	25	28	23	98	0	66	79	46	23	16	18	2	5	4	4	12	20	25	17	97	96	21	8	12	5	8	7	3	4	3	9	38	50	41	28	15	26	20	10	1	3	10	21	19	15	8	12	11	8	4	1	4	3	5	4	8	6	10	4	4	3	5	3	4	3	17	22	12	11	8	3	11	3	4	8	3	14	13	13	5	6	7	2	1	4	3	2	4	6	6	7	4	4	5	10	2	1	4	3	7	3	2	3	4	6	1	3	1	1	6	5	7	3	0	3	2	1	2
0	0	0	22	14	9	6	14	11	8	18	66	0	118	49	18	6	5	2	2	5	5	9	6	12	6	22	26	19	16	10	12	4	4	5	2	6	4	18	24	51	72	24	41	26	15	5	6	9	13	14	10	13	3	6	5	3	2	5	5	3	6	6	8	6	4	1	3	1	5	3	2	12	11	4	6	4	6	3	14	7	15	14	33	30	13	7	6	2	0	2	2	2	1	5	3	3	5	5	9	7	5	4	9	6	4	3	10	1	1	5	6	5	1	0	0	2	5	2	1	2	1	2	1	3
0	0	0	14	5	10	7	7	8	8	23	79	118	0	173	23	9	4	7	7	11	8	7	6	25	21	40	58	23	16	10	4	5	8	4	2	6	8	17	22	31	29	14	19	18	21	8	1	6	16	10	9	8	7	5	2	1	1	6	1	7	5	8	5	5	6	1	3	1	0	2	1	10	15	7	2	4	10	4	12	5	5	12	37	46	27	11	9	5	6	1	0	2	2	3	1	8	5	7	17	4	7	5	4	6	6	3	0	5	3	6	5	4	3	2	5	2	4	4	4	0	2	0	1	3
0	0	0	15	13	3	5	9	17	11	23	46	49	173	0	49	14	1	7	8	12	10	10	17	39	23	65	83	34	20	12	10	8	8	6	8	7	12	21	20	20	13	21	28	26	12	14	7	13	13	10	8	7	6	4	1	0	4	5	8	9	10	14	16	8	5	2	2	2	3	3	3	11	19	21	14	6	9	10	21	13	16	5	33	90	71	20	8	6	4	1	3	3	2	6	5	9	5	18	26	16	9	3	7	5	2	4	4	1	0	3	5	1	4	2	1	3	8	3	5	3	3	8	4	5
0	0	0	9	15	6	12	8	20	31	43	23	18	23	49	0	43	17	17	15	36	24	15	33	275	109	465	81	31	12	9	7	19	14	8	13	3	7	27	13	6	10	8	9	11	12	9	4	12	15	15	2	6	7	7	5	3	7	6	5	9	10	6	17	8	4	3	2	3	4	7	7	10	58	30	22	12	16	9	16	7	9	7	8	21	23	22	6	4	3	3	4	2	5	5	7	8	7	9	9	12	8	6	5	7	6	6	4	11	5	1	6	2	5	2	3	6	12	6	8	3	4	2	6	4
0	0	0	6	11	10	12	24	45	86	45	16	6	9	14	43	0	65	49	33	102	224	47	55	21	37	36	18	12	7	7	8	16	14	20	10	18	10	18	15	11	5	9	4	1	8	4	6	8	13	15	9	4	2	11	4	6	5	7	2	3	4	3	13	10	4	10	5	2	7	5	4	24	33	23	12	14	6	11	4	2	6	5	4	6	14	10	2	3	3	1	1	0	2	3	6	4	5	2	6	4	5	3	4	3	4	5	5	3	4	6	11	8	14	9	9	6	12	5	5	5	6	4	1	2
0	0	0	3	8	7	9	11	29	36	17	18	5	4	1	17	65	0	150	70	50	92	29	31	11	13	16	12	11	2	3	7	11	23	38	28	27	16	10	12	6	5	6	8	3	2	7	5	9	7	8	4	4	3	9	9	9	7	9	4	2	0	1	1	10	3	11	5	4	4	3	6	17	16	6	8	12	4	3	6	6	2	1	5	3	6	2	7	3	2	3	0	1	7	6	7	6	4	2	2	9	1	4	3	9	8	10	6	10	13	7	19	17	9	10	8	10	15	11	14	9	1	2	6	6
0	0	0	4	4	10	6	11	18	26	8	2	2	7	7	17	49	150	0	181	93	51	24	26	14	12	9	14	6	3	5	0	6	22	42	28	23	9	8	7	1	1	5	0	5	4	2	5	9	11	7	7	1	5	6	8	3	3	4	4	8	3	4	7	9	6	5	2	3	2	10	13	12	12	14	20	11	8	6	3	3	2	2	4	2	5	7	5	6	3	2	6	4	4	11	4	3	6	4	4	6	1	5	5	5	6	8	8	9	4	7	21	10	8	6	4	4	18	16	7	6	4	3	8	4
0	0	0	1	3	3	8	5	15	12	9	5	2	7	8	15	33	70	181	0	136	62	13	36	23	20	14	9	12	7	5	9	7	31	59	33	30	6	11	3	2	2	7	2	5	1	7	4	11	6	9	6	3	2	10	4	3	5	5	5	5	2	8	6	11	7	3	5	2	1	1	5	9	11	16	29	14	14	17	6	4	3	5	2	4	8	7	7	4	5	4	2	2	7	8	6	6	7	6	6	6	6	6	4	8	8	10	5	7	5	10	19	9	18	17	4	10	25	27	17	3	3	2	10	6
0	0	0	1	8	5	7	17	25	23	18	4	5	11	12	36	102	50	93	136	0	57	16	37	37	49	36	13	8	6	5	6	13	20	26	16	10	13	9	3	6	5	5	4	8	6	5	4	6	5	11	4	2	5	6	8	4	4	7	0	4	6	2	6	8	2	1	2	2	3	3	5	10	23	22	32	22	16	4	10	1	6	4	3	9	13	8	6	8	6	3	1	7	4	4	4	9	6	4	13	10	8	3	3	4	6	5	5	4	3	5	13	9	12	7	6	8	14	14	8	5	5	2	4	2
0	0	0	8	10	8	6	19	28	48	27	4	5	8	10	24	224	92	51	62	57	0	108	98	16	21	16	12	13	9	8	8	26	28	28	22	25	30	19	5	10	8	6	10	2	9	2	5	19	21	12	7	4	11	9	18	7	5	9	12	2	6	3	14	20	9	8	5	7	1	3	11	24	37	14	19	9	5	11	9	6	4	0	2	5	8	12	3	3	4	0	5	3	3	4	5	6	1	8	2	9	7	5	7	6	10	13	10	7	14	6	20	7	10	9	5	10	19	9	8	5	5	1	7	5
0	0	0	6	6	6	11	13	27	36	23	12	9	7	10	15	47	29	24	13	16	108	0	113	20	12	14	13	26	10	21	16	68	43	21	22	83	102	36	13	7	6	8	14	10	10	13	8	23	33	21	12	7	13	21	21	10	3	12	2	7	6	8	20	30	17	8	6	4	1	5	12	90	72	17	10	15	9	8	7	5	5	1	8	5	7	4	7	2	1	2	4	7	7	5	10	9	3	7	4	13	12	4	5	5	19	4	11	21	18	9	39	13	6	11	8	6	8	9	7	6	4	5	3	9
0	0	0	6	6	3	4	13	18	27	21	20	6	6	17	33	55	31	26	36	37	98	113	0	58	35	32	35	27	13	17	15	68	46	23	28	37	30	28	6	2	13	8	7	11	7	14	9	19	29	12	9	8	4	12	14	7	9	8	6	9	7	4	25	26	12	5	0	4	2	7	4	25	100	59	48	29	11	23	12	3	6	6	9	8	23	16	13	1	1	5	5	8	6	4	6	11	4	6	8	14	16	11	3	12	15	11	7	8	4	7	17	9	11	9	10	10	17	14	11	10	6	5	7	4
0	0	0	7	10	7	5	11	11	13	29	25	12	25	39	275	21	11	14	23	37	16	20	58	0	230	92	38	23	14	18	11	22	13	10	12	10	8	23	6	9	12	9	11	14	14	8	5	7	9	9	2	4	9	6	4	9	1	3	3	8	4	6	28	13	3	2	4	1	2	3	6	6	39	94	39	20	27	25	18	9	7	7	14	18	58	28	16	6	7	5	3	4	10	7	5	11	1	16	19	17	15	9	7	7	7	4	5	5	1	7	8	6	2	4	1	13	9	9	5	2	2	1	6	4
0	0	0	11	10	9	6	12	8	20	20	17	6	21	23	109	37	13	12	20	49	21	12	35	230	0	59	19	14	10	7	6	18	14	9	7	7	10	18	8	12	7	8	9	12	3	9	4	9	13	7	6	4	3	5	6	3	3	5	6	5	9	8	15	5	3	4	4	1	1	2	7	6	23	48	33	16	19	13	11	8	7	3	10	13	32	31	11	4	3	3	3	1	2	6	10	17	6	11	12	12	9	4	6	10	4	6	4	3	1	3	5	0	5	5	2	10	12	4	5	4	3	3	2	1
0	0	0	8	12	7	12	24	16	16	66	97	22	40	65	465	36	16	9	14	36	16	14	32	92	59	0	98	25	10	14	5	9	5	8	4	6	14	20	14	15	15	14	15	15	7	12	5	9	19	9	4	9	10	8	4	2	2	6	3	4	6	3	17	10	5	5	2	3	4	7	5	14	29	32	19	15	12	13	12	7	7	3	7	20	31	17	11	6	3	0	3	4	1	1	7	5	2	10	14	6	13	4	0	5	3	6	8	2	2	5	10	6	3	3	0	8	5	9	4	3	2	1	2	2
0	0	0	15	16	11	10	13	13	13	85	96	26	58	83	81	18	12	14	9	13	12	13	35	38	19	98	0	95	21	16	16	12	10	5	10	9	19	65	40	28	26	19	48	19	15	10	6	14	41	26	12	17	11	9	5	5	5	6	10	6	4	15	11	10	7	1	0	8	5	6	8	25	63	28	18	7	9	11	19	8	14	7	23	24	23	12	5	2	3	1	5	3	8	5	2	2	6	15	19	20	7	3	9	4	6	6	6	5	2	1	4	5	4	4	1	5	6	4	8	3	1	2	4	0
0	0	0	9	9	7	5	3	9	11	24	21	19	23	34	31	12	11	6	12	8	13	26	27	23	14	25	95	0	73	55	46	25	14	11	4	13	17	50	22	24	39	56	103	44	49	23	11	20	99	24	8	14	10	17	8	9	7	8	8	6	7	17	23	17	12	1	0	2	0	4	6	24	71	23	7	7	12	10	21	16	8	15	25	29	26	15	10	3	2	1	1	2	2	5	9	8	10	7	22	27	11	6	17	5	7	4	7	5	4	3	3	6	2	2	4	5	6	7	5	7	4	1	2	2
0	0	0	7	8	4	4	5	6	2	10	8	16	16	20	12	7	2	3	7	6	9	10	13	14	10	10	21	73	0	121	21	11	3	3	4	6	11	19	13	12	28	93	196	244	594	34	19	22	28	4	10	11	9	9	6	3	9	8	14	10	12	23	15	8	5	1	2	1	3	4	4	11	19	6	5	9	8	12	31	49	19	20	39	28	24	13	11	9	7	1	4	2	4	1	6	8	13	18	29	23	19	16	10	18	14	9	9	3	2	4	2	2	2	0	4	7	1	2	5	7	0	0	3	1
0	0	0	6	7	3	5	5	4	6	6	12	10	10	12	9	7	3	5	5	5	8	21	17	18	7	14	16	55	121	0	110	29	11	4	7	9	17	16	8	8	20	60	51	47	101	74	31	59	82	11	10	18	15	17	9	8	6	22	10	18	8	10	19	34	6	3	3	3	4	2	6	20	26	14	4	9	6	16	22	19	11	10	14	8	12	8	10	7	4	3	2	5	2	2	5	8	8	8	9	35	19	13	13	21	16	6	9	8	3	10	8	4	7	3	4	6	8	4	8	6	4	6	2	5
0	0	0	4	8	6	6	4	3	5	12	5	12	4	10	7	8	7	0	9	6	8	16	15	11	6	5	16	46	21	110	0	46	14	8	8	25	46	19	11	4	9	23	26	21	28	57	34	302	101	13	9	25	27	19	13	11	17	42	16	6	5	8	24	51	16	12	4	5	4	6	9	45	36	9	10	9	10	7	16	10	9	12	4	10	8	5	5	3	1	2	5	2	1	1	4	5	12	6	17	29	17	16	11	13	14	14	20	15	7	4	14	8	8	4	13	9	6	3	12	9	6	12	4	5
0	0	0	5	5	1	5	7	12	12	8	8	4	5	8	19	16	11	6	7	13	26	68	68	22	18	9	12	25	11	29	46	0	69	31	22	59	62	19	8	7	5	15	15	7	22	29	19	70	38	16	7	11	14	12	17	8	16	22	16	9	9	9	56	187	29	8	8	3	3	5	6	45	82	26	23	20	14	8	24	8	7	5	5	10	13	9	9	3	2	5	4	7	9	4	6	2	9	3	13	34	19	13	13	36	33	28	27	17	10	10	24	12	9	12	20	13	14	20	16	22	8	4	7	5
0	0	0	2	3	3	4	3	7	11	9	7	4	8	8	14	14	23	22	31	20	28	43	46	13	14	5	10	14	3	11	14	69	0	81	70	68	30	7	7	2	5	6	4	6	5	7	11	21	6	7	8	1	2	6	13	13	1	20	5	6	7	3	23	70	11	5	4	6	7	9	6	22	16	22	30	35	8	16	10	8	6	3	6	3	8	5	11	0	4	2	5	8	13	9	5	5	6	7	7	20	17	5	5	25	54	37	30	10	10	20	38	15	27	23	19	40	49	39	64	18	9	6	11	8
0	0	0	1	4	0	2	5	6	10	9	3	5	4	6	8	20	38	42	59	26	28	21	23	10	9	8	5	11	3	4	8	31	81	0	204	41	11	4	3	4	1	4	9	4	3	5	4	18	5	6	3	4	6	6	13	7	7	6	2	10	4	7	14	24	14	11	4	3	3	4	1	13	8	13	24	21	8	8	3	7	1	3	1	6	8	5	6	4	1	5	4	7	14	7	3	8	2	5	0	10	6	8	5	16	20	20	12	5	8	25	50	33	40	26	12	23	38	59	59	13	9	3	6	10
0	0	0	2	3	4	5	3	5	13	4	4	2	2	8	13	10	28	28	33	16	22	22	28	12	7	4	10	4	4	7	8	22	70	204	0	49	16	9	3	5	2	6	4	2	7	6	5	12	12	5	8	7	5	6	11	12	7	8	8	5	5	3	11	15	15	14	5	7	3	4	6	11	8	6	9	9	8	7	3	3	2	1	3	3	6	3	6	2	3	0	6	3	4	5	4	7	0	2	2	8	7	3	3	13	16	25	18	20	21	38	65	61	70	43	21	16	18	43	62	17	8	16	18	11
0	0	0	3	4	1	6	5	10	16	14	3	6	6	7	3	18	27	23	30	10	25	83	37	10	7	6	9	13	6	9	25	59	68	41	49	0	66	19	4	9	2	2	5	3	5	9	10	16	18	10	5	17	13	18	24	26	20	19	9	0	4	4	16	31	37	11	8	8	4	12	19	40	25	9	11	11	4	9	6	1	5	1	3	1	5	6	3	4	5	1	6	2	7	3	4	3	3	2	4	15	8	4	4	16	17	22	36	47	29	28	244	19	12	16	7	18	25	14	21	10	15	6	3	12
0	0	0	3	4	6	6	8	11	13	18	9	4	8	12	7	10	16	9	6	13	30	102	30	8	10	14	19	17	11	17	46	62	30	11	16	66	0	36	12	9	13	10	11	4	7	18	13	35	40	31	23	25	17	42	38	28	25	24	7	7	7	2	12	33	44	10	5	4	2	9	16	267	45	12	9	9	6	5	10	6	5	5	3	9	4	5	3	5	4	2	4	2	3	3	4	4	3	3	9	8	4	4	7	17	17	13	27	27	18	16	34	17	1	12	11	5	5	7	11	11	7	4	8	10
0	0	0	8	20	12	16	16	16	30	60	38	18	17	21	27	18	10	8	11	9	19	36	28	23	18	20	65	50	19	16	19	19	7	4	9	19	36	0	73	18	34	20	21	7	11	10	4	18	81	89	30	25	22	25	15	14	4	6	11	2	8	9	11	13	10	6	2	4	2	6	11	75	69	12	7	10	5	7	12	5	6	3	8	5	6	8	6	3	3	1	3	4	5	7	1	6	4	7	11	14	9	4	6	4	9	4	9	7	6	7	7	3	2	4	1	9	6	7	8	4	2	1	3	5
0	0	0	16	32	27	20	10	16	10	47	50	24	22	20	13	15	12	7	3	3	5	13	6	6	8	14	40	22	13	8	11	8	7	3	3	4	12	73	0	70	47	21	19	15	11	9	2	10	23	119	28	28	11	14	15	15	6	6	3	3	4	3	9	6	6	4	7	6	9	6	10	28	19	9	6	4	2	2	10	4	3	7	12	5	3	6	3	2	1	2	5	1	4	4	3	4	4	1	5	7	11	1	2	3	1	7	9	6	2	8	7	5	1	2	1	3	6	4	2	2	4	6	4	2
0	0	0	20	13	9	11	7	7	12	23	41	51	31	20	6	11	6	1	2	6	10	7	2	9	12	15	28	24	12	8	4	7	2	4	5	9	9	18	70	0	171	29	20	14	13	5	4	6	19	26	9	17	13	9	7	1	1	5	7	3	0	7	5	6	3	3	4	1	2	3	5	6	13	4	4	3	4	5	5	6	12	5	21	7	13	7	6	0	1	4	1	3	1	1	3	3	8	2	4	7	6	8	1	5	5	3	3	3	2	2	3	0	4	4	1	1	2	3	3	1	1	1	2	3
0	0	0	13	13	9	10	4	7	7	16	28	72	29	13	10	5	5	1	2	5	8	6	13	12	7	15	26	39	28	20	9	5	5	1	2	2	13	34	47	171	0	94	62	24	17	11	7	10	37	13	17	14	17	9	6	9	2	6	2	2	2	7	6	3	5	3	3	2	1	4	5	12	13	9	7	5	4	5	6	11	6	15	13	20	10	9	9	0	0	4	5	1	1	1	2	4	4	3	7	5	7	8	8	5	5	5	5	4	3	2	5	3	0	3	3	4	2	3	4	0	1	0	2	1
0	0	0	5	6	2	5	6	5	8	11	15	24	14	21	8	9	6	5	7	5	6	8	8	9	8	14	19	56	93	60	23	15	6	4	6	2	10	20	21	29	94	0	240	67	51	19	12	14	66	19	13	15	18	16	9	10	7	7	11	7	5	5	12	9	13	7	5	0	3	3	10	11	18	7	6	5	1	10	8	20	17	11	18	22	5	4	11	6	1	1	1	5	4	3	3	5	9	6	12	16	17	6	9	6	5	3	7	6	3	3	6	2	1	2	1	6	6	2	5	4	3	6	2	4
0	0	0	4	6	8	8	7	6	8	9	26	41	19	28	9	4	8	0	2	4	10	14	7	11	9	15	48	103	196	51	26	15	4	9	4	5	11	21	19	20	62	240	0	220	82	22	17	12	31	6	11	10	12	13	6	2	6	8	6	3	3	12	18	5	4	3	4	1	0	6	2	17	31	11	9	4	11	9	17	24	27	17	38	34	19	13	12	3	2	1	2	4	5	2	3	7	14	13	18	16	8	7	8	10	13	8	1	3	7	2	5	4	1	4	5	8	9	3	4	4	1	2	0	3
0	0	0	2	4	4	2	6	4	4	12	20	26	18	26	11	1	3	5	5	8	2	10	11	14	12	15	19	44	244	47	21	7	6	4	2	3	4	7	15	14	24	67	220	0	128	16	11	15	17	8	4	13	7	6	6	3	2	10	7	9	7	32	19	8	4	3	1	2	2	0	5	15	13	17	2	5	9	13	23	43	40	28	55	61	35	11	12	7	5	7	4	2	3	4	4	9	16	15	36	12	15	12	9	7	5	4	3	5	1	2	4	5	2	1	7	2	5	4	2	2	3	3	2	1
0	0	0	3	8	8	1	7	1	9	10	10	15	21	12	12	8	2	4	1	6	9	10	7	14	3	7	15	49	594	101	28	22	5	3	7	5	7	11	11	13	17	51	82	128	0	45	22	31	22	10	4	9	9	5	7	5	4	12	9	9	10	45	23	13	7	4	4	1	1	1	1	8	21	10	7	11	7	9	44	59	28	14	16	14	20	13	12	8	4	4	6	8	4	7	3	4	17	12	34	39	38	12	15	17	7	6	4	5	3	4	2	3	1	2	3	6	7	2	1	3	3	7	2	10
0	0	0	6	5	1	4	4	2	3	5	1	5	8	14	9	4	7	2	7	5	2	13	14	8	9	12	10	23	34	74	57	29	7	5	6	9	18	10	9	5	11	19	22	16	45	0	114	112	30	8	5	8	10	8	2	6	10	25	53	11	7	20	38	38	11	2	2	2	3	2	7	16	18	12	13	17	5	9	29	30	5	6	9	14	5	8	14	9	1	5	6	8	6	4	4	8	11	10	16	90	58	25	53	28	21	16	17	13	4	5	10	6	8	6	16	6	3	8	5	10	4	3	8	2
0	0	0	3	5	0	2	1	6	2	6	3	6	1	7	4	6	5	5	4	4	5	8	9	5	4	5	6	11	19	31	34	19	11	4	5	10	13	4	2	4	7	12	17	11	22	114	0	64	15	12	2	6	11	3	6	7	11	37	207	19	13	12	27	24	12	7	3	3	1	0	5	12	9	13	6	10	7	14	8	14	6	2	6	4	6	4	7	6	6	5	3	1	5	2	4	5	8	8	6	30	22	23	65	41	20	15	9	8	6	9	8	5	0	10	13	7	2	4	7	19	6	9	8	7
0	0	0	2	3	3	1	1	5	4	9	10	9	6	13	12	8	9	9	11	6	19	23	19	7	9	9	14	20	22	59	302	70	21	18	12	16	35	18	10	6	10	14	12	15	31	112	64	0	51	10	9	10	21	20	11	11	18	61	38	7	12	12	34	90	24	3	10	1	4	9	5	27	38	14	10	19	8	10	18	13	14	6	8	13	3	10	11	8	1	2	4	3	6	1	4	4	7	3	12	45	24	16	18	28	32	30	32	12	7	9	16	9	1	6	13	14	9	10	13	12	12	8	11	9
0	0	0	5	10	4	5	3	12	10	26	21	13	16	13	15	13	7	11	6	5	21	33	29	9	13	19	41	99	28	82	101	38	6	5	12	18	40	81	23	19	37	66	31	17	22	30	15	51	0	31	9	28	28	36	25	17	11	16	12	3	3	5	13	22	14	9	5	9	3	7	11	64	59	14	7	6	5	5	14	12	7	4	11	13	11	9	7	3	4	4	2	1	6	4	2	2	6	8	5	18	14	8	13	10	6	11	8	10	4	5	8	7	5	6	3	5	6	4	3	1	2	3	2	2
0	0	0	7	10	11	16	8	18	18	31	19	14	10	10	15	15	8	7	9	11	12	21	12	9	7	9	26	24	4	11	13	16	7	6	5	10	31	89	119	26	13	19	6	8	10	8	12	10	31	0	95	42	35	48	17	12	9	13	6	2	3	6	8	9	10	6	6	5	2	6	21	47	20	7	7	3	5	5	5	10	2	6	6	6	9	5	3	2	1	0	4	1	1	5	1	5	1	4	6	6	4	2	1	6	5	6	2	8	1	5	7	4	2	1	3	3	4	6	3	3	3	0	2	5
0	0	0	10	12	12	8	10	15	16	8	15	10	9	8	2	9	4	7	6	4	7	12	9	2	6	4	12	8	10	10	9	7	8	3	8	5	23	30	28	9	17	13	11	4	4	5	2	9	9	95	0	50	28	63	25	8	9	9	2	1	2	2	7	9	11	12	7	10	10	19	46	26	7	5	1	7	3	4	6	2	5	4	4	3	4	2	1	1	2	2	0	1	2	3	2	2	0	2	5	4	2	4	5	3	2	2	5	15	7	6	8	7	1	4	2	7	2	1	2	6	3	9	1	3
0	0	0	1	11	4	5	3	9	8	8	8	13	8	7	6	4	4	1	3	2	4	7	8	4	4	9	17	14	11	18	25	11	1	4	7	17	25	25	28	17	14	15	10	13	9	8	6	10	28	42	50	0	492	122	22	11	8	9	8	2	3	2	8	4	8	10	6	9	2	12	24	28	9	5	3	4	4	5	4	7	2	6	5	9	2	1	4	3	3	1	1	5	1	1	2	2	1	3	7	9	6	4	4	5	3	4	5	12	3	6	5	6	2	0	6	5	5	0	6	3	3	2	3	4
0	0	0	2	3	2	4	6	3	13	7	12	3	7	6	7	2	3	5	2	5	11	13	4	9	3	10	11	10	9	15	27	14	2	6	5	13	17	22	11	13	17	18	12	7	9	10	11	21	28	35	28	492	0	118	22	20	12	17	6	6	3	5	6	4	13	12	5	7	3	10	13	27	13	2	7	8	2	6	5	5	4	7	4	7	5	2	2	2	1	1	2	4	1	1	1	2	7	4	8	10	5	3	5	7	3	9	11	6	5	5	9	4	2	3	4	5	2	1	4	12	4	2	0	7
0	0	0	6	5	9	5	4	8	8	5	11	6	5	4	7	11	9	6	10	6	9	21	12	6	5	8	9	17	9	17	19	12	6	6	6	18	42	25	14	9	9	16	13	6	5	8	3	20	36	48	63	122	118	0	65	35	23	13	4	4	5	5	8	7	14	8	9	11	9	19	52	46	15	7	8	6	2	2	5	7	4	3	4	6	1	2	2	3	4	1	4	0	2	2	2	4	2	2	4	9	3	6	7	7	3	5	11	20	12	11	11	7	10	4	4	5	4	3	3	7	1	2	4	2
0	0	0	1	7	5	7	8	3	11	7	8	5	2	1	5	4	9	8	4	8	18	21	14	4	6	4	5	8	6	9	13	17	13	13	11	24	38	15	15	7	6	9	6	6	7	2	6	11	25	17	25	22	22	65	0	110	27	14	2	3	3	4	6	14	32	44	25	12	13	24	221	40	15	8	5	5	5	7	2	3	6	3	6	5	3	3	1	3	0	4	1	3	2	3	1	2	1	4	5	6	6	0	2	8	10	4	11	33	21	12	15	12	8	7	2	3	4	2	5	6	4	6	3	7
0	0	0	7	4	3	4	5	9	7	3	4	3	1	0	3	6	9	3	3	4	7	10	7	9	3	2	5	9	3	8	11	8	13	7	12	26	28	14	15	1	9	10	2	3	5	6	7	11	17	12	8	11	20	35	110	0	112	18	8	4	1	3	8	13	73	96	23	21	5	18	43	21	8	7	4	7	4	3	5	2	1	5	2	3	3	3	3	1	0	6	3	4	1	0	1	4	3	3	4	1	5	3	4	8	11	6	24	83	33	14	23	6	8	2	8	2	7	3	9	9	7	5	5	9
0	0	0	1	4	5	0	2	2	7	1	1	2	1	4	7	5	7	3	5	4	5	3	9	1	3	2	5	7	9	6	17	16	1	7	7	20	25	4	6	1	2	7	6	2	4	10	11	18	11	9	9	8	12	23	27	112	0	27	9	6	1	7	3	13	88	40	11	13	8	14	19	10	7	3	5	6	2	2	3	6	3	4	1	3	1	4	3	2	2	1	3	2	1	3	3	4	3	2	1	8	3	5	4	15	15	7	51	75	37	23	15	11	4	4	6	7	4	5	7	17	4	10	8	17
0	0	0	1	2	1	1	6	4	8	5	4	5	6	5	6	7	9	4	5	7	9	12	8	3	5	6	6	8	8	22	42	22	20	6	8	19	24	6	6	5	6	7	8	10	12	25	37	61	16	13	9	9	17	13	14	18	27	0	38	8	3	5	12	40	44	8	5	3	3	9	9	14	12	7	5	9	3	9	10	2	4	7	3	2	3	3	5	2	5	4	6	7	2	6	6	2	3	4	6	12	4	9	21	35	17	18	46	27	11	13	8	10	4	5	9	10	8	3	17	18	21	9	11	26
0	0	0	2	5	0	4	2	4	2	4	3	5	1	8	5	2	4	4	5	0	12	2	6	3	6	3	10	8	14	10	16	16	5	2	8	9	7	11	3	7	2	11	6	7	9	53	207	38	12	6	2	8	6	4	2	8	9	38	0	13	7	11	21	25	9	5	5	1	2	3	3	7	6	6	10	13	8	5	14	13	8	5	4	8	6	6	5	8	3	5	3	7	8	7	4	2	4	10	12	22	28	9	67	65	21	21	20	9	9	4	6	8	6	7	16	17	5	7	15	20	12	10	16	17
0	0	0	2	2	2	1	1	3	3	7	5	3	7	9	9	3	2	8	5	4	2	7	9	8	5	4	6	6	10	18	6	9	6	10	5	0	7	2	3	3	2	7	3	9	9	11	19	7	3	2	1	2	6	4	3	4	6	8	13	0	74	25	28	15	1	2	0	2	1	2	0	6	8	13	7	14	13	31	28	17	10	6	4	4	9	11	35	65	26	28	25	22	17	16	18	22	29	20	27	26	68	143	43	18	14	6	4	3	5	2	7	4	5	4	9	12	8	3	4	14	5	8	5	2
0	0	0	3	3	2	3	0	7	2	4	4	6	5	10	10	4	0	3	2	6	6	6	7	4	9	6	4	7	12	8	5	9	7	4	5	4	7	8	4	0	2	5	3	7	10	7	13	12	3	3	2	3	3	5	3	1	1	3	7	74	0	55	24	9	2	5	1	2	1	0	4	5	6	12	9	8	24	42	34	34	25	8	7	10	20	20	97	47	31	14	16	16	6	10	16	33	81	72	70	13	46	63	17	7	7	5	4	4	1	3	7	4	4	4	3	12	4	6	2	6	1	2	3	4
0	0	0	3	3	3	1	2	0	2	6	8	6	8	14	6	3	1	4	8	2	3	8	4	6	8	3	15	17	23	10	8	9	3	7	3	4	2	9	3	7	7	5	12	32	45	20	12	12	5	6	2	2	5	5	4	3	7	5	11	25	55	0	14	5	1	3	4	1	1	1	7	5	10	15	12	6	7	23	77	373	59	24	22	17	12	22	23	13	14	3	7	10	3	5	9	10	98	59	139	28	41	50	18	13	8	7	3	2	2	2	4	4	2	5	10	7	3	7	3	4	3	5	4	3
0	0	0	2	3	1	3	5	6	4	12	6	8	5	16	17	13	1	7	6	6	14	20	25	28	15	17	11	23	15	19	24	56	23	14	11	16	12	11	9	5	6	12	18	19	23	38	27	34	13	8	7	8	6	8	6	8	3	12	21	28	24	14	0	28	13	4	1	4	1	2	2	12	33	55	49	59	21	63	66	18	15	7	5	11	18	29	15	11	7	5	5	7	14	6	13	11	17	10	48	202	72	19	33	49	33	22	8	13	4	2	7	3	7	10	12	21	16	10	12	11	2	3	7	7
0	0	0	3	4	2	6	3	6	3	5	10	6	5	8	8	10	10	9	11	8	20	30	26	13	5	10	10	17	8	34	51	187	70	24	15	31	33	13	6	6	3	9	5	8	13	38	24	90	22	9	9	4	4	7	14	13	13	40	25	15	9	5	28	0	33	2	3	5	2	8	10	27	24	14	16	22	17	10	13	7	4	3	5	9	13	4	10	6	5	2	8	7	11	4	6	5	7	9	11	42	26	8	11	89	68	54	33	19	7	16	20	12	10	10	16	27	22	11	23	28	9	5	11	11
0	0	0	1	4	3	5	1	3	5	8	4	4	6	5	4	4	3	6	7	2	9	17	12	3	3	5	7	12	5	6	16	29	11	14	15	37	44	10	6	3	5	13	4	4	7	11	12	24	14	10	11	8	13	14	32	73	88	44	9	1	2	1	13	33	0	24	16	11	4	6	20	21	9	1	4	9	10	4	6	3	4	3	4	3	6	1	5	7	2	1	1	2	6	1	4	4	4	2	1	12	9	5	9	18	18	25	116	169	53	17	47	18	7	12	10	10	10	11	18	17	8	12	10	25
0	0	0	1	4	3	2	3	8	6	2	4	1	1	2	3	10	11	5	3	1	8	8	5	2	4	5	1	1	1	3	12	8	5	11	14	11	10	6	4	3	3	7	3	3	4	2	7	3	9	6	12	10	12	8	44	96	40	8	5	2	5	3	4	2	24	0	120	37	19	26	17	4	5	0	1	4	3	7	2	1	0	2	0	3	2	1	5	1	3	2	4	4	2	3	3	0	1	4	2	4	5	2	7	9	5	8	13	50	35	12	15	14	11	7	1	2	4	4	5	9	7	2	2	5
0	0	0	0	2	7	1	1	1	3	4	3	3	3	2	2	5	5	2	5	2	5	6	0	4	4	2	0	0	2	3	4	8	4	4	5	8	5	2	7	4	3	5	4	1	4	2	3	10	5	6	7	6	5	9	25	23	11	5	5	0	1	4	1	3	16	120	0	249	41	84	25	8	3	0	0	2	0	4	3	4	1	2	2	2	0	3	1	0	2	0	1	0	1	2	0	2	3	1	0	3	2	2	2	1	2	3	5	26	18	6	9	1	8	8	6	5	1	5	7	4	5	3	8	8
0	0	0	2	0	4	5	2	3	3	1	5	1	1	2	3	2	4	3	2	2	7	4	4	1	1	3	8	2	1	3	5	3	6	3	7	8	4	4	6	1	2	0	1	2	1	2	3	1	9	5	10	9	7	11	12	21	13	3	1	2	2	1	4	5	11	37	249	0	77	67	22	6	7	3	4	0	0	0	3	2	1	0	1	3	0	1	1	0	1	0	0	2	3	1	2	2	0	0	1	2	4	2	2	2	2	3	10	10	11	6	7	8	6	5	3	2	0	2	8	4	4	4	6	8
0	0	0	1	5	3	4	4	3	7	3	3	5	0	3	4	7	4	2	1	3	1	1	2	2	1	4	5	0	3	4	4	3	7	3	3	4	2	2	9	2	1	3	0	2	1	3	1	4	3	2	10	2	3	9	13	5	8	3	2	1	1	1	1	2	4	19	41	77	0	50	11	8	0	0	1	1	2	2	2	4	2	2	1	0	0	0	2	0	0	0	2	1	2	0	3	0	0	2	0	2	1	0	1	5	2	1	5	13	12	4	2	2	0	3	1	5	1	2	3	4	3	1	3	5
0	0	0	2	4	4	5	3	3	6	3	4	3	2	3	7	5	3	10	1	3	3	5	7	3	2	7	6	4	4	2	6	5	9	4	4	12	9	6	6	3	4	3	6	0	1	2	0	9	7	6	19	12	10	19	24	18	14	9	3	2	0	1	2	8	6	26	84	67	50	0	46	9	5	1	2	4	5	1	0	2	1	1	4	3	1	2	2	1	3	2	0	3	1	2	0	1	3	0	3	2	3	2	3	2	2	5	5	10	7	7	9	4	4	5	3	1	4	4	3	3	2	3	3	4
0	0	0	6	4	6	8	3	8	9	8	3	2	1	3	7	4	6	13	5	5	11	12	4	6	7	5	8	6	4	6	9	6	6	1	6	19	16	11	10	5	5	10	2	5	1	7	5	5	11	21	46	24	13	52	221	43	19	9	3	0	4	7	2	10	20	17	25	22	11	46	0	21	9	4	7	5	1	3	4	1	2	2	2	2	3	0	4	0	3	2	3	2	2	1	2	1	2	1	3	4	4	6	1	5	5	2	11	14	9	6	11	12	5	4	5	2	2	3	6	5	2	1	3	3
0	0	0	6	6	1	12	7	13	24	29	17	12	10	11	10	24	17	12	9	10	24	90	25	6	6	14	25	24	11	20	45	45	22	13	11	40	267	75	28	6	12	11	17	15	8	16	12	27	64	47	26	28	27	46	40	21	10	14	7	6	5	5	12	27	21	4	8	6	8	9	21	0	44	8	12	7	2	3	13	6	6	3	5	6	8	8	3	3	4	1	3	2	3	3	3	3	5	5	7	13	8	5	9	8	16	7	10	22	12	7	24	8	7	8	6	1	7	11	9	7	6	6	4	5
0	0	0	6	7	9	13	11	21	10	45	22	11	15	19	58	33	16	12	11	23	37	72	100	39	23	29	63	71	19	26	36	82	16	8	8	25	45	69	19	13	13	18	31	13	21	18	9	38	59	20	7	9	13	15	15	8	7	12	6	8	6	10	33	24	9	5	3	7	0	5	9	44	0	36	22	19	12	11	16	9	11	8	10	10	14	20	7	4	4	2	3	3	13	7	5	4	6	5	13	17	16	7	9	20	15	4	10	11	11	3	10	4	7	7	9	9	20	8	14	7	3	3	5	8
0	0	0	7	6	3	3	4	6	8	13	12	4	7	21	30	23	6	14	16	22	14	17	59	94	48	32	28	23	6	14	9	26	22	13	6	9	12	12	9	4	9	7	11	17	10	12	13	14	14	7	5	5	2	7	8	7	3	7	6	13	12	15	55	14	1	0	0	3	0	1	4	8	36	0	110	57	41	74	29	18	9	6	4	16	34	57	25	10	8	6	9	9	12	14	22	22	12	16	17	26	24	6	13	11	12	8	9	7	4	6	8	2	3	5	9	12	26	14	16	5	6	4	7	2
0	0	0	4	2	4	4	5	8	13	9	11	6	2	14	22	12	8	20	29	32	19	10	48	39	33	19	18	7	5	4	10	23	30	24	9	11	9	7	6	4	7	6	9	2	7	13	6	10	7	7	1	3	7	8	5	4	5	5	10	7	9	12	49	16	4	1	0	4	1	2	7	12	22	110	0	106	45	39	10	6	7	5	4	9	21	19	19	10	6	4	12	11	21	15	19	19	5	8	18	13	9	10	8	25	23	14	10	9	4	4	14	10	8	7	21	23	69	29	19	7	6	3	7	2
0	0	0	6	1	5	4	1	7	9	9	8	4	4	6	12	14	12	11	14	22	9	15	29	20	16	15	7	7	9	9	9	20	35	21	9	11	9	10	4	3	5	5	4	5	11	17	10	19	6	3	7	4	8	6	5	7	6	9	13	14	8	6	59	22	9	4	2	0	1	4	5	7	19	57	106	0	45	59	19	5	7	8	4	7	11	16	22	11	9	5	12	14	40	20	14	34	3	12	16	16	23	19	17	20	37	18	10	5	2	8	11	5	11	8	18	60	104	40	25	13	6	4	9	8
0	0	0	1	4	2	5	2	7	4	7	3	6	10	9	16	6	4	8	14	16	5	9	11	27	19	12	9	12	8	6	10	14	8	8	8	4	6	5	2	4	4	1	11	9	7	5	7	8	5	5	3	4	2	2	5	4	2	3	8	13	24	7	21	17	10	3	0	0	2	5	1	2	12	41	45	45	0	131	31	9	4	5	3	4	15	36	61	27	8	7	10	15	34	32	52	104	14	16	18	17	13	19	9	9	12	4	9	5	3	2	6	4	6	7	9	25	31	15	8	4	5	2	3	3
0	0	0	3	5	4	1	7	3	5	5	11	3	4	10	9	11	3	6	17	4	11	8	23	25	13	13	11	10	12	16	7	8	16	8	7	9	5	7	2	5	5	10	9	13	9	9	14	10	5	5	4	5	6	2	7	3	2	9	5	31	42	23	63	10	4	7	4	0	2	1	3	3	11	74	39	59	131	0	57	8	10	5	14	9	18	57	141	29	9	14	8	13	25	25	37	78	21	31	40	42	40	15	15	13	11	6	6	6	4	4	6	3	5	8	11	16	29	8	8	6	5	5	6	7
0	0	0	5	3	7	4	4	5	3	9	3	14	12	21	16	4	6	3	6	10	9	7	12	18	11	12	19	21	31	22	16	24	10	3	3	6	10	12	10	5	6	8	17	23	44	29	8	18	14	5	6	4	5	5	2	5	3	10	14	28	34	77	66	13	6	2	3	3	2	0	4	13	16	29	10	19	31	57	0	51	22	17	12	28	28	43	51	17	12	5	9	3	11	6	11	19	29	48	257	128	141	45	24	10	13	10	9	3	6	0	4	7	4	4	2	18	17	8	7	6	7	4	8	4
0	0	0	2	4	1	2	3	5	3	1	4	7	5	13	7	2	6	3	4	1	6	5	3	9	8	7	8	16	49	19	10	8	8	7	3	1	6	5	4	6	11	20	24	43	59	30	14	13	12	10	2	7	5	7	3	2	6	2	13	17	34	373	18	7	3	1	4	2	4	2	1	6	9	18	6	5	9	8	51	0	100	55	30	35	18	24	12	13	9	2	7	3	4	4	6	7	63	42	75	22	33	31	10	10	4	4	3	0	4	1	4	2	4	2	2	8	7	4	4	1	4	2	6	4
0	0	0	5	5	6	4	0	3	7	6	8	15	5	16	9	6	2	2	3	6	4	5	6	7	7	7	14	8	19	11	9	7	6	1	2	5	5	6	3	12	6	17	27	40	28	5	6	14	7	2	5	2	4	4	6	1	3	4	8	10	25	59	15	4	4	0	1	1	2	1	2	6	11	9	7	7	4	10	22	100	0	119	72	45	26	14	15	9	3	4	5	3	6	6	6	10	65	42	47	14	16	19	4	11	6	3	2	3	4	4	8	2	2	1	5	3	3	0	2	2	1	0	3	4
0	0	0	8	6	2	2	1	4	7	5	3	14	12	5	7	5	1	2	5	4	0	1	6	7	3	3	7	15	20	10	12	5	3	3	1	1	5	3	7	5	15	11	17	28	14	6	2	6	4	6	4	6	7	3	3	5	4	7	5	6	8	24	7	3	3	2	2	0	2	1	2	3	8	6	5	8	5	5	17	55	119	0	66	23	9	4	7	4	7	3	2	1	2	2	4	6	19	15	14	9	10	7	9	4	4	2	5	3	2	0	6	3	2	1	1	4	6	2	2	3	2	1	2	3
0	0	0	5	4	3	3	7	3	3	10	14	33	37	33	8	4	5	4	2	3	2	8	9	14	10	7	23	25	39	14	4	5	6	1	3	3	3	8	12	21	13	18	38	55	16	9	6	8	11	6	4	5	4	4	6	2	1	3	4	4	7	22	5	5	4	0	2	1	1	4	2	5	10	4	4	4	3	14	12	30	72	66	0	94	18	13	5	5	4	4	4	2	4	5	2	4	12	20	26	7	24	9	9	6	1	3	2	1	4	1	3	2	2	0	3	1	5	3	7	3	3	0	3	4
0	0	0	5	4	5	4	8	4	7	10	13	30	46	90	21	6	3	2	4	9	5	5	8	18	13	20	24	29	28	8	10	10	3	6	3	1	9	5	5	7	20	22	34	61	14	14	4	13	13	6	3	9	7	6	5	3	3	2	8	4	10	17	11	9	3	3	2	3	0	3	2	6	10	16	9	7	4	9	28	35	45	23	94	0	100	29	14	6	6	2	4	3	1	8	10	16	14	27	45	13	8	15	7	7	3	10	9	1	1	3	2	1	4	0	6	3	7	2	2	6	3	1	1	2
0	0	0	5	7	3	3	6	7	4	15	13	13	27	71	23	14	6	5	8	13	8	7	23	58	32	31	23	26	24	12	8	13	8	8	6	5	4	6	3	13	10	5	19	35	20	5	6	3	11	9	4	2	5	1	3	3	1	3	6	9	20	12	18	13	6	2	0	0	0	1	3	8	14	34	21	11	15	18	28	18	26	9	18	100	0	186	33	5	9	2	6	5	7	8	12	21	25	36	48	14	14	9	8	11	5	3	9	1	3	2	3	6	4	2	5	5	10	10	7	6	1	2	0	2
0	0	0	2	4	3	2	3	3	10	9	5	7	11	20	22	10	2	7	7	8	12	4	16	28	31	17	12	15	13	8	5	9	5	5	3	6	5	8	6	7	9	4	13	11	13	8	4	10	9	5	2	1	2	2	3	3	4	3	6	11	20	22	29	4	1	1	3	1	0	2	0	8	20	57	19	16	36	57	43	24	14	4	13	29	186	0	82	11	11	6	9	10	12	19	10	43	26	66	59	18	13	7	6	3	7	3	4	6	4	1	4	2	3	2	4	7	10	5	5	2	4	5	2	1
0	0	0	3	2	2	1	4	6	4	5	6	6	9	8	6	2	7	5	7	6	3	7	13	16	11	11	5	10	11	10	5	9	11	6	6	3	3	6	3	6	9	11	12	12	12	14	7	11	7	3	1	4	2	2	1	3	3	5	5	35	97	23	15	10	5	5	1	1	2	2	4	3	7	25	19	22	61	141	51	12	15	7	5	14	33	82	0	49	22	14	10	18	16	22	35	252	30	65	49	18	29	19	7	8	8	2	3	3	3	5	1	1	1	7	3	9	9	8	5	4	2	2	4	4
0	0	0	1	2	1	2	2	2	1	5	7	2	5	6	4	3	3	6	4	8	3	2	1	6	4	6	2	3	9	7	3	3	0	4	2	4	5	3	2	0	0	6	3	7	8	9	6	8	3	2	1	3	2	3	3	1	2	2	8	65	47	13	11	6	7	1	0	0	0	1	0	3	4	10	10	11	27	29	17	13	9	4	5	6	5	11	49	0	159	61	51	44	20	41	50	31	17	22	14	6	20	25	9	8	11	7	3	1	2	1	1	3	5	3	7	8	9	9	6	4	5	4	1	3
0	0	0	0	2	2	3	0	2	1	0	2	0	6	4	3	3	2	3	5	6	4	1	1	7	3	3	3	2	7	4	1	2	4	1	3	5	4	3	1	1	0	1	2	5	4	1	6	1	4	1	2	3	1	4	0	0	2	5	3	26	31	14	7	5	2	3	2	1	0	3	3	4	4	8	6	9	8	9	12	9	3	7	4	6	9	11	22	159	0	83	36	14	9	19	26	19	17	20	12	3	16	22	12	9	5	2	3	1	2	1	3	3	3	2	5	6	8	3	4	8	4	2	1	2
0	0	0	1	2	1	1	2	0	1	2	1	2	1	1	3	1	3	2	4	3	0	2	5	5	3	0	1	1	1	3	2	5	2	5	0	1	2	1	2	4	4	1	1	7	4	5	5	2	4	0	2	1	1	1	4	6	1	4	5	28	14	3	5	2	1	2	0	0	0	2	2	1	2	6	4	5	7	14	5	2	4	3	4	2	2	6	14	61	83	0	96	36	5	31	24	11	12	8	8	7	8	12	7	5	3	4	2	3	2	0	1	0	4	4	5	9	8	10	6	8	8	5	4	3
0	0	0	2	1	0	2	2	2	0	0	4	2	0	3	4	1	0	6	2	1	5	4	5	3	3	3	5	1	4	2	5	4	5	4	6	6	4	3	5	1	5	1	2	4	6	6	3	4	2	4	0	1	2	4	1	3	3	6	3	25	16	7	5	8	1	4	1	0	2	0	3	3	3	9	12	12	10	8	9	7	5	2	4	4	6	9	10	51	36	96	0	119	19	21	20	10	11	5	6	11	10	15	18	4	6	8	2	1	6	4	2	5	4	5	11	7	12	8	7	6	8	4	8	3
0	0	0	1	0	0	1	2	2	1	2	3	2	2	3	2	0	1	4	2	7	3	7	8	4	1	4	3	2	2	5	2	7	8	7	3	2	2	4	1	3	1	5	4	2	8	8	1	3	1	1	1	5	4	0	3	4	2	7	7	22	16	10	7	7	2	4	0	2	1	3	2	2	3	9	11	14	15	13	3	3	3	1	2	3	5	10	18	44	14	36	119	0	63	78	39	11	10	4	9	10	12	16	10	15	5	7	2	1	1	2	4	2	10	5	20	16	13	10	13	4	4	10	11	9
0	0	0	1	0	1	2	2	2	5	3	2	1	2	2	5	2	7	4	7	4	3	7	6	10	2	1	8	2	4	2	1	9	13	14	4	7	3	5	4	1	1	4	5	3	4	6	5	6	6	1	2	1	1	2	2	1	1	2	8	17	6	3	14	11	6	2	1	3	2	1	2	3	13	12	21	40	34	25	11	4	6	2	4	1	7	12	16	20	9	5	19	63	0	96	42	19	4	5	8	11	16	6	15	16	20	21	4	4	5	4	4	11	6	10	27	54	30	22	8	5	8	5	15	4
0	0	0	1	0	0	0	1	2	3	2	4	5	3	6	5	3	6	11	8	4	4	5	4	7	6	1	5	5	1	2	1	4	9	7	5	3	3	7	4	1	1	3	2	4	7	4	2	1	4	5	3	1	1	2	3	0	3	6	7	16	10	5	6	4	1	3	2	1	0	2	1	3	7	14	15	20	32	25	6	4	6	2	5	8	8	19	22	41	19	31	21	78	96	0	208	31	6	10	4	9	13	10	7	8	12	2	7	8	1	3	2	3	9	3	13	13	18	7	9	11	7	8	7	3
0	0	0	3	1	0	1	1	2	3	4	6	3	1	5	7	6	7	4	6	4	5	10	6	5	10	7	2	9	6	5	4	6	5	3	4	4	4	1	3	3	2	3	3	4	3	4	4	4	2	1	2	2	1	2	1	1	3	6	4	18	16	9	13	6	4	3	0	2	3	0	2	3	5	22	19	14	52	37	11	6	6	4	2	10	12	10	35	50	26	24	20	39	42	208	0	78	8	11	17	8	7	7	8	7	9	8	3	4	3	2	4	3	4	5	10	13	18	7	2	3	0	2	8	4
0	0	0	2	4	2	4	4	4	8	7	6	3	8	9	8	4	6	3	6	9	6	9	11	11	17	5	2	8	8	8	5	2	5	8	7	3	4	6	4	3	4	5	7	9	4	8	5	4	2	5	2	2	2	4	2	4	4	2	2	22	33	10	11	5	4	0	2	2	0	1	1	3	4	22	19	34	104	78	19	7	10	6	4	16	21	43	252	31	19	11	10	11	19	31	78	0	18	36	16	10	13	14	7	8	10	5	4	5	2	2	4	4	3	3	7	10	8	4	5	3	2	6	4	4
0	0	0	5	2	0	3	3	3	0	4	7	5	5	5	7	5	4	6	7	6	1	3	4	1	6	2	6	10	13	8	12	9	6	2	0	3	3	4	4	8	4	9	14	16	17	11	8	7	6	1	0	1	7	2	1	3	3	3	4	29	81	98	17	7	4	1	3	0	0	3	2	5	6	12	5	3	14	21	29	63	65	19	12	14	25	26	30	17	17	12	11	10	4	6	8	18	0	91	49	13	18	29	8	8	5	3	1	1	2	0	1	4	0	5	5	6	5	2	3	2	3	2	1	4
0	0	0	5	1	2	3	6	1	5	9	4	5	7	18	9	2	2	4	6	4	8	7	6	16	11	10	15	7	18	8	6	3	7	5	2	2	3	7	1	2	3	6	13	15	12	10	8	3	8	4	2	3	4	2	4	3	2	4	10	20	72	59	10	9	2	4	1	0	2	0	1	5	5	16	8	12	16	31	48	42	42	15	20	27	36	66	65	22	20	8	5	4	5	10	11	36	91	0	93	15	27	12	13	6	4	2	2	1	2	1	3	3	4	4	4	3	15	4	8	2	2	5	2	2
0	0	0	2	5	3	5	4	2	4	8	4	9	17	26	9	6	2	4	6	13	2	4	8	19	12	14	19	22	29	9	17	13	7	0	2	4	9	11	5	4	7	12	18	36	34	16	6	12	5	6	5	7	8	4	5	4	1	6	12	27	70	139	48	11	1	2	0	1	0	3	3	7	13	17	18	16	18	40	257	75	47	14	26	45	48	59	49	14	12	8	6	9	8	4	17	16	49	93	0	41	76	26	16	11	9	3	2	2	1	3	8	4	1	6	6	9	5	9	4	4	4	4	2	0
0	0	0	4	4	4	6	4	3	5	6	5	7	4	16	12	4	9	6	6	10	9	13	14	17	12	6	20	27	23	35	29	34	20	10	8	15	8	14	7	7	5	16	16	12	39	90	30	45	18	6	4	9	10	9	6	1	8	12	22	26	13	28	202	42	12	4	3	2	2	2	4	13	17	26	13	16	17	42	128	22	14	9	7	13	14	18	18	6	3	7	11	10	11	9	8	10	13	15	41	0	175	32	43	37	32	15	8	10	8	1	8	5	10	7	10	17	12	7	6	9	3	4	4	4
0	0	0	0	4	1	4	4	3	7	6	10	5	7	9	8	5	1	1	6	8	7	12	16	15	9	13	7	11	19	19	17	19	17	6	7	8	4	9	11	6	7	17	8	15	38	58	22	24	14	4	2	6	5	3	6	5	3	4	28	68	46	41	72	26	9	5	2	4	1	3	4	8	16	24	9	23	13	40	141	33	16	10	24	8	14	13	29	20	16	8	10	12	16	13	7	13	18	27	76	175	0	107	77	38	17	12	17	3	5	3	8	6	3	4	12	12	14	6	3	11	4	8	6	5
0	0	0	0	2	1	4	2	1	3	7	2	4	5	3	6	3	4	5	6	3	5	4	11	9	4	4	3	6	16	13	16	13	5	8	3	4	4	4	1	8	8	6	7	12	12	25	23	16	8	2	4	4	3	6	0	3	5	9	9	143	63	50	19	8	5	2	2	2	0	2	6	5	7	6	10	19	19	15	45	31	19	7	9	15	9	7	19	25	22	12	15	16	6	10	7	14	29	12	26	32	107	0	96	29	10	4	3	3	6	1	5	3	1	6	5	10	6	3	4	6	4	4	7	5
0	0	0	1	3	3	2	0	4	7	3	1	9	4	7	5	4	3	5	4	3	7	5	3	7	6	0	9	17	10	13	11	13	5	5	3	4	7	6	2	1	8	9	8	9	15	53	65	18	13	1	5	4	5	7	2	4	4	21	67	43	17	18	33	11	9	7	2	2	1	3	1	9	9	13	8	17	9	15	24	10	4	9	9	7	8	6	7	9	12	7	18	10	15	7	8	7	8	13	16	43	77	96	0	65	23	16	7	10	6	6	5	3	6	9	14	19	4	6	7	14	9	10	8	8
0	0	0	1	3	1	1	2	3	6	4	4	6	6	5	7	3	9	5	8	4	6	5	12	7	10	5	4	5	18	21	13	36	25	16	13	16	17	4	3	5	5	6	10	7	17	28	41	28	10	6	3	5	7	7	8	8	15	35	65	18	7	13	49	89	18	9	1	2	5	2	5	8	20	11	25	20	9	13	10	10	11	4	6	7	11	3	8	8	9	5	4	15	16	8	7	8	8	6	11	37	38	29	65	0	186	62	30	6	14	6	8	15	7	14	46	49	6	12	29	47	20	19	27	18
0	0	0	1	0	4	0	4	4	3	6	3	4	6	2	6	4	8	6	8	6	10	19	15	7	4	3	6	7	14	16	14	33	54	20	16	17	17	9	1	5	5	5	13	5	7	21	20	32	6	5	2	3	3	3	10	11	15	17	21	14	7	8	33	68	18	5	2	2	2	2	5	16	15	12	23	37	12	11	13	4	6	4	1	3	5	7	8	11	5	3	6	5	20	12	9	10	5	4	9	32	17	10	23	186	0	210	35	13	11	10	17	15	10	20	106	97	27	23	71	76	19	11	36	16
0	0	0	2	6	1	2	3	4	6	7	7	3	3	4	6	5	10	8	10	5	13	4	11	4	6	6	6	4	9	6	14	28	37	20	25	22	13	4	7	3	5	3	8	4	6	16	15	30	11	6	2	4	9	5	4	6	7	18	21	6	5	7	22	54	25	8	3	3	1	5	2	7	4	8	14	18	4	6	10	4	3	2	3	10	3	3	2	7	2	4	8	7	21	2	8	5	3	2	3	15	12	4	16	62	210	0	76	12	16	29	16	21	25	36	75	51	11	31	81	136	25	24	54	26
0	0	0	2	6	3	4	2	2	5	4	3	10	0	4	4	5	6	8	5	5	10	11	7	5	4	8	6	7	9	9	20	27	30	12	18	36	27	9	9	3	5	7	1	3	4	17	9	32	8	2	5	5	11	11	11	24	51	46	20	4	4	3	8	33	116	13	5	10	5	5	11	10	10	9	10	10	9	6	9	3	2	5	2	9	9	4	3	3	3	2	2	2	4	7	3	4	1	2	2	8	17	3	7	30	35	76	0	72	27	36	34	25	7	18	20	14	4	10	20	62	24	11	20	40
0	0	0	2	5	1	1	3	8	6	6	2	1	5	1	11	3	10	9	7	4	7	21	8	5	3	2	5	5	3	8	15	17	10	5	20	47	27	7	6	3	4	6	3	5	5	13	8	12	10	8	15	12	6	20	33	83	75	27	9	3	4	2	13	19	169	50	26	10	13	10	14	22	11	7	9	5	5	6	3	0	3	3	1	1	1	6	3	1	1	3	1	1	4	8	4	5	1	1	2	10	3	3	10	6	13	12	72	0	240	48	67	24	13	13	5	9	2	8	16	17	9	7	17	22
0	0	0	3	2	5	2	5	2	4	4	3	1	3	0	5	4	13	4	5	3	14	18	4	1	1	2	2	4	2	3	7	10	10	8	21	29	18	6	2	2	3	3	7	1	3	4	6	7	4	1	7	3	5	12	21	33	37	11	9	5	1	2	4	7	53	35	18	11	12	7	9	12	11	4	4	2	3	4	6	4	4	2	4	1	3	4	3	2	2	2	6	1	5	1	3	2	2	2	1	8	5	6	6	14	11	16	27	240	0	98	61	61	18	21	9	6	3	10	16	10	12	7	9	25
0	0	0	1	1	1	1	3	3	5	5	4	5	6	3	1	6	7	7	10	5	6	9	7	7	3	5	1	3	4	10	4	10	20	25	38	28	16	7	8	2	2	3	2	2	4	5	9	9	5	5	6	6	5	11	12	14	23	13	4	2	3	2	2	16	17	12	6	6	4	7	6	7	3	6	4	8	2	4	0	1	4	0	1	3	2	1	5	1	1	0	4	2	4	3	2	2	0	1	3	1	3	1	6	6	10	29	36	48	98	0	46	116	41	53	11	9	5	7	27	18	7	15	15	13
0	0	0	2	5	4	2	3	12	9	8	6	6	5	5	6	11	19	21	19	13	20	39	17	8	5	10	4	3	2	8	14	24	38	50	65	244	34	7	7	3	5	6	5	4	2	10	8	16	8	7	8	5	9	11	15	23	15	8	6	7	7	4	7	20	47	15	9	7	2	9	11	24	10	8	14	11	6	6	4	4	8	6	3	2	3	4	1	1	3	1	2	4	4	2	4	4	1	3	8	8	8	5	5	8	17	16	34	67	61	46	0	57	34	31	14	20	8	21	22	16	7	5	10	11
0	0	0	1	2	1	6	2	10	7	7	1	5	4	1	2	8	17	10	9	9	7	13	9	6	0	6	5	6	2	4	8	12	15	33	61	19	17	3	5	0	3	2	4	5	3	6	5	9	7	4	7	6	4	7	12	6	11	10	8	4	4	4	3	12	18	14	1	8	2	4	12	8	4	2	10	5	4	3	7	2	2	3	2	1	6	2	1	3	3	0	5	2	11	3	3	4	4	3	4	5	6	3	3	15	15	21	25	24	61	116	57	0	127	78	11	13	13	10	44	8	13	8	13	14
0	0	0	2	4	7	3	5	2	4	3	3	1	3	4	5	14	9	8	18	12	10	6	11	2	5	3	4	2	2	7	8	9	27	40	70	12	1	2	1	4	0	1	1	2	1	8	0	1	5	2	1	2	2	10	8	8	4	4	6	5	4	2	7	10	7	11	8	6	0	4	5	7	7	3	8	11	6	5	4	4	2	2	2	4	4	3	1	5	3	4	4	10	6	9	4	3	0	4	1	10	3	1	6	7	10	25	7	13	18	41	34	127	0	145	16	17	13	31	61	12	11	8	12	9
0	0	0	0	3	2	4	3	3	4	2	1	0	2	2	2	9	10	6	17	7	9	11	9	4	5	3	4	2	0	3	4	12	23	26	43	16	12	4	2	4	3	2	4	1	2	6	10	6	6	1	4	0	3	4	7	2	4	5	7	4	4	5	10	10	12	7	8	5	3	5	4	8	7	5	7	8	7	8	4	2	1	1	0	0	2	2	7	3	2	4	5	5	10	3	5	3	5	4	6	7	4	6	9	14	20	36	18	13	21	53	31	78	145	0	17	26	17	20	100	30	15	16	27	22
0	0	0	1	2	2	2	2	5	3	1	1	0	5	1	3	9	8	4	4	6	5	8	10	1	2	0	1	4	4	4	13	20	19	12	21	7	11	1	1	1	3	1	5	7	3	16	13	13	3	3	2	6	4	4	2	8	6	9	16	9	3	10	12	16	10	1	6	3	1	3	5	6	9	9	21	18	9	11	2	2	5	1	3	6	5	4	3	7	5	5	11	20	27	13	10	7	5	4	6	10	12	5	14	46	106	75	20	5	9	11	14	11	16	17	0	103	28	28	53	54	18	20	41	13
0	0	0	2	4	3	3	1	1	3	2	6	2	2	3	6	6	10	4	10	8	10	6	10	13	10	8	5	5	7	6	9	13	40	23	16	18	5	9	3	1	4	6	8	2	6	6	7	14	5	3	7	5	5	5	3	2	7	10	17	12	12	7	21	27	10	2	5	2	5	1	2	1	9	12	23	60	25	16	18	8	3	4	1	3	5	7	9	8	6	9	7	16	54	13	13	10	6	3	9	17	12	10	19	49	97	51	14	9	6	9	20	13	17	26	103	0	72	47	51	23	10	15	17	10
0	0	0	1	4	2	4	4	1	4	5	5	5	4	8	12	12	15	18	25	14	19	8	17	9	12	5	6	6	1	8	6	14	49	38	18	25	5	6	6	2	2	6	9	5	7	3	2	9	6	4	2	5	2	4	4	7	4	8	5	8	4	3	16	22	10	4	1	0	1	4	2	7	20	26	69	104	31	29	17	7	3	6	5	7	10	10	9	9	8	8	12	13	30	18	18	8	5	15	5	12	14	6	4	6	27	11	4	2	3	5	8	13	13	17	28	72	0	143	35	10	9	1	7	3
0	0	0	4	3	3	2	4	2	8	0	7	2	4	3	6	5	11	16	27	14	9	9	14	9	4	9	4	7	2	4	3	20	39	59	43	14	7	7	4	3	3	2	3	4	2	8	4	10	4	6	1	0	1	3	2	3	5	3	7	3	6	7	10	11	11	4	5	2	2	4	3	11	8	14	29	40	15	8	8	4	0	2	3	2	10	5	8	9	3	10	8	10	22	7	7	4	2	4	9	7	6	3	6	12	23	31	10	8	10	7	21	10	31	20	28	47	143	0	56	6	14	5	13	5
0	0	0	3	1	0	3	1	4	1	5	3	1	4	5	8	5	14	7	17	8	8	7	11	5	5	4	8	5	5	8	12	16	64	59	62	21	11	8	2	3	4	5	4	2	1	5	7	13	3	3	2	6	4	3	5	9	7	17	15	4	2	3	12	23	18	5	7	8	3	3	6	9	14	16	19	25	8	8	7	4	2	2	7	2	7	5	5	6	4	6	7	13	8	9	2	5	3	8	4	6	3	4	7	29	71	81	20	16	16	27	22	44	61	100	53	51	35	56	0	19	17	15	29	17
0	0	0	2	2	3	0	2	3	7	0	0	2	0	3	3	5	9	6	3	5	5	6	10	2	4	3	3	7	7	6	9	22	18	13	17	10	11	4	2	1	0	4	4	2	3	10	19	12	1	3	6	3	12	7	6	9	17	18	20	14	6	4	11	28	17	9	4	4	4	3	5	7	7	5	7	13	4	6	6	1	2	3	3	6	6	2	4	4	8	8	6	4	5	11	3	3	2	2	4	9	11	6	14	47	76	136	62	17	10	18	16	8	12	30	54	23	10	6	19	0	89	58	164	62
0	0	0	0	1	1	2	2	0	4	4	3	1	2	3	4	6	1	4	3	5	5	4	6	2	3	2	1	4	0	4	6	8	9	9	8	15	7	2	4	1	1	3	1	3	3	4	6	12	2	3	3	3	4	1	4	7	4	21	12	5	1	3	2	9	8	7	5	4	3	2	2	6	3	6	6	6	5	5	7	4	1	2	3	3	1	4	2	5	4	8	8	4	8	7	0	2	3	2	4	3	4	4	9	20	19	25	24	9	12	7	7	13	11	15	18	10	9	14	17	89	0	760	180	72
0	0	0	1	1	1	1	1	2	4	1	2	2	0	8	2	4	2	3	2	2	1	5	5	1	3	1	2	1	0	6	12	4	6	3	16	6	4	1	6	1	0	6	2	3	7	3	9	8	3	0	9	2	2	2	6	5	10	9	10	8	2	5	3	5	12	2	3	4	1	3	1	6	3	4	3	4	2	5	4	2	0	1	0	1	2	5	2	4	2	5	4	10	5	8	2	6	2	5	4	4	8	4	10	19	11	24	11	7	7	15	5	8	8	16	20	15	1	5	15	58	760	0	122	71
0	0	0	1	0	0	3	1	1	3	4	1	1	1	4	6	1	6	8	10	4	7	3	7	6	2	2	4	2	3	2	4	7	11	6	18	3	8	3	4	2	2	2	0	2	2	8	8	11	2	2	1	3	0	4	3	5	8	11	16	5	3	4	7	11	10	2	8	6	3	3	3	4	5	7	7	9	3	6	8	6	3	2	3	1	0	2	4	1	1	4	8	11	15	7	8	4	1	2	2	4	6	7	8	27	36	54	20	17	9	15	10	13	12	27	41	17	7	13	29	164	180	122	0	70
0	0	0	1	2	1	3	1	1	4	2	2	3	3	5	4	2	6	4	6	2	5	9	4	4	1	2	0	2	1	5	5	5	8	10	11	12	10	5	2	3	1	4	3	1	10	2	7	9	2	5	3	4	7	2	7	9	17	26	17	2	4	3	7	11	25	5	8	8	5	4	3	5	8	2	2	8	3	7	4	4	4	3	4	2	2	1	4	3	2	3	3	9	4	3	4	4	4	2	0	4	5	5	8	18	16	26	40	22	25	13	11	14	9	22	13	10	3	5	17	62	72	71	70	0
