0	0	0	0	0	0	0	0	0	0	0	0	0	0	0	0	0	0	0	0	0	0	0	0	0	0	0	0	0	0	0	0	0	0	0	0	0	0	0	0	0	0	0	0	0	0	0	0	0	0	0	0	0	0	0	0	0	0	0	0	0	0	0	0	0	0	0	0	0	0	0	0	0	0	0	0	0	0	0	0	0	0	0	0	0	0	0	0	0	0	0	0	0	0	0	0	0	0	0	0	0	0	0	0	0	0	0	0	0	0	0	0	0	0	0	0	0	0	0	0	0	0	0	0	0	0	0	0	0	0	0	0	0	0	0	0	0	0	0	0	0	0	0	0	0	0	0	0	0	0	0	0	0	0
0	0	0	0	0	0	0	0	0	0	0	0	0	0	0	0	0	0	0	0	0	0	0	0	0	0	0	0	0	0	0	0	0	0	0	0	0	0	0	0	0	0	0	0	0	0	0	0	0	0	0	0	0	0	0	0	0	0	0	0	0	0	0	0	0	0	0	0	0	0	0	0	0	0	0	0	0	0	0	0	0	0	0	0	0	0	0	0	0	0	0	0	0	0	0	0	0	0	0	0	0	0	0	0	0	0	0	0	0	0	0	0	0	0	0	0	0	0	0	0	0	0	0	0	0	0	0	0	0	0	0	0	0	0	0	0	0	0	0	0	0	0	0	0	0	0	0	0	0	0	0	0	0	0
0	0	0	0	0	0	0	0	0	0	0	0	0	0	0	0	0	0	0	0	0	0	0	0	0	0	0	0	0	0	0	0	0	0	0	0	0	0	0	0	0	0	0	0	0	0	0	0	0	0	0	0	0	0	0	0	0	0	0	0	0	0	0	0	0	0	0	0	0	0	0	0	0	0	0	0	0	0	0	0	0	0	0	0	0	0	0	0	0	0	0	0	0	0	0	0	0	0	0	0	0	0	0	0	0	0	0	0	0	0	0	0	0	0	0	0	0	0	0	0	0	0	0	0	0	0	0	0	0	0	0	0	0	0	0	0	0	0	0	0	0	0	0	0	0	0	0	0	0	0	0	0	0	0
0	0	0	0	0	0	0	0	0	0	0	0	0	0	0	0	0	0	0	0	0	0	0	0	0	0	0	0	0	0	0	0	0	0	0	0	0	0	0	0	0	0	0	0	0	0	0	0	0	0	0	0	0	0	0	0	0	0	0	0	0	0	0	0	0	0	0	0	0	0	0	0	0	0	0	0	0	0	0	0	0	0	0	0	0	0	0	0	0	0	0	0	0	0	0	0	0	0	0	0	0	0	0	0	0	0	0	0	0	0	0	0	0	0	0	0	0	0	0	0	0	0	0	0	0	0	0	0	0	0	0	0	0	0	0	0	0	0	0	0	0	0	0	0	0	0	0	0	0	0	0	0	0	0
0	0	0	0	0	0	0	0	0	0	0	0	0	0	0	0	0	0	0	0	0	0	0	0	0	0	0	0	0	0	0	0	0	0	0	0	0	0	0	0	0	0	0	0	0	0	0	0	0	0	0	0	0	0	0	0	0	0	0	0	0	0	0	0	0	0	0	0	0	0	0	0	0	0	0	0	0	0	0	0	0	0	0	0	0	0	0	0	0	0	0	0	0	0	0	0	0	0	0	0	0	0	0	0	0	0	0	0	0	0	0	0	0	0	0	0	0	0	0	0	0	0	0	0	0	0	0	0	0	0	0	0	0	0	0	0	0	0	0	0	0	0	0	0	0	0	0	0	0	0	0	0	0	0
0	0	0	0	0	0	0	0	0	0	0	0	0	0	0	0	0	0	0	0	0	0	0	0	0	0	0	0	0	0	0	0	0	0	0	0	0	0	0	0	0	0	0	0	0	0	0	0	0	0	0	0	0	0	0	0	0	0	0	0	0	0	0	0	0	0	0	0	0	0	0	0	0	0	0	0	0	0	0	0	0	0	0	0	0	0	0	0	0	0	0	0	0	0	0	0	0	0	0	0	0	0	0	0	0	0	0	0	0	0	0	0	0	0	0	0	0	0	0	0	0	0	0	0	0	0	0	0	0	0	0	0	0	0	0	0	0	0	0	0	0	0	0	0	0	0	0	0	0	0	0	0	0	0
0	0	0	0	0	0	0	0	0	0	0	0	0	0	0	0	0	0	0	0	0	0	0	0	0	0	0	0	0	0	0	0	0	0	0	0	0	0	0	0	0	0	0	0	0	0	0	0	0	0	0	0	0	0	0	0	0	0	0	0	0	0	0	0	0	0	0	0	0	0	0	0	0	0	0	0	0	0	0	0	0	0	0	0	0	0	0	0	0	0	0	0	0	0	0	0	0	0	0	0	0	0	0	0	0	0	0	0	0	0	0	0	0	0	0	0	0	0	0	0	0	0	0	0	0	0	0	0	0	0	0	0	0	0	0	0	0	0	0	0	0	0	0	0	0	0	0	0	0	0	0	0	0	0
0	0	0	0	0	0	0	0	16	4	0	1	2	0	0	2	0	0	1	2	6	3	1	1	1	0	1	1	0	0	0	2	2	3	2	0	1	2	2	4	5	1	0	1	0	0	0	0	1	1	0	0	0	0	0	0	0	0	1	0	0	1	1	1	0	1	0	1	1	1	2	1	0	0	1	0	1	0	2	0	0	0	0	1	3	1	2	0	1	0	2	1	0	0	0	0	0	0	1	0	1	0	2	0	0	2	1	0	0	0	1	0	0	0	0	1	0	0	0	0	0	2	1	0	0	0	0	0	0	1	0	0	0	1	1	0	0	0	0	0	2	0	0	1	0	0	2	0	0	0	0	0	0	0
0	0	0	0	0	0	0	16	0	14	4	3	0	2	0	0	3	0	3	4	10	2	2	0	1	1	1	1	2	7	8	8	6	2	2	2	2	3	7	3	5	2	1	0	1	1	0	0	0	1	0	0	0	0	0	0	0	1	0	2	1	1	2	1	0	2	6	2	0	2	0	0	1	1	3	1	0	3	0	0	3	2	0	0	2	1	0	1	0	1	1	1	4	2	1	0	0	0	1	1	0	1	1	0	1	1	1	1	0	0	0	0	0	1	0	1	1	0	0	0	0	0	0	0	1	1	0	0	0	0	0	0	0	1	1	0	0	0	0	1	0	0	1	1	1	0	0	0	0	0	0	1	0	0
0	0	0	0	0	0	0	4	14	0	18	3	3	2	5	6	3	4	5	4	8	7	0	0	0	3	1	1	2	8	13	5	1	2	1	3	0	0	5	4	3	3	0	0	1	0	0	0	0	1	0	0	1	1	0	0	1	0	1	2	2	0	0	1	1	2	1	1	1	3	3	0	3	1	0	0	2	0	4	1	1	2	2	1	2	4	2	0	1	0	0	3	1	0	0	1	1	1	2	0	1	0	2	0	0	0	0	0	0	1	0	0	1	1	3	1	2	1	2	2	1	1	0	1	0	0	0	0	1	1	1	0	1	0	1	1	0	0	1	0	0	0	0	0	0	1	0	0	0	0	0	0	0	0
0	0	0	0	0	0	0	0	4	18	0	4	6	3	8	5	1	3	7	4	3	0	2	0	1	2	1	3	6	9	14	2	5	7	2	3	6	4	5	2	3	0	0	0	0	0	0	0	0	0	0	0	0	0	0	0	2	0	0	0	3	2	3	0	1	2	2	1	0	1	1	0	0	0	2	0	0	0	2	0	2	2	0	2	2	7	6	3	0	0	1	2	1	0	0	1	3	0	1	1	1	0	0	2	0	1	1	1	1	0	0	0	1	0	2	1	3	4	1	2	1	0	0	1	0	1	0	0	0	0	0	0	0	0	1	0	0	0	0	0	0	0	0	3	1	0	0	1	0	0	0	0	0	1
0	0	0	0	0	0	0	1	3	3	4	0	43	4	2	3	0	5	1	1	1	1	1	0	0	3	1	3	1	0	2	1	1	2	2	3	4	2	1	1	2	0	3	1	0	1	0	0	0	1	0	1	0	0	1	1	0	0	0	0	0	1	0	0	1	1	2	4	3	0	2	0	0	0	0	0	0	1	1	0	1	1	0	3	2	4	2	1	1	0	0	1	0	2	0	2	2	0	2	0	0	0	1	4	1	1	0	3	0	1	0	0	1	0	2	4	5	5	2	0	0	1	0	0	1	0	1	0	1	0	1	0	0	1	0	1	0	0	2	1	0	0	1	1	0	1	0	1	0	0	0	1	1	0
0	0	0	0	0	0	0	2	0	3	6	43	0	8	4	3	4	1	4	3	0	2	1	1	0	1	2	3	4	1	3	2	0	3	1	5	3	0	0	3	0	0	1	1	0	1	0	0	0	0	0	0	1	0	0	0	0	0	0	2	0	0	2	1	0	1	1	1	0	2	0	4	3	1	1	0	0	1	0	0	0	0	2	4	3	7	3	3	1	0	0	2	2	1	0	0	0	0	0	1	0	0	1	0	0	0	0	0	1	0	3	0	2	4	2	6	19	14	1	1	1	0	0	0	0	1	0	0	0	0	1	0	1	1	2	1	1	0	0	0	1	0	0	2	1	2	0	2	1	0	1	1	0	0
0	0	0	0	0	0	0	0	2	2	3	4	8	0	17	7	7	7	11	8	2	0	4	0	0	0	3	7	4	10	5	1	1	6	0	1	2	1	4	4	1	0	1	2	0	1	0	0	1	0	0	0	0	0	1	0	0	0	1	1	0	0	1	2	1	2	3	1	2	2	4	4	2	1	0	0	0	0	1	1	2	1	1	1	2	6	2	2	1	2	1	1	3	1	0	0	1	1	0	0	1	1	0	0	0	2	0	5	0	0	0	0	1	1	5	4	9	4	4	1	2	0	2	1	0	0	0	0	0	2	1	0	0	0	1	0	2	0	0	0	0	1	0	3	1	1	0	0	0	0	1	0	0	1
0	0	0	0	0	0	0	0	0	5	8	2	4	17	0	28	18	25	9	6	5	0	2	1	1	4	6	6	8	6	5	0	0	1	2	1	1	2	1	1	1	2	0	0	2	0	0	0	0	0	0	0	0	0	0	0	0	0	1	3	1	0	1	2	1	2	3	3	5	2	1	5	1	1	1	2	0	1	0	0	0	4	2	1	1	1	3	3	2	0	0	0	0	0	1	0	0	1	0	1	1	1	0	0	0	1	1	1	0	2	0	0	3	1	4	2	5	3	0	3	0	0	0	0	1	0	1	1	0	1	0	0	0	0	0	1	0	0	0	0	0	0	0	0	0	0	1	0	1	0	0	0	0	0
0	0	0	0	0	0	0	2	0	6	5	3	3	7	28	0	95	15	9	1	4	2	1	2	2	5	12	10	5	1	1	1	1	1	1	1	1	1	3	0	1	2	2	1	0	1	0	0	0	0	0	0	0	1	2	1	0	0	0	1	1	2	0	3	1	0	3	2	7	3	1	7	0	1	1	3	5	1	1	0	1	1	2	1	1	2	1	0	1	0	2	0	0	1	0	0	0	1	1	0	0	0	0	1	2	1	1	0	1	1	0	0	2	0	1	3	0	1	0	0	0	0	0	1	0	0	0	0	0	1	1	0	0	1	0	0	1	0	0	1	0	0	0	1	0	0	0	0	0	0	0	0	0	0
0	0	0	0	0	0	0	0	3	3	1	0	4	7	18	95	0	25	6	2	3	1	2	0	1	4	5	6	2	3	1	2	1	4	0	3	1	1	4	0	0	2	0	1	0	1	0	0	0	1	0	0	0	0	0	0	0	0	0	0	0	0	0	0	0	0	4	0	3	1	0	3	3	1	0	0	1	2	0	0	1	3	2	0	0	0	0	0	1	0	1	1	0	2	0	1	0	1	1	0	0	2	0	0	1	1	0	1	0	0	2	1	0	1	0	0	0	0	3	0	0	0	1	0	0	1	0	0	0	1	0	0	1	0	0	0	0	0	0	1	0	1	1	1	0	0	0	1	0	0	0	0	1	0
0	0	0	0	0	0	0	0	0	4	3	5	1	7	25	15	25	0	12	10	3	1	3	1	2	5	4	4	1	5	3	1	1	1	0	0	1	0	1	0	1	0	2	0	0	1	0	0	0	0	0	1	0	0	2	0	0	0	0	2	1	1	0	1	2	2	1	0	6	0	2	1	3	0	1	1	0	1	1	1	0	1	3	1	1	1	1	1	0	0	1	0	1	1	0	1	1	0	1	0	1	0	0	1	0	0	0	0	2	1	0	1	1	2	1	2	2	0	1	1	1	0	0	0	1	0	0	0	0	1	0	0	1	0	1	0	1	1	1	0	0	0	0	0	0	0	0	0	0	1	0	0	0	0
0	0	0	0	0	0	0	1	3	5	7	1	4	11	9	9	6	12	0	23	7	4	4	0	0	7	9	4	6	7	4	2	0	1	1	0	2	2	2	1	3	0	2	1	0	1	0	1	0	0	0	0	0	0	0	0	0	1	1	0	0	1	2	2	0	2	1	8	10	4	1	3	3	1	0	0	1	1	1	0	2	3	3	1	2	3	0	1	0	1	0	0	2	0	2	0	1	1	1	0	1	1	0	0	1	1	1	0	1	2	1	0	2	2	1	1	0	0	0	0	0	0	3	1	0	1	0	0	0	0	0	0	0	3	0	0	0	0	0	0	0	0	0	0	1	0	0	0	0	0	0	1	0	1
0	0	0	0	0	0	0	2	4	4	4	1	3	8	6	1	2	10	23	0	22	7	7	2	0	9	5	6	10	7	9	3	0	0	2	0	3	2	2	5	5	1	2	0	1	0	0	0	0	0	0	0	0	0	0	0	0	0	0	1	3	1	4	3	1	1	12	5	5	0	2	5	8	2	3	0	1	0	3	1	0	7	2	3	0	3	0	0	0	2	1	0	0	0	1	0	1	1	0	1	1	1	0	1	0	0	0	0	1	1	1	1	0	1	0	1	3	0	1	1	1	0	0	0	0	0	0	0	0	0	0	1	2	2	1	0	0	0	0	0	1	1	0	0	0	0	0	0	0	0	0	0	0	0
0	0	0	0	0	0	0	6	10	8	3	1	0	2	5	4	3	3	7	22	0	46	9	4	2	2	6	3	6	3	8	2	0	3	1	0	2	2	0	3	3	1	2	2	0	1	0	0	0	1	0	0	0	0	0	0	0	2	1	1	0	1	3	1	1	1	5	4	7	0	2	1	5	1	1	1	5	1	1	0	2	1	0	3	0	2	0	1	2	2	2	0	0	1	0	1	1	0	1	1	0	2	0	0	0	0	1	2	2	1	0	1	1	1	0	0	1	0	2	1	0	0	0	0	0	0	0	1	0	0	0	0	0	0	1	1	0	0	0	0	1	0	0	0	1	0	0	0	0	0	1	0	1	0
0	0	0	0	0	0	0	3	2	7	0	1	2	0	0	2	1	1	4	7	46	0	18	3	1	3	6	0	4	1	5	0	1	0	2	2	2	2	0	3	3	1	1	1	0	0	0	0	0	0	0	0	0	0	0	0	0	0	0	0	2	1	0	1	2	4	8	5	4	0	2	4	1	4	2	3	3	0	2	1	4	3	3	3	2	0	0	1	0	3	1	1	0	1	0	0	2	0	0	0	0	1	0	1	0	1	0	0	0	1	2	0	0	3	1	1	0	0	0	0	0	0	1	0	0	0	0	0	0	0	1	0	0	0	1	0	0	0	0	0	0	2	0	0	0	0	0	0	1	0	0	0	0	1
0	0	0	0	0	0	0	1	2	0	2	1	1	4	2	1	2	3	4	7	9	18	0	10	4	6	4	3	3	0	4	2	0	0	0	1	0	1	2	1	1	0	0	0	0	0	0	1	0	0	0	0	0	1	1	0	0	1	1	1	0	1	2	3	5	10	5	1	6	6	4	7	11	6	2	0	0	4	0	1	1	1	1	0	0	0	1	0	1	0	1	2	0	0	0	0	1	0	0	1	0	0	0	0	0	1	0	0	0	1	0	2	1	2	0	2	1	0	0	0	0	0	0	1	0	0	0	0	0	0	0	0	0	0	0	1	1	0	0	0	1	0	0	0	0	0	0	0	0	0	0	0	0	0
0	0	0	0	0	0	0	1	0	0	0	0	1	0	1	2	0	1	0	2	4	3	10	0	41	5	3	0	1	1	1	0	0	0	0	0	0	2	1	0	1	0	0	1	0	0	0	0	0	1	0	0	0	0	0	0	0	0	0	0	0	1	2	5	5	3	2	3	4	2	1	2	5	2	5	0	1	1	1	1	1	1	3	0	0	0	1	0	0	0	1	0	0	1	0	0	0	0	1	0	2	0	1	0	1	0	0	2	1	2	0	1	1	1	0	0	1	0	0	0	0	1	0	0	0	0	0	0	0	0	0	0	0	0	0	0	0	0	0	0	0	1	1	0	0	0	0	0	0	0	0	0	0	0
0	0	0	0	0	0	0	1	1	0	1	0	0	0	1	2	1	2	0	0	2	1	4	41	0	9	2	1	0	1	1	1	2	0	0	1	0	0	0	1	1	2	1	0	0	0	1	0	1	0	0	0	0	1	0	0	0	1	0	1	0	2	1	3	2	1	2	0	2	2	0	3	4	1	3	2	0	0	0	2	0	0	0	2	0	0	0	0	0	0	1	0	2	0	0	0	0	0	0	0	0	0	0	0	0	0	1	1	1	0	0	0	0	2	1	1	1	0	0	0	0	0	0	0	0	0	0	0	0	0	0	0	0	0	0	0	0	0	1	0	0	1	0	0	0	1	0	0	0	0	0	0	2	0
0	0	0	0	0	0	0	0	1	3	2	3	1	0	4	5	4	5	7	9	2	3	6	5	9	0	7	6	1	3	3	0	1	1	0	0	1	0	0	1	3	3	0	0	0	0	0	0	1	0	0	0	0	0	0	0	2	0	0	0	1	2	3	4	0	1	0	3	9	5	6	15	15	3	3	1	2	2	1	1	3	3	1	1	1	0	1	0	0	0	1	0	0	0	0	1	0	1	0	1	0	1	0	0	0	0	0	0	0	0	0	1	0	0	0	0	1	1	0	0	0	1	0	1	0	1	0	0	0	0	0	0	0	0	1	1	0	0	0	0	0	0	0	0	1	0	0	0	1	0	1	0	0	0
0	0	0	0	0	0	0	1	1	1	1	1	2	3	6	12	5	4	9	5	6	6	4	3	2	7	0	9	1	3	4	0	0	3	2	2	0	2	2	2	2	1	2	0	0	1	1	0	0	0	0	0	0	1	0	1	0	0	1	5	0	0	1	2	2	5	2	2	19	10	6	25	6	4	2	0	2	2	2	2	1	2	2	3	2	3	0	2	0	1	0	0	1	1	0	0	0	0	0	0	0	0	1	1	0	0	0	0	1	1	0	3	1	1	3	2	2	2	1	0	0	2	0	0	0	0	0	0	0	1	0	0	0	1	0	0	0	1	0	0	0	0	0	0	1	1	0	0	1	0	0	0	0	0
0	0	0	0	0	0	0	1	1	1	3	3	3	7	6	10	6	4	4	6	3	0	3	0	1	6	9	0	15	5	3	0	1	2	1	3	0	0	1	0	1	0	0	1	0	0	0	0	0	0	1	0	0	0	1	1	1	1	1	0	4	4	1	0	0	2	3	4	13	4	13	6	6	3	1	0	1	0	2	0	0	1	3	1	3	5	1	0	0	2	2	2	0	0	0	2	2	1	1	3	0	1	0	0	1	1	1	2	2	2	0	2	0	6	4	6	5	0	2	1	0	1	0	0	0	0	0	1	0	0	0	1	0	0	0	0	0	0	0	0	0	0	0	0	0	1	0	0	0	0	0	2	1	0
0	0	0	0	0	0	0	0	2	2	6	1	4	4	8	5	2	1	6	10	6	4	3	1	0	1	1	15	0	15	3	2	0	2	3	1	3	1	3	0	3	3	1	0	0	0	0	1	0	0	0	1	0	0	0	0	0	0	0	4	1	3	6	7	1	4	7	10	11	5	5	5	5	2	4	5	4	1	2	2	5	4	2	6	11	4	4	6	3	1	0	0	1	0	2	2	1	0	1	0	1	1	0	3	1	1	3	2	2	1	1	1	2	2	2	10	6	3	1	2	0	0	0	0	1	0	0	0	0	0	0	0	1	1	1	3	1	1	0	0	0	0	0	0	0	1	1	0	0	1	0	1	0	0
0	0	0	0	0	0	0	0	7	8	9	0	1	10	6	1	3	5	7	7	3	1	0	1	1	3	3	5	15	0	11	1	1	5	3	1	3	3	6	4	10	3	1	0	0	0	1	0	0	0	1	1	1	0	1	0	0	0	1	0	1	0	3	2	0	5	8	8	10	4	1	3	4	1	1	1	1	4	2	5	2	4	2	8	6	4	3	2	1	1	1	3	2	2	2	2	0	0	0	0	1	0	1	0	1	1	0	1	3	0	0	3	1	3	3	3	2	1	0	0	0	0	0	2	1	2	0	0	0	1	0	0	0	0	0	2	0	0	0	0	2	1	1	0	0	1	0	0	0	1	0	0	0	1
0	0	0	0	0	0	0	0	8	13	14	2	3	5	5	1	1	3	4	9	8	5	4	1	1	3	4	3	3	11	0	11	6	5	0	2	5	6	10	2	8	1	1	0	0	0	1	0	1	0	0	0	0	1	0	0	0	0	0	1	0	3	0	0	1	1	2	7	4	0	1	1	1	1	0	1	0	0	0	0	1	3	0	0	3	4	3	0	1	2	1	1	2	3	3	0	1	1	1	0	1	0	0	1	0	1	0	1	2	3	0	2	0	0	1	3	2	4	0	0	0	0	1	1	0	0	0	0	0	1	0	0	2	0	0	1	0	0	0	1	1	0	0	3	0	1	0	0	0	1	0	0	0	0
0	0	0	0	0	0	0	2	8	5	2	1	2	1	0	1	2	1	2	3	2	0	2	0	1	0	0	0	2	1	11	0	11	6	5	1	4	4	8	2	3	1	0	0	0	1	0	0	0	0	1	0	0	0	0	1	0	0	1	0	0	0	0	1	1	0	2	1	0	2	0	2	1	0	0	0	0	0	0	0	0	1	0	1	1	3	0	1	0	0	1	0	1	0	0	1	2	0	0	0	1	2	1	0	1	0	0	2	0	0	1	0	0	0	0	1	2	0	0	2	0	0	0	0	0	0	0	0	1	0	0	0	0	0	1	0	1	0	0	0	0	0	1	1	0	0	0	0	0	1	0	0	0	0
0	0	0	0	0	0	0	2	6	1	5	1	0	1	0	1	1	1	0	0	0	1	0	0	2	1	0	1	0	1	6	11	0	13	4	6	6	3	2	1	1	5	1	0	0	1	1	0	0	0	0	0	1	0	0	0	0	0	0	0	0	1	0	0	1	0	0	1	0	0	3	0	0	0	0	0	1	0	0	0	0	1	0	1	5	0	3	2	0	1	0	0	1	2	0	1	0	0	0	0	1	1	1	0	1	1	4	1	1	1	0	1	1	2	1	2	1	2	1	1	0	1	1	0	1	0	0	0	1	0	1	0	0	0	1	0	0	0	2	0	1	0	2	0	0	0	0	0	0	0	0	1	1	0
0	0	0	0	0	0	0	3	2	2	7	2	3	6	1	1	4	1	1	0	3	0	0	0	0	1	3	2	2	5	5	6	13	0	10	43	7	7	3	3	4	3	1	0	1	0	0	0	0	0	0	0	0	0	0	0	0	3	1	0	1	0	0	0	1	0	0	1	0	0	2	3	0	0	1	0	0	0	0	0	1	1	0	4	3	12	2	2	1	2	0	1	4	0	1	0	0	0	0	1	3	3	1	0	4	2	2	3	1	1	2	3	0	1	1	1	6	4	1	0	0	0	0	0	0	0	0	0	2	1	0	0	1	1	3	0	2	0	1	0	0	0	3	1	0	0	1	0	0	2	1	2	1	1
0	0	0	0	0	0	0	2	2	1	2	2	1	0	2	1	0	0	1	2	1	2	0	0	0	0	2	1	3	3	0	5	4	10	0	12	11	1	3	2	2	2	0	0	0	1	1	1	0	0	0	0	0	1	1	0	0	0	1	0	0	0	0	0	0	1	0	1	0	0	1	1	2	1	0	0	1	0	0	0	1	0	1	0	5	4	3	3	2	2	0	1	1	3	1	0	0	1	2	0	2	1	3	4	2	5	4	4	1	2	0	2	0	0	3	2	0	2	3	2	0	1	1	2	3	0	0	0	0	0	0	1	0	1	3	2	0	0	1	0	1	2	3	2	1	4	3	0	1	1	0	0	1	5
0	0	0	0	0	0	0	0	2	3	3	3	5	1	1	1	3	0	0	0	0	2	1	0	1	0	2	3	1	1	2	1	6	43	12	0	22	5	3	1	1	2	1	0	0	0	0	0	0	1	0	0	0	0	0	0	0	0	0	0	1	1	1	1	0	0	1	1	1	0	1	0	1	0	0	0	0	2	1	0	0	1	2	0	4	7	2	2	1	0	0	2	2	0	1	0	1	0	2	0	1	1	3	4	1	5	2	3	1	1	0	1	0	1	1	1	3	6	8	2	0	2	0	1	0	0	1	0	2	2	1	0	0	1	2	1	0	1	0	0	1	1	1	0	2	1	0	1	1	0	0	0	3	0
0	0	0	0	0	0	0	1	2	0	6	4	3	2	1	1	1	1	2	3	2	2	0	0	0	1	0	0	3	3	5	4	6	7	11	22	0	10	7	2	4	2	3	1	0	0	2	0	0	0	0	0	0	1	1	1	0	1	0	0	1	2	2	0	0	0	2	2	0	1	0	1	1	0	0	0	0	0	3	2	6	2	3	6	11	13	7	2	0	1	3	10	4	1	1	1	0	1	1	0	1	3	5	1	7	1	2	4	4	2	4	3	0	1	1	4	1	4	2	3	0	1	0	0	1	0	0	0	0	0	1	0	0	3	1	0	0	0	1	0	0	0	3	4	3	0	0	1	1	0	1	1	0	0
0	0	0	0	0	0	0	2	3	0	4	2	0	1	2	1	1	0	2	2	2	2	1	2	0	0	2	0	1	3	6	4	3	7	1	5	10	0	39	11	24	12	4	0	0	2	2	1	0	1	0	0	0	1	0	0	0	0	2	1	1	0	2	1	2	0	2	2	0	3	0	3	1	0	1	1	0	3	2	3	0	3	4	3	4	6	6	2	4	5	3	4	1	4	1	1	1	0	0	1	2	4	4	5	3	1	2	0	4	0	0	2	3	0	0	1	0	0	2	0	1	3	0	1	1	1	0	1	0	1	0	0	0	0	1	1	0	1	0	0	0	0	0	0	1	0	1	1	1	1	0	0	0	1
0	0	0	0	0	0	0	2	7	5	5	1	0	4	1	3	4	1	2	2	0	0	2	1	0	0	2	1	3	6	10	8	2	3	3	3	7	39	0	31	42	4	2	1	0	0	0	1	0	1	0	1	1	1	0	0	1	2	1	0	1	2	3	1	1	0	5	1	1	0	0	2	1	0	1	1	1	1	1	1	6	5	2	1	2	1	2	2	1	1	1	4	2	1	1	0	0	0	2	1	2	5	1	4	0	1	1	4	0	1	1	0	1	0	1	1	3	0	1	1	0	0	0	0	0	1	2	1	0	0	0	0	1	0	0	0	1	0	0	0	0	0	1	0	0	0	0	0	0	0	0	0	1	0
0	0	0	0	0	0	0	4	3	4	2	1	3	4	1	0	0	0	1	5	3	3	1	0	1	1	2	0	0	4	2	2	1	3	2	1	2	11	31	0	15	8	0	2	0	0	1	0	0	0	0	1	0	0	1	0	1	2	0	0	1	4	1	2	1	3	3	0	1	3	2	0	1	1	0	1	3	3	3	2	2	1	4	1	0	2	3	4	0	5	3	1	5	0	0	1	1	0	1	2	0	3	1	1	1	0	0	0	0	1	0	2	3	2	3	0	0	1	0	1	0	0	0	1	0	1	0	1	0	1	0	0	0	1	0	0	0	0	0	0	0	0	0	0	2	2	1	1	0	1	0	0	0	1
0	0	0	0	0	0	0	5	5	3	3	2	0	1	1	1	0	1	3	5	3	3	1	1	1	3	2	1	3	10	8	3	1	4	2	1	4	24	42	15	0	9	1	1	0	1	0	1	0	2	0	0	0	0	0	1	1	0	0	1	1	6	0	1	3	0	5	4	4	0	1	0	4	0	1	1	1	3	2	3	3	10	9	5	5	4	3	4	3	4	3	2	1	1	1	1	0	0	1	0	1	5	4	3	1	2	3	1	3	1	3	0	4	2	0	0	3	0	0	0	1	0	1	0	0	0	0	0	0	0	0	0	0	0	1	0	0	0	0	0	0	0	1	0	1	1	1	0	1	0	0	0	0	1
0	0	0	0	0	0	0	1	2	3	0	0	0	0	2	2	2	0	0	1	1	1	0	0	2	3	1	0	3	3	1	1	5	3	2	2	2	12	4	8	9	0	6	2	1	0	0	0	4	1	1	1	1	0	0	1	0	0	2	1	2	7	2	0	1	4	3	1	0	2	1	1	3	1	4	1	0	0	2	3	3	4	12	14	10	8	15	29	11	5	5	10	6	5	1	0	5	0	1	2	6	7	1	2	3	3	2	2	2	3	3	1	3	6	2	4	0	1	0	2	1	0	1	0	0	0	1	0	0	1	0	1	0	0	1	0	0	0	0	0	1	1	2	1	1	0	1	0	1	0	0	0	1	0
0	0	0	0	0	0	0	0	1	0	0	3	1	1	0	2	0	2	2	2	2	1	0	0	1	0	2	0	1	1	1	0	1	1	0	1	3	4	2	0	1	6	0	4	0	0	1	4	0	1	0	0	0	2	1	1	4	2	1	2	3	2	3	1	1	1	3	1	2	1	2	0	0	0	0	0	1	0	2	0	0	5	2	2	5	2	19	15	3	1	6	16	24	17	8	16	3	10	10	7	8	3	8	3	9	4	3	2	6	5	3	9	9	1	1	6	1	2	0	0	1	0	0	0	0	0	2	0	0	0	0	3	1	0	1	3	0	0	0	0	0	0	0	2	1	1	0	0	1	1	1	0	1	0
0	0	0	0	0	0	0	1	0	0	0	1	1	2	0	1	1	0	1	0	2	1	0	1	0	0	0	1	0	0	0	0	0	0	0	0	1	0	1	2	1	2	4	0	9	3	5	7	4	7	3	1	2	2	4	2	0	4	0	1	1	0	2	0	0	2	1	1	0	0	1	1	0	0	0	0	0	0	1	0	1	0	1	1	3	0	3	3	0	0	0	3	3	0	3	8	7	4	2	4	1	1	3	1	1	2	3	2	1	5	2	5	1	0	1	2	0	1	2	0	0	2	2	1	0	0	1	1	0	1	0	1	2	0	3	4	0	0	0	1	2	3	0	3	3	1	0	0	0	2	2	1	1	1
0	0	0	0	0	0	0	0	1	1	0	0	0	0	2	0	0	0	0	1	0	0	0	0	0	0	0	0	0	0	0	0	0	1	0	0	0	0	0	0	0	1	0	9	0	18	15	20	14	1	1	1	1	1	1	0	0	1	0	0	1	0	1	0	0	1	0	0	1	0	0	0	0	0	0	0	0	0	0	0	0	0	0	0	0	0	1	0	0	0	1	1	1	2	3	2	4	2	2	0	2	1	1	0	1	1	1	1	4	1	1	3	0	1	1	2	0	0	0	2	0	1	0	0	0	0	1	0	2	0	0	1	1	1	0	1	1	0	1	0	0	1	1	1	0	0	0	2	0	4	2	0	0	4
0	0	0	0	0	0	0	0	1	0	0	1	1	1	0	1	1	1	1	0	1	0	0	0	0	0	1	0	0	0	0	1	1	0	1	0	0	2	0	0	1	0	0	3	18	0	223	8	10	4	1	3	2	1	0	0	0	2	0	4	1	0	0	0	0	1	0	0	0	0	0	0	0	0	0	1	0	0	0	0	0	1	1	0	1	0	0	2	0	0	0	0	0	0	0	1	1	0	0	1	1	0	1	0	0	0	0	0	3	0	0	2	0	1	1	0	1	0	0	0	1	0	0	1	0	0	0	2	0	0	1	0	3	1	0	0	1	1	0	0	0	2	0	0	1	2	0	0	0	1	4	2	0	4
0	0	0	0	0	0	0	0	0	0	0	0	0	0	0	0	0	0	0	0	0	0	0	0	1	0	1	0	0	1	1	0	1	0	1	0	2	2	0	1	0	0	1	5	15	223	0	21	6	1	0	1	1	4	1	1	0	1	0	0	0	0	0	0	0	0	0	0	0	0	1	0	0	0	0	0	0	0	0	0	2	0	1	0	0	0	1	0	0	0	0	0	1	0	0	2	4	2	0	1	1	0	0	0	0	0	1	1	1	0	0	1	0	2	3	0	1	1	2	1	1	0	0	0	1	1	0	1	0	0	0	1	2	0	0	0	1	0	0	0	0	0	3	0	1	0	0	0	2	0	0	1	0	2
0	0	0	0	0	0	0	0	0	0	0	0	0	0	0	0	0	0	1	0	0	0	1	0	0	0	0	0	1	0	0	0	0	0	1	0	0	1	1	0	1	0	4	7	20	8	21	0	25	7	4	1	2	9	2	4	1	0	0	1	0	0	0	0	1	0	0	1	1	0	1	0	0	0	0	1	0	0	1	1	0	1	1	2	0	0	1	0	1	0	0	1	1	1	2	0	2	1	3	1	2	0	1	0	0	2	0	1	0	1	1	1	1	2	1	1	0	0	0	0	0	0	2	1	2	1	1	0	1	0	0	0	1	3	0	0	0	1	1	0	1	1	0	0	0	1	2	0	0	0	2	4	0	2
0	0	0	0	0	0	0	1	0	0	0	0	0	1	0	0	0	0	0	0	0	0	0	0	1	1	0	0	0	0	1	0	0	0	0	0	0	0	0	0	0	4	0	4	14	10	6	25	0	5	1	3	4	2	2	1	2	2	0	0	1	0	1	0	0	0	0	0	0	0	1	1	0	1	1	0	0	0	0	0	0	1	1	0	1	0	1	2	0	1	0	2	0	0	1	1	4	2	3	6	0	1	1	0	0	0	2	0	0	1	1	3	0	0	1	2	0	0	0	0	0	0	1	0	0	1	0	0	0	0	0	0	0	2	1	0	0	0	1	0	2	1	1	0	0	0	1	2	2	1	0	1	0	1
0	0	0	0	0	0	0	1	1	1	0	1	0	0	0	0	1	0	0	0	1	0	0	1	0	0	0	0	0	0	0	0	0	0	0	1	0	1	1	0	2	1	1	7	1	4	1	7	5	0	5	7	7	20	4	1	2	4	4	0	1	1	0	0	0	0	0	1	1	0	2	0	1	0	1	0	0	2	1	1	1	1	0	0	1	0	0	1	2	0	1	0	2	0	2	2	4	1	1	3	0	0	0	0	0	0	0	1	0	0	1	0	1	1	1	0	0	0	0	2	3	0	1	0	1	0	0	0	0	0	0	0	1	0	1	0	0	0	0	0	0	0	0	0	0	0	1	0	0	0	1	1	2	0
0	0	0	0	0	0	0	0	0	0	0	0	0	0	0	0	0	0	0	0	0	0	0	0	0	0	0	1	0	1	0	1	0	0	0	0	0	0	0	0	0	1	0	3	1	1	0	4	1	5	0	43	14	22	2	4	7	2	1	0	0	0	1	0	1	0	0	0	0	0	0	0	0	0	0	0	0	0	0	0	1	0	0	2	1	0	0	1	0	0	1	1	0	4	0	4	2	2	1	3	0	0	0	2	3	0	0	0	0	2	0	0	0	0	1	0	1	0	0	0	0	0	1	0	0	1	0	0	1	0	0	0	0	0	1	0	0	0	0	0	1	0	0	2	1	0	0	0	0	0	0	1	1	0
0	0	0	0	0	0	0	0	0	0	0	1	0	0	0	0	0	1	0	0	0	0	0	0	0	0	0	0	1	1	0	0	0	0	0	0	0	0	1	1	0	1	0	1	1	3	1	1	3	7	43	0	19	8	7	7	0	7	1	1	1	0	2	0	1	0	0	0	0	0	0	0	0	0	1	1	0	0	1	0	0	1	0	0	0	0	1	0	0	1	1	0	0	0	1	0	0	2	2	3	1	0	2	0	0	0	1	0	1	1	0	0	1	1	1	0	2	0	0	0	0	1	0	0	0	0	0	0	0	0	0	1	0	0	0	0	0	0	0	0	0	0	0	0	0	0	1	0	0	0	2	0	0	1
0	0	0	0	0	0	0	0	0	1	0	0	1	0	0	0	0	0	0	0	0	0	0	0	0	0	0	0	0	1	0	0	1	0	0	0	0	0	1	0	0	1	0	2	1	2	1	2	4	7	14	19	0	26	7	18	4	6	4	0	0	2	1	0	0	0	1	0	0	0	0	0	0	0	0	0	0	0	1	0	1	1	0	0	0	0	0	0	1	1	2	0	3	1	1	0	1	1	2	4	0	1	0	0	0	0	0	1	0	0	1	1	0	0	1	0	0	0	1	0	0	0	0	0	0	0	0	0	1	1	1	1	0	0	0	0	0	1	0	0	0	0	0	0	1	0	0	0	1	0	0	0	0	0
0	0	0	0	0	0	0	0	0	1	0	0	0	0	0	1	0	0	0	0	0	0	1	0	1	0	1	0	0	0	1	0	0	0	1	0	1	1	1	0	0	0	2	2	1	1	4	9	2	20	22	8	26	0	8	6	7	7	1	1	2	2	0	2	0	0	0	0	0	0	0	0	0	1	1	1	0	2	0	0	2	0	1	0	0	0	1	0	1	0	0	1	2	3	1	2	8	1	2	4	1	0	0	0	0	1	1	0	1	1	1	1	0	0	0	1	0	0	0	2	0	1	0	0	1	0	0	0	0	0	0	0	0	1	1	0	1	0	0	1	1	0	0	0	0	0	0	0	0	0	0	0	0	1
0	0	0	0	0	0	0	0	0	0	0	1	0	1	0	2	0	2	0	0	0	0	1	0	0	0	0	1	0	1	0	0	0	0	1	0	1	0	0	1	0	0	1	4	1	0	1	2	2	4	2	7	7	8	0	18	12	72	7	6	2	2	1	0	0	0	0	0	1	0	0	0	0	0	1	1	0	1	0	3	0	0	2	2	0	0	0	0	1	0	2	0	2	1	5	2	2	2	3	4	3	0	4	0	0	1	0	1	1	0	0	0	1	1	1	2	1	0	1	0	0	0	1	0	0	2	1	0	0	1	1	0	0	0	1	0	0	0	0	0	0	1	0	0	0	0	0	0	0	1	0	0	2	0
0	0	0	0	0	0	0	0	0	0	0	1	0	0	0	1	0	0	0	0	0	0	0	0	0	0	1	1	0	0	0	1	0	0	0	0	1	0	0	0	1	1	1	2	0	0	1	4	1	1	4	7	18	6	18	0	20	15	3	3	3	2	1	0	1	0	0	1	0	2	1	1	0	0	0	0	0	0	0	1	3	0	0	0	0	1	1	0	1	1	1	1	1	0	2	3	2	3	2	1	4	0	0	1	0	0	1	0	0	0	0	0	2	0	0	0	0	0	0	0	0	0	1	0	0	1	0	0	0	0	0	0	0	1	0	0	0	0	0	0	0	0	0	0	0	0	0	1	0	0	0	0	0	0
0	0	0	0	0	0	0	0	0	1	2	0	0	0	0	0	0	0	0	0	0	0	0	0	0	2	0	1	0	0	0	0	0	0	0	0	0	0	1	1	1	0	4	0	0	0	0	1	2	2	7	0	4	7	12	20	0	19	1	2	2	0	0	0	1	0	1	0	0	0	0	0	1	0	0	1	0	2	0	0	1	1	2	1	2	0	1	1	1	2	0	0	1	0	4	0	1	1	2	2	1	0	0	0	0	0	0	0	0	1	0	0	0	0	0	0	1	0	0	1	0	0	0	0	0	0	0	0	0	0	0	1	1	0	1	0	1	0	1	1	0	0	0	0	1	0	1	2	0	1	1	0	0	0
0	0	0	0	0	0	0	0	1	0	0	0	0	0	0	0	0	0	1	0	2	0	1	0	1	0	0	1	0	0	0	0	0	3	0	0	1	0	2	2	0	0	2	4	1	2	1	0	2	4	2	7	6	7	72	15	19	0	16	4	4	1	1	0	1	0	0	0	1	0	1	0	0	0	0	0	0	4	0	0	0	0	1	0	0	1	1	0	1	1	0	1	2	4	1	1	0	1	2	7	0	1	0	1	2	1	1	0	0	0	0	3	0	1	0	1	0	0	0	1	0	0	0	0	1	1	1	0	0	0	0	1	1	0	0	1	0	0	1	0	0	0	0	0	0	0	0	2	0	0	0	0	0	0
0	0	0	0	0	0	0	1	0	1	0	0	0	1	1	0	0	0	1	0	1	0	1	0	0	0	1	1	0	1	0	1	0	1	1	0	0	2	1	0	0	2	1	0	0	0	0	0	0	4	1	1	4	1	7	3	1	16	0	50	7	2	3	0	0	0	1	1	3	0	1	0	0	1	1	3	3	3	1	1	1	1	1	3	3	2	0	1	4	2	1	0	2	3	3	10	2	1	3	6	2	0	1	0	1	4	0	0	2	0	0	3	3	3	0	0	0	0	0	0	0	0	0	0	1	0	0	0	0	0	0	0	0	0	1	1	0	1	0	0	1	0	0	0	0	0	0	1	0	1	0	0	0	0
0	0	0	0	0	0	0	0	2	2	0	0	2	1	3	1	0	2	0	1	1	0	1	0	1	0	5	0	4	0	1	0	0	0	0	0	0	1	0	0	1	1	2	1	0	4	0	1	0	0	0	1	0	1	6	3	2	4	50	0	20	0	2	2	1	0	0	0	0	1	0	0	1	2	3	4	0	2	2	0	2	1	4	3	0	4	2	4	4	2	0	2	1	6	8	2	3	0	2	5	5	0	1	2	0	0	0	0	2	1	2	6	7	5	3	1	1	1	2	0	0	0	0	0	1	1	0	1	0	2	1	0	0	1	2	0	0	0	0	0	0	0	2	0	2	0	0	0	0	0	0	0	1	0
0	0	0	0	0	0	0	0	1	2	3	0	0	0	1	1	0	1	0	3	0	2	0	0	0	1	0	4	1	1	0	0	0	1	0	1	1	1	1	1	1	2	3	1	1	1	0	0	1	1	0	1	0	2	2	3	2	4	7	20	0	17	3	1	2	1	2	1	3	2	2	1	1	1	3	3	2	2	4	3	0	2	3	8	6	1	4	0	4	2	4	1	1	4	7	2	0	3	3	5	0	2	0	0	0	2	1	3	1	1	0	5	8	8	4	3	5	0	1	1	1	0	0	1	0	0	0	0	0	0	0	0	0	4	1	0	1	0	0	1	0	0	0	1	0	0	0	1	1	0	0	0	0	1
0	0	0	0	0	0	0	1	1	0	2	1	0	0	0	2	0	1	1	1	1	1	1	1	2	2	0	4	3	0	3	0	1	0	0	1	2	0	2	4	6	7	2	0	0	0	0	0	0	1	0	0	2	2	2	2	0	1	2	0	17	0	16	7	1	4	3	6	4	2	8	1	0	2	2	7	4	4	4	0	1	7	12	6	4	3	1	3	3	2	2	1	0	3	4	0	1	2	1	1	1	0	2	1	1	0	0	1	1	2	2	2	3	6	5	5	0	1	1	0	0	0	0	1	0	0	0	1	0	0	0	1	1	2	0	0	0	1	0	0	0	0	0	0	0	1	0	0	0	0	1	0	0	1
0	0	0	0	0	0	0	1	2	0	3	0	2	1	1	0	0	0	2	4	3	0	2	2	1	3	1	1	6	3	0	0	0	0	0	1	2	2	3	1	0	2	3	2	1	0	0	0	1	0	1	2	1	0	1	1	0	1	3	2	3	16	0	4	2	4	9	8	5	1	8	2	6	8	4	13	18	10	8	1	5	7	14	5	0	1	2	0	3	1	2	1	2	2	1	0	1	2	2	1	1	1	0	1	2	0	2	1	2	0	0	1	2	5	1	2	3	0	0	1	0	0	0	0	1	0	1	0	0	0	0	0	0	0	0	1	2	1	1	0	0	0	0	0	0	0	0	0	1	0	1	0	0	1
0	0	0	0	0	0	0	1	1	1	0	0	1	2	2	3	0	1	2	3	1	1	3	5	3	4	2	0	7	2	0	1	0	0	0	1	0	1	1	2	1	0	1	0	0	0	0	0	0	0	0	0	0	2	0	0	0	0	0	2	1	7	4	0	26	716	11	8	7	2	3	5	6	15	6	5	13	7	4	3	9	5	4	1	0	0	0	0	0	0	1	0	0	2	1	2	0	0	0	1	0	2	0	1	1	1	1	0	0	0	0	1	3	3	1	1	1	1	2	1	0	0	0	0	0	0	0	0	0	0	1	0	0	0	0	0	0	0	0	0	1	0	1	0	0	1	0	1	0	3	0	0	0	0
0	0	0	0	0	0	0	0	0	1	1	1	0	1	1	1	0	2	0	1	1	2	5	5	2	0	2	0	1	0	1	1	1	1	0	0	0	2	1	1	3	1	1	0	0	0	0	1	0	0	1	1	0	0	0	1	1	1	0	1	2	1	2	26	0	23	7	4	3	4	4	2	8	14	13	6	13	5	4	4	3	7	4	1	0	0	2	1	0	2	0	0	0	0	0	0	0	1	0	0	2	1	0	0	0	0	1	1	0	1	0	0	1	1	0	1	1	1	0	0	0	0	0	0	0	0	0	1	0	0	0	1	0	0	0	0	0	0	0	0	1	0	0	0	0	0	1	0	1	0	2	0	0	0
0	0	0	0	0	0	0	1	2	2	2	1	1	2	2	0	0	2	2	1	1	4	10	3	1	1	5	2	4	5	1	0	0	0	1	0	0	0	0	3	0	4	1	2	1	1	0	0	0	0	0	0	0	0	0	0	0	0	0	0	1	4	4	716	23	0	13	11	6	4	5	5	4	4	1	6	10	8	3	4	4	6	3	3	1	0	0	1	4	2	2	2	0	1	0	0	1	0	1	0	0	0	2	1	1	1	0	0	0	0	0	2	0	1	0	0	2	0	1	2	1	0	0	0	0	0	0	0	0	1	0	0	0	0	0	0	0	0	0	0	0	0	0	0	0	0	0	0	1	0	0	0	0	2
0	0	0	0	0	0	0	0	6	1	2	2	1	3	3	3	4	1	1	12	5	8	5	2	2	0	2	3	7	8	2	2	0	0	0	1	2	2	5	3	5	3	3	1	0	0	0	0	0	0	0	0	1	0	0	0	1	0	1	0	2	3	9	11	7	13	0	47	18	4	3	6	9	4	3	2	5	7	2	6	5	18	5	3	4	2	1	2	1	3	2	0	0	1	1	2	0	0	0	2	0	1	0	2	0	1	1	2	1	1	0	1	0	4	2	3	0	1	1	0	0	0	0	0	0	0	0	1	1	0	0	1	0	1	0	0	1	0	0	1	0	0	0	0	0	1	0	0	0	0	0	0	1	1
0	0	0	0	0	0	0	1	2	1	1	4	1	1	3	2	0	0	8	5	4	5	1	3	0	3	2	4	10	8	7	1	1	1	1	1	2	2	1	0	4	1	1	1	0	0	0	1	0	1	0	0	0	0	0	1	0	0	1	0	1	6	8	8	4	11	47	0	39	6	6	8	6	2	4	5	2	3	2	1	6	12	4	1	2	1	5	2	1	2	2	1	0	2	1	1	0	0	0	0	0	0	1	2	1	0	0	1	2	0	0	2	1	2	2	1	1	1	0	0	0	0	0	0	0	0	0	1	1	0	0	0	1	0	0	0	0	0	0	0	0	1	0	0	1	0	0	0	0	0	0	0	1	0
0	0	0	0	0	0	0	1	0	1	0	3	0	2	5	7	3	6	10	5	7	4	6	4	2	9	19	13	11	10	4	0	0	0	0	1	0	0	1	1	4	0	2	0	1	0	0	1	0	1	0	0	0	0	1	0	0	1	3	0	3	4	5	7	3	6	18	39	0	9	10	29	13	7	4	4	5	5	2	0	2	4	6	4	4	2	3	2	1	3	1	1	0	0	0	0	1	2	1	0	2	1	1	0	0	0	1	0	1	0	1	0	1	2	0	4	1	0	0	0	0	0	0	0	0	1	0	0	0	0	0	0	0	1	0	0	0	0	0	0	0	0	1	0	0	0	0	1	0	0	0	0	0	0
0	0	0	0	0	0	0	1	2	3	1	0	2	2	2	3	1	0	4	0	0	0	6	2	2	5	10	4	5	4	0	2	0	0	0	0	1	3	0	3	0	2	1	0	0	0	0	0	0	0	0	0	0	0	0	2	0	0	0	1	2	2	1	2	4	4	4	6	9	0	10	54	16	28	2	4	0	2	0	4	0	1	2	0	0	1	1	0	1	0	1	0	0	1	1	0	1	0	1	1	0	0	0	0	0	0	0	0	0	0	2	1	1	1	0	1	1	0	0	0	0	0	0	2	1	1	0	0	0	0	0	0	1	0	1	0	0	0	0	0	1	0	0	0	0	0	0	0	1	0	0	0	1	0
0	0	0	0	0	0	0	2	0	3	1	2	0	4	1	1	0	2	1	2	2	2	4	1	0	6	6	13	5	1	1	0	3	2	1	1	0	0	0	2	1	1	2	1	0	0	1	1	1	2	0	0	0	0	0	1	0	1	1	0	2	8	8	3	4	5	3	6	10	10	0	13	8	14	4	4	9	1	2	1	0	3	1	2	1	1	2	2	1	2	0	1	0	0	2	0	2	0	1	1	0	1	1	1	0	0	1	0	1	0	0	0	3	2	2	4	2	2	0	1	1	1	0	0	0	0	0	1	0	0	1	0	0	0	0	0	0	0	0	0	0	0	0	0	1	0	0	1	0	0	0	1	2	0
0	0	0	0	0	0	0	1	0	0	0	0	4	4	5	7	3	1	3	5	1	4	7	2	3	15	25	6	5	3	1	2	0	3	1	0	1	3	2	0	0	1	0	1	0	0	0	0	1	0	0	0	0	0	0	1	0	0	0	0	1	1	2	5	2	5	6	8	29	54	13	0	25	11	1	3	1	3	2	1	2	5	1	1	2	1	0	0	2	0	0	0	0	0	1	0	0	0	1	0	0	0	1	0	0	0	1	1	1	0	0	1	1	2	2	1	2	0	1	0	1	0	1	0	0	0	0	0	0	0	0	0	0	0	2	0	0	0	3	0	0	0	0	0	0	0	0	0	2	0	1	0	1	1
0	0	0	0	0	0	0	0	1	3	0	0	3	2	1	0	3	3	3	8	5	1	11	5	4	15	6	6	5	4	1	1	0	0	2	1	1	1	1	1	4	3	0	0	0	0	0	0	0	1	0	0	0	0	0	0	1	0	0	1	1	0	6	6	8	4	9	6	13	16	8	25	0	8	2	4	5	4	1	2	0	0	1	0	5	0	1	0	1	0	1	0	1	0	0	1	1	0	0	1	1	0	1	0	0	0	0	0	0	0	0	1	2	1	3	1	0	1	0	0	0	0	0	0	0	0	0	0	0	0	0	0	0	1	1	0	0	0	0	1	0	0	1	0	0	0	0	0	0	0	0	1	0	0
0	0	0	0	0	0	0	0	1	1	0	0	1	1	1	1	1	0	1	2	1	4	6	2	1	3	4	3	2	1	1	0	0	0	1	0	0	0	0	1	0	1	0	0	0	0	0	0	1	0	0	0	0	1	0	0	0	0	1	2	1	2	8	15	14	4	4	2	7	28	14	11	8	0	10	3	8	3	1	3	0	2	6	4	3	4	0	0	0	0	0	0	0	0	0	0	0	0	0	1	1	1	1	0	0	0	0	0	1	0	2	2	2	2	0	0	2	0	0	0	0	0	1	1	0	0	0	0	0	0	0	0	1	0	0	0	0	0	0	0	0	0	0	0	1	0	0	0	0	0	0	0	0	0
0	0	0	0	0	0	0	1	3	0	2	0	1	0	1	1	0	1	0	3	1	2	2	5	3	3	2	1	4	1	0	0	0	1	0	0	0	1	1	0	1	4	0	0	0	0	0	0	1	1	0	1	0	1	1	0	0	0	1	3	3	2	4	6	13	1	3	4	4	2	4	1	2	10	0	16	11	4	6	0	6	2	3	2	1	1	0	1	0	0	0	1	0	3	0	0	1	1	0	0	1	1	1	0	1	0	1	0	0	1	0	0	0	0	0	0	0	0	1	1	0	0	0	0	0	0	0	1	0	0	0	0	1	1	0	1	1	1	0	2	0	0	0	0	0	1	0	0	0	0	0	0	1	0
0	0	0	0	0	0	0	0	1	0	0	0	0	0	2	3	0	1	0	0	1	3	0	0	2	1	0	0	5	1	1	0	0	0	0	0	0	1	1	1	1	1	0	0	0	1	0	1	0	0	0	1	0	1	1	0	1	0	3	4	3	7	13	5	6	6	2	5	4	4	4	3	4	3	16	0	32	9	4	2	0	4	1	6	2	2	1	0	0	3	0	1	1	2	2	2	0	1	0	0	0	1	1	2	1	0	1	0	1	0	0	1	2	0	0	2	1	2	0	0	1	0	0	1	3	1	0	0	0	0	0	1	0	0	0	0	0	1	0	0	0	0	1	0	1	0	0	0	0	0	1	0	1	0
0	0	0	0	0	0	0	1	0	2	0	0	0	0	0	5	1	0	1	1	5	3	0	1	0	2	2	1	4	1	0	0	1	0	1	0	0	0	1	3	1	0	1	0	0	0	0	0	0	0	0	0	0	0	0	0	0	0	3	0	2	4	18	13	13	10	5	2	5	0	9	1	5	8	11	32	0	12	4	3	0	5	1	3	1	1	2	0	1	5	3	1	0	1	1	0	0	0	1	3	1	0	1	1	0	0	0	1	2	0	2	0	2	1	0	1	0	1	1	0	0	0	0	0	0	0	1	0	0	0	0	0	0	0	0	0	0	0	0	0	0	2	1	0	1	0	0	2	0	0	0	0	0	0
0	0	0	0	0	0	0	0	3	0	0	1	1	0	1	1	2	1	1	0	1	0	4	1	0	2	2	0	1	4	0	0	0	0	0	2	0	3	1	3	3	0	0	0	0	0	0	0	0	2	0	0	0	2	1	0	2	4	3	2	2	4	10	7	5	8	7	3	5	2	1	3	4	3	4	9	12	0	65	12	5	4	7	2	0	2	4	1	3	6	0	2	0	2	0	0	2	0	0	1	2	3	1	0	0	0	0	0	2	1	1	0	2	3	0	2	1	0	0	0	0	0	1	0	0	0	0	0	0	0	0	0	0	0	1	0	1	0	0	0	0	0	0	0	0	0	0	0	2	0	0	0	1	1
0	0	0	0	0	0	0	2	0	4	2	1	0	1	0	1	0	1	1	3	1	2	0	1	0	1	2	2	2	2	0	0	0	0	0	1	3	2	1	3	2	2	2	1	0	0	0	1	0	1	0	1	1	0	0	0	0	0	1	2	4	4	8	4	4	3	2	2	2	0	2	2	1	1	6	4	4	65	0	12	6	7	4	2	2	2	2	2	1	1	2	1	1	0	1	1	0	1	1	2	2	2	2	0	1	2	0	0	1	1	1	0	2	1	0	0	1	0	0	0	1	0	0	0	0	0	0	0	0	0	0	0	1	0	1	0	0	0	0	1	0	0	0	0	0	0	0	0	0	0	0	1	0	0
0	0	0	0	0	0	0	0	0	1	0	0	0	1	0	0	0	1	0	1	0	1	1	1	2	1	2	0	2	5	0	0	0	0	0	0	2	3	1	2	3	3	0	0	0	0	0	1	0	1	0	0	0	0	3	1	0	0	1	0	3	0	1	3	4	4	6	1	0	4	1	1	2	3	0	2	3	12	12	0	18	5	7	2	0	0	1	1	11	3	2	1	0	1	2	2	2	2	1	1	3	0	0	1	0	0	0	0	0	1	0	0	2	1	3	1	0	0	1	1	1	0	0	0	0	1	0	0	0	0	0	0	0	0	0	0	1	0	0	0	1	0	0	2	0	0	0	1	0	0	0	0	0	1
0	0	0	0	0	0	0	0	3	1	2	1	0	2	0	1	1	0	2	0	2	4	1	1	0	3	1	0	5	2	1	0	0	1	1	0	6	0	6	2	3	3	0	1	0	0	2	0	0	1	1	0	1	2	0	3	1	0	1	2	0	1	5	9	3	4	5	6	2	0	0	2	0	0	6	0	0	5	6	18	0	9	3	3	3	1	0	2	5	4	5	1	0	2	1	0	1	0	1	0	1	0	1	2	2	2	1	2	0	1	1	0	0	3	2	1	0	0	0	0	0	0	0	0	0	0	0	0	0	0	0	1	1	1	0	0	0	0	0	0	0	0	0	0	0	0	0	1	0	0	0	0	0	1
0	0	0	0	0	0	0	0	2	2	2	1	0	1	4	1	3	1	3	7	1	3	1	1	0	3	2	1	4	4	3	1	1	1	0	1	2	3	5	1	10	4	5	0	0	1	0	1	1	1	0	1	1	0	0	0	1	0	1	1	2	7	7	5	7	6	18	12	4	1	3	5	0	2	2	4	5	4	7	5	9	0	16	5	1	1	2	3	7	4	4	5	2	1	1	0	0	4	1	2	1	2	1	2	1	0	0	1	1	2	1	0	1	0	3	1	0	0	1	0	1	0	0	0	0	0	0	0	2	0	0	1	0	0	0	0	0	0	1	0	0	0	0	0	0	0	0	0	0	0	0	0	0	0
0	0	0	0	0	0	0	0	0	2	0	0	2	1	2	2	2	3	3	2	0	3	1	3	0	1	2	3	2	2	0	0	0	0	1	2	3	4	2	4	9	12	2	1	0	1	1	1	1	0	0	0	0	1	2	0	2	1	1	4	3	12	14	4	4	3	5	4	6	2	1	1	1	6	3	1	1	7	4	7	3	16	0	12	4	2	2	8	4	1	4	7	5	5	4	3	0	0	1	4	2	5	1	0	0	1	1	0	2	1	0	0	4	2	2	3	2	0	0	1	0	1	0	0	1	0	0	0	0	0	1	1	0	1	2	0	1	0	0	0	0	1	0	1	0	0	0	0	0	1	0	0	0	0
0	0	0	0	0	0	0	1	0	1	2	3	4	1	1	1	0	1	1	3	3	3	0	0	2	1	3	1	6	8	0	1	1	4	0	0	6	3	1	1	5	14	2	1	0	0	0	2	0	0	2	0	0	0	2	0	1	0	3	3	8	6	5	1	1	3	3	1	4	0	2	1	0	4	2	6	3	2	2	2	3	5	12	0	22	6	18	42	4	2	3	4	4	9	3	2	1	4	1	3	1	2	2	1	1	2	0	4	5	1	3	5	1	6	0	7	2	5	0	1	0	0	0	0	0	1	1	0	0	0	0	0	2	0	0	3	0	0	0	0	0	0	0	1	1	2	0	0	0	0	1	1	0	2
0	0	0	0	0	0	0	3	2	2	2	2	3	2	1	1	0	1	2	0	0	2	0	0	0	1	2	3	11	6	3	1	5	3	5	4	11	4	2	0	5	10	5	3	0	1	0	0	1	1	1	0	0	0	0	0	2	0	3	0	6	4	0	0	0	1	4	2	4	0	1	2	5	3	1	2	1	0	2	0	3	1	4	22	0	36	111	8	3	1	1	3	4	5	0	2	1	0	1	4	5	3	1	3	2	3	0	11	3	3	3	4	8	5	4	11	5	3	2	0	0	0	0	0	0	0	1	0	0	0	1	0	0	0	0	0	0	0	0	0	1	0	0	0	1	0	1	1	2	0	0	0	1	0
0	0	0	0	0	0	0	1	1	4	7	4	7	6	1	2	0	1	3	3	2	0	0	0	0	0	3	5	4	4	4	3	0	12	4	7	13	6	1	2	4	8	2	0	0	0	0	0	0	0	0	0	0	0	0	1	0	1	2	4	1	3	1	0	0	0	2	1	2	1	1	1	0	4	1	2	1	2	2	0	1	1	2	6	36	0	20	5	6	2	0	2	2	4	2	1	1	2	2	2	0	2	2	3	1	0	3	2	6	2	2	1	0	1	1	7	9	7	2	2	1	0	0	0	0	0	0	0	0	0	0	1	0	0	3	0	1	0	1	1	0	0	1	1	1	1	1	0	0	0	2	0	1	0
0	0	0	0	0	0	0	2	0	2	6	2	3	2	3	1	0	1	0	0	0	0	1	1	0	1	0	1	4	3	3	0	3	2	3	2	7	6	2	3	3	15	19	3	1	0	1	1	1	0	0	1	0	1	0	1	1	1	0	2	4	1	2	0	2	0	1	5	3	1	2	0	1	0	0	1	2	4	2	1	0	2	2	18	111	20	0	19	1	4	2	3	3	6	6	2	2	2	1	5	0	2	0	4	3	0	2	4	3	5	7	8	3	5	2	9	2	4	1	2	0	1	1	2	0	0	0	0	1	2	0	0	0	2	2	0	0	0	0	0	1	1	0	2	1	1	0	0	1	0	0	1	0	0
0	0	0	0	0	0	0	0	1	0	3	1	3	2	3	0	0	1	1	0	1	1	0	0	0	0	2	0	6	2	0	1	2	2	3	2	2	2	2	4	4	29	15	3	0	2	0	0	2	1	1	0	0	0	0	0	1	0	1	4	0	3	0	0	1	1	2	2	2	0	2	0	0	0	1	0	0	1	2	1	2	3	8	42	8	5	19	0	8	6	5	4	12	12	2	4	5	2	1	2	5	7	5	3	2	2	3	3	0	1	4	3	4	5	1	2	3	0	0	0	0	0	1	0	0	0	1	1	0	0	0	0	0	2	1	3	1	1	0	1	0	0	0	0	1	0	0	0	0	0	0	0	0	0
0	0	0	0	0	0	0	1	0	1	0	1	1	1	2	1	1	0	0	0	2	0	1	0	0	0	0	0	3	1	1	0	0	1	2	1	0	4	1	0	3	11	3	0	0	0	0	1	0	2	0	0	1	1	1	1	1	1	4	4	4	3	3	0	0	4	1	1	1	1	1	2	1	0	0	0	1	3	1	11	5	7	4	4	3	6	1	8	0	68	10	10	4	10	3	4	4	1	5	6	7	3	2	1	1	1	1	0	2	1	1	1	2	3	0	2	1	2	1	0	0	0	0	0	0	1	0	0	0	1	1	0	0	0	0	0	0	0	0	0	0	0	0	0	0	1	2	0	0	0	1	1	1	0
0	0	0	0	0	0	0	0	1	0	0	0	0	2	0	0	0	0	1	2	2	3	0	0	0	0	1	2	1	1	2	0	1	2	2	0	1	5	1	5	4	5	1	0	0	0	0	0	1	0	0	1	1	0	0	1	2	1	2	2	2	2	1	0	2	2	3	2	3	0	2	0	0	0	0	3	5	6	1	3	4	4	1	2	1	2	4	6	68	0	31	6	3	13	0	2	0	1	2	5	11	6	0	3	1	2	1	0	0	0	2	2	4	0	1	1	0	0	0	3	0	0	0	2	2	1	0	0	1	0	0	0	0	1	0	0	0	0	0	0	0	0	0	1	0	1	0	0	0	0	0	0	0	1
0	0	0	0	0	0	0	2	1	0	1	0	0	1	0	2	1	1	0	1	2	1	1	1	1	1	0	2	0	1	1	1	0	0	0	0	3	3	1	3	3	5	6	0	1	0	0	0	0	1	1	1	2	0	2	1	0	0	1	0	4	2	2	1	0	2	2	2	1	1	0	0	1	0	0	0	3	0	2	2	5	4	4	3	1	0	2	5	10	31	0	11	1	3	1	4	1	3	7	4	13	9	1	4	1	1	1	0	2	0	1	2	2	0	1	0	3	0	0	1	2	0	0	0	0	0	0	1	0	0	0	0	0	0	1	1	0	1	1	2	0	0	0	0	0	0	0	0	1	0	0	0	0	1
0	0	0	0	0	0	0	1	1	3	2	1	2	1	0	0	1	0	0	0	0	1	2	0	0	0	0	2	0	3	1	0	0	1	1	2	10	4	4	1	2	10	16	3	1	0	0	1	2	0	1	0	0	1	0	1	0	1	0	2	1	1	1	0	0	2	0	1	1	0	1	0	0	0	1	1	1	2	1	1	1	5	7	4	3	2	3	4	10	6	11	0	9	8	5	5	8	5	2	5	42	18	6	4	6	0	1	0	3	2	2	4	2	3	0	1	1	1	0	0	0	1	0	0	0	0	0	1	0	0	0	0	1	2	1	1	0	0	0	1	0	1	1	0	0	2	0	0	2	2	1	0	5	2
0	0	0	0	0	0	0	0	4	1	1	0	2	3	0	0	0	1	2	0	0	0	0	0	2	0	1	0	1	2	2	1	1	4	1	2	4	1	2	5	1	6	24	3	1	0	1	1	0	2	0	0	3	2	2	1	1	2	2	1	1	0	2	0	0	0	0	0	0	0	0	0	1	0	0	1	0	0	1	0	0	2	5	4	4	2	3	12	4	3	1	9	0	8	2	4	6	7	4	2	8	5	9	12	7	4	5	8	3	3	3	8	3	1	0	0	2	1	1	2	1	0	0	1	0	3	0	0	0	0	1	0	0	1	1	1	0	1	0	2	1	2	0	1	2	1	0	0	0	1	0	0	0	1
0	0	0	0	0	0	0	0	2	0	0	2	1	1	0	1	2	1	0	0	1	1	0	1	0	0	1	0	0	2	3	0	2	0	3	0	1	4	1	0	1	5	17	0	2	0	0	1	0	0	4	0	1	3	1	0	0	4	3	6	4	3	2	2	0	1	1	2	0	1	0	0	0	0	3	2	1	2	0	1	2	1	5	9	5	4	6	12	10	13	3	8	8	0	17	18	4	6	3	8	9	2	2	2	3	1	0	2	1	2	0	9	5	7	1	1	0	3	0	0	0	0	1	0	0	0	0	0	0	0	0	0	0	0	3	2	0	0	0	0	1	0	1	1	0	2	0	0	0	0	1	0	0	0
0	0	0	0	0	0	0	0	1	0	0	0	0	0	1	0	0	0	2	1	0	0	0	0	0	0	0	0	2	2	3	0	0	1	1	1	1	1	1	0	1	1	8	3	3	0	0	2	1	2	0	1	1	1	5	2	4	1	3	8	7	4	1	1	0	0	1	1	0	1	2	1	0	0	0	2	1	0	1	2	1	1	4	3	0	2	6	2	3	0	1	5	2	17	0	96	9	3	5	5	7	4	4	1	2	5	2	3	3	7	2	17	7	4	1	2	0	2	1	0	0	0	0	0	0	0	0	1	0	2	0	1	2	2	1	2	0	1	1	1	2	1	0	1	1	0	1	0	0	2	0	3	1	4
0	0	0	0	0	0	0	0	0	1	1	2	0	0	0	0	1	1	0	0	1	0	0	0	0	1	0	2	2	2	0	1	1	0	0	0	1	1	0	1	1	0	16	8	2	1	2	0	1	2	4	0	0	2	2	3	0	1	10	2	2	0	0	2	0	0	2	1	0	0	0	0	1	0	0	2	0	0	1	2	0	0	3	2	2	1	2	4	4	2	4	5	4	18	96	0	13	9	5	5	5	6	2	3	3	3	1	2	3	13	5	10	1	2	1	1	0	1	0	1	1	0	0	0	1	0	1	0	0	1	0	1	0	1	0	1	5	1	0	0	0	2	0	0	1	2	2	1	0	0	2	1	1	1
0	0	0	0	0	0	0	0	0	1	3	2	0	1	0	0	0	1	1	1	1	2	1	0	0	0	0	2	1	0	1	2	0	0	0	1	0	1	0	1	0	5	3	7	4	1	4	2	4	4	2	0	1	8	2	2	1	0	2	3	0	1	1	0	0	1	0	0	1	1	2	0	1	0	1	0	0	2	0	2	1	0	0	1	1	1	2	5	4	0	1	8	6	4	9	13	0	27	14	12	3	0	3	3	2	1	0	2	2	4	3	4	3	0	2	2	1	0	1	1	0	0	0	0	0	0	0	0	0	0	0	2	0	2	1	1	1	0	0	0	0	0	1	1	2	2	0	3	1	3	0	0	1	3
0	0	0	0	0	0	0	0	0	1	0	0	0	1	1	1	1	0	1	1	0	0	0	0	0	1	0	1	0	0	1	0	0	0	1	0	1	0	0	0	0	0	10	4	2	0	2	1	2	1	2	2	1	1	2	3	1	1	1	0	3	2	2	0	1	0	0	0	2	0	0	0	0	0	1	1	0	0	1	2	0	4	0	4	0	2	2	2	1	1	3	5	7	6	3	9	27	0	146	3	11	1	1	3	3	1	1	2	2	4	0	3	0	1	0	0	1	0	0	1	1	0	1	0	0	0	1	0	0	0	0	0	2	1	1	0	0	0	0	0	1	1	1	1	1	1	0	3	0	0	0	2	2	1
0	0	0	0	0	0	0	1	1	2	1	2	0	0	0	1	1	1	1	0	1	0	0	1	0	0	0	1	1	0	1	0	0	0	2	2	1	0	2	1	1	1	10	2	2	0	0	3	3	1	1	2	2	2	3	2	2	2	3	2	3	1	2	0	0	1	0	0	1	1	1	1	0	0	0	0	1	0	1	1	1	1	1	1	1	2	1	1	5	2	7	2	4	3	5	5	14	146	0	11	17	0	5	1	3	1	1	1	1	0	0	6	1	0	2	0	0	1	2	0	0	1	0	0	0	0	1	0	2	0	0	0	0	0	1	3	0	0	0	1	0	1	1	1	0	0	1	0	1	0	1	0	1	0
0	0	0	0	0	0	0	0	1	0	1	0	1	0	1	0	0	0	0	1	1	0	1	0	0	1	0	3	0	0	0	0	0	1	0	0	0	1	1	2	0	2	7	4	0	1	1	1	6	3	3	3	4	4	4	1	2	7	6	5	5	1	1	1	0	0	2	0	0	1	1	0	1	1	0	0	3	1	2	1	0	2	4	3	4	2	5	2	6	5	4	5	2	8	5	5	12	3	11	0	8	3	1	1	1	0	1	1	1	0	1	2	3	1	0	3	0	1	0	0	0	1	1	0	0	0	1	0	0	0	0	0	0	1	1	1	1	0	0	0	0	1	1	0	0	0	0	0	0	0	1	0	0	2
0	0	0	0	0	0	0	1	0	1	1	0	0	1	1	0	0	1	1	1	0	0	0	2	0	0	0	0	1	1	1	1	1	3	2	1	1	2	2	0	1	6	8	1	2	1	1	2	0	0	0	1	0	1	3	4	1	0	2	5	0	1	1	0	2	0	0	0	2	0	0	0	1	1	1	0	1	2	2	3	1	1	2	1	5	0	0	5	7	11	13	42	8	9	7	5	3	11	17	8	0	3	8	3	4	2	0	3	2	4	0	3	2	1	1	1	0	0	0	0	1	0	0	1	0	0	1	0	0	1	0	0	0	0	2	0	1	0	0	0	0	0	1	0	0	1	1	0	0	1	0	3	0	2
0	0	0	0	0	0	0	0	1	0	0	0	0	1	1	0	2	0	1	1	2	1	0	0	0	1	0	1	1	0	0	2	1	3	1	1	3	4	5	3	5	7	3	1	1	0	0	0	1	0	0	0	1	0	0	0	0	1	0	0	2	0	1	2	1	0	1	0	1	0	1	0	0	1	1	1	0	3	2	0	0	2	5	2	3	2	2	7	3	6	9	18	5	2	4	6	0	1	0	3	3	0	21	1	2	0	1	2	2	2	1	1	0	1	0	0	2	0	1	2	0	0	1	0	0	1	0	0	1	0	0	0	0	0	0	0	0	0	1	0	0	0	0	0	0	0	0	1	0	0	0	0	0	2
0	0	0	0	0	0	0	2	1	2	0	1	1	0	0	0	0	0	0	0	0	0	0	1	0	0	1	0	0	1	0	1	1	1	3	3	5	4	1	1	4	1	8	3	1	1	0	1	1	0	0	2	0	0	4	0	0	0	1	1	0	2	0	0	0	2	0	1	1	0	1	1	1	1	1	1	1	1	2	0	1	1	1	2	1	2	0	5	2	0	1	6	9	2	4	2	3	1	5	1	8	21	0	8	4	3	1	1	2	1	3	2	2	0	0	0	1	1	0	2	0	0	0	0	0	1	0	0	0	1	0	0	0	0	2	0	1	1	0	0	0	0	0	0	1	0	0	0	0	1	0	0	2	1
0	0	0	0	0	0	0	0	0	0	2	4	0	0	0	1	0	1	0	1	0	1	0	0	0	0	1	0	3	0	1	0	0	0	4	4	1	5	4	1	3	2	3	1	0	0	0	0	0	0	2	0	0	0	0	1	0	1	0	2	0	1	1	1	0	1	2	2	0	0	1	0	0	0	0	2	1	0	0	1	2	2	0	1	3	3	4	3	1	3	4	4	12	2	1	3	3	3	1	1	3	1	8	0	27	5	6	5	4	5	1	3	0	2	2	0	0	4	1	0	0	1	0	0	1	0	2	0	1	0	1	0	0	0	1	0	2	0	0	2	0	0	1	1	3	1	2	1	0	0	0	0	1	2
0	0	0	0	0	0	0	0	1	0	0	1	0	0	0	2	1	0	1	0	0	0	0	1	0	0	0	1	1	1	0	1	1	4	2	1	7	3	0	1	1	3	9	1	1	0	0	0	0	0	3	0	0	0	0	0	0	2	1	0	0	1	2	1	0	1	0	1	0	0	0	0	0	0	1	1	0	0	1	0	2	1	0	1	2	1	3	2	1	1	1	6	7	3	2	3	2	3	3	1	4	2	4	27	0	30	17	10	3	10	5	3	1	2	0	2	1	2	1	1	2	1	2	0	1	1	0	1	1	2	1	0	0	2	1	1	0	1	0	0	1	1	0	1	0	0	2	1	1	1	1	0	2	2
0	0	0	0	0	0	0	2	1	0	1	1	0	2	1	1	1	0	1	0	0	1	1	0	0	0	0	1	1	1	1	0	1	2	5	5	1	1	1	0	2	3	4	2	1	0	0	2	0	0	0	0	0	1	1	0	0	1	4	0	2	0	0	1	0	1	1	0	0	0	0	0	0	0	0	0	0	0	2	0	2	0	1	2	3	0	0	2	1	2	1	0	4	1	5	3	1	1	1	0	2	0	3	5	30	0	149	19	6	10	2	3	4	0	2	1	0	2	0	0	1	0	1	0	0	1	1	1	0	0	1	1	1	2	3	4	0	0	1	0	1	1	1	9	4	1	1	3	0	0	1	4	2	2
0	0	0	0	0	0	0	1	1	0	1	0	0	0	1	1	0	0	1	0	1	0	0	0	1	0	0	1	3	0	0	0	4	2	4	2	2	2	1	0	3	2	3	3	1	0	1	0	2	0	0	1	0	1	0	1	0	1	0	0	1	0	2	1	1	0	1	0	1	0	1	1	0	0	1	1	0	0	0	0	1	0	1	0	0	3	2	3	1	1	1	1	5	0	2	1	0	1	1	1	0	1	1	6	17	149	0	19	6	6	9	4	0	6	0	0	2	2	1	2	0	0	1	1	2	0	0	2	1	1	0	0	0	1	5	4	1	0	1	2	1	1	2	7	4	2	3	0	2	0	2	3	3	1
0	0	0	0	0	0	0	0	1	0	1	3	0	5	1	0	1	0	0	0	2	0	0	2	1	0	0	2	2	1	1	2	1	3	4	3	4	0	4	0	1	2	2	2	1	0	1	1	0	1	0	0	1	0	1	0	0	0	0	0	3	1	1	0	1	0	2	1	0	0	0	1	0	0	0	0	1	0	0	0	2	1	0	4	11	2	4	3	0	0	0	0	8	2	3	2	2	2	1	1	3	2	1	5	10	19	19	0	18	10	14	5	3	2	1	2	1	2	2	1	1	3	0	1	0	0	0	0	1	0	0	3	2	5	8	0	2	1	0	1	1	1	2	6	2	4	2	0	2	1	1	1	1	0
0	0	0	0	0	0	0	0	0	0	1	0	1	0	0	1	0	2	1	1	2	0	0	1	1	0	1	2	2	3	2	0	1	1	1	1	4	4	0	0	3	2	6	1	4	3	1	0	0	0	0	1	0	1	1	0	0	0	2	2	1	1	2	0	0	0	1	2	1	0	1	1	0	1	0	1	2	2	1	0	0	1	2	5	3	6	3	0	2	0	2	3	3	1	3	3	2	2	1	1	2	2	2	4	3	6	6	18	0	30	19	29	5	3	2	1	2	2	2	3	0	1	0	0	0	1	0	1	0	0	1	0	0	0	4	2	0	1	1	0	1	0	2	1	2	2	2	2	2	2	0	0	0	0
0	0	0	0	0	0	0	0	0	1	0	1	0	0	2	1	0	1	2	1	1	1	1	2	0	0	1	2	1	0	3	0	1	1	2	1	2	0	1	1	1	3	5	5	1	0	0	1	1	0	2	1	0	1	0	0	1	0	0	1	1	2	0	0	1	0	1	0	0	0	0	0	0	0	1	0	0	1	1	1	1	2	1	1	3	2	5	1	1	0	0	2	3	2	7	13	4	4	0	0	4	2	1	5	10	10	6	10	30	0	55	14	4	3	2	1	1	2	2	3	0	0	0	3	0	1	1	0	1	0	0	0	2	3	3	2	1	3	1	1	4	1	2	0	3	4	1	3	3	1	1	1	2	4
0	0	0	0	0	0	0	1	0	0	0	0	3	0	0	0	2	0	1	1	0	2	0	0	0	0	0	0	1	0	0	1	0	2	0	0	4	0	1	0	3	3	3	2	1	0	0	1	1	1	0	0	1	1	0	0	0	0	0	2	0	2	0	0	0	0	0	0	1	2	0	0	0	2	0	0	2	1	1	0	1	1	0	3	3	2	7	4	1	2	1	2	3	0	2	5	3	0	0	1	0	1	3	1	5	2	9	14	19	55	0	12	1	4	1	0	1	0	3	3	2	4	3	0	0	2	0	0	1	0	0	3	1	7	9	8	1	0	0	2	2	2	6	5	1	5	3	1	3	2	2	1	2	0
0	0	0	0	0	0	0	0	0	0	0	0	0	0	0	0	1	1	0	1	1	0	2	1	0	1	3	2	1	3	2	0	1	3	2	1	3	2	0	2	0	1	9	5	3	2	1	1	3	0	0	0	1	1	0	0	0	3	3	6	5	2	1	1	0	2	1	2	0	1	0	1	1	2	0	1	0	0	0	0	0	0	0	5	4	1	8	3	1	2	2	4	8	9	17	10	4	3	6	2	3	1	2	3	3	3	4	5	29	14	12	0	15	1	1	2	1	1	0	2	1	0	1	1	1	1	0	1	0	0	0	1	0	0	3	4	2	0	0	1	0	1	1	1	0	1	2	1	1	0	1	0	0	0
0	0	0	0	0	0	0	0	0	1	1	1	2	1	3	2	0	1	2	0	1	0	1	1	0	0	1	0	2	1	0	0	1	0	0	0	0	3	1	3	4	3	9	1	0	0	0	1	0	1	0	1	0	0	1	2	0	0	3	7	8	3	2	3	1	0	0	1	1	1	3	1	2	2	0	2	2	2	2	2	0	1	4	1	8	0	3	4	2	4	2	2	3	5	7	1	3	0	1	3	2	0	2	0	1	4	0	3	5	4	1	15	0	10	4	3	4	0	3	0	0	0	0	0	0	0	0	1	0	0	1	0	2	2	3	1	0	0	0	0	0	0	1	1	1	2	0	0	0	0	0	0	1	0
0	0	0	0	0	0	0	0	1	1	0	0	4	1	1	0	1	2	2	1	1	3	2	1	2	0	1	6	2	3	0	0	2	1	0	1	1	0	0	2	2	6	1	0	1	1	2	2	0	1	0	1	0	0	1	0	0	1	3	5	8	6	5	3	1	1	4	2	2	1	2	2	1	2	0	0	1	3	1	1	3	0	2	6	5	1	5	5	3	0	0	3	1	7	4	2	0	1	0	1	1	1	0	2	2	0	6	2	3	3	4	1	10	0	21	6	0	1	2	2	0	0	0	1	0	1	0	0	0	1	0	0	0	1	1	0	0	0	1	0	1	0	0	1	1	1	0	1	0	0	0	0	0	1
0	0	0	0	0	0	0	0	0	3	2	2	2	5	4	1	0	1	1	0	0	1	0	0	1	0	3	4	2	3	1	0	1	1	3	1	1	0	1	3	0	2	1	1	1	1	3	1	1	1	1	1	1	0	1	0	0	0	0	3	4	5	1	1	0	0	2	2	0	0	2	2	3	0	0	0	0	0	0	3	2	3	2	0	4	1	2	1	0	1	1	0	0	1	1	1	2	0	2	0	1	0	0	2	0	2	0	1	2	2	1	1	4	21	0	27	6	1	1	1	0	0	0	1	2	1	0	0	0	0	0	0	2	0	1	1	1	0	0	0	1	1	0	1	1	1	1	1	2	0	1	3	0	1
0	0	0	0	0	0	0	1	1	1	1	4	6	4	2	3	0	2	1	1	0	1	2	0	1	0	2	6	10	3	3	1	2	1	2	1	4	1	1	0	0	4	6	2	2	0	0	1	2	0	0	0	0	1	2	0	0	1	0	1	3	5	2	1	1	0	3	1	4	1	4	1	1	0	0	2	1	2	0	1	1	1	3	7	11	7	9	2	2	1	0	1	0	1	2	1	2	0	0	3	1	0	0	0	2	1	0	2	1	1	0	2	3	6	27	0	11	2	2	2	0	0	1	0	0	0	2	1	1	0	1	0	0	0	0	0	0	0	1	0	2	1	1	1	0	1	0	0	1	0	0	0	1	0
0	0	0	0	0	0	0	0	1	2	3	5	19	9	5	0	0	2	0	3	1	0	1	1	1	1	2	5	6	2	2	2	1	6	0	3	1	0	3	0	3	0	1	0	0	1	1	0	0	0	1	2	0	0	1	0	1	0	0	1	5	0	3	1	1	2	0	1	1	1	2	2	0	2	0	1	0	1	1	0	0	0	2	2	5	9	2	3	1	0	3	1	2	0	0	0	1	1	0	0	0	2	1	0	1	0	2	1	2	1	1	1	4	0	6	11	0	12	5	1	3	1	0	0	0	0	0	0	0	0	1	0	2	2	1	0	0	0	1	1	0	1	2	0	1	1	0	1	1	0	1	0	0	0
0	0	0	0	0	0	0	0	0	1	4	5	14	4	3	1	0	0	0	0	0	0	0	0	0	1	2	0	3	1	4	0	2	4	2	6	4	0	0	1	0	1	2	1	0	0	1	0	0	0	0	0	0	0	0	0	0	0	0	1	0	1	0	1	1	0	1	1	0	0	2	0	1	0	0	2	1	0	0	0	0	0	0	5	3	7	4	0	2	0	0	1	1	3	2	1	0	0	1	1	0	0	1	4	2	2	2	2	2	2	0	1	0	1	1	2	12	0	34	6	2	2	1	0	0	0	0	1	1	0	0	1	2	2	3	1	0	0	2	0	0	0	1	0	0	2	0	2	1	1	1	2	0	0
0	0	0	0	0	0	0	0	0	2	1	2	1	4	0	0	3	1	0	1	2	0	0	0	0	0	1	2	1	0	0	0	1	1	3	8	2	2	1	0	0	0	0	2	0	0	2	0	0	0	0	0	1	0	1	0	0	0	0	2	1	1	0	2	0	1	1	0	0	0	0	1	0	0	1	0	1	0	0	1	0	1	0	0	2	2	1	0	1	0	0	0	1	0	1	0	1	0	2	0	0	1	0	1	1	0	1	2	2	2	3	0	3	2	1	2	5	34	0	17	4	4	0	0	3	0	0	2	0	2	1	1	0	1	2	0	0	1	0	0	1	2	0	0	1	2	4	3	2	0	1	2	4	1
0	0	0	0	0	0	0	0	0	2	2	0	1	1	3	0	0	1	0	1	1	0	0	0	0	0	0	1	2	0	0	2	1	0	2	2	3	0	1	1	0	2	0	0	2	0	1	0	0	2	0	0	0	2	0	0	1	1	0	0	1	0	1	1	0	2	0	0	0	0	1	0	0	0	1	0	0	0	0	1	0	0	1	1	0	2	2	0	0	3	1	0	2	0	0	1	1	1	0	0	0	2	2	0	1	0	2	1	3	3	3	2	0	2	1	2	1	6	17	0	11	5	3	2	0	4	0	2	0	2	0	1	1	10	6	6	4	2	4	0	1	6	1	3	3	13	1	4	2	0	1	2	1	0
0	0	0	0	0	0	0	0	0	1	1	0	1	2	0	0	0	1	0	1	0	0	0	0	0	0	0	0	0	0	0	0	0	0	0	0	0	1	0	0	1	1	1	0	0	1	1	0	0	3	0	0	0	0	0	0	0	0	0	0	1	0	0	0	0	1	0	0	0	0	1	1	0	0	0	1	0	0	1	1	0	1	0	0	0	1	0	0	0	0	2	0	1	0	0	1	0	1	0	0	1	0	0	0	2	1	0	1	0	0	2	1	0	0	0	0	3	2	4	11	0	26	6	7	3	2	1	0	1	5	4	6	1	4	8	4	1	2	1	5	3	2	12	7	3	7	11	5	1	2	2	2	1	0
0	0	0	0	0	0	0	2	0	1	0	1	0	0	0	0	0	0	0	0	0	0	0	1	0	1	2	1	0	0	0	0	1	0	1	2	1	3	0	0	0	0	0	2	1	0	0	0	0	0	0	1	0	1	0	0	0	0	0	0	0	0	0	0	0	0	0	0	0	0	1	0	0	0	0	0	0	0	0	0	0	0	1	0	0	0	1	0	0	0	0	1	0	0	0	0	0	0	1	1	0	0	0	1	1	0	0	3	1	0	4	0	0	0	0	0	1	2	4	5	26	0	20	39	15	5	2	2	3	2	9	5	7	8	4	11	7	2	2	2	4	19	8	3	7	10	16	57	8	2	4	4	4	3
0	0	0	0	0	0	0	1	0	0	0	0	0	2	0	0	1	0	3	0	0	1	0	0	0	0	0	0	0	0	1	0	1	0	1	0	0	0	0	0	1	1	0	2	0	0	0	2	1	1	1	0	0	0	1	1	0	0	0	0	0	0	0	0	0	0	0	0	0	0	0	1	0	1	0	0	0	1	0	0	0	0	0	0	0	0	1	1	0	0	0	0	0	1	0	0	0	1	0	1	0	1	0	0	2	1	1	0	0	0	3	1	0	0	0	1	0	1	0	3	6	20	0	39	47	15	8	3	2	10	22	12	6	2	3	7	19	3	0	2	5	9	3	4	5	6	15	22	7	6	8	7	3	3
0	0	0	0	0	0	0	0	0	1	1	0	0	1	0	1	0	0	1	0	0	0	1	0	0	1	0	0	0	2	1	0	0	0	2	1	0	1	0	1	0	0	0	1	0	1	0	1	0	0	0	0	0	0	0	0	0	0	0	0	1	1	0	0	0	0	0	0	0	2	0	0	0	1	0	1	0	0	0	0	0	0	0	0	0	0	2	0	0	2	0	0	1	0	0	0	0	0	0	0	1	0	0	0	0	0	1	1	0	3	0	1	0	1	1	0	0	0	0	2	7	39	39	0	20	5	7	3	3	4	18	14	5	7	4	5	6	2	0	4	5	1	0	2	4	2	7	12	1	4	1	0	3	2
0	0	0	0	0	0	0	0	1	0	0	1	0	0	1	0	0	1	0	0	0	0	0	0	0	0	0	0	1	1	0	0	1	0	3	0	1	1	0	0	0	0	0	0	0	0	1	2	0	1	0	0	0	1	0	0	0	1	1	1	0	0	1	0	0	0	0	0	0	1	0	0	0	0	0	3	0	0	0	0	0	0	1	0	0	0	0	0	0	2	0	0	0	0	0	1	0	0	0	0	0	0	0	1	1	0	2	0	0	0	0	1	0	0	2	0	0	0	3	0	3	15	47	20	0	21	5	0	5	14	13	3	2	4	4	4	8	1	3	3	5	6	1	0	8	3	6	9	1	1	2	3	3	1
0	0	0	0	0	0	0	0	1	0	1	0	1	0	0	0	1	0	1	0	0	0	0	0	0	1	0	0	0	2	0	0	0	0	0	0	0	1	1	1	0	0	0	0	0	0	1	1	1	0	1	0	0	0	2	1	0	1	0	1	0	0	0	0	0	0	0	0	1	1	0	0	0	0	0	1	0	0	0	1	0	0	0	1	0	0	0	0	1	1	0	0	3	0	0	0	0	0	0	0	0	1	1	0	1	1	0	0	1	1	2	1	0	1	1	0	0	0	0	4	2	5	15	5	21	0	59	8	5	29	47	3	6	1	0	3	13	2	6	2	4	5	0	2	2	0	4	6	5	5	1	4	0	1
0	0	0	0	0	0	0	0	0	0	0	1	0	0	1	0	0	0	0	0	0	0	0	0	0	0	0	0	0	0	0	0	0	0	0	1	0	0	2	0	0	1	2	1	1	0	0	1	0	0	0	0	0	0	1	0	0	1	0	0	0	0	1	0	0	0	0	0	0	0	0	0	0	0	0	0	1	0	0	0	0	0	0	1	1	0	0	1	0	0	0	0	0	0	0	1	0	1	1	1	1	0	0	2	0	1	0	0	0	1	0	0	0	0	0	2	0	0	0	0	1	2	8	7	5	59	0	7	14	21	18	3	7	1	1	4	14	8	3	5	6	10	3	4	4	3	1	17	7	8	8	5	1	1
0	0	0	0	0	0	0	0	0	0	0	0	0	0	1	0	0	0	0	0	1	0	0	0	0	0	0	1	0	0	0	0	0	0	0	0	0	1	1	1	0	0	0	1	0	2	1	0	0	0	0	0	0	0	0	0	0	0	0	1	0	1	0	0	1	0	1	1	0	0	1	0	0	0	1	0	0	0	0	0	0	0	0	0	0	0	0	1	0	0	1	1	0	0	1	0	0	0	0	0	0	0	0	0	1	1	2	0	1	0	0	1	1	0	0	1	0	1	2	2	0	2	3	3	0	8	7	0	51	4	1	4	2	0	2	0	5	4	4	5	3	4	4	0	1	2	4	4	3	1	6	7	5	1
0	0	0	0	0	0	0	0	0	1	0	1	0	0	0	0	0	0	0	0	0	0	0	0	0	0	0	0	0	0	0	1	1	2	0	2	0	0	0	0	0	0	0	0	2	0	0	1	0	0	1	0	1	0	0	0	0	0	0	0	0	0	0	0	0	0	1	1	0	0	0	0	0	0	0	0	0	0	0	0	0	2	0	0	0	0	1	0	0	1	0	0	0	0	0	0	0	0	2	0	0	1	0	1	1	0	1	1	0	1	1	0	0	0	0	1	0	1	0	0	1	3	2	3	5	5	14	51	0	8	1	6	2	0	0	2	6	10	5	3	5	9	10	1	5	2	2	0	8	5	9	15	3	4
0	0	0	0	0	0	0	1	0	1	0	0	0	2	1	1	1	1	0	0	0	0	0	0	0	0	1	0	0	1	1	0	0	1	0	2	0	1	0	1	0	1	0	1	0	0	0	0	0	0	0	0	1	0	1	0	0	0	0	2	0	0	0	0	0	1	0	0	0	0	0	0	0	0	0	0	0	0	0	0	0	0	0	0	0	0	2	0	1	0	0	0	0	0	2	1	0	0	0	0	1	0	1	0	2	0	1	0	0	0	0	0	0	1	0	0	0	0	2	2	5	2	10	4	14	29	21	4	8	0	4	1	3	1	2	1	11	11	7	8	11	10	3	1	3	2	2	9	5	2	5	6	2	3
0	0	0	0	0	0	0	0	0	1	0	1	1	1	0	1	0	0	0	0	0	1	0	0	0	0	0	0	0	0	0	0	1	0	0	1	1	0	0	0	0	0	0	0	0	1	0	0	0	0	0	0	1	0	1	0	0	0	0	1	0	0	0	1	0	0	0	0	0	0	1	0	0	0	0	0	0	0	0	0	0	0	1	0	1	0	0	0	1	0	0	0	1	0	0	0	0	0	0	0	0	0	0	1	1	1	0	0	1	0	0	0	1	0	0	1	1	0	1	0	4	9	22	18	13	47	18	1	1	4	0	15	9	0	0	4	15	1	2	4	3	4	3	0	1	4	5	7	2	6	6	10	3	0
0	0	0	0	0	0	0	0	0	0	0	0	0	0	0	0	0	0	0	1	0	0	0	0	0	0	0	1	0	0	0	0	0	0	1	0	0	0	0	0	0	1	3	1	1	0	1	0	0	0	0	1	1	0	0	0	1	1	0	0	0	1	0	0	1	0	1	0	0	0	0	0	0	0	0	1	0	0	0	0	1	1	1	0	0	1	0	0	0	0	0	0	0	0	1	1	2	0	0	0	0	0	0	0	0	1	0	3	0	0	3	1	0	0	0	0	0	1	1	1	6	5	12	14	3	3	3	4	6	1	15	0	26	9	4	6	11	6	0	1	2	8	1	3	1	1	14	10	5	6	3	4	0	1
0	0	0	0	0	0	0	0	0	1	0	0	1	0	0	0	1	1	0	2	0	0	0	0	0	0	0	0	1	0	2	0	0	1	0	0	0	0	1	0	0	0	1	2	1	3	2	1	0	1	0	0	0	0	0	0	1	1	0	0	0	1	0	0	0	0	0	1	0	1	0	0	0	1	1	0	0	0	1	0	1	0	0	2	0	0	0	0	0	0	0	1	0	0	2	0	0	2	0	0	0	0	0	0	0	1	0	2	0	2	1	0	2	0	2	0	2	2	0	1	1	7	6	5	2	6	7	2	2	3	9	26	0	1	4	7	9	3	1	2	3	4	6	3	4	3	11	7	5	8	7	5	4	4
0	0	0	0	0	0	0	1	1	0	0	1	1	0	0	1	0	0	3	2	0	0	0	0	0	0	1	0	1	0	0	0	0	1	1	1	3	0	0	1	0	0	0	0	1	1	0	3	2	0	0	0	0	1	0	1	0	0	0	1	4	2	0	0	0	0	1	0	1	0	0	0	1	0	1	0	0	0	0	0	1	0	1	0	0	0	2	2	0	1	0	2	1	0	2	1	2	1	0	1	0	0	0	0	2	2	1	5	0	3	7	0	2	1	0	0	2	2	1	10	4	8	2	7	4	1	1	0	0	1	0	9	1	0	23	28	6	0	0	2	1	0	7	4	4	21	10	5	1	1	7	3	2	4
0	0	0	0	0	0	0	1	1	1	1	0	2	1	0	0	0	1	0	1	1	1	0	0	0	1	0	0	1	0	0	1	1	3	3	2	1	1	0	0	1	1	1	3	0	0	0	0	1	1	1	0	0	1	1	0	1	0	1	2	1	0	0	0	0	0	0	0	0	1	0	2	1	0	0	0	0	1	1	0	0	0	2	0	0	3	2	1	0	0	1	1	1	3	1	0	1	1	1	1	2	0	2	1	1	3	5	8	4	3	9	3	3	1	1	0	1	3	2	6	8	4	3	4	4	0	1	2	0	2	0	4	4	23	0	14	2	3	2	1	1	3	5	5	3	19	6	3	6	1	2	3	2	2
0	0	0	0	0	0	0	0	0	1	0	1	1	0	1	0	0	0	0	0	1	0	1	0	0	1	0	0	3	2	1	0	0	0	2	1	0	1	0	0	0	0	3	4	1	0	0	0	0	0	0	0	0	0	0	0	0	1	1	0	0	0	1	0	0	0	0	0	0	0	0	0	0	0	1	0	0	0	0	0	0	0	0	3	0	0	0	3	0	0	1	1	1	2	2	1	1	0	3	1	0	0	0	0	1	4	4	0	2	2	8	4	1	0	1	0	0	1	0	6	4	11	7	5	4	3	4	0	2	1	4	6	7	28	14	0	8	0	5	3	4	11	15	9	12	19	71	16	13	3	3	7	3	2
0	0	0	0	0	0	0	0	0	0	0	0	1	2	0	1	0	1	0	0	0	0	1	0	0	0	0	0	1	0	0	1	0	2	0	0	0	0	1	0	0	0	0	0	1	1	1	0	0	0	0	0	0	1	0	0	1	0	0	0	1	0	2	0	0	0	1	0	0	0	0	0	0	0	1	0	0	1	0	1	0	0	1	0	0	1	0	1	0	0	0	0	0	0	0	5	1	0	0	1	1	0	1	2	0	0	1	2	0	1	1	2	0	0	1	0	0	0	0	4	1	7	19	6	8	13	14	5	6	11	15	11	9	6	2	8	0	5	3	5	5	24	5	3	4	5	24	54	30	10	9	18	6	6
0	0	0	0	0	0	0	0	0	0	0	0	0	0	0	0	0	1	0	0	0	0	0	0	0	0	1	0	1	0	0	0	0	0	0	1	0	1	0	0	0	0	0	0	0	1	0	1	0	0	0	0	1	0	0	0	0	0	1	0	0	1	1	0	0	0	0	0	0	0	0	0	0	0	1	1	0	0	0	0	0	0	0	0	0	0	0	1	0	0	1	0	1	0	1	1	0	0	0	0	0	0	1	0	1	0	0	1	1	3	0	0	0	0	0	0	0	0	1	2	2	2	3	2	1	2	8	4	10	11	1	6	3	0	3	0	5	0	27	57	33	4	6	3	3	1	0	3	8	1	1	4	2	5
0	0	0	0	0	0	0	0	0	1	0	2	0	0	0	0	0	1	0	0	0	0	0	0	1	0	0	0	0	0	0	0	2	1	1	0	1	0	0	0	0	0	0	0	1	0	0	1	1	0	0	0	0	0	0	0	1	1	0	0	0	0	1	0	0	0	0	0	0	0	0	3	0	0	0	0	0	0	0	0	0	1	0	0	0	1	0	0	0	0	1	0	0	0	1	0	0	0	0	0	0	1	0	0	0	1	1	0	1	1	0	0	0	1	0	1	1	2	0	4	1	2	0	0	3	6	3	4	5	7	2	0	1	0	2	5	3	27	0	61	16	9	3	6	4	2	3	4	5	1	4	7	0	1
0	0	0	0	0	0	0	0	1	0	0	1	0	0	0	1	1	0	0	0	0	0	0	0	0	0	0	0	0	0	1	0	0	0	0	0	0	0	0	0	0	0	0	1	0	0	0	0	0	0	0	0	0	1	0	0	1	0	0	0	1	0	0	0	0	0	1	0	0	0	0	0	1	0	2	0	0	0	1	0	0	0	0	0	0	1	0	1	0	0	2	1	2	0	1	0	0	0	1	0	0	0	0	2	0	0	2	1	0	1	2	1	0	0	0	0	1	0	0	0	5	2	2	4	3	2	5	5	3	8	4	1	2	2	1	3	5	57	61	0	40	9	5	7	7	1	5	3	5	3	1	4	1	0
0	0	0	0	0	0	0	2	0	0	0	0	1	0	0	0	0	0	0	1	1	0	1	0	0	0	0	0	0	2	1	0	1	0	1	1	0	0	0	0	0	1	0	2	0	0	0	1	2	0	1	0	0	1	0	0	0	0	1	0	0	0	0	1	1	0	0	0	0	1	0	0	0	0	0	0	0	0	0	1	0	0	0	0	1	0	1	0	0	0	0	0	1	1	2	0	0	1	0	0	0	0	0	0	1	1	1	1	1	4	2	0	0	1	1	2	0	0	1	1	3	4	5	5	5	4	6	3	5	11	3	2	3	1	1	4	5	33	16	40	0	42	6	6	11	6	3	7	5	3	1	7	4	4
0	0	0	0	0	0	0	0	0	0	0	0	0	1	0	0	1	0	0	1	0	2	0	1	1	0	0	0	0	1	0	0	0	0	2	1	0	0	0	0	0	1	0	3	1	2	0	1	1	0	0	0	0	0	1	0	0	0	0	0	0	0	0	0	0	0	0	1	0	0	0	0	0	0	0	0	2	0	0	0	0	0	1	0	0	0	1	0	0	0	0	1	2	0	1	2	0	1	1	1	0	0	0	0	1	1	1	1	0	1	2	1	0	0	1	1	1	0	2	6	2	19	9	1	6	5	10	4	9	10	4	8	4	0	3	11	24	4	9	9	42	0	12	11	21	8	10	40	11	5	5	9	2	6
0	0	0	0	0	0	0	0	1	0	0	1	0	0	0	0	1	0	0	0	0	0	0	1	0	0	0	0	0	1	0	1	2	3	3	1	3	0	1	0	1	2	0	0	1	0	3	0	1	0	0	0	0	0	0	0	0	0	0	2	0	0	0	1	0	0	0	0	1	0	0	0	1	0	0	1	1	0	0	0	0	0	0	0	0	1	0	0	0	0	0	1	0	1	0	0	1	1	1	1	1	0	0	1	0	1	2	2	2	2	6	1	1	0	0	1	2	1	0	1	12	8	3	0	1	0	3	4	10	3	3	1	6	7	5	15	5	6	3	5	6	12	0	64	930	13	8	11	6	3	3	3	3	5
0	0	0	0	0	0	0	1	1	0	3	1	2	3	0	1	1	0	0	0	0	0	0	0	0	0	0	0	0	0	3	1	0	1	2	0	4	0	0	0	0	1	2	3	1	0	0	0	0	0	2	0	0	0	0	0	0	0	0	0	1	0	0	0	0	0	0	0	0	0	0	0	0	0	0	0	0	0	0	2	0	0	1	1	0	1	2	0	0	1	0	0	1	1	1	0	1	1	1	0	0	0	0	1	1	9	7	6	1	0	5	1	1	1	1	1	0	0	0	3	7	3	4	2	0	2	4	0	1	1	0	3	3	4	5	9	3	3	6	7	6	11	64	0	62	10	6	8	6	0	2	3	3	6
0	0	0	0	0	0	0	0	1	0	1	0	1	1	0	0	0	0	1	0	1	0	0	0	0	1	1	0	0	0	0	0	0	0	1	2	3	1	0	2	1	1	1	3	0	1	1	0	0	0	1	0	1	0	0	0	1	0	0	2	0	0	0	0	0	0	0	1	0	0	1	0	0	1	0	1	1	0	0	0	0	0	0	1	1	1	1	1	0	0	0	0	2	0	1	1	2	1	0	0	0	0	1	3	0	4	4	2	2	3	1	0	1	1	1	0	1	0	1	3	3	7	5	4	8	2	4	1	5	3	1	1	4	4	3	12	4	3	4	7	11	21	930	62	0	18	11	9	6	2	0	4	6	0
0	0	0	0	0	0	0	0	0	1	0	1	2	1	0	0	0	0	0	0	0	0	0	0	1	0	1	1	1	1	1	0	0	0	4	1	0	0	0	2	1	0	1	1	0	2	0	1	0	0	0	0	0	0	0	0	0	0	0	0	0	1	0	1	0	0	1	0	0	0	0	0	0	0	1	0	0	0	0	0	0	0	0	2	0	1	1	0	1	1	0	2	1	2	0	2	2	1	0	0	1	0	0	1	0	1	2	4	2	4	5	1	2	1	1	1	1	2	2	13	7	10	6	2	3	0	3	2	2	2	4	1	3	21	19	19	5	1	2	1	6	8	13	10	18	0	10	13	5	2	2	6	4	5
0	0	0	0	0	0	0	2	0	0	0	0	0	0	1	0	0	0	0	0	0	0	0	0	0	0	0	0	1	0	0	0	0	1	3	0	0	1	0	1	1	1	0	0	0	0	0	2	1	1	0	1	0	0	0	0	1	0	0	0	0	0	0	0	1	0	0	0	0	0	0	0	0	0	0	0	0	0	0	0	0	0	0	0	1	1	0	0	2	0	0	0	0	0	1	2	0	0	1	0	1	0	0	2	2	1	3	2	2	1	3	2	0	0	1	0	0	0	4	1	11	16	15	7	6	4	1	4	2	2	5	14	11	10	6	71	24	0	3	5	3	10	8	6	11	10	0	25	20	10	9	4	5	6
0	0	0	0	0	0	0	0	0	0	1	1	2	0	0	0	1	0	0	0	0	0	0	0	0	0	0	0	0	0	0	0	0	0	0	1	1	1	0	1	0	0	0	0	2	0	0	0	2	0	0	0	0	0	0	1	2	2	1	0	1	0	0	1	0	0	0	0	1	0	1	0	0	0	0	0	2	0	0	1	1	0	0	0	1	0	0	0	0	0	0	0	0	0	0	1	3	3	0	0	0	1	0	1	1	3	0	0	2	3	1	1	0	1	1	0	1	2	3	4	5	57	22	12	9	6	17	4	0	9	7	10	7	5	3	16	54	3	4	3	7	40	11	8	9	13	25	0	17	3	4	7	0	1
0	0	0	0	0	0	0	0	0	0	0	0	1	0	1	0	0	0	0	0	0	1	0	0	0	1	1	0	0	0	0	0	0	0	1	1	1	1	0	0	1	1	1	0	0	0	2	0	2	0	0	0	1	0	0	0	0	0	0	0	1	0	1	0	1	1	0	0	0	1	0	2	0	0	0	0	0	2	0	0	0	0	0	0	2	0	1	0	0	0	1	2	0	0	0	0	1	0	1	0	0	0	0	0	1	0	2	2	2	3	3	1	0	0	2	1	1	1	2	2	1	8	7	1	1	5	7	3	8	5	2	5	5	1	6	13	30	8	5	5	5	11	6	6	6	5	20	17	0	10	15	47	14	3
0	0	0	0	0	0	0	0	0	0	0	0	0	0	0	0	0	1	0	0	0	0	0	0	0	0	0	0	1	1	1	1	0	2	1	0	0	1	0	1	0	0	1	2	4	1	0	0	1	0	0	0	0	0	1	0	1	0	1	0	0	0	0	3	0	0	0	0	0	0	0	0	0	0	0	0	0	0	0	0	0	0	1	0	0	0	0	0	0	0	0	2	1	0	2	0	3	0	0	0	1	0	1	0	1	0	0	1	2	1	2	0	0	0	0	0	0	1	0	0	2	2	6	4	1	5	8	1	5	2	6	6	8	1	1	3	10	1	1	3	3	5	3	0	2	2	10	3	10	0	177	16	8	5
0	0	0	0	0	0	0	0	0	0	0	0	1	1	0	0	0	0	0	0	1	0	0	0	0	1	0	0	0	0	0	0	0	1	0	0	1	0	0	0	0	0	1	2	2	4	0	2	0	1	0	2	0	0	0	0	1	0	0	0	0	1	1	0	2	0	0	0	0	0	0	1	0	0	0	1	0	0	0	0	0	0	0	1	0	2	0	0	1	0	0	1	0	1	0	2	0	0	1	1	0	0	0	0	1	1	2	1	0	1	2	1	0	0	1	0	1	1	1	1	2	4	8	1	2	1	8	6	9	5	6	3	7	7	2	3	9	1	4	1	1	5	3	2	0	2	9	4	15	177	0	14	4	2
0	0	0	0	0	0	0	0	1	0	0	1	1	0	0	0	0	0	1	0	0	0	0	0	0	0	0	2	1	0	0	0	1	2	0	0	1	0	0	0	0	0	0	1	0	2	1	4	1	1	1	0	0	0	0	0	0	0	0	0	0	0	0	0	0	0	0	0	0	0	1	0	1	0	0	0	0	0	1	0	0	0	0	1	0	0	1	0	1	0	0	0	0	0	3	1	0	2	0	0	3	0	0	0	0	4	3	1	0	1	1	0	0	0	3	0	0	2	2	2	2	4	7	0	3	4	5	7	15	6	10	4	5	3	3	7	18	4	7	4	7	9	3	3	4	6	4	7	47	16	14	0	15	6
0	0	0	0	0	0	0	0	0	0	0	1	0	0	0	0	1	0	0	0	1	0	0	0	2	0	0	1	0	0	0	0	1	1	1	3	0	0	1	0	0	1	1	1	0	0	0	0	0	2	1	0	0	0	2	0	0	0	0	1	0	0	0	0	0	0	1	1	0	1	2	1	0	0	1	1	0	1	0	0	0	0	0	0	1	1	0	0	1	0	0	5	0	0	1	1	1	2	1	0	0	0	2	1	2	2	3	1	0	2	2	0	1	0	0	1	0	0	4	1	1	4	3	3	3	0	1	5	3	2	3	0	4	2	2	3	6	2	0	1	4	2	3	3	6	4	5	0	14	8	4	15	0	14
0	0	0	0	0	0	0	0	0	0	1	0	0	1	0	0	0	0	1	0	0	1	0	0	0	0	0	0	0	1	0	0	0	1	5	0	0	1	0	1	1	0	0	1	4	4	2	2	1	0	0	1	0	1	0	0	0	0	0	0	1	1	1	0	0	2	1	0	0	0	0	1	0	0	0	0	0	1	0	1	1	0	0	2	0	0	0	0	0	1	1	2	1	0	4	1	3	1	0	2	2	2	1	2	2	2	1	0	0	4	0	0	0	1	1	0	0	0	1	0	0	3	3	2	1	1	1	1	4	3	0	1	4	4	2	2	6	5	1	0	4	6	5	6	0	5	6	1	3	5	2	6	14	0
