0	0	0	0	0	0	0	0	0	0	0	0	0	0	0	0	0	0	0	0	0	0	0	0	0	0	0	0	0	0	0	0	0	0	0	0	0	0	0	0	0	0	0	0	0	0	0	0	0	0	0	0	0	0	0	0	0	0	0	0	0	0	0	0	0	0	0	0	0	0	0	0	0	0	0	0	0	0	0	0	0	0	0	0	0	0	0	0	0	0	0	0	0	0	0	0	0	0	0	0	0	0	0	0	0	0	0	0	0	0	0	0	0	0	0	0	0	0	0	0	0	0	0	0	0
0	0	0	0	0	0	0	0	0	0	0	0	0	0	0	0	0	0	0	0	0	0	0	0	0	0	0	0	0	0	0	0	0	0	0	0	0	0	0	0	0	0	0	0	0	0	0	0	0	0	0	0	0	0	0	0	0	0	0	0	0	0	0	0	0	0	0	0	0	0	0	0	0	0	0	0	0	0	0	0	0	0	0	0	0	0	0	0	0	0	0	0	0	0	0	0	0	0	0	0	0	0	0	0	0	0	0	0	0	0	0	0	0	0	0	0	0	0	0	0	0	0	0	0	0
0	0	0	0	0	0	0	0	0	0	0	0	0	0	0	0	0	0	0	0	0	0	0	0	0	0	0	0	0	0	0	0	0	0	0	0	0	0	0	0	0	0	0	0	0	0	0	0	0	0	0	0	0	0	0	0	0	0	0	0	0	0	0	0	0	0	0	0	0	0	0	0	0	0	0	0	0	0	0	0	0	0	0	0	0	0	0	0	0	0	0	0	0	0	0	0	0	0	0	0	0	0	0	0	0	0	0	0	0	0	0	0	0	0	0	0	0	0	0	0	0	0	0	0	0
0	0	0	0	61	29	28	28	11	8	13	21	16	19	14	2	11	9	6	3	7	3	0	1	2	1	3	0	0	5	2	1	1	2	2	2	0	4	6	6	2	8	5	2	1	2	2	0	4	4	1	3	0	0	0	0	0	0	1	2	3	1	4	2	3	2	2	1	1	1	0	1	1	0	1	4	7	4	3	9	5	2	6	9	10	7	9	5	3	1	4	5	2	6	4	5	3	4	3	0	1	2	1	0	2	1	1	2	1	1	3	0	0	1	0	2	0	3	3	1	1	1	3	2	2
0	0	0	61	0	112	82	33	21	35	25	73	42	72	53	12	11	11	11	7	8	8	0	6	2	0	3	3	3	2	1	5	3	6	1	5	4	5	7	9	11	6	10	5	4	1	0	2	2	3	1	3	4	1	1	0	2	1	4	3	1	2	2	2	1	6	0	3	1	1	1	2	2	1	4	8	12	7	3	9	5	9	9	7	25	27	7	12	5	1	2	5	7	7	14	3	3	2	1	1	0	2	0	0	1	1	3	2	4	3	1	1	2	3	2	2	4	3	3	0	1	6	3	6	6
0	0	0	29	112	0	182	52	34	43	32	48	25	35	50	21	22	9	9	6	8	3	4	3	0	1	1	1	4	3	4	4	4	5	1	3	4	5	3	8	9	7	3	7	4	1	1	5	3	4	0	3	1	4	2	3	1	3	4	3	12	3	2	4	0	4	2	5	1	3	1	2	1	4	2	11	6	6	3	3	8	5	7	14	14	23	23	13	12	5	1	8	2	7	16	10	8	0	5	2	1	2	5	2	3	0	4	4	1	1	0	2	0	4	3	2	2	4	4	7	3	3	7	4	7
0	0	0	28	82	182	0	107	40	39	16	19	13	19	23	10	5	6	7	8	8	3	2	1	1	3	0	1	1	1	5	1	2	1	3	4	3	2	3	11	3	6	9	1	3	3	2	1	3	6	3	3	3	1	1	0	1	1	2	3	4	9	5	4	9	2	2	2	4	0	3	1	1	7	5	10	3	3	7	4	1	5	8	14	15	19	14	4	2	4	5	4	6	8	12	8	9	5	2	2	0	1	1	2	2	0	2	0	2	1	0	0	1	0	1	2	3	2	1	3	1	0	1	4	3
0	0	0	28	33	52	107	0	58	34	20	26	7	8	20	9	6	7	9	8	3	5	3	3	1	2	4	1	4	1	3	1	0	5	2	3	0	6	1	1	3	3	2	4	4	2	1	2	2	6	3	1	6	1	2	4	4	1	1	4	12	3	5	3	4	6	6	1	1	2	3	0	1	3	3	4	3	1	2	5	3	6	0	7	8	20	6	9	5	4	5	4	6	7	12	7	9	3	2	0	0	2	0	0	0	2	2	2	2	3	1	0	1	1	2	1	0	1	5	3	3	3	4	2	5
0	0	0	11	21	34	40	58	0	179	33	25	8	12	27	25	11	10	3	9	10	10	7	1	0	4	3	2	0	3	2	4	4	2	3	3	1	1	3	8	3	3	8	8	4	5	4	2	2	5	3	2	4	2	1	2	3	1	11	12	11	7	4	12	10	4	10	4	4	1	2	1	0	5	7	8	7	2	6	5	4	6	8	12	10	24	17	10	9	5	6	2	7	10	14	15	13	6	4	3	5	1	1	2	1	4	3	2	3	2	2	0	2	2	2	1	4	0	1	2	1	5	3	6	7
0	0	0	8	35	43	39	34	179	0	107	59	18	14	68	39	12	11	11	10	12	13	6	5	4	4	4	0	4	1	7	1	4	2	2	2	1	6	3	10	4	5	10	8	5	5	5	3	3	6	8	4	1	4	2	0	7	5	3	5	11	5	4	7	13	12	3	4	6	5	3	2	2	8	6	5	5	6	3	6	4	10	12	16	21	68	32	23	11	6	3	9	6	11	23	21	12	10	2	1	0	5	4	5	4	3	3	3	2	1	3	0	1	1	3	1	3	2	3	5	4	3	2	7	3
0	0	0	13	25	32	16	20	33	107	0	81	45	25	136	100	62	18	35	27	24	17	5	5	3	1	5	8	3	6	4	8	8	6	6	5	5	2	3	13	7	22	19	13	5	6	4	13	10	12	2	5	1	5	1	2	4	3	8	18	18	13	4	8	17	17	13	3	10	4	2	7	3	7	10	5	21	5	4	13	6	13	29	36	32	130	57	33	8	3	6	5	12	13	23	19	16	11	5	4	0	5	7	2	0	5	4	5	3	0	3	2	2	1	2	1	2	7	3	3	1	7	5	10	7
0	0	0	21	73	48	19	26	25	59	81	0	65	99	191	38	58	18	44	19	16	14	6	4	2	3	6	9	3	3	10	2	5	5	6	12	5	7	11	13	11	12	10	8	8	3	4	4	10	8	3	6	3	4	0	3	0	3	5	8	4	2	3	5	5	6	2	6	1	3	0	1	1	4	6	2	14	8	4	14	5	8	16	22	33	38	24	12	6	4	3	5	5	5	8	10	6	4	4	2	2	1	2	0	4	5	2	5	1	0	3	0	2	2	1	2	3	3	1	4	2	2	3	5	2
0	0	0	16	42	25	13	7	8	18	45	65	0	369	99	23	105	37	36	17	12	9	6	2	2	1	4	12	5	5	3	2	9	10	12	13	11	9	17	36	24	55	20	6	3	2	6	4	6	7	4	5	3	1	0	1	1	4	1	4	8	0	4	2	5	0	6	5	2	6	1	1	3	4	7	5	14	8	9	11	7	12	15	34	70	23	18	9	4	3	3	7	8	10	10	7	8	6	4	3	3	3	2	3	4	0	6	4	0	1	2	3	1	2	2	3	5	2	2	6	3	4	5	5	10
0	0	0	19	72	35	19	8	12	14	25	99	369	0	70	21	50	29	25	12	11	6	3	1	4	4	2	4	2	7	6	5	9	7	7	5	10	10	11	19	23	22	17	10	6	4	3	5	1	3	2	2	2	3	3	0	3	3	4	3	5	2	2	7	5	3	1	4	2	1	2	2	0	2	4	6	12	7	5	14	10	11	6	23	43	26	15	10	1	1	2	5	10	5	14	6	6	6	2	4	2	2	3	3	2	2	2	3	2	1	0	3	2	2	1	3	3	5	5	4	5	3	2	4	5
0	0	0	14	53	50	23	20	27	68	136	191	99	70	0	50	84	25	31	11	11	11	5	4	2	3	3	3	2	1	4	5	6	4	10	8	5	3	8	12	11	16	27	10	2	4	6	0	5	3	1	6	5	3	2	3	3	1	5	11	9	5	4	4	5	8	5	8	4	6	5	2	4	3	5	17	13	8	5	13	6	14	18	54	71	113	54	28	11	10	2	3	7	9	18	11	6	5	3	2	1	1	0	1	3	4	4	2	2	3	1	2	3	3	2	4	5	1	5	7	6	5	5	9	11
0	0	0	2	12	21	10	9	25	39	100	38	23	21	50	0	54	18	23	26	34	24	8	8	7	7	4	4	6	7	5	13	5	9	9	5	6	6	7	9	10	33	31	29	11	6	11	8	4	4	5	5	8	4	4	3	4	4	5	9	4	7	3	3	10	10	7	5	10	6	4	6	6	6	16	19	39	22	20	13	4	35	81	129	60	155	114	61	8	4	5	7	13	18	24	19	17	8	7	4	1	5	9	0	5	6	7	5	7	2	4	3	1	3	3	5	5	5	7	6	7	7	4	13	18
0	0	0	11	11	22	5	6	11	12	62	58	105	50	84	54	0	97	127	41	31	16	6	7	5	4	9	6	6	6	12	6	15	7	5	12	10	5	8	30	14	52	30	25	9	2	5	12	12	15	8	8	4	4	1	3	4	4	7	5	8	5	4	3	11	9	6	3	5	5	5	0	4	5	7	10	17	9	12	20	14	25	17	74	82	34	28	21	8	3	4	5	11	4	10	6	2	7	7	1	2	2	3	1	0	7	3	5	3	3	0	1	5	2	3	5	8	8	5	13	8	6	4	11	15
0	0	0	9	11	9	6	7	10	11	18	18	37	29	25	18	97	0	366	81	28	13	7	6	4	3	11	12	8	13	13	12	19	12	5	11	5	15	16	30	25	37	39	17	7	5	6	9	9	13	10	3	1	4	0	3	1	3	2	4	6	0	4	4	4	8	4	4	3	3	7	1	2	7	8	8	7	12	14	18	26	24	10	30	24	13	14	15	5	2	4	3	8	3	4	7	4	2	1	1	1	3	1	2	0	2	2	5	1	2	3	3	4	3	4	4	7	4	1	1	3	6	4	8	8
0	0	0	6	11	9	7	9	3	11	35	44	36	25	31	23	127	366	0	50	27	12	6	4	2	2	7	14	3	10	15	10	9	6	6	6	10	8	10	19	17	18	16	8	3	4	6	4	9	7	8	12	4	3	2	3	4	4	4	4	3	2	1	3	10	4	7	5	3	2	4	3	3	1	5	9	6	10	10	16	10	18	16	27	22	15	16	13	0	2	2	3	6	5	5	4	4	4	4	3	2	3	2	0	4	1	3	4	6	0	1	2	2	2	0	3	3	8	4	4	7	2	5	5	6
0	0	0	3	7	6	8	8	9	10	27	19	17	12	11	26	41	81	50	0	160	39	11	11	7	3	20	22	10	6	26	12	10	12	4	7	5	4	19	16	12	21	21	25	6	7	6	14	11	33	15	12	5	4	1	1	4	4	9	8	7	9	4	3	11	14	9	7	3	9	6	7	6	6	6	3	14	10	6	20	16	16	17	16	19	15	17	16	3	2	4	2	11	5	4	8	3	3	4	4	2	5	7	7	2	8	7	3	2	4	7	4	1	4	1	6	5	3	3	4	6	3	2	5	10
0	0	0	7	8	8	8	3	10	12	24	16	12	11	11	34	31	28	27	160	0	88	19	13	10	7	14	22	14	5	26	20	12	13	8	4	5	10	4	7	5	13	22	29	5	4	8	22	20	58	17	21	11	2	1	1	2	2	3	10	7	8	14	11	16	20	28	8	11	10	8	8	2	7	7	10	11	8	6	14	12	26	21	23	8	15	16	14	6	2	4	5	8	4	7	5	10	15	2	4	2	7	10	3	6	8	7	10	5	3	1	5	4	6	0	7	9	6	6	8	9	10	9	5	5
0	0	0	3	8	3	3	5	10	13	17	14	9	6	11	24	16	13	12	39	88	0	70	32	9	15	8	16	11	4	14	24	13	8	5	3	6	3	6	7	4	10	19	36	12	7	11	41	44	33	29	26	16	7	9	3	5	9	17	16	10	7	6	11	19	27	37	20	26	17	13	17	4	12	18	13	11	7	8	28	5	28	35	18	15	14	22	14	16	5	9	7	6	5	6	11	13	13	10	1	8	7	4	7	5	8	16	14	5	3	7	7	5	4	5	2	3	4	4	11	11	11	9	11	6
0	0	0	0	0	4	2	3	7	6	5	6	6	3	5	8	6	7	6	11	19	70	0	70	11	17	11	12	11	7	13	21	8	4	10	7	5	4	7	4	2	2	15	16	9	10	21	59	20	19	33	72	37	15	5	6	6	13	23	11	10	4	4	11	17	22	45	50	48	26	17	43	20	38	19	10	10	11	8	13	6	16	25	10	8	2	8	11	5	3	5	4	3	7	4	12	4	21	24	12	10	11	23	13	9	21	46	29	13	4	10	7	7	3	4	8	1	7	0	7	8	30	20	1	9
0	0	0	1	6	3	1	3	1	5	5	4	2	1	4	8	7	6	4	11	13	32	70	0	61	101	24	8	17	16	22	31	12	5	6	1	2	2	4	4	4	8	6	20	30	23	70	210	32	25	41	147	52	19	11	15	9	11	4	8	6	4	7	7	9	14	21	20	21	26	56	38	26	36	12	11	6	6	14	11	11	11	17	9	7	6	6	10	4	3	4	3	7	5	2	3	5	12	12	7	8	14	13	11	16	22	24	80	31	8	6	5	6	6	10	11	8	10	4	6	13	21	6	7	5
0	0	0	2	2	0	1	1	0	4	3	2	2	4	2	7	5	4	2	7	10	9	11	61	0	253	18	24	33	14	27	34	11	3	3	6	3	3	2	5	5	1	5	14	9	16	40	50	39	14	48	36	32	17	7	7	3	7	3	4	4	3	2	3	3	9	9	7	14	27	44	19	14	13	6	4	3	7	5	5	11	6	2	2	3	3	1	5	0	5	2	1	4	1	2	3	1	2	7	4	11	9	10	8	9	11	6	21	23	10	11	7	5	1	1	7	8	4	2	7	9	10	4	8	1
0	0	0	1	0	1	3	2	4	4	1	3	1	4	3	7	4	3	2	3	7	15	17	101	253	0	20	24	38	14	21	33	13	5	6	2	6	4	0	3	3	1	11	19	19	39	78	51	29	16	33	34	43	21	7	7	10	6	5	3	3	7	3	5	6	9	9	14	11	20	45	20	15	17	9	6	4	6	4	6	10	11	5	4	3	2	4	1	5	3	2	5	8	3	7	5	2	6	9	7	9	7	11	7	10	13	20	53	25	17	10	10	3	7	8	7	4	5	3	9	12	11	11	7	8
0	0	0	3	3	1	0	4	3	4	5	6	4	2	3	4	9	11	7	20	14	8	11	24	18	20	0	233	86	107	149	70	35	12	5	7	6	11	8	1	6	7	13	5	10	14	11	22	21	19	26	11	8	8	1	3	3	2	4	6	3	2	4	1	4	5	4	2	9	13	12	4	7	4	3	3	6	7	6	26	16	7	13	14	5	4	10	3	1	0	2	6	4	3	1	2	2	5	2	4	2	2	3	2	3	2	6	8	6	2	8	3	1	4	1	3	6	9	5	3	6	6	2	6	4
0	0	0	0	3	1	1	1	2	0	8	9	12	4	3	4	6	12	14	22	22	16	12	8	24	24	233	0	52	41	68	44	23	3	6	4	4	6	6	5	5	7	7	15	10	8	13	25	51	55	40	20	6	6	7	3	3	7	3	3	4	2	4	3	7	7	5	7	10	15	13	13	5	2	8	2	4	8	6	10	11	11	10	11	10	3	6	1	5	2	1	1	2	3	2	5	7	3	6	4	3	5	3	0	6	2	4	12	5	4	3	1	3	1	5	5	5	4	2	3	1	8	3	3	1
0	0	0	0	3	4	1	4	0	4	3	3	5	2	2	6	6	8	3	10	14	11	11	17	33	38	86	52	0	91	156	131	62	12	8	9	10	16	9	9	4	9	10	18	17	23	33	29	20	17	38	12	9	4	6	9	0	2	0	1	4	1	4	2	3	5	3	6	10	5	12	2	7	11	6	8	3	5	7	15	21	5	7	13	7	2	6	5	9	2	3	6	4	3	0	6	2	3	0	2	3	2	5	6	4	3	9	10	5	9	9	6	4	2	4	6	6	8	3	6	11	12	4	3	5
0	0	0	5	2	3	1	1	3	1	6	3	5	7	1	7	6	13	10	6	5	4	7	16	14	14	107	41	91	0	79	35	65	14	7	11	6	23	12	5	7	5	12	11	6	15	15	11	12	12	16	5	8	3	1	3	3	2	4	3	2	4	2	4	5	5	3	8	1	10	4	3	7	5	4	2	5	10	7	15	25	11	6	7	5	5	2	3	2	2	0	2	5	1	5	4	2	1	0	5	2	1	1	3	3	4	3	7	4	5	2	6	1	1	5	1	3	2	4	5	9	4	2	9	2
0	0	0	2	1	4	5	3	2	7	4	10	3	6	4	5	12	13	15	26	26	14	13	22	27	21	149	68	156	79	0	407	76	13	6	10	11	15	14	5	5	13	13	24	17	13	24	29	17	25	21	12	8	3	4	5	5	5	5	6	5	2	0	4	8	6	9	10	9	14	14	10	7	10	10	6	13	8	12	34	26	21	14	8	5	4	8	8	2	2	2	3	2	6	2	3	1	2	2	2	2	2	6	6	2	3	7	10	6	5	6	4	1	7	7	7	8	7	8	9	9	10	10	4	5
0	0	0	1	5	4	1	1	4	1	8	2	2	5	5	13	6	12	10	12	20	24	21	31	34	33	70	44	131	35	407	0	63	15	12	6	7	17	8	6	2	6	20	44	34	14	57	46	23	23	21	25	10	11	3	3	2	6	7	7	4	1	2	5	8	8	10	4	11	14	5	12	6	13	12	8	14	8	12	21	24	18	10	7	10	5	6	5	1	1	3	3	3	7	6	1	4	7	6	0	4	5	5	5	5	8	13	16	10	12	3	4	5	5	2	8	4	7	3	13	14	13	4	11	10
0	0	0	1	3	4	2	0	4	4	8	5	9	9	6	5	15	19	9	10	12	13	8	12	11	13	35	23	62	65	76	63	0	38	16	13	19	27	17	10	14	18	11	26	21	17	23	11	15	11	9	8	7	6	1	0	3	2	2	3	1	1	1	0	3	3	5	4	3	10	5	5	7	9	7	13	11	17	22	59	88	30	10	8	8	10	8	5	4	6	4	3	5	5	2	7	1	1	2	0	4	1	4	4	3	3	5	10	6	8	3	4	4	7	2	4	9	7	7	9	16	11	8	8	10
0	0	0	2	6	5	1	5	2	2	6	5	10	7	4	9	7	12	6	12	13	8	4	5	3	5	12	3	12	14	13	15	38	0	62	48	76	29	40	19	14	27	36	19	24	11	10	12	8	8	1	5	2	1	3	4	4	1	1	4	3	1	2	2	1	1	2	6	4	5	4	3	2	1	12	8	20	36	51	71	88	30	11	15	10	6	6	8	3	4	2	7	10	3	6	1	2	4	5	2	1	5	1	0	5	5	3	8	3	3	4	2	11	6	6	9	10	18	19	17	15	7	10	13	15
0	0	0	2	1	1	3	2	3	2	6	6	12	7	10	9	5	5	6	4	8	5	10	6	3	6	5	6	8	7	6	12	16	62	0	88	34	15	25	9	15	30	24	10	16	15	5	5	1	6	5	6	3	3	3	1	2	1	3	5	0	1	2	2	4	3	4	3	3	2	1	2	3	3	12	20	24	87	132	23	24	24	17	9	18	8	7	9	5	2	7	4	8	10	3	8	4	5	2	2	2	0	4	0	2	2	3	9	3	5	5	3	9	17	8	6	22	31	45	31	21	6	12	23	29
0	0	0	2	5	3	4	3	3	2	5	12	13	5	8	5	12	11	6	7	4	3	7	1	6	2	7	4	9	11	10	6	13	48	88	0	117	34	76	31	35	34	21	9	10	2	2	1	2	0	7	5	1	1	1	0	1	0	3	4	6	2	1	0	1	6	0	2	2	2	1	3	5	4	7	12	12	31	38	18	26	19	9	9	25	8	7	7	3	5	4	10	6	5	5	5	2	1	1	4	1	2	3	3	3	2	4	2	2	4	3	0	8	3	6	9	10	11	10	18	9	2	7	6	10
0	0	0	0	4	4	3	0	1	1	5	5	11	10	5	6	10	5	10	5	5	6	5	2	3	6	6	4	10	6	11	7	19	76	34	117	0	85	70	29	24	20	10	13	4	4	6	5	5	2	2	4	4	2	2	2	1	0	2	1	1	0	1	3	1	2	4	4	1	1	1	2	3	8	3	7	8	21	21	34	39	18	15	11	16	5	5	6	1	1	7	3	6	2	7	2	1	0	2	0	0	2	2	1	1	4	1	4	2	6	2	4	2	4	5	7	6	7	14	5	5	4	12	9	15
0	0	0	4	5	5	2	6	1	6	2	7	9	10	3	6	5	15	8	4	10	3	4	2	3	4	11	6	16	23	15	17	27	29	15	34	85	0	102	29	32	27	16	6	6	5	7	6	4	4	3	3	4	3	2	1	2	4	2	0	1	3	0	4	5	1	3	0	6	0	2	5	1	2	11	3	4	13	9	36	56	12	5	10	13	3	5	3	3	2	4	5	5	3	1	2	3	5	0	2	2	2	2	4	2	2	3	0	2	2	1	2	7	1	3	5	3	1	6	4	5	5	7	4	9
0	0	0	6	7	3	3	1	3	3	3	11	17	11	8	7	8	16	10	19	4	6	7	4	2	0	8	6	9	12	14	8	17	40	25	76	70	102	0	81	119	56	19	14	11	4	6	4	4	2	3	5	5	2	2	0	2	1	2	1	2	1	1	2	4	1	2	1	4	3	4	1	2	1	3	1	16	17	21	38	67	22	11	14	12	6	8	4	3	2	3	2	5	2	3	2	3	3	4	1	0	0	3	4	4	2	2	4	0	3	5	2	5	6	1	3	6	14	10	11	9	4	2	6	12
0	0	0	6	9	8	11	1	8	10	13	13	36	19	12	9	30	30	19	16	7	7	4	4	5	3	1	5	9	5	5	6	10	19	9	31	29	29	81	0	479	65	14	6	2	3	4	3	4	2	6	1	7	4	0	0	1	1	3	2	2	3	1	2	4	4	5	2	2	2	3	3	5	2	3	4	3	10	14	22	26	21	9	19	20	8	5	5	5	2	3	5	8	4	5	4	4	0	3	2	0	0	2	0	1	0	6	2	5	2	1	1	4	0	1	0	3	5	3	6	2	2	3	4	7
0	0	0	2	11	9	3	3	3	4	7	11	24	23	11	10	14	25	17	12	5	4	2	4	5	3	6	5	4	7	5	2	14	14	15	35	24	32	119	479	0	52	22	10	9	1	2	3	3	9	3	4	3	2	0	1	2	0	3	4	2	0	0	1	6	5	0	1	3	3	3	1	1	0	4	7	9	7	13	25	27	9	9	12	15	9	7	10	3	1	4	4	4	4	4	3	9	1	3	1	2	3	4	1	2	4	4	3	2	4	1	0	2	1	4	0	6	3	6	5	5	3	3	4	8
0	0	0	8	6	7	6	3	3	5	22	12	55	22	16	33	52	37	18	21	13	10	2	8	1	1	7	7	9	5	13	6	18	27	30	34	20	27	56	65	52	0	63	16	7	7	8	2	7	12	5	3	3	2	2	1	2	2	5	4	3	1	5	2	6	3	5	3	5	3	4	2	3	3	6	14	26	25	26	39	33	44	19	60	101	24	21	13	6	8	5	2	12	6	9	6	4	1	1	1	1	1	2	3	3	2	2	2	2	5	2	2	3	5	3	2	4	6	6	14	6	3	9	10	25
0	0	0	5	10	3	9	2	8	10	19	10	20	17	27	31	30	39	16	21	22	19	15	6	5	11	13	7	10	12	13	20	11	36	24	21	10	16	19	14	22	63	0	70	29	11	14	7	7	9	5	17	5	4	4	1	4	6	1	7	3	3	3	6	4	5	7	7	3	7	6	8	4	10	9	32	88	57	77	64	45	555	108	151	47	25	34	24	7	5	9	11	20	12	10	10	6	2	2	1	4	4	5	4	2	6	6	5	4	4	6	4	2	6	4	6	9	10	13	18	13	9	14	19	35
0	0	0	2	5	7	1	4	8	8	13	8	6	10	10	29	25	17	8	25	29	36	16	20	14	19	5	15	18	11	24	44	26	19	10	9	13	6	14	6	10	16	70	0	70	18	30	18	11	10	12	16	4	5	4	5	0	4	9	6	7	1	10	5	11	9	6	7	3	5	13	11	12	17	25	32	46	40	38	45	24	132	120	41	22	15	19	17	6	3	6	11	16	10	8	7	9	4	4	3	5	8	4	4	5	6	11	14	3	5	7	9	4	8	6	13	15	21	12	27	23	29	16	18	26
0	0	0	1	4	4	3	4	4	5	5	8	3	6	2	11	9	7	3	6	5	12	9	30	9	19	10	10	17	6	17	34	21	24	16	10	4	6	11	2	9	7	29	70	0	44	80	16	10	11	12	10	8	13	6	3	2	8	5	4	8	4	0	3	3	7	7	4	2	9	5	6	11	36	50	21	19	36	31	27	17	33	32	16	7	5	10	6	3	5	7	7	10	6	5	4	10	3	5	7	3	5	11	9	1	9	19	37	9	12	6	9	11	11	7	26	30	21	14	61	72	47	27	33	16
0	0	0	2	1	1	3	2	5	5	6	3	2	4	4	6	2	5	4	7	4	7	10	23	16	39	14	8	23	15	13	14	17	11	15	2	4	5	4	3	1	7	11	18	44	0	126	18	4	6	5	15	9	11	2	5	4	4	5	4	5	2	2	4	3	7	5	5	2	11	17	11	18	31	22	10	10	12	14	5	7	9	6	5	4	2	0	2	3	2	3	9	0	3	2	3	4	4	8	7	1	9	3	6	8	12	13	48	18	33	35	21	21	10	11	25	12	10	10	21	38	32	10	14	10
0	0	0	2	0	1	2	1	4	5	4	4	6	3	6	11	5	6	6	6	8	11	21	70	40	78	11	13	33	15	24	57	23	10	5	2	6	7	6	4	2	8	14	30	80	126	0	33	11	12	15	18	16	11	2	2	3	6	6	3	2	1	4	1	4	7	10	6	10	13	22	16	23	45	27	11	7	17	15	16	10	20	15	10	5	8	3	5	6	1	6	2	6	2	6	3	4	7	2	4	5	9	10	7	10	14	24	79	23	24	20	11	13	7	11	16	11	12	8	12	23	30	8	12	5
0	0	0	0	2	5	1	2	2	3	13	4	4	5	0	8	12	9	4	14	22	41	59	210	50	51	22	25	29	11	29	46	11	12	5	1	5	6	4	3	3	2	7	18	16	18	33	0	77	48	139	236	40	14	8	5	8	12	14	6	5	6	4	8	9	19	34	20	44	54	38	30	14	16	12	13	10	11	5	12	6	15	10	10	2	4	6	5	3	4	6	3	4	2	5	14	5	3	5	6	8	11	7	9	6	9	20	39	10	5	10	9	4	5	3	5	10	6	3	6	7	15	5	6	5
0	0	0	4	2	3	3	2	2	3	10	10	6	1	5	4	12	9	9	11	20	44	20	32	39	29	21	51	20	12	17	23	15	8	1	2	5	4	4	4	3	7	7	11	10	4	11	77	0	363	414	70	24	12	9	8	5	8	6	5	7	1	4	5	11	15	19	7	21	65	27	11	8	8	5	6	5	3	4	11	7	7	10	6	2	5	3	8	3	1	6	3	1	3	3	3	1	1	4	3	3	6	9	6	5	6	11	7	5	4	6	8	4	3	4	4	4	2	2	3	6	8	3	2	1
0	0	0	4	3	4	6	6	5	6	12	8	7	3	3	4	15	13	7	33	58	33	19	25	14	16	19	55	17	12	25	23	11	8	6	0	2	4	2	2	9	12	9	10	11	6	12	48	363	0	117	41	18	6	3	6	6	9	9	9	13	8	7	8	19	41	28	18	15	48	10	5	4	9	8	8	3	8	6	5	8	11	10	6	6	6	4	3	3	3	2	2	6	1	4	4	3	8	2	5	4	4	10	4	6	5	6	17	3	3	5	6	1	3	3	1	8	2	3	4	4	2	6	3	4
0	0	0	1	1	0	3	3	3	8	2	3	4	2	1	5	8	10	8	15	17	29	33	41	48	33	26	40	38	16	21	21	9	1	5	7	2	3	3	6	3	5	5	12	12	5	15	139	414	117	0	122	33	13	10	6	4	9	5	4	7	5	10	6	8	14	22	14	33	90	39	11	9	11	10	6	6	6	7	6	8	5	5	4	5	5	6	8	3	2	2	2	3	2	5	4	5	6	8	6	2	4	8	5	4	9	7	22	7	5	13	6	5	3	3	3	4	3	0	3	8	4	4	9	1
0	0	0	3	3	3	3	1	2	4	5	6	5	2	6	5	8	3	12	12	21	26	72	147	36	34	11	20	12	5	12	25	8	5	6	5	4	3	5	1	4	3	17	16	10	15	18	236	70	41	122	0	88	33	15	8	10	8	13	8	9	5	6	14	21	8	37	36	48	136	87	32	13	16	13	5	4	12	6	5	2	13	6	9	2	4	4	8	8	2	6	3	3	2	0	4	2	11	13	4	6	25	16	8	10	14	17	29	19	10	2	12	6	3	4	5	8	3	7	4	4	17	6	3	7
0	0	0	0	4	1	3	6	4	1	1	3	3	2	5	8	4	1	4	5	11	16	37	52	32	43	8	6	9	8	8	10	7	2	3	1	4	4	5	7	3	3	5	4	8	9	16	40	24	18	33	88	0	111	21	14	13	15	12	6	9	2	12	10	10	14	17	48	51	87	649	148	19	14	9	8	3	4	7	4	2	6	8	2	3	1	5	5	5	7	6	1	2	3	4	7	4	14	18	18	5	23	24	11	14	13	17	35	32	8	9	7	4	4	5	9	5	2	2	6	2	11	4	4	3
0	0	0	0	1	4	1	1	2	4	5	4	1	3	3	4	4	4	3	4	2	7	15	19	17	21	8	6	4	3	3	11	6	1	3	1	2	3	2	4	2	2	4	5	13	11	11	14	12	6	13	33	111	0	69	16	21	19	11	13	6	5	3	7	7	6	20	24	18	27	81	74	24	16	7	2	3	7	2	4	5	0	7	2	3	5	2	6	1	4	1	2	4	1	0	2	4	6	13	12	16	21	22	26	21	12	14	23	35	8	12	7	6	6	1	8	4	1	0	4	5	5	3	4	9
0	0	0	0	1	2	1	2	1	2	1	0	0	3	2	4	1	0	2	1	1	9	5	11	7	7	1	7	6	1	4	3	1	3	3	1	2	2	2	0	0	2	4	4	6	2	2	8	9	3	10	15	21	69	0	167	32	22	14	7	4	7	5	8	10	11	6	11	10	21	13	28	18	7	4	2	3	2	1	2	3	4	3	4	0	0	2	3	2	2	1	4	6	1	2	3	1	3	12	20	32	41	24	32	22	18	13	8	8	10	9	2	1	2	5	4	3	3	1	6	3	3	3	3	1
0	0	0	0	0	3	0	4	2	0	2	3	1	0	3	3	3	3	3	1	1	3	6	15	7	7	3	3	9	3	5	3	0	4	1	0	2	1	0	0	1	1	1	5	3	5	2	5	8	6	6	8	14	16	167	0	90	28	14	5	4	6	4	8	9	5	7	15	17	12	9	15	17	6	4	3	4	1	1	3	0	2	3	2	3	1	5	3	2	2	1	2	1	0	2	2	1	9	29	38	24	34	10	21	21	17	16	6	11	6	5	3	6	3	2	3	1	3	2	2	4	1	1	0	1
0	0	0	0	2	1	1	4	3	7	4	0	1	3	3	4	4	1	4	4	2	5	6	9	3	10	3	3	0	3	5	2	3	4	2	1	1	2	2	1	2	2	4	0	2	4	3	8	5	6	4	10	13	21	32	90	0	132	27	15	18	13	7	25	12	13	22	42	29	15	16	25	9	4	3	4	2	3	4	1	2	3	3	5	2	3	5	9	6	1	1	1	4	6	1	6	4	17	43	32	16	39	30	12	16	10	11	9	10	8	1	3	3	1	3	3	2	5	3	3	1	10	8	3	3
0	0	0	0	1	3	1	1	1	5	3	3	4	3	1	4	4	3	4	4	2	9	13	11	7	6	2	7	2	2	5	6	2	1	1	0	0	4	1	1	0	2	6	4	8	4	6	12	8	9	9	8	15	19	22	28	132	0	74	24	14	18	17	43	14	22	38	79	34	16	18	19	11	13	2	4	4	5	1	5	0	5	6	3	3	3	3	4	0	2	3	1	3	3	3	9	2	30	60	13	7	27	26	18	11	17	9	11	8	5	2	4	4	0	0	6	1	3	1	4	1	5	1	2	3
0	0	0	1	4	4	2	1	11	3	8	5	1	4	5	5	7	2	4	9	3	17	23	4	3	5	4	3	0	4	5	7	2	1	3	3	2	2	2	3	3	5	1	9	5	5	6	14	6	9	5	13	12	11	14	14	27	74	0	72	42	59	38	75	37	32	30	53	28	13	11	7	9	8	3	7	3	5	3	9	9	2	6	3	1	5	6	5	10	5	4	4	3	5	4	9	5	123	47	12	5	11	18	11	18	17	12	5	4	5	3	7	1	2	2	1	7	0	2	3	6	9	3	5	1
0	0	0	2	3	3	3	4	12	5	18	8	4	3	11	9	5	4	4	8	10	16	11	8	4	3	6	3	1	3	6	7	3	4	5	4	1	0	1	2	4	4	7	6	4	4	3	6	5	9	4	8	6	13	7	5	15	24	72	0	267	140	71	56	80	27	22	19	15	5	7	7	9	8	7	6	2	3	5	5	1	2	10	5	4	13	5	8	12	6	5	4	3	7	5	11	10	104	12	13	7	11	11	8	9	12	6	6	5	4	1	3	4	1	3	2	2	2	2	3	1	7	2	5	3
0	0	0	3	1	12	4	12	11	11	18	4	8	5	9	4	8	6	3	7	7	10	10	6	4	3	3	4	4	2	5	4	1	3	0	6	1	1	2	2	2	3	3	7	8	5	2	5	7	13	7	9	9	6	4	4	18	14	42	267	0	84	70	55	212	43	36	13	15	10	10	7	2	4	7	8	5	3	3	7	4	9	14	5	7	16	8	7	4	5	5	4	3	7	10	15	7	35	24	6	4	13	14	5	10	4	6	7	4	1	3	2	2	1	2	5	4	1	1	3	2	10	3	9	2
0	0	0	1	2	3	9	3	7	5	13	2	0	2	5	7	5	0	2	9	8	7	4	4	3	7	2	2	1	4	2	1	1	1	1	2	0	3	1	3	0	1	3	1	4	2	1	6	1	8	5	5	2	5	7	6	13	18	59	140	84	0	273	81	37	19	19	18	12	9	3	5	3	4	5	4	3	5	3	3	1	5	3	2	3	6	10	1	6	3	4	1	4	6	5	11	12	34	14	11	6	9	6	4	5	5	6	2	3	2	1	2	2	0	2	1	0	0	3	2	1	5	1	3	2
0	0	0	4	2	2	5	5	4	4	4	3	4	2	4	3	4	4	1	4	14	6	4	7	2	3	4	4	4	2	0	2	1	2	2	1	1	0	1	1	0	5	3	10	0	2	4	4	4	7	10	6	12	3	5	4	7	17	38	71	70	273	0	192	50	23	13	15	8	5	7	7	3	2	3	2	5	3	2	3	3	2	7	5	1	4	5	2	5	1	3	0	0	1	2	8	3	28	4	6	2	12	8	1	6	4	3	4	2	3	1	0	2	3	1	1	1	2	1	3	4	1	6	3	3
0	0	0	2	2	4	4	3	12	7	8	5	2	7	4	3	3	4	3	3	11	11	11	7	3	5	1	3	2	4	4	5	0	2	2	0	3	4	2	2	1	2	6	5	3	4	1	8	5	8	6	14	10	7	8	8	25	43	75	56	55	81	192	0	58	30	30	27	25	12	5	13	3	8	2	3	2	3	0	4	1	4	3	5	1	4	6	6	4	0	2	2	2	4	8	2	2	28	24	10	4	7	10	7	6	5	7	7	3	2	2	5	3	2	2	2	0	2	4	2	0	8	5	5	1
0	0	0	3	1	0	9	4	10	13	17	5	5	5	5	10	11	4	10	11	16	19	17	9	3	6	4	7	3	5	8	8	3	1	4	1	1	5	4	4	6	6	4	11	3	3	4	9	11	19	8	21	10	7	10	9	12	14	37	80	212	37	50	58	0	180	63	27	26	6	7	10	8	2	7	1	4	2	3	3	2	5	11	5	4	6	8	1	6	4	7	4	4	5	6	11	11	26	13	5	2	8	8	6	10	6	14	4	5	5	8	1	2	2	0	4	3	1	1	1	8	2	2	6	0
0	0	0	2	6	4	2	6	4	12	17	6	0	3	8	10	9	8	4	14	20	27	22	14	9	9	5	7	5	5	6	8	3	1	3	6	2	1	1	4	5	3	5	9	7	7	7	19	15	41	14	8	14	6	11	5	13	22	32	27	43	19	23	30	180	0	109	34	27	15	9	8	4	11	7	5	9	6	3	7	5	6	7	8	10	5	6	7	3	2	1	3	4	7	7	6	4	12	2	6	6	6	15	5	3	15	9	8	5	4	5	2	2	2	2	2	5	1	3	1	6	6	2	5	2
0	0	0	2	0	2	2	6	10	3	13	2	6	1	5	7	6	4	7	9	28	37	45	21	9	9	4	5	3	3	9	10	5	2	4	0	4	3	2	5	0	5	7	6	7	5	10	34	19	28	22	37	17	20	6	7	22	38	30	22	36	19	13	30	63	109	0	136	114	57	19	24	6	9	7	5	5	3	6	3	7	6	11	5	6	3	5	7	5	5	2	1	4	8	4	9	5	23	18	6	7	23	16	12	9	14	12	9	10	1	4	1	2	1	2	4	1	3	3	6	4	15	4	5	5
0	0	0	1	3	5	2	1	4	4	3	6	5	4	8	5	3	4	5	7	8	20	50	20	7	14	2	7	6	8	10	4	4	6	3	2	4	0	1	2	1	3	7	7	4	5	6	20	7	18	14	36	48	24	11	15	42	79	53	19	13	18	15	27	27	34	136	0	136	43	12	48	17	10	11	6	4	4	3	2	6	5	9	7	1	6	5	4	7	2	0	2	3	7	1	6	6	25	40	18	12	24	36	16	13	21	14	21	9	7	4	3	7	3	4	3	5	7	1	4	4	9	7	4	2
0	0	0	1	1	1	4	1	4	6	10	1	2	2	4	10	5	3	3	3	11	26	48	21	14	11	9	10	10	1	9	11	3	4	3	2	1	6	4	2	3	5	3	3	2	2	10	44	21	15	33	48	51	18	10	17	29	34	28	15	15	12	8	25	26	27	114	136	0	93	41	38	13	11	8	4	4	3	6	2	3	5	6	4	5	3	7	5	1	1	2	7	5	4	3	4	1	16	20	11	8	29	15	5	12	10	14	14	11	5	5	5	3	1	1	5	1	1	1	5	2	10	8	7	2
0	0	0	1	1	3	0	2	1	5	4	3	6	1	6	6	5	3	2	9	10	17	26	26	27	20	13	15	5	10	14	14	10	5	2	2	1	0	3	2	3	3	7	5	9	11	13	54	65	48	90	136	87	27	21	12	15	16	13	5	10	9	5	12	6	15	57	43	93	0	76	32	18	14	5	3	3	2	0	7	7	5	7	7	5	3	6	5	2	1	4	1	1	4	1	3	3	5	14	11	8	18	6	13	12	11	12	14	11	7	1	5	5	3	2	9	2	3	1	3	12	8	4	2	1
0	0	0	0	1	1	3	3	2	3	2	0	1	2	5	4	5	7	4	6	8	13	17	56	44	45	12	13	12	4	14	5	5	4	1	1	1	2	4	3	3	4	6	13	5	17	22	38	27	10	39	87	649	81	13	9	16	18	11	7	10	3	7	5	7	9	19	12	41	76	0	70	36	17	9	7	2	8	6	4	5	3	9	7	2	3	2	2	1	0	3	0	4	5	0	7	2	5	9	6	8	25	20	10	11	12	18	35	33	5	10	7	6	3	1	6	4	4	2	1	4	10	4	4	2
0	0	0	1	2	2	1	0	1	2	7	1	1	2	2	6	0	1	3	7	8	17	43	38	19	20	4	13	2	3	10	12	5	3	2	3	2	5	1	3	1	2	8	11	6	11	16	30	11	5	11	32	148	74	28	15	25	19	7	7	7	5	7	13	10	8	24	48	38	32	70	0	78	19	15	5	2	2	1	3	8	3	2	5	0	3	4	5	4	4	3	3	6	3	2	5	4	10	21	16	20	70	51	44	54	37	34	55	40	14	11	7	6	4	4	6	2	5	4	5	6	15	4	3	4
0	0	0	1	2	1	1	1	0	2	3	1	3	0	4	6	4	2	3	6	2	4	20	26	14	15	7	5	7	7	7	6	7	2	3	5	3	1	2	5	1	3	4	12	11	18	23	14	8	4	9	13	19	24	18	17	9	11	9	9	2	3	3	3	8	4	6	17	13	18	36	78	0	53	13	10	4	7	5	4	5	3	5	2	0	6	5	6	4	2	8	3	4	5	4	2	1	10	16	17	28	35	45	58	38	40	55	96	243	26	29	16	3	5	6	16	5	5	3	7	11	18	12	8	7
0	0	0	0	1	4	7	3	5	8	7	4	4	2	3	6	5	7	1	6	7	12	38	36	13	17	4	2	11	5	10	13	9	1	3	4	8	2	1	2	0	3	10	17	36	31	45	16	8	9	11	16	14	16	7	6	4	13	8	8	4	4	2	8	2	11	9	10	11	14	17	19	53	0	47	7	8	10	4	8	4	7	9	10	5	7	3	6	7	5	12	7	8	9	5	5	8	5	9	10	18	15	33	15	30	34	138	183	29	17	33	20	8	10	12	21	11	6	6	17	45	118	26	16	6
0	0	0	1	4	2	5	3	7	6	10	6	7	4	5	16	7	8	5	6	7	18	19	12	6	9	3	8	6	4	10	12	7	12	12	7	3	11	3	3	4	6	9	25	50	22	27	12	5	8	10	13	9	7	4	4	3	2	3	7	7	5	3	2	7	7	7	11	8	5	9	15	13	47	0	91	24	16	15	7	10	13	32	21	6	10	12	10	14	10	20	15	17	13	9	4	14	18	5	5	11	8	19	10	19	11	53	20	4	7	13	10	11	14	8	26	27	15	12	32	49	223	159	60	29
0	0	0	4	8	11	10	4	8	5	5	2	5	6	17	19	10	8	9	3	10	13	10	11	4	6	3	2	8	2	6	8	13	8	20	12	7	3	1	4	7	14	32	32	21	10	11	13	6	8	6	5	8	2	2	3	4	4	7	6	8	4	2	3	1	5	5	6	4	3	7	5	10	7	91	0	72	37	28	9	10	18	53	22	17	13	15	32	25	16	41	42	60	23	21	13	13	7	3	3	2	9	7	5	8	15	11	15	8	5	10	7	13	12	16	20	26	26	24	32	22	24	75	118	102
0	0	0	7	12	6	3	3	7	5	21	14	14	12	13	39	17	7	6	14	11	11	10	6	3	4	6	4	3	5	13	14	11	20	24	12	8	4	16	3	9	26	88	46	19	10	7	10	5	3	6	4	3	3	3	4	2	4	3	2	5	3	5	2	4	9	5	4	4	3	2	2	4	8	24	72	0	81	53	16	14	54	84	81	38	24	32	39	14	11	12	22	57	33	21	16	9	8	4	6	5	4	10	3	8	8	12	6	7	3	3	3	5	8	3	4	13	11	18	25	16	21	25	60	100
0	0	0	4	7	6	3	1	2	6	5	8	8	7	8	22	9	12	10	10	8	7	11	6	7	6	7	8	5	10	8	8	17	36	87	31	21	13	17	10	7	25	57	40	36	12	17	11	3	8	6	12	4	7	2	1	3	5	5	3	3	5	3	3	2	6	3	4	3	2	8	2	7	10	16	37	81	0	1081	23	28	41	26	21	17	11	8	16	7	5	12	11	22	13	8	10	5	5	3	2	3	3	5	5	5	11	5	7	4	2	6	6	10	13	7	15	28	42	35	79	47	17	11	101	74
0	0	0	3	3	3	7	2	6	3	4	4	9	5	5	20	12	14	10	6	6	8	8	14	5	4	6	6	7	7	12	12	22	51	132	38	21	9	21	14	13	26	77	38	31	14	15	5	4	6	7	6	7	2	1	1	4	1	3	5	3	3	2	0	3	3	6	3	6	0	6	1	5	4	15	28	53	1081	0	48	35	58	26	26	21	7	17	11	6	7	13	11	12	9	7	8	6	2	6	3	3	2	6	2	4	4	9	9	3	3	6	7	9	8	16	13	34	31	31	65	25	13	17	59	48
0	0	0	9	9	3	4	5	5	6	13	14	11	14	13	13	20	18	16	20	14	28	13	11	5	6	26	10	15	15	34	21	59	71	23	18	34	36	38	22	25	39	64	45	27	5	16	12	11	5	6	5	4	4	2	3	1	5	9	5	7	3	3	4	3	7	3	2	2	7	4	3	4	8	7	9	16	23	48	0	241	125	20	31	13	11	11	9	6	1	5	12	5	6	2	8	9	6	6	3	2	4	2	2	6	5	10	6	4	1	1	2	4	5	7	8	10	9	5	19	14	5	6	8	11
0	0	0	5	5	8	1	3	4	4	6	5	7	10	6	4	14	26	10	16	12	5	6	11	11	10	16	11	21	25	26	24	88	88	24	26	39	56	67	26	27	33	45	24	17	7	10	6	7	8	8	2	2	5	3	0	2	0	9	1	4	1	3	1	2	5	7	6	3	7	5	8	5	4	10	10	14	28	35	241	0	53	19	9	17	11	7	9	1	3	4	5	6	9	4	3	3	2	1	1	0	1	4	1	2	5	7	9	6	3	3	4	7	6	2	5	11	12	5	11	5	11	14	10	7
0	0	0	2	9	5	5	6	6	10	13	8	12	11	14	35	25	24	18	16	26	28	16	11	6	11	7	11	5	11	21	18	30	30	24	19	18	12	22	21	9	44	555	132	33	9	20	15	7	11	5	13	6	0	4	2	3	5	2	2	9	5	2	4	5	6	6	5	5	5	3	3	3	7	13	18	54	41	58	125	53	0	95	66	37	14	22	16	5	6	8	8	12	10	10	8	5	3	1	5	4	6	6	7	3	6	6	11	4	4	2	10	7	8	6	11	4	10	8	29	16	20	17	20	16
0	0	0	6	9	7	8	0	8	12	29	16	15	6	18	81	17	10	16	17	21	35	25	17	2	5	13	10	7	6	14	10	10	11	17	9	15	5	11	9	9	19	108	120	32	6	15	10	10	10	5	6	8	7	3	3	3	6	6	10	14	3	7	3	11	7	11	9	6	7	9	2	5	9	32	53	84	26	26	20	19	95	0	87	36	31	46	33	17	12	13	13	17	21	13	17	26	7	6	4	3	10	6	2	2	9	17	10	6	6	4	4	5	6	5	6	14	12	14	15	12	30	15	29	24
0	0	0	9	7	14	14	7	12	16	36	22	34	23	54	129	74	30	27	16	23	18	10	9	2	4	14	11	13	7	8	7	8	15	9	9	11	10	14	19	12	60	151	41	16	5	10	10	6	6	4	9	2	2	4	2	5	3	3	5	5	2	5	5	5	8	5	7	4	7	7	5	2	10	21	22	81	21	26	31	9	66	87	0	206	56	69	39	10	5	6	5	22	19	14	7	8	1	1	6	0	3	2	1	4	2	11	9	7	4	3	5	3	2	1	8	11	5	17	10	11	12	15	26	26
0	0	0	10	25	14	15	8	10	21	32	33	70	43	71	60	82	24	22	19	8	15	8	7	3	3	5	10	7	5	5	10	8	10	18	25	16	13	12	20	15	101	47	22	7	4	5	2	2	6	5	2	3	3	0	3	2	3	1	4	7	3	1	1	4	10	6	1	5	5	2	0	0	5	6	17	38	17	21	13	17	37	36	206	0	45	51	30	8	5	7	7	16	18	19	10	8	3	3	2	0	2	3	0	6	4	3	3	2	4	1	1	3	4	2	5	3	10	8	6	7	10	6	9	13
0	0	0	7	27	23	19	20	24	68	130	38	23	26	113	155	34	13	15	15	15	14	2	6	3	2	4	3	2	5	4	5	10	6	8	8	5	3	6	8	9	24	25	15	5	2	8	4	5	6	5	4	1	5	0	1	3	3	5	13	16	6	4	4	6	5	3	6	3	3	3	3	6	7	10	13	24	11	7	11	11	14	31	56	45	0	280	73	10	11	7	6	21	24	54	23	18	8	5	3	2	6	5	3	4	7	7	4	6	1	5	3	0	4	4	4	3	8	5	4	3	7	12	7	11
0	0	0	9	7	23	14	6	17	32	57	24	18	15	54	114	28	14	16	17	16	22	8	6	1	4	10	6	6	2	8	6	8	6	7	7	5	5	8	5	7	21	34	19	10	0	3	6	3	4	6	4	5	2	2	5	5	3	6	5	8	10	5	6	8	6	5	5	7	6	2	4	5	3	12	15	32	8	17	11	7	22	46	69	51	280	0	223	28	10	8	9	20	40	81	32	22	6	2	5	3	4	2	5	3	10	7	1	4	3	3	5	1	3	3	4	5	6	7	10	8	9	6	9	12
0	0	0	5	12	13	4	9	10	23	33	12	9	10	28	61	21	15	13	16	14	14	11	10	5	1	3	1	5	3	8	5	5	8	9	7	6	3	4	5	10	13	24	17	6	2	5	5	8	3	8	8	5	6	3	3	9	4	5	8	7	1	2	6	1	7	7	4	5	5	2	5	6	6	10	32	39	16	11	9	9	16	33	39	30	73	223	0	33	15	21	19	48	79	107	55	45	7	5	1	4	5	4	2	5	9	12	4	2	4	2	5	5	2	2	9	7	5	6	9	4	9	14	17	16
0	0	0	3	5	12	2	5	9	11	8	6	4	1	11	8	8	5	0	3	6	16	5	4	0	5	1	5	9	2	2	1	4	3	5	3	1	3	3	5	3	6	7	6	3	3	6	3	3	3	3	8	5	1	2	2	6	0	10	12	4	6	5	4	6	3	5	7	1	2	1	4	4	7	14	25	14	7	6	6	1	5	17	10	8	10	28	33	0	119	37	32	39	76	34	50	122	14	3	4	3	2	8	1	4	9	12	1	1	7	1	1	5	6	2	5	5	7	7	4	2	13	13	16	14
0	0	0	1	1	5	4	4	5	6	3	4	3	1	10	4	3	2	2	2	2	5	3	3	5	3	0	2	2	2	2	1	6	4	2	5	1	2	2	2	1	8	5	3	5	2	1	4	1	3	2	2	7	4	2	2	1	2	5	6	5	3	1	0	4	2	5	2	1	1	0	4	2	5	10	16	11	5	7	1	3	6	12	5	5	11	10	15	119	0	56	49	28	38	20	16	35	4	5	3	7	2	7	6	2	7	3	1	1	2	4	3	4	4	2	4	6	6	5	10	6	6	13	16	15
0	0	0	4	2	1	5	5	6	3	6	3	3	2	2	5	4	4	2	4	4	9	5	4	2	2	2	1	3	0	2	3	4	2	7	4	7	4	3	3	4	5	9	6	7	3	6	6	6	2	2	6	6	1	1	1	1	3	4	5	5	4	3	2	7	1	2	0	2	4	3	3	8	12	20	41	12	12	13	5	4	8	13	6	7	7	8	21	37	56	0	75	43	24	13	12	4	5	5	2	2	4	7	3	6	9	8	4	4	4	4	4	5	6	8	15	17	14	7	10	10	20	40	25	29
0	0	0	5	5	8	4	4	2	9	5	5	7	5	3	7	5	3	3	2	5	7	4	3	1	5	6	1	6	2	3	3	3	7	4	10	3	5	2	5	4	2	11	11	7	9	2	3	3	2	2	3	1	2	4	2	1	1	4	4	4	1	0	2	4	3	1	2	7	1	0	3	3	7	15	42	22	11	11	12	5	8	13	5	7	6	9	19	32	49	75	0	109	44	14	11	14	2	2	3	3	2	8	6	2	6	7	10	5	1	2	3	4	4	12	7	13	11	18	6	10	13	19	23	36
0	0	0	2	7	2	6	6	7	6	12	5	8	10	7	13	11	8	6	11	8	6	3	7	4	8	4	2	4	5	2	3	5	10	8	6	6	5	5	8	4	12	20	16	10	0	6	4	1	6	3	3	2	4	6	1	4	3	3	3	3	4	0	2	4	4	4	3	5	1	4	6	4	8	17	60	57	22	12	5	6	12	17	22	16	21	20	48	39	28	43	109	0	94	28	18	17	8	6	5	3	3	3	6	6	7	7	7	4	3	6	3	4	4	11	2	14	20	9	21	9	20	25	51	87
0	0	0	6	7	7	8	7	10	11	13	5	10	5	9	18	4	3	5	5	4	5	7	5	1	3	3	3	3	1	6	7	5	3	10	5	2	3	2	4	4	6	12	10	6	3	2	2	3	1	2	2	3	1	1	0	6	3	5	7	7	6	1	4	5	7	8	7	4	4	5	3	5	9	13	23	33	13	9	6	9	10	21	19	18	24	40	79	76	38	24	44	94	0	93	46	45	6	7	6	3	7	5	4	2	5	5	7	2	5	4	2	2	7	4	8	5	6	5	9	8	9	16	20	29
0	0	0	4	14	16	12	12	14	23	23	8	10	14	18	24	10	4	5	4	7	6	4	2	2	7	1	2	0	5	2	6	2	6	3	5	7	1	3	5	4	9	10	8	5	2	6	5	3	4	5	0	4	0	2	2	1	3	4	5	10	5	2	8	6	7	4	1	3	1	0	2	4	5	9	21	21	8	7	2	4	10	13	14	19	54	81	107	34	20	13	14	28	93	0	74	59	3	4	5	3	1	3	7	1	8	10	4	2	2	4	3	6	6	0	4	2	3	7	4	5	7	6	7	16
0	0	0	5	3	10	8	7	15	21	19	10	7	6	11	19	6	7	4	8	5	11	12	3	3	5	2	5	6	4	3	1	7	1	8	5	2	2	2	4	3	6	10	7	4	3	3	14	3	4	4	4	7	2	3	2	6	9	9	11	15	11	8	2	11	6	9	6	4	3	7	5	2	5	4	13	16	10	8	8	3	8	17	7	10	23	32	55	50	16	12	11	18	46	74	0	547	10	7	1	4	3	6	6	7	5	9	7	2	4	0	0	4	3	6	2	6	6	6	8	8	3	8	9	7
0	0	0	3	3	8	9	9	13	12	16	6	8	6	6	17	2	4	4	3	10	13	4	5	1	2	2	7	2	2	1	4	1	2	4	2	1	3	3	4	9	4	6	9	10	4	4	5	1	3	5	2	4	4	1	1	4	2	5	10	7	12	3	2	11	4	5	6	1	3	2	4	1	8	14	13	9	5	6	9	3	5	26	8	8	18	22	45	122	35	4	14	17	45	59	547	0	15	8	2	4	7	2	4	6	7	9	5	5	2	5	0	7	2	3	3	5	6	5	3	4	11	8	6	10
0	0	0	4	2	0	5	3	6	10	11	4	6	6	5	8	7	2	4	3	15	13	21	12	2	6	5	3	3	1	2	7	1	4	5	1	0	5	3	0	1	1	2	4	3	4	7	3	1	8	6	11	14	6	3	9	17	30	123	104	35	34	28	28	26	12	23	25	16	5	5	10	10	5	18	7	8	5	2	6	2	3	7	1	3	8	6	7	14	4	5	2	8	6	3	10	15	0	38	11	10	12	18	8	11	17	11	5	3	1	1	2	6	2	3	6	7	6	1	1	3	7	5	3	8
0	0	0	3	1	5	2	2	4	2	5	4	4	2	3	7	7	1	4	4	2	10	24	12	7	9	2	6	0	0	2	6	2	5	2	1	2	0	4	3	3	1	2	4	5	8	2	5	4	2	8	13	18	13	12	29	43	60	47	12	24	14	4	24	13	2	18	40	20	14	9	21	16	9	5	3	4	3	6	6	1	1	6	1	3	5	2	5	3	5	5	2	6	7	4	7	8	38	0	69	26	78	67	33	46	34	12	13	8	3	4	5	8	4	2	1	6	5	2	4	3	6	6	5	6
0	0	0	0	1	2	2	0	3	1	4	2	3	4	2	4	1	1	3	4	4	1	12	7	4	7	4	4	2	5	2	0	0	2	2	4	0	2	1	2	1	1	1	3	7	7	4	6	3	5	6	4	18	12	20	38	32	13	12	13	6	11	6	10	5	6	6	18	11	11	6	16	17	10	5	3	6	2	3	3	1	5	4	6	2	3	5	1	4	3	2	3	5	6	5	1	2	11	69	0	100	75	43	47	57	31	12	7	6	7	2	6	5	2	2	4	3	2	1	5	4	7	2	5	7
0	0	0	1	0	1	0	0	5	0	0	2	3	2	1	1	2	1	2	2	2	8	10	8	11	9	2	3	3	2	2	4	4	1	2	1	0	2	0	0	2	1	4	5	3	1	5	8	3	4	2	6	5	16	32	24	16	7	5	7	4	6	2	4	2	6	7	12	8	8	8	20	28	18	11	2	5	3	3	2	0	4	3	0	0	2	3	4	3	7	2	3	3	3	3	4	4	10	26	100	0	71	41	141	79	32	12	6	16	9	13	4	3	2	2	5	6	3	2	5	5	4	3	4	6
0	0	0	2	2	2	1	2	1	5	5	1	3	2	1	5	2	3	3	5	7	7	11	14	9	7	2	5	2	1	2	5	1	5	0	2	2	2	0	0	3	1	4	8	5	9	9	11	6	4	4	25	23	21	41	34	39	27	11	11	13	9	12	7	8	6	23	24	29	18	25	70	35	15	8	9	4	3	2	4	1	6	10	3	2	6	4	5	2	2	4	2	3	7	1	3	7	12	78	75	71	0	343	110	174	77	35	21	18	10	6	5	4	0	1	5	3	5	0	5	1	8	7	4	3
0	0	0	1	0	5	1	0	1	4	7	2	2	3	0	9	3	1	2	7	10	4	23	13	10	11	3	3	5	1	6	5	4	1	4	3	2	2	3	2	4	2	5	4	11	3	10	7	9	10	8	16	24	22	24	10	30	26	18	11	14	6	8	10	8	15	16	36	15	6	20	51	45	33	19	7	10	5	6	2	4	6	6	2	3	5	2	4	8	7	7	8	3	5	3	6	2	18	67	43	41	343	0	105	530	247	77	25	18	6	12	11	1	0	3	8	4	5	4	3	10	22	14	1	6
0	0	0	0	0	2	2	0	2	5	2	0	3	3	1	0	1	2	0	7	3	7	13	11	8	7	2	0	6	3	6	5	4	0	0	3	1	4	4	0	1	3	4	4	9	6	7	9	6	4	5	8	11	26	32	21	12	18	11	8	5	4	1	7	6	5	12	16	5	13	10	44	58	15	10	5	3	5	2	2	1	7	2	1	0	3	5	2	1	6	3	6	6	4	7	6	4	8	33	47	141	110	105	0	188	80	30	27	36	12	10	16	3	3	5	3	6	5	7	9	5	6	7	8	3
0	0	0	2	1	3	2	0	1	4	0	4	4	2	3	5	0	0	4	2	6	5	9	16	9	10	3	6	4	3	2	5	3	5	2	3	1	2	4	1	2	3	2	5	1	8	10	6	5	6	4	10	14	21	22	21	16	11	18	9	10	5	6	6	10	3	9	13	12	12	11	54	38	30	19	8	8	5	4	6	2	3	2	4	6	4	3	5	4	2	6	2	6	2	1	7	6	11	46	57	79	174	530	188	0	381	49	25	23	12	16	6	3	4	2	5	2	6	4	8	2	15	9	8	5
0	0	0	1	1	0	0	2	4	3	5	5	0	2	4	6	7	2	1	8	8	8	21	22	11	13	2	2	3	4	3	8	3	5	2	2	4	2	2	0	4	2	6	6	9	12	14	9	6	5	9	14	13	12	18	17	10	17	17	12	4	5	4	5	6	15	14	21	10	11	12	37	40	34	11	15	8	11	4	5	5	6	9	2	4	7	10	9	9	7	9	6	7	5	8	5	7	17	34	31	32	77	247	80	381	0	110	20	18	18	19	3	2	7	4	10	5	6	0	7	8	18	13	9	6
0	0	0	1	3	4	2	2	3	3	4	2	6	2	4	7	3	2	3	7	7	16	46	24	6	20	6	4	9	3	7	13	5	3	3	4	1	3	2	6	4	2	6	11	19	13	24	20	11	6	7	17	17	14	13	16	11	9	12	6	6	6	3	7	14	9	12	14	14	12	18	34	55	138	53	11	12	5	9	10	7	6	17	11	3	7	7	12	12	3	8	7	7	5	10	9	9	11	12	12	12	35	77	30	49	110	0	63	19	4	12	12	9	11	4	12	8	9	7	16	8	65	19	9	8
0	0	0	2	2	4	0	2	2	3	5	5	4	3	2	5	5	5	4	3	10	14	29	80	21	53	8	12	10	7	10	16	10	8	9	2	4	0	4	2	3	2	5	14	37	48	79	39	7	17	22	29	35	23	8	6	9	11	5	6	7	2	4	7	4	8	9	21	14	14	35	55	96	183	20	15	6	7	9	6	9	11	10	9	3	4	1	4	1	1	4	10	7	7	4	7	5	5	13	7	6	21	25	27	25	20	63	0	66	22	19	23	10	6	10	11	6	5	7	15	19	64	19	6	5
0	0	0	1	4	1	2	2	3	2	3	1	0	2	2	7	3	1	6	2	5	5	13	31	23	25	6	5	5	4	6	10	6	3	3	2	2	2	0	5	2	2	4	3	9	18	23	10	5	3	7	19	32	35	8	11	10	8	4	5	4	3	2	3	5	5	10	9	11	11	33	40	243	29	4	8	7	4	3	4	6	4	6	7	2	6	4	2	1	1	4	5	4	2	2	2	5	3	8	6	16	18	18	36	23	18	19	66	0	45	29	19	3	3	3	17	6	1	5	9	6	18	8	8	7
0	0	0	1	3	1	1	3	2	1	0	0	1	1	3	2	3	2	0	4	3	3	4	8	10	17	2	4	9	5	5	12	8	3	5	4	6	2	3	2	4	5	4	5	12	33	24	5	4	3	5	10	8	8	10	6	8	5	5	4	1	2	3	2	5	4	1	7	5	7	5	14	26	17	7	5	3	2	3	1	3	4	6	4	4	1	3	4	7	2	4	1	3	5	2	4	2	1	3	7	9	10	6	12	12	18	4	22	45	0	156	107	25	8	10	16	6	4	4	10	10	15	3	9	0
0	0	0	3	1	0	0	1	2	3	3	3	2	0	1	4	0	3	1	7	1	7	10	6	11	10	8	3	9	2	6	3	3	4	5	3	2	1	5	1	1	2	6	7	6	35	20	10	6	5	13	2	9	12	9	5	1	2	3	1	3	1	1	2	8	5	4	4	5	1	10	11	29	33	13	10	3	6	6	1	3	2	4	3	1	5	3	2	1	4	4	2	6	4	4	0	5	1	4	2	13	6	12	10	16	19	12	19	29	156	0	338	20	12	11	24	5	10	6	7	13	25	12	6	10
0	0	0	0	1	2	0	0	0	0	2	0	3	3	2	3	1	3	2	4	5	7	7	5	7	10	3	1	6	6	4	4	4	2	3	0	4	2	2	1	0	2	4	9	9	21	11	9	8	6	6	12	7	7	2	3	3	4	7	3	2	2	0	5	1	2	1	3	5	5	7	7	16	20	10	7	3	6	7	2	4	10	4	5	1	3	5	5	1	3	4	3	3	2	3	0	0	2	5	6	4	5	11	16	6	3	12	23	19	107	338	0	27	11	12	17	13	8	5	10	15	11	8	4	12
0	0	0	0	2	0	1	1	2	1	2	2	1	2	3	1	5	4	2	1	4	5	7	6	5	3	1	3	4	1	1	5	4	11	9	8	2	7	5	4	2	3	2	4	11	21	13	4	4	1	5	6	4	6	1	6	3	4	1	4	2	2	2	3	2	2	2	7	3	5	6	6	3	8	11	13	5	10	9	4	7	7	5	3	3	0	1	5	5	4	5	4	4	2	6	4	7	6	8	5	3	4	1	3	3	2	9	10	3	25	20	27	0	50	110	123	31	28	12	18	29	10	23	16	9
0	0	0	1	3	4	0	1	2	1	1	2	2	2	3	3	2	3	2	4	6	4	3	6	1	7	4	1	2	1	7	5	7	6	17	3	4	1	6	0	1	5	6	8	11	10	7	5	3	3	3	3	4	6	2	3	1	0	2	1	1	0	3	2	2	2	1	3	1	3	3	4	5	10	14	12	8	13	8	5	6	8	6	2	4	4	3	2	6	4	6	4	4	7	6	3	2	2	4	2	2	0	0	3	4	7	11	6	3	8	12	11	50	0	239	66	69	64	47	20	30	11	16	13	10
0	0	0	0	2	3	1	2	2	3	2	1	2	1	2	3	3	4	0	1	0	5	4	10	1	8	1	5	4	5	7	2	2	6	8	6	5	3	1	1	4	3	4	6	7	11	11	3	4	3	3	4	5	1	5	2	3	0	2	3	2	2	1	2	0	2	2	4	1	2	1	4	6	12	8	16	3	7	16	7	2	6	5	1	2	4	3	2	2	2	8	12	11	4	0	6	3	3	2	2	2	1	3	5	2	4	4	10	3	10	11	12	110	239	0	64	39	31	23	20	26	13	13	16	6
0	0	0	2	2	2	2	1	1	1	1	2	3	3	4	5	5	4	3	6	7	2	8	11	7	7	3	5	6	1	7	8	4	9	6	9	7	5	3	0	0	2	6	13	26	25	16	5	4	1	3	5	9	8	4	3	3	6	1	2	5	1	1	2	4	2	4	3	5	9	6	6	16	21	26	20	4	15	13	8	5	11	6	8	5	4	4	9	5	4	15	7	2	8	4	2	3	6	1	4	5	5	8	3	5	10	12	11	17	16	24	17	123	66	64	0	123	61	22	52	110	38	39	26	12
0	0	0	0	4	2	3	0	4	3	2	3	5	3	5	5	8	7	3	5	9	3	1	8	8	4	6	5	6	3	8	4	9	10	22	10	6	3	6	3	6	4	9	15	30	12	11	10	4	8	4	8	5	4	3	1	2	1	7	2	4	0	1	0	3	5	1	5	1	2	4	2	5	11	27	26	13	28	34	10	11	4	14	11	3	3	5	7	5	6	17	13	14	5	2	6	5	7	6	3	6	3	4	6	2	5	8	6	6	6	5	13	31	69	39	123	0	372	90	200	132	32	38	74	28
0	0	0	3	3	4	2	1	0	2	7	3	2	5	1	5	8	4	8	3	6	4	7	10	4	5	9	4	8	2	7	7	7	18	31	11	7	1	14	5	3	6	10	21	21	10	12	6	2	2	3	3	2	1	3	3	5	3	0	2	1	0	2	2	1	1	3	7	1	3	4	5	5	6	15	26	11	42	31	9	12	10	12	5	10	8	6	5	7	6	14	11	20	6	3	6	6	6	5	2	3	5	5	5	6	6	9	5	1	4	10	8	28	64	31	61	372	0	325	116	51	21	30	75	28
0	0	0	3	3	4	1	5	1	3	3	1	2	5	5	7	5	1	4	3	6	4	0	4	2	3	5	2	3	4	8	3	7	19	45	10	14	6	10	3	6	6	13	12	14	10	8	3	2	3	0	7	2	0	1	2	3	1	2	2	1	3	1	4	1	3	3	1	1	1	2	4	3	6	12	24	18	35	31	5	5	8	14	17	8	5	7	6	7	5	7	18	9	5	7	6	5	1	2	1	2	0	4	7	4	0	7	7	5	4	6	5	12	47	23	22	90	325	0	76	32	12	30	48	39
0	0	0	1	0	7	3	3	2	5	3	4	6	4	7	6	13	1	4	4	8	11	7	6	7	9	3	3	6	5	9	13	9	17	31	18	5	4	11	6	5	14	18	27	61	21	12	6	3	4	3	4	6	4	6	2	3	4	3	3	3	2	3	2	1	1	6	4	5	3	1	5	7	17	32	32	25	79	65	19	11	29	15	10	6	4	10	9	4	10	10	6	21	9	4	8	3	1	4	5	5	5	3	9	8	7	16	15	9	10	7	10	18	20	20	52	200	116	76	0	211	33	29	96	26
0	0	0	1	1	3	1	3	1	4	1	2	3	5	6	7	8	3	7	6	9	11	8	13	9	12	6	1	11	9	9	14	16	15	21	9	5	5	9	2	5	6	13	23	72	38	23	7	6	4	8	4	2	5	3	4	1	1	6	1	2	1	4	0	8	6	4	4	2	12	4	6	11	45	49	22	16	47	25	14	5	16	12	11	7	3	8	4	2	6	10	10	9	8	5	8	4	3	3	4	5	1	10	5	2	8	8	19	6	10	13	15	29	30	26	110	132	51	32	211	0	64	66	69	20
0	0	0	1	6	3	0	3	5	3	7	2	4	3	5	7	6	6	2	3	10	11	30	21	10	11	6	8	12	4	10	13	11	7	6	2	4	5	4	2	3	3	9	29	47	32	30	15	8	2	4	17	11	5	3	1	10	5	9	7	10	5	1	8	2	6	15	9	10	8	10	15	18	118	223	24	21	17	13	5	11	20	30	12	10	7	9	9	13	6	20	13	20	9	7	3	11	7	6	7	4	8	22	6	15	18	65	64	18	15	25	11	10	11	13	38	32	21	12	33	64	0	65	32	14
0	0	0	3	3	7	1	4	3	2	5	3	5	2	5	4	4	4	5	2	9	9	20	6	4	11	2	3	4	2	10	4	8	10	12	7	12	7	2	3	3	9	14	16	27	10	8	5	3	6	4	6	4	3	3	1	8	1	3	2	3	1	6	5	2	2	4	7	8	4	4	4	12	26	159	75	25	11	17	6	14	17	15	15	6	12	6	14	13	13	40	19	25	16	6	8	8	5	6	2	3	7	14	7	9	13	19	19	8	3	12	8	23	16	13	39	38	30	30	29	66	65	0	67	31
0	0	0	2	6	4	4	2	6	7	10	5	5	4	9	13	11	8	5	5	5	11	1	7	8	7	6	3	3	9	4	11	8	13	23	6	9	4	6	4	4	10	19	18	33	14	12	6	2	3	9	3	4	4	3	0	3	2	5	5	9	3	3	5	6	5	5	4	7	2	4	3	8	16	60	118	60	101	59	8	10	20	29	26	9	7	9	17	16	16	25	23	51	20	7	9	6	3	5	5	4	4	1	8	8	9	9	6	8	9	6	4	16	13	16	26	74	75	48	96	69	32	67	0	125
0	0	0	2	6	7	3	5	7	3	7	2	10	5	11	18	15	8	6	10	5	6	9	5	1	8	4	1	5	2	5	10	10	15	29	10	15	9	12	7	8	25	35	26	16	10	5	5	1	4	1	7	3	9	1	1	3	3	1	3	2	2	3	1	0	2	5	2	2	1	2	4	7	6	29	102	100	74	48	11	7	16	24	26	13	11	12	16	14	15	29	36	87	29	16	7	10	8	6	7	6	3	6	3	5	6	8	5	7	0	10	12	9	10	6	12	28	28	39	26	20	14	31	125	0
