0	0	0	0	0	0	0	0	0	0	0	0	0	0	0	0	0	0	0	0	0	0	0	0	0	0	0	0	0	0	0	0	0	0	0	0	0	0	0	0	0	0	0	0	0	0	0	0	0	0	0	0	0	0	0	0	0	0	0	0	0	0	0	0	0	0	0	0	0	0	0	0	0	0	0	0	0	0	0	0	0	0	0	0	0	0	0	0	0	0	0	0	0	0	0	0	0	0	0	0	0	0	0	0	0	0	0	0	0	0	0	0	0	0	0	0	0	0	0	0	0	0	0	0	0	0	0	0	0	0	0	0	0	0	0	0	0	0	0	0	0	0	0	0	0	0	0	0	0	0	0	0	0	0	0	0	0	0	0	0	0	0	0	0	0	0	0	0	0	0	0	0	0	0	0	0	0	0	0	0	0	0	0	0	0	0	0	0	0	0	0	0	0	0	0	0
0	0	0	0	0	0	0	0	0	0	0	0	0	0	0	0	0	0	0	0	0	0	0	0	0	0	0	0	0	0	0	0	0	0	0	0	0	0	0	0	0	0	0	0	0	0	0	0	0	0	0	0	0	0	0	0	0	0	0	0	0	0	0	0	0	0	0	0	0	0	0	0	0	0	0	0	0	0	0	0	0	0	0	0	0	0	0	0	0	0	0	0	0	0	0	0	0	0	0	0	0	0	0	0	0	0	0	0	0	0	0	0	0	0	0	0	0	0	0	0	0	0	0	0	0	0	0	0	0	0	0	0	0	0	0	0	0	0	0	0	0	0	0	0	0	0	0	0	0	0	0	0	0	0	0	0	0	0	0	0	0	0	0	0	0	0	0	0	0	0	0	0	0	0	0	0	0	0	0	0	0	0	0	0	0	0	0	0	0	0	0	0	0	0	0	0
0	0	0	0	0	0	0	0	0	0	0	0	0	0	0	0	0	0	0	0	0	0	0	0	0	0	0	0	0	0	0	0	0	0	0	0	0	0	0	0	0	0	0	0	0	0	0	0	0	0	0	0	0	0	0	0	0	0	0	0	0	0	0	0	0	0	0	0	0	0	0	0	0	0	0	0	0	0	0	0	0	0	0	0	0	0	0	0	0	0	0	0	0	0	0	0	0	0	0	0	0	0	0	0	0	0	0	0	0	0	0	0	0	0	0	0	0	0	0	0	0	0	0	0	0	0	0	0	0	0	0	0	0	0	0	0	0	0	0	0	0	0	0	0	0	0	0	0	0	0	0	0	0	0	0	0	0	0	0	0	0	0	0	0	0	0	0	0	0	0	0	0	0	0	0	0	0	0	0	0	0	0	0	0	0	0	0	0	0	0	0	0	0	0	0	0
0	0	0	0	105	18	36	30	8	9	8	10	4	10	3	2	1	3	1	2	1	1	1	2	3	4	6	2	6	8	8	4	4	1	2	0	3	1	0	1	1	5	4	5	0	3	3	6	5	2	0	2	1	1	0	2	1	3	0	1	1	2	2	0	0	0	1	2	0	1	0	0	0	0	0	2	2	1	0	0	0	1	0	1	1	1	1	1	0	0	2	3	1	0	1	0	2	1	0	0	0	1	0	0	1	1	0	0	1	2	0	1	0	0	0	1	1	2	0	1	1	1	0	1	1	0	0	1	0	1	1	1	0	0	0	1	2	1	0	0	2	0	1	2	0	0	0	0	2	1	0	1	0	2	3	0	1	1	0	3	0	0	0	1	0	1	0	2	0	0	0	1	0	1	0	1	1	0	0	0	1	0	1	1	0	0	0	2	0	1	1	1	0	0	1	0
0	0	0	105	0	85	55	114	19	11	15	9	10	4	4	5	1	4	1	2	2	2	1	0	6	9	11	12	20	12	5	8	2	1	2	3	0	1	3	4	4	7	7	4	6	4	3	4	4	3	0	2	1	0	0	2	0	0	1	3	3	3	2	4	1	3	2	0	0	1	2	0	0	1	0	0	1	0	2	0	0	0	0	0	0	1	0	0	0	0	1	3	2	0	0	0	1	0	0	0	1	0	2	0	2	1	2	0	0	1	0	0	0	1	0	1	0	0	1	0	2	2	2	1	0	1	0	0	0	1	1	0	3	1	5	1	1	2	1	3	0	2	0	1	0	0	1	1	2	0	2	0	2	2	1	2	0	1	1	1	0	1	1	1	0	0	1	2	1	1	1	1	0	0	0	2	0	1	0	1	3	1	1	1	0	0	0	0	1	1	1	2	1	0	0	0
0	0	0	18	85	0	484	90	20	19	17	29	17	6	7	7	1	2	2	3	0	0	2	5	7	5	7	11	6	5	8	8	4	3	6	4	2	3	2	2	3	6	5	5	13	7	7	10	1	2	3	1	0	0	2	2	2	1	3	0	1	1	0	2	1	2	2	1	0	1	0	0	0	1	3	3	2	1	1	1	0	0	1	2	1	1	1	0	1	0	4	0	2	1	0	0	1	0	0	0	1	2	2	1	1	0	2	1	0	0	1	1	1	0	3	0	0	1	0	0	1	0	1	1	2	1	0	0	2	1	0	0	1	2	1	1	2	4	1	3	0	1	0	2	1	1	0	0	2	0	1	2	0	1	1	1	0	0	0	3	0	0	1	0	1	1	2	1	0	1	0	1	1	0	2	1	0	1	0	0	2	0	0	0	1	3	1	0	0	1	2	1	1	1	1	0
0	0	0	36	55	484	0	60	14	13	9	12	16	9	6	3	2	1	4	1	0	3	2	3	6	5	6	6	11	9	4	4	2	5	4	2	2	5	2	1	5	4	5	3	3	3	2	5	4	0	2	3	2	0	0	1	0	1	2	1	0	1	0	1	0	4	4	3	3	2	1	3	0	2	0	2	0	0	3	0	1	2	0	0	0	2	1	4	2	1	0	1	1	0	2	0	1	1	0	0	2	1	0	1	0	2	1	2	0	1	1	0	1	0	1	1	1	1	1	0	0	1	0	1	0	0	1	1	2	2	0	1	1	1	3	0	0	0	0	1	2	1	0	0	0	0	2	0	0	0	2	0	1	1	2	2	2	1	2	0	3	0	1	1	0	0	0	1	0	0	1	1	1	0	1	2	0	1	1	3	0	2	0	1	0	1	0	0	0	2	1	1	1	0	1	1
0	0	0	30	114	90	60	0	43	39	35	22	11	13	7	2	6	5	4	1	1	3	1	3	3	16	21	13	17	14	11	2	5	6	2	3	2	3	4	1	3	7	7	7	14	6	5	6	8	3	1	2	3	5	2	1	2	0	2	1	1	1	1	0	2	0	1	9	2	1	0	1	1	2	0	3	0	0	1	1	2	0	1	3	4	1	1	1	1	2	0	0	2	3	1	0	0	1	1	1	0	0	1	0	2	0	3	0	1	1	2	1	0	1	0	1	0	0	1	2	4	0	1	1	0	0	0	0	1	2	1	0	1	2	2	1	2	1	1	3	3	1	1	0	0	2	1	0	1	1	0	1	0	0	0	0	0	2	0	1	2	1	0	1	0	0	2	0	3	3	2	2	0	0	2	0	0	1	0	1	1	2	1	1	0	3	0	1	2	2	2	1	2	0	0	0
0	0	0	8	19	20	14	43	0	103	86	44	24	16	6	4	2	1	2	0	0	3	6	3	10	38	108	47	51	49	32	11	7	7	6	2	2	2	2	5	3	3	12	10	24	20	25	15	10	3	3	3	6	2	2	3	0	3	2	1	1	2	1	0	0	2	2	4	2	2	2	1	0	1	1	0	3	1	0	4	0	2	0	0	1	1	1	0	0	0	3	1	0	4	1	1	1	2	1	0	1	1	0	0	0	0	0	1	0	0	2	1	1	0	1	0	1	0	0	0	1	0	0	1	0	0	2	0	1	1	1	2	0	1	2	0	2	1	2	1	1	2	2	0	2	1	1	0	1	2	1	1	3	2	1	2	1	2	1	0	1	0	1	1	0	1	1	2	1	2	2	1	2	1	0	2	1	0	3	2	2	1	1	1	1	3	3	3	0	1	2	4	1	2	0	0
0	0	0	9	11	19	13	39	103	0	116	37	32	24	6	7	6	7	3	5	2	4	6	3	12	46	54	23	32	26	45	28	10	9	5	3	4	6	4	6	7	6	9	16	19	23	28	20	7	4	2	7	1	2	2	2	1	5	4	1	4	2	4	0	1	5	0	3	0	1	2	2	2	4	2	1	0	0	1	4	0	0	2	0	1	1	0	3	1	5	4	4	4	5	1	1	0	1	0	1	2	0	2	0	0	0	0	0	2	1	0	3	2	3	1	0	1	2	1	1	0	3	1	0	0	0	1	1	1	0	0	0	0	2	2	1	3	0	3	0	2	1	2	3	2	1	0	2	1	0	1	1	1	1	1	0	1	2	1	1	1	1	1	2	1	1	0	2	1	1	0	1	2	0	1	0	1	1	5	2	2	3	3	1	1	0	2	2	2	1	3	2	6	1	2	4
0	0	0	8	15	17	9	35	86	116	0	125	116	48	20	6	10	6	3	0	3	2	10	6	13	61	35	30	17	14	24	23	18	18	7	12	5	4	5	7	4	19	11	24	31	29	30	31	8	12	4	4	3	1	1	7	4	5	3	4	2	1	2	4	1	1	2	7	5	3	1	2	0	2	3	2	1	1	2	1	1	4	2	1	0	3	1	1	0	3	3	6	1	3	5	4	3	0	0	1	2	2	0	0	0	1	1	2	2	1	1	0	2	2	1	0	1	2	0	1	3	4	2	1	0	3	0	1	2	0	0	0	2	2	3	2	1	0	0	1	2	2	3	1	1	4	0	1	3	0	2	1	0	3	4	2	0	3	0	3	0	0	1	1	2	0	3	1	0	2	0	0	3	1	1	0	0	0	2	1	3	3	1	1	2	2	2	3	0	2	1	2	3	0	1	0
0	0	0	10	9	29	12	22	44	37	125	0	321	58	16	14	5	5	1	4	2	1	6	7	6	31	17	16	11	10	14	23	12	9	8	4	5	1	3	7	5	11	12	32	32	18	29	16	8	1	8	11	2	7	6	3	2	3	8	2	1	0	2	2	3	0	2	0	2	0	0	1	2	1	2	2	2	5	1	0	1	3	2	0	1	0	1	0	2	2	1	3	3	5	1	3	1	2	2	3	2	0	0	3	0	0	2	0	4	0	1	0	2	1	2	0	0	1	0	3	2	1	2	1	0	1	2	0	1	0	2	2	2	4	0	0	0	4	3	1	1	2	0	2	2	1	0	1	1	2	1	2	3	2	5	0	4	1	1	5	0	0	0	0	3	1	3	0	0	1	1	0	1	2	0	0	0	0	3	1	4	0	0	0	2	1	2	1	1	1	2	3	3	1	1	2
0	0	0	4	10	17	16	11	24	32	116	321	0	218	25	14	7	3	5	6	4	2	5	4	14	38	19	21	11	15	22	38	31	18	15	8	7	6	4	7	10	12	15	33	49	32	30	25	5	6	8	10	4	7	3	2	2	5	3	4	1	3	1	2	2	1	1	3	0	2	4	2	1	3	5	0	3	0	3	1	2	2	4	1	2	3	3	0	1	5	3	1	3	4	1	1	1	1	0	0	1	0	1	0	2	1	1	0	3	1	2	0	0	1	4	0	2	0	0	0	0	3	3	1	1	3	2	0	1	1	1	1	3	3	4	2	4	0	1	1	1	4	1	2	3	1	2	0	2	0	1	2	0	1	1	0	2	1	0	3	4	1	0	2	1	1	2	3	0	0	1	2	0	2	1	1	2	5	0	1	4	1	2	1	0	0	0	0	1	1	4	1	1	5	0	2
0	0	0	10	4	6	9	13	16	24	48	58	218	0	74	22	14	7	5	3	4	4	14	10	20	24	12	15	9	5	13	45	55	43	15	12	9	12	3	4	10	24	17	24	31	25	38	45	19	10	12	9	6	13	8	6	5	7	4	4	3	2	4	3	4	4	3	7	1	3	4	3	3	3	3	2	2	3	4	1	5	1	3	0	3	0	0	1	3	4	2	3	3	1	3	6	3	2	0	0	2	0	3	0	2	0	3	0	1	0	1	3	1	0	0	0	1	2	0	1	0	2	2	2	1	3	1	2	0	1	1	2	4	3	4	6	2	2	2	1	3	4	3	2	2	1	1	0	1	2	4	6	2	2	3	2	4	4	3	0	1	1	2	2	1	2	0	0	2	2	2	2	0	2	2	1	2	1	0	3	5	3	3	3	4	0	1	0	2	0	2	2	2	1	1	2
0	0	0	3	4	7	6	7	6	6	20	16	25	74	0	71	36	14	10	4	1	7	12	9	11	11	0	7	6	10	5	34	105	136	40	30	21	19	10	4	13	15	12	11	14	16	14	43	24	24	9	17	16	20	11	15	9	7	6	6	2	4	7	7	4	2	3	8	8	5	6	7	1	6	5	2	0	1	2	1	0	1	0	1	4	3	3	0	2	1	10	13	11	7	4	4	7	5	1	3	1	1	1	1	4	0	2	0	2	0	2	0	0	4	3	4	1	4	2	5	2	3	3	0	1	2	4	1	3	1	4	2	5	3	3	4	4	4	3	4	2	3	4	6	3	1	1	4	2	2	1	4	1	2	2	4	3	5	3	3	2	1	1	0	2	0	2	0	3	1	2	3	2	0	0	1	2	1	3	0	4	4	0	4	3	1	1	2	1	0	4	1	3	2	2	2
0	0	0	2	5	7	3	2	4	7	6	14	14	22	71	0	398	40	11	14	6	10	23	14	15	4	7	7	1	3	1	21	69	120	63	119	70	20	14	13	10	14	14	7	5	13	11	28	31	24	33	28	39	50	21	27	17	15	12	9	8	7	9	16	5	5	11	25	8	7	4	3	4	2	6	7	4	6	7	4	5	3	4	4	9	2	5	1	4	7	18	15	8	9	10	2	4	5	1	3	2	2	1	1	1	2	1	2	2	3	1	3	1	3	2	4	2	3	2	2	6	3	4	1	3	2	2	3	3	2	3	0	2	13	9	6	3	5	8	5	2	3	4	2	3	1	4	5	6	4	4	5	4	8	4	5	6	4	5	2	3	3	3	2	1	0	0	5	2	2	1	1	3	2	1	2	2	6	3	1	7	4	5	2	1	1	4	2	1	1	3	5	4	2	1	1
0	0	0	1	1	1	2	6	2	6	10	5	7	14	36	398	0	85	28	21	13	31	27	20	8	10	4	3	2	4	2	12	27	61	42	219	280	38	8	10	15	4	4	10	8	14	4	27	37	36	23	37	55	54	55	24	23	14	15	4	6	5	15	17	7	5	15	44	10	10	3	9	4	4	7	8	6	7	5	4	6	3	3	2	5	6	6	3	5	8	9	24	20	15	5	7	5	4	4	1	3	3	2	1	2	1	4	0	2	4	7	2	1	3	5	5	2	1	2	4	3	2	4	5	5	3	3	4	2	7	2	3	5	4	7	9	9	5	4	4	8	3	6	8	5	1	6	5	4	2	1	3	9	7	7	4	4	7	7	5	4	2	2	3	3	3	4	3	5	2	4	7	0	1	3	1	1	6	7	10	3	7	5	5	3	2	4	1	5	7	5	9	3	1	3	4
0	0	0	3	4	2	1	5	1	7	6	5	3	7	14	40	85	0	184	34	18	43	23	26	16	6	4	2	5	7	3	10	18	25	19	53	71	21	9	15	12	8	10	9	7	13	7	20	29	38	54	64	60	38	112	41	39	16	35	18	13	6	10	15	13	10	38	336	10	14	6	7	4	19	5	3	3	7	6	6	3	2	2	7	6	7	4	5	6	15	19	28	13	10	12	15	9	8	2	3	2	1	5	1	3	3	0	6	8	5	3	3	5	5	3	0	1	4	3	0	5	5	5	9	4	4	6	3	2	3	7	6	6	5	13	4	8	10	8	4	8	4	2	10	5	3	2	4	3	1	4	6	1	6	5	3	12	8	10	4	8	2	2	2	8	2	3	6	3	5	4	6	1	5	2	1	1	5	8	4	10	15	7	9	4	5	2	5	8	4	7	14	8	4	2	2
0	0	0	1	1	2	4	4	2	3	3	1	5	5	10	11	28	184	0	59	31	58	23	16	12	3	7	2	9	3	5	7	8	21	13	23	31	14	10	13	10	9	7	8	1	10	8	8	25	54	62	59	57	35	87	34	33	26	15	9	7	4	3	5	10	11	53	83	26	18	11	9	13	6	6	6	4	7	5	10	3	3	2	1	8	9	7	4	8	16	24	14	13	7	9	14	9	4	3	2	5	2	4	2	3	2	0	3	4	7	3	4	4	2	1	2	2	4	3	3	8	2	2	2	8	5	1	0	3	6	3	4	2	6	10	9	3	3	3	5	2	3	6	2	4	2	4	1	2	7	5	8	8	9	8	4	9	2	6	4	5	4	1	4	1	5	7	5	4	8	4	5	3	4	2	2	6	3	8	4	6	17	3	9	2	8	2	1	8	7	10	6	9	1	2	4
0	0	0	2	2	3	1	1	0	5	0	4	6	3	4	14	21	34	59	0	241	107	17	19	5	2	1	2	2	2	4	6	5	8	13	9	15	12	9	6	7	3	5	1	0	7	3	8	13	15	29	24	20	29	46	24	46	24	26	10	6	6	3	5	17	21	56	31	46	41	21	22	17	16	9	3	8	10	8	8	4	10	4	2	9	11	15	7	9	16	16	13	13	12	18	31	15	13	7	1	3	4	2	3	2	3	4	3	10	5	6	3	5	2	2	7	6	6	4	3	5	4	12	6	2	4	5	3	6	6	3	4	5	8	7	7	7	7	2	6	4	3	1	1	9	5	5	2	5	3	6	2	5	8	6	9	9	8	2	6	4	7	3	5	6	4	10	5	6	4	3	4	4	3	0	1	2	5	7	3	10	13	10	8	9	4	2	4	5	9	7	4	5	3	3	1
0	0	0	1	2	0	0	1	0	2	3	2	4	4	1	6	13	18	31	241	0	48	14	14	6	0	0	2	2	1	3	5	5	5	10	14	9	4	9	2	14	5	5	1	7	3	3	2	6	14	12	15	22	15	17	28	37	25	40	20	7	6	2	5	20	27	77	24	174	85	30	13	15	23	5	8	10	13	17	11	9	4	6	14	19	10	13	7	12	17	25	22	18	14	9	41	35	25	5	4	0	1	3	5	1	2	6	5	5	10	4	7	5	3	4	2	11	4	6	6	1	6	10	3	5	3	5	1	3	6	7	5	3	11	10	10	5	11	5	4	9	4	7	8	7	6	1	6	6	9	8	5	9	13	7	9	9	12	5	6	11	4	9	7	7	9	11	6	4	2	8	4	4	3	2	3	7	6	4	5	12	11	10	5	3	4	3	9	12	5	9	3	5	2	5	2
0	0	0	1	2	0	3	3	3	4	2	1	2	4	7	10	31	43	58	107	48	0	20	17	9	2	2	3	3	1	2	6	11	13	25	17	24	13	14	9	5	7	5	7	5	4	6	8	11	16	23	19	85	35	90	105	198	67	129	18	16	6	11	10	16	18	69	40	50	42	29	21	26	28	16	7	9	10	15	11	9	11	6	11	12	11	9	4	8	17	51	50	43	20	42	49	23	18	7	6	9	1	1	3	2	3	1	5	10	7	6	4	6	3	5	5	3	4	2	3	3	9	7	3	1	3	4	2	6	9	4	8	8	24	20	12	10	13	7	4	7	9	6	4	10	4	2	4	4	7	4	4	15	9	10	3	9	3	3	5	4	11	9	3	4	5	3	5	5	6	4	4	3	4	3	2	5	11	7	4	12	4	3	6	6	3	2	6	3	4	3	6	3	3	5	3
0	0	0	1	1	2	2	1	6	6	10	6	5	14	12	23	27	23	23	17	14	20	0	158	20	11	3	9	4	4	3	14	31	45	76	46	19	42	22	32	43	22	9	6	6	13	11	27	55	58	50	59	58	180	63	38	21	40	18	6	3	2	5	8	2	5	12	21	9	8	7	9	6	5	6	2	4	7	6	4	3	5	3	5	4	4	1	2	3	0	10	18	15	14	11	9	5	5	4	0	0	2	2	1	3	2	1	0	2	2	2	1	0	3	2	0	1	1	7	4	4	5	6	3	3	3	2	2	2	5	3	4	4	3	8	1	10	4	7	1	4	3	3	2	5	3	4	3	2	3	5	2	0	3	2	3	7	3	6	3	1	3	3	2	6	4	2	2	3	3	1	2	2	1	1	2	3	3	0	4	3	3	2	1	1	4	3	1	2	2	0	7	4	1	1	3
0	0	0	2	0	5	3	3	3	3	6	7	4	10	9	14	20	26	16	19	14	17	158	0	31	11	7	10	0	3	3	15	24	18	34	21	7	15	12	24	38	26	15	11	7	12	14	19	53	57	64	48	20	49	49	17	23	33	13	6	0	3	3	5	5	3	12	16	7	7	5	4	7	9	2	4	2	4	8	4	9	4	1	3	3	3	1	1	4	9	9	4	9	12	7	5	4	3	2	1	0	2	4	3	2	2	1	7	3	4	1	0	2	2	1	1	6	1	2	1	2	4	1	5	2	4	4	2	1	1	4	4	7	4	6	4	3	4	4	1	2	2	3	2	0	3	1	2	2	5	1	2	4	0	3	3	1	6	1	3	3	4	5	1	2	2	1	4	5	2	2	0	4	1	2	1	2	2	2	7	1	6	2	2	5	0	2	3	3	4	3	3	5	6	5	0
0	0	0	3	6	7	6	3	10	12	13	6	14	20	11	15	8	16	12	5	6	9	20	31	0	42	22	19	10	15	19	49	28	24	16	14	12	14	6	7	22	20	41	32	23	79	93	90	85	34	31	21	12	12	7	8	3	5	3	0	1	2	1	5	9	3	5	6	5	2	1	4	4	3	0	1	1	2	2	0	3	1	4	2	0	1	2	3	3	4	6	5	3	3	4	4	2	1	2	0	1	1	0	0	3	0	0	1	2	0	0	0	0	1	1	1	3	0	0	1	0	3	5	1	1	2	0	0	3	3	3	0	6	1	1	2	5	4	1	2	1	1	0	4	1	0	1	0	3	3	1	3	3	2	2	1	2	4	1	1	4	3	2	1	2	1	2	1	2	1	0	0	0	1	0	0	0	2	3	1	4	4	3	3	1	2	1	1	1	1	1	2	2	0	1	0
0	0	0	4	9	5	5	16	38	46	61	31	38	24	11	4	10	6	3	2	0	2	11	11	42	0	96	87	16	35	60	49	26	16	9	7	6	9	4	4	10	17	33	43	44	180	315	45	24	5	11	9	4	11	10	1	6	4	4	2	1	4	1	0	2	1	2	5	0	6	4	2	4	0	3	1	2	1	1	1	0	3	1	4	1	2	2	2	3	2	3	4	4	1	2	2	2	2	1	0	0	0	3	0	0	0	0	2	0	0	0	0	1	1	1	1	0	1	4	4	2	2	3	3	2	1	0	1	1	0	1	4	2	1	1	3	3	2	5	2	0	1	3	3	1	0	1	0	0	0	2	1	1	2	0	2	2	1	2	1	1	2	1	3	1	2	0	0	1	0	1	0	0	1	1	1	4	3	2	0	1	2	2	0	0	0	0	1	1	2	0	1	1	1	2	0
0	0	0	6	11	7	6	21	108	54	35	17	19	12	0	7	4	4	7	1	0	2	3	7	22	96	0	225	80	119	111	26	12	4	6	3	5	4	1	2	7	10	10	24	33	42	40	17	5	7	9	10	3	2	0	3	0	4	3	1	0	1	2	4	1	1	0	7	2	4	0	1	3	4	1	1	2	1	1	0	2	3	1	0	2	1	1	1	6	2	0	1	4	2	3	1	4	3	0	0	1	1	0	2	0	1	0	2	2	2	0	0	1	0	1	0	0	0	2	1	2	3	2	0	0	1	1	1	0	1	0	1	1	1	1	2	2	1	1	0	1	1	2	0	3	3	0	1	0	0	1	2	2	1	0	0	5	4	2	3	2	1	0	1	4	0	2	0	0	0	1	1	0	2	1	1	0	4	0	1	2	1	3	2	0	1	0	2	0	3	1	4	1	1	0	0
0	0	0	2	12	11	6	13	47	23	30	16	21	15	7	7	3	2	2	2	2	3	9	10	19	87	225	0	47	85	52	19	13	6	12	11	1	6	4	4	8	14	24	38	52	64	50	14	11	6	5	3	4	2	5	1	3	2	1	1	2	0	3	2	1	3	0	2	1	2	4	0	2	1	1	1	0	1	0	0	1	2	0	1	0	0	0	1	0	3	1	2	0	1	1	1	1	0	0	0	0	0	0	1	2	1	0	0	0	1	0	0	0	1	1	1	2	0	0	1	0	3	0	0	0	1	1	0	1	4	2	3	1	3	1	0	2	3	3	4	1	1	3	3	1	0	2	0	2	1	1	2	0	3	2	1	1	1	0	0	2	0	0	2	1	0	2	1	2	2	1	2	2	0	2	0	1	1	0	1	3	1	0	1	1	0	1	1	3	3	1	2	0	1	0	0
0	0	0	6	20	6	11	17	51	32	17	11	11	9	6	1	2	5	9	2	2	3	4	0	10	16	80	47	0	304	47	10	6	1	7	1	3	0	2	0	3	6	5	12	8	9	12	10	5	1	3	5	0	3	1	4	1	2	2	1	2	1	0	0	0	2	2	1	3	3	1	1	1	3	2	0	3	1	0	2	1	2	0	0	2	0	2	2	4	2	2	2	0	3	2	1	1	0	1	0	0	0	1	1	0	1	0	0	0	0	1	1	0	1	2	0	1	0	3	1	1	1	2	0	0	1	0	1	2	0	2	0	2	2	1	1	1	0	0	1	0	0	1	1	1	2	1	1	3	0	2	4	1	4	0	1	1	0	2	2	2	1	0	1	0	1	1	1	0	1	2	1	1	1	1	1	2	1	2	1	1	0	2	0	2	0	1	3	3	1	5	0	2	4	0	1
0	0	0	8	12	5	9	14	49	26	14	10	15	5	10	3	4	7	3	2	1	1	4	3	15	35	119	85	304	0	82	12	6	2	1	2	4	4	1	3	9	2	11	19	12	23	20	12	9	7	4	4	2	4	3	1	2	1	0	2	1	1	1	2	1	2	4	2	2	1	2	2	2	1	1	0	0	0	1	3	1	0	0	1	2	0	2	1	3	1	0	3	2	4	1	4	2	2	0	1	0	1	1	0	1	2	0	2	2	0	0	2	1	0	0	3	0	1	4	0	0	0	2	2	0	1	0	3	1	2	2	1	2	0	1	1	0	4	0	0	1	2	1	1	0	1	2	0	0	0	0	1	0	1	1	0	0	3	1	0	0	0	1	1	2	0	2	0	1	0	1	0	0	0	0	1	2	1	1	3	2	4	4	0	1	0	3	0	0	0	0	1	0	2	1	2
0	0	0	8	5	8	4	11	32	45	24	14	22	13	5	1	2	3	5	4	3	2	3	3	19	60	111	52	47	82	0	32	5	13	8	3	4	2	3	2	5	10	18	15	8	21	38	14	9	7	7	5	4	9	5	3	0	4	1	0	2	5	1	3	4	3	2	6	2	1	2	1	0	2	1	1	1	1	0	1	1	2	3	2	2	1	1	1	4	2	2	0	6	2	2	2	1	2	0	0	1	0	1	0	0	0	1	2	2	1	3	1	2	1	0	1	0	0	2	0	1	0	1	2	1	0	0	0	4	1	0	0	0	3	3	1	3	2	1	1	3	1	0	4	1	0	2	1	1	0	3	0	1	2	3	2	3	1	0	2	0	0	0	0	1	1	0	0	0	1	0	2	1	0	2	1	1	0	2	1	2	3	1	1	4	0	0	2	2	1	2	2	1	1	3	0
0	0	0	4	8	8	4	2	11	28	23	23	38	45	34	21	12	10	7	6	5	6	14	15	49	49	26	19	10	12	32	0	60	29	18	8	7	5	4	9	5	15	15	23	12	40	57	105	56	24	19	19	8	11	8	6	6	3	8	4	5	2	3	3	4	3	8	4	1	4	3	6	3	4	2	2	2	3	3	1	2	1	0	2	4	0	0	1	4	2	5	2	7	4	3	1	1	1	2	2	1	1	2	0	2	6	0	2	3	0	1	1	1	1	2	0	1	0	1	1	3	3	2	3	1	5	1	0	0	2	3	1	2	3	4	1	1	1	3	1	1	4	0	3	1	1	0	3	2	2	0	0	2	5	1	1	5	3	4	3	2	2	1	2	1	6	0	2	1	1	3	0	1	1	1	0	1	1	2	0	3	5	4	0	4	1	0	3	4	1	2	2	1	2	3	0
0	0	0	4	2	4	2	5	7	10	18	12	31	55	105	69	27	18	8	5	5	11	31	24	28	26	12	13	6	6	5	60	0	260	44	26	18	22	10	11	7	21	17	19	9	35	44	304	79	48	24	31	24	20	21	7	5	8	8	7	7	5	4	9	3	3	8	15	2	2	3	4	7	4	1	4	1	0	4	1	1	1	3	2	4	6	5	3	2	5	1	8	7	11	4	4	1	4	1	1	0	3	0	2	1	2	2	5	1	0	1	2	1	3	1	0	1	1	2	1	3	1	3	2	0	1	2	1	3	4	1	3	5	2	4	2	6	4	2	1	2	1	1	6	4	3	3	1	4	0	4	2	1	4	4	6	2	3	2	4	2	2	1	2	2	2	0	3	0	2	1	4	1	1	3	1	1	2	1	3	1	1	4	1	7	1	1	2	4	4	6	4	2	1	4	1
0	0	0	1	1	3	5	6	7	9	18	9	18	43	136	120	61	25	21	8	5	13	45	18	24	16	4	6	1	2	13	29	260	0	132	47	27	19	16	13	29	17	15	13	14	18	23	78	47	32	37	38	27	42	28	21	14	24	4	8	6	4	8	8	6	5	10	18	5	5	5	7	4	6	8	0	4	5	4	2	3	2	2	7	5	5	3	5	2	3	13	8	14	9	4	5	4	2	0	0	2	5	3	0	3	1	0	1	1	1	2	1	2	0	2	2	2	0	0	2	5	0	6	1	3	2	3	2	2	1	4	5	5	5	8	5	4	5	7	3	4	2	3	3	2	0	2	0	1	1	3	3	1	7	2	5	6	7	5	3	3	2	3	4	3	1	3	3	0	2	2	4	1	0	0	0	4	4	5	3	5	2	5	3	1	2	0	3	0	2	2	9	2	2	2	0
0	0	0	2	2	6	4	2	6	5	7	8	15	15	40	63	42	19	13	13	10	25	76	34	16	9	6	12	7	1	8	18	44	132	0	82	22	65	31	28	28	14	14	8	11	15	14	32	35	23	22	29	43	90	45	28	15	29	15	9	3	12	6	10	5	4	8	21	8	3	3	9	3	4	10	2	6	6	3	2	1	1	2	5	3	5	3	1	3	9	8	16	16	17	12	5	8	7	3	1	4	2	2	0	0	3	1	2	1	5	5	4	1	1	2	2	2	1	5	0	3	3	2	0	3	0	1	3	0	6	3	5	4	7	5	2	8	4	3	3	3	5	2	6	2	3	0	0	2	0	4	2	3	1	6	1	9	4	6	1	2	0	3	2	2	3	2	1	2	0	1	2	5	0	3	0	0	3	1	3	6	5	4	2	2	3	1	4	4	2	2	6	1	5	6	0
0	0	0	0	3	4	2	3	2	3	12	4	8	12	30	119	219	53	23	9	14	17	46	21	14	7	3	11	1	2	3	8	26	47	82	0	135	79	21	27	8	8	2	8	8	12	6	20	22	23	11	23	79	85	59	87	41	28	27	12	6	7	13	9	11	6	23	38	14	6	7	6	8	9	7	4	5	5	9	3	4	4	6	3	5	5	4	6	2	7	19	41	25	18	12	18	12	6	3	0	0	1	2	0	3	3	1	1	2	6	2	4	6	2	0	4	1	0	1	4	6	3	3	9	1	3	2	7	1	2	1	5	10	14	10	3	11	9	7	6	6	6	8	6	4	2	0	3	4	2	3	6	4	8	3	5	8	9	4	3	7	4	7	1	3	3	0	6	2	5	1	2	3	3	0	2	2	6	8	8	12	7	2	3	2	2	4	3	5	3	0	8	4	2	1	3
0	0	0	3	0	2	2	2	2	4	5	5	7	9	21	70	280	71	31	15	9	24	19	7	12	6	5	1	3	4	4	7	18	27	22	135	0	26	9	7	9	8	3	2	4	8	6	13	15	14	23	30	50	27	31	60	30	17	19	16	9	21	19	20	10	6	24	79	8	7	8	6	8	8	8	8	3	5	6	4	6	1	4	7	4	6	8	9	7	12	29	37	24	8	14	11	10	6	6	3	1	1	2	2	2	0	2	3	3	7	0	2	2	4	2	7	7	2	4	5	1	5	16	4	6	3	5	4	4	3	4	2	8	9	10	9	8	10	4	12	9	9	5	8	7	6	3	2	4	5	2	3	5	7	4	9	14	10	8	4	9	4	1	3	2	1	4	3	6	5	4	6	1	2	1	3	3	6	7	8	12	7	9	5	3	1	0	2	7	2	7	6	5	7	3	2
0	0	0	1	1	3	5	3	2	6	4	1	6	12	19	20	38	21	14	12	4	13	42	15	14	9	4	6	0	4	2	5	22	19	65	79	26	0	97	55	29	9	16	13	5	7	6	7	16	16	8	15	66	78	34	66	58	83	47	14	10	13	10	15	8	4	6	14	14	7	17	16	13	21	8	5	2	9	6	5	9	5	7	2	8	6	8	2	5	9	17	22	31	41	17	13	9	6	3	4	4	2	1	2	3	3	1	4	4	7	2	4	4	4	3	2	1	4	1	2	6	3	6	6	1	5	2	0	6	7	2	9	14	13	11	8	9	10	8	5	5	3	1	4	3	6	4	1	6	1	2	4	0	6	5	4	7	4	5	3	6	5	2	3	1	2	0	4	2	1	1	4	1	1	1	1	1	3	2	6	6	3	3	4	1	0	2	8	3	3	4	7	2	5	2	1
0	0	0	0	3	2	2	4	2	4	5	3	4	3	10	14	8	9	10	9	9	14	22	12	6	4	1	4	2	1	3	4	10	16	31	21	9	97	0	138	23	8	3	9	5	5	8	8	11	13	6	9	22	24	14	23	23	50	18	9	5	11	6	4	2	5	5	9	5	9	11	9	15	19	3	6	5	7	11	7	12	8	7	5	7	3	3	2	5	2	10	10	21	45	25	9	7	4	8	3	1	2	3	2	2	3	1	1	4	3	4	4	5	2	4	4	2	1	0	1	2	5	4	4	1	2	3	3	0	6	7	12	14	28	4	10	8	8	4	7	3	2	4	4	3	0	1	0	2	1	2	1	1	3	1	4	8	14	5	4	2	3	2	2	0	5	3	3	3	3	4	1	0	1	1	0	2	3	2	4	2	4	4	3	1	5	3	1	0	3	4	4	0	2	2	2
0	0	0	1	4	2	1	1	5	6	7	7	7	4	4	13	10	15	13	6	2	9	32	24	7	4	2	4	0	3	2	9	11	13	28	27	7	55	138	0	63	17	20	9	8	6	6	4	8	8	11	13	13	25	14	10	21	30	22	8	4	4	5	4	5	5	8	9	5	8	8	11	8	10	10	2	4	4	4	6	10	5	3	6	7	4	1	2	3	2	7	7	14	25	11	2	4	5	5	2	1	1	0	1	3	4	2	2	2	7	1	5	3	0	2	0	4	1	3	3	3	2	0	4	1	0	3	2	5	5	6	12	12	5	8	5	5	5	5	2	6	2	2	1	2	0	1	3	1	0	4	0	1	2	2	2	1	7	3	1	3	0	1	1	2	3	3	3	3	4	2	1	1	0	0	0	2	0	2	1	5	3	2	0	1	1	2	2	1	4	2	2	1	1	8	2
0	0	0	1	4	3	5	3	3	7	4	5	10	10	13	10	15	12	10	7	14	5	43	38	22	10	7	8	3	9	5	5	7	29	28	8	9	29	23	63	0	46	21	14	10	26	13	16	24	20	17	11	19	32	21	13	10	28	12	6	7	3	2	3	4	4	3	5	6	7	6	9	8	4	3	0	4	4	4	5	5	6	5	6	3	4	2	2	4	2	4	13	9	12	11	5	7	3	2	1	0	0	1	1	1	0	1	2	3	2	3	3	2	1	1	2	1	1	1	0	2	2	2	2	0	0	3	3	1	2	4	9	3	6	5	3	4	4	3	2	2	2	0	3	1	0	2	0	3	1	1	5	0	2	0	1	2	5	0	3	1	1	1	1	0	1	2	2	3	3	1	1	2	0	1	0	1	1	1	1	4	2	3	4	0	2	2	1	2	1	4	1	3	0	2	1
0	0	0	5	7	6	4	7	3	6	19	11	12	24	15	14	4	8	9	3	5	7	22	26	20	17	10	14	6	2	10	15	21	17	14	8	8	9	8	17	46	0	211	82	52	35	37	36	16	15	12	11	9	14	7	6	8	2	1	2	3	3	2	3	2	8	1	1	3	3	2	4	6	2	0	0	1	2	6	3	5	1	2	2	3	0	2	0	0	1	2	3	5	3	2	3	1	2	4	2	2	2	1	2	2	2	2	1	1	1	2	1	0	3	2	0	0	3	0	0	2	1	3	1	1	2	1	3	0	2	0	5	2	4	2	2	3	4	6	1	2	3	1	2	0	3	2	0	0	2	3	1	1	0	2	2	1	2	1	2	1	2	1	2	1	1	3	0	1	0	4	1	1	2	1	1	2	3	3	6	2	3	1	2	1	2	3	1	0	1	2	0	1	3	0	2
0	0	0	4	7	5	5	7	12	9	11	12	15	17	12	14	4	10	7	5	5	5	9	15	41	33	10	24	5	11	18	15	17	15	14	2	3	16	3	20	21	211	0	101	62	46	58	18	16	12	11	8	13	11	11	8	5	5	3	4	2	1	2	4	2	1	2	7	5	3	2	5	1	1	0	2	0	2	0	5	4	2	2	2	2	1	1	1	0	2	2	1	1	4	2	4	4	1	1	1	2	0	1	2	1	0	3	0	1	2	1	3	3	1	3	0	2	0	0	0	0	3	1	2	1	1	2	2	1	1	3	3	1	2	10	0	4	1	2	3	1	0	0	0	1	1	1	1	1	0	3	8	2	2	1	1	3	1	3	1	3	2	3	2	0	1	1	2	3	0	1	1	0	1	0	0	0	2	0	2	4	2	2	1	1	3	0	2	1	1	0	1	1	1	0	0
0	0	0	5	4	5	3	7	10	16	24	32	33	24	11	7	10	9	8	1	1	7	6	11	32	43	24	38	12	19	15	23	19	13	8	8	2	13	9	9	14	82	101	0	1044	92	61	21	17	9	11	8	5	8	4	5	1	3	6	1	4	1	1	0	4	2	1	5	1	7	2	2	3	1	0	2	2	4	2	0	1	1	0	0	0	0	0	1	1	2	3	4	2	3	2	3	2	2	1	0	1	0	1	0	0	0	0	1	2	4	1	2	4	0	0	1	0	2	0	1	2	0	2	3	3	0	0	2	1	0	3	5	2	1	2	2	0	2	4	2	2	2	0	0	0	1	0	0	2	0	1	4	0	3	0	2	2	2	3	0	0	2	3	1	1	0	1	0	0	0	3	0	1	0	0	0	2	1	4	4	1	3	3	3	2	1	2	0	0	0	3	3	1	0	0	0
0	0	0	0	6	13	3	14	24	19	31	32	49	31	14	5	8	7	1	0	7	5	6	7	23	44	33	52	8	12	8	12	9	14	11	8	4	5	5	8	10	52	62	1044	0	85	58	28	8	8	4	12	6	7	11	4	2	6	3	2	1	2	0	2	1	0	2	8	4	2	3	3	1	6	3	0	3	2	2	4	1	2	2	1	0	3	2	0	0	1	2	0	1	4	2	3	1	3	0	0	2	0	0	0	1	1	2	3	3	2	0	0	0	1	0	0	1	1	0	1	0	0	2	3	1	0	0	0	2	2	0	5	1	5	1	2	6	3	2	2	0	2	2	3	1	0	2	2	3	1	1	1	0	0	1	1	0	4	2	2	0	1	2	1	0	2	0	3	2	1	1	3	0	0	1	0	0	2	4	2	1	1	1	2	1	1	1	2	0	1	0	3	3	2	1	1
0	0	0	3	4	7	3	6	20	23	29	18	32	25	16	13	14	13	10	7	3	4	13	12	79	180	42	64	9	23	21	40	35	18	15	12	8	7	5	6	26	35	46	92	85	0	1433	63	31	19	7	13	4	5	4	5	9	6	3	2	1	5	4	3	6	6	4	5	2	5	3	5	4	1	5	3	3	2	2	3	2	1	1	2	2	3	1	0	1	3	4	1	3	6	2	1	2	3	4	0	0	0	0	0	1	2	0	0	1	2	2	1	1	2	3	1	0	1	1	0	0	4	0	3	0	1	3	1	1	3	1	0	1	4	1	0	1	0	2	2	3	0	1	1	2	1	0	2	0	3	1	1	1	4	4	3	2	3	2	1	1	0	1	1	1	2	2	1	1	4	0	0	0	1	1	2	1	1	1	2	0	5	3	1	1	2	0	0	4	1	0	3	3	2	1	2
0	0	0	3	3	7	2	5	25	28	30	29	30	38	14	11	4	7	8	3	3	6	11	14	93	315	40	50	12	20	38	57	44	23	14	6	6	6	8	6	13	37	58	61	58	1433	0	77	32	12	12	23	6	8	13	4	9	10	4	4	1	1	0	2	2	2	5	5	3	1	6	2	4	1	1	1	1	6	0	3	5	3	4	1	0	2	1	5	3	0	2	0	3	5	0	1	3	2	2	1	2	1	1	1	0	1	0	0	0	3	2	1	1	0	1	1	1	2	1	1	2	2	5	0	2	1	0	2	2	2	2	1	1	2	2	4	1	3	2	3	1	2	2	2	0	0	1	1	2	2	3	1	2	3	0	0	1	3	2	2	1	2	1	2	1	0	2	2	2	0	0	5	0	2	2	1	1	3	1	1	3	2	0	2	0	2	0	0	0	2	1	2	2	3	1	1
0	0	0	6	4	10	5	6	15	20	31	16	25	45	43	28	27	20	8	8	2	8	27	19	90	45	17	14	10	12	14	105	304	78	32	20	13	7	8	4	16	36	18	21	28	63	77	0	64	32	34	24	15	23	12	8	3	3	10	2	3	4	3	6	5	3	4	16	4	5	4	2	6	3	2	1	2	4	3	0	6	2	6	3	4	1	2	1	1	2	7	7	8	6	5	3	4	4	3	2	0	3	3	1	2	0	1	3	3	2	0	0	1	1	4	1	1	0	0	1	0	3	4	1	1	1	1	3	1	1	0	1	2	6	1	4	5	1	2	1	5	3	4	2	2	2	1	1	4	0	2	2	3	5	3	3	2	5	1	3	2	1	2	4	2	4	3	2	3	0	2	5	3	0	1	0	2	2	2	1	3	5	3	3	1	1	2	3	1	2	2	2	4	2	2	0
0	0	0	5	4	1	4	8	10	7	8	8	5	19	24	31	37	29	25	13	6	11	55	53	85	24	5	11	5	9	9	56	79	47	35	22	15	16	11	8	24	16	16	17	8	31	32	64	0	227	180	162	18	31	29	14	8	11	7	7	5	4	4	4	8	5	8	18	5	9	5	2	4	3	6	4	8	3	3	3	4	3	3	2	4	1	4	3	2	5	6	3	8	5	9	3	2	5	2	1	0	1	1	1	4	2	3	0	3	4	1	2	2	4	2	2	2	0	2	1	4	5	1	0	2	2	3	2	1	3	2	2	6	3	5	3	4	2	3	1	3	5	3	3	3	1	1	1	3	3	3	4	6	2	4	3	4	3	6	5	1	5	3	1	6	1	3	1	1	2	2	3	1	2	3	0	4	1	4	2	6	6	2	4	4	6	2	1	4	1	0	4	2	2	2	2
0	0	0	2	3	2	0	3	3	4	12	1	6	10	24	24	36	38	54	15	14	16	58	57	34	5	7	6	1	7	7	24	48	32	23	23	14	16	13	8	20	15	12	9	8	19	12	32	227	0	8543	1913	30	41	66	20	12	20	10	6	7	6	6	5	4	6	16	20	8	11	4	5	2	6	5	5	2	4	2	3	3	0	3	6	2	5	7	1	4	5	7	11	8	6	9	7	3	5	2	3	3	1	1	0	1	2	1	2	1	0	2	4	1	3	1	2	0	1	0	1	4	3	5	5	1	2	2	0	2	3	1	2	3	6	4	5	7	7	4	1	2	5	3	6	5	3	1	3	2	2	3	3	7	4	4	1	2	2	5	2	3	1	1	4	2	4	3	3	3	3	2	3	6	4	2	0	2	1	4	7	6	7	5	4	1	4	4	2	3	3	5	6	3	2	3	3
0	0	0	0	0	3	2	1	3	2	4	8	8	12	9	33	23	54	62	29	12	23	50	64	31	11	9	5	3	4	7	19	24	37	22	11	23	8	6	11	17	12	11	11	4	7	12	34	180	8543	0	4187	36	42	68	17	12	11	9	7	8	5	1	3	6	6	15	25	8	8	4	5	4	6	6	4	4	2	4	2	2	1	1	3	7	2	3	1	8	4	10	11	14	6	12	11	5	6	2	2	3	1	1	5	1	1	0	3	4	3	1	2	4	2	3	4	4	2	1	3	3	2	2	2	3	5	1	1	0	1	2	1	1	5	6	7	4	4	5	1	8	2	5	4	5	8	5	4	3	2	4	4	1	4	5	2	5	3	6	2	3	7	4	3	3	2	0	1	2	2	2	1	4	2	3	2	2	2	3	5	1	10	7	0	2	3	4	2	0	5	3	6	4	2	2	1
0	0	0	2	2	1	3	2	3	7	4	11	10	9	17	28	37	64	59	24	15	19	59	48	21	9	10	3	5	4	5	19	31	38	29	23	30	15	9	13	11	11	8	8	12	13	23	24	162	1913	4187	0	40	51	95	21	10	26	16	5	4	5	6	7	5	6	18	40	9	10	4	6	8	5	6	4	2	4	9	2	9	4	4	2	6	1	3	1	3	5	17	12	11	4	6	7	4	5	3	3	2	1	1	1	2	0	0	0	5	4	1	5	2	2	3	2	3	1	2	4	0	2	2	3	1	5	2	2	5	5	2	2	5	9	5	3	5	3	6	2	3	3	4	1	3	2	1	4	3	3	2	5	10	7	3	5	4	3	0	4	3	5	2	2	2	3	1	5	5	2	5	5	4	1	2	1	1	5	4	2	4	6	7	6	4	3	1	1	2	7	4	7	10	6	0	0
0	0	0	1	1	0	2	3	6	1	3	2	4	6	16	39	55	60	57	20	22	85	58	20	12	4	3	4	0	2	4	8	24	27	43	79	50	66	22	13	19	9	13	5	6	4	6	15	18	30	36	40	0	313	371	256	103	95	59	15	15	5	5	8	16	7	32	51	18	25	20	12	12	25	10	4	7	3	8	8	4	5	3	6	9	6	6	9	4	11	31	30	21	21	20	16	6	10	8	8	7	2	1	1	3	1	2	3	5	7	1	3	4	4	2	4	3	3	5	5	11	6	5	10	2	7	3	5	5	3	7	7	8	9	14	7	14	11	1	8	7	8	0	5	4	3	2	0	4	5	4	2	2	7	6	10	10	13	6	3	4	3	3	2	4	1	4	0	2	5	4	5	1	2	0	5	4	1	5	4	5	5	2	5	2	0	0	3	3	6	6	8	5	4	2	1
0	0	0	1	0	0	0	5	2	2	1	7	7	13	20	50	54	38	35	29	15	35	180	49	12	11	2	2	3	4	9	11	20	42	90	85	27	78	24	25	32	14	11	8	7	5	8	23	31	41	42	51	313	0	238	72	52	87	24	17	6	13	7	6	5	3	17	25	11	13	11	8	10	8	11	2	3	4	10	7	4	2	3	7	7	7	6	6	3	5	8	20	36	29	21	8	8	4	4	6	3	1	2	1	1	2	2	2	1	10	3	3	0	1	4	1	4	3	1	2	6	3	6	7	1	2	4	3	3	3	4	9	3	14	6	3	10	6	4	3	3	5	4	4	2	0	5	4	1	1	5	4	3	9	8	4	6	4	7	3	3	6	3	3	4	3	2	4	1	0	3	6	0	1	1	0	1	2	5	3	6	6	5	0	4	2	1	1	4	3	2	5	5	1	4	2
0	0	0	0	0	2	0	2	2	2	1	6	3	8	11	21	55	112	87	46	17	90	63	49	7	10	0	5	1	3	5	8	21	28	45	59	31	34	14	14	21	7	11	4	11	4	13	12	29	66	68	95	371	238	0	89	74	58	45	9	9	8	10	9	10	17	27	55	13	10	17	11	11	10	6	4	4	7	8	5	8	3	3	8	10	12	10	6	4	7	19	17	19	17	16	22	11	2	3	2	2	1	3	1	0	3	2	2	7	4	3	4	2	2	0	3	4	2	5	6	9	5	9	5	0	3	4	3	4	7	1	2	4	9	15	6	9	9	3	6	7	3	2	3	6	4	3	3	2	1	2	3	3	7	11	2	8	11	6	4	7	3	4	4	3	3	5	3	4	5	2	5	0	2	2	3	9	3	5	3	7	5	5	2	2	1	2	5	1	2	6	3	1	1	2	3
0	0	0	2	2	2	1	1	3	2	7	3	2	6	15	27	24	41	34	24	28	105	38	17	8	1	3	1	4	1	3	6	7	21	28	87	60	66	23	10	13	6	8	5	4	5	4	8	14	20	17	21	256	72	89	0	259	72	90	14	14	18	12	6	16	15	24	60	16	23	30	12	9	32	18	5	16	15	11	7	9	5	7	8	11	6	4	4	5	14	43	62	76	46	25	30	14	9	8	2	1	3	2	2	3	0	3	3	4	10	6	4	7	3	5	6	4	4	2	1	4	10	6	3	3	6	5	3	5	10	7	6	10	26	16	9	8	10	5	3	10	6	5	3	8	3	0	2	4	3	4	3	4	1	2	12	8	7	9	8	3	4	2	2	2	0	8	5	4	3	1	3	1	4	2	5	2	10	8	7	8	6	3	5	2	1	2	3	2	8	6	6	3	1	2	2
0	0	0	1	0	2	0	2	0	1	4	2	2	5	9	17	23	39	33	46	37	198	21	23	3	6	0	3	1	2	0	6	5	14	15	41	30	58	23	21	10	8	5	1	2	9	9	3	8	12	12	10	103	52	74	259	0	93	415	32	14	13	10	7	29	11	42	21	50	37	39	32	22	51	25	12	11	20	15	9	10	4	5	5	22	10	9	14	3	22	34	83	79	75	71	47	27	14	7	4	1	3	2	1	3	3	3	3	9	8	3	4	3	6	4	5	7	6	4	6	10	7	5	10	6	5	5	4	1	10	7	17	14	17	26	15	13	9	7	8	5	6	6	6	6	6	5	2	6	5	3	5	5	8	11	9	11	14	2	10	5	4	4	4	3	6	3	2	3	3	8	2	2	3	3	3	5	5	2	3	9	5	5	4	5	2	5	0	4	8	5	6	9	3	2	2
0	0	0	3	0	1	1	0	3	5	5	3	5	7	7	15	14	16	26	24	25	67	40	33	5	4	4	2	2	1	4	3	8	24	29	28	17	83	50	30	28	2	5	3	6	6	10	3	11	20	11	26	95	87	58	72	93	0	70	24	7	5	6	10	15	10	23	20	24	21	18	19	23	24	9	10	5	15	11	10	11	5	9	8	10	10	9	4	6	8	18	23	30	41	37	28	7	7	7	4	3	2	4	1	3	4	2	6	3	2	3	5	6	4	1	3	4	2	3	0	4	5	5	1	4	4	1	2	1	7	8	5	17	25	12	9	12	11	1	3	6	3	3	1	3	4	4	4	3	4	4	5	3	2	3	5	6	5	4	2	3	6	4	0	4	2	6	6	4	5	0	5	2	0	3	1	2	5	3	7	8	8	6	4	1	5	2	1	1	4	2	2	6	1	5	3
0	0	0	0	1	3	2	2	2	4	3	8	3	4	6	12	15	35	15	26	40	129	18	13	3	4	3	1	2	0	1	8	8	4	15	27	19	47	18	22	12	1	3	6	3	3	4	10	7	10	9	16	59	24	45	90	415	70	0	44	15	13	4	9	27	15	38	19	48	61	52	33	26	85	31	15	18	22	23	16	18	10	8	11	33	15	11	6	9	17	56	77	94	69	102	96	46	29	7	9	6	3	3	1	1	4	4	4	12	10	4	5	6	4	13	7	6	3	7	7	11	9	8	11	11	6	3	5	7	8	7	9	20	39	37	16	21	12	8	8	10	4	8	7	7	3	6	5	5	2	7	5	4	6	12	12	13	14	14	9	8	4	0	3	3	3	6	11	6	3	2	1	4	5	4	0	4	2	4	6	11	6	7	7	3	4	6	6	6	9	2	3	3	3	5	3
0	0	0	1	3	0	1	1	1	1	4	2	4	4	6	9	4	18	9	10	20	18	6	6	0	2	1	1	1	2	0	4	7	8	9	12	16	14	9	8	6	2	4	1	2	2	4	2	7	6	7	5	15	17	9	14	32	24	44	0	43	43	14	16	341	46	30	16	35	14	26	9	6	33	47	26	45	25	23	9	8	6	8	14	48	43	15	13	18	48	347	106	52	20	29	43	43	31	14	5	4	3	6	5	8	9	7	5	14	18	5	15	11	5	4	8	14	7	11	15	19	25	41	28	8	11	9	7	15	7	10	12	15	30	67	64	48	15	13	15	10	14	14	10	16	5	4	5	6	9	10	16	5	11	21	34	56	31	22	23	18	9	5	3	7	11	6	5	6	5	5	3	2	3	2	2	8	6	10	17	29	14	7	8	3	2	3	5	8	7	5	4	5	8	3	3
0	0	0	1	3	1	0	1	1	4	2	1	1	3	2	8	6	13	7	6	7	16	3	0	1	1	0	2	2	1	2	5	7	6	3	6	9	10	5	4	7	3	2	4	1	1	1	3	5	7	8	4	15	6	9	14	14	7	15	43	0	22	17	10	169	157	26	19	17	22	9	6	5	13	20	21	22	9	14	6	5	6	6	10	39	44	24	24	40	469	56	18	10	5	10	22	18	27	7	2	3	3	6	9	6	6	6	9	14	17	10	7	10	14	15	11	17	6	15	16	30	17	30	51	21	17	9	8	12	4	6	3	7	7	23	35	20	16	9	10	12	27	23	40	51	9	6	7	17	13	19	44	24	27	129	99	82	21	64	66	58	21	13	4	6	7	14	10	12	13	7	6	3	3	5	4	8	28	34	40	91	28	9	8	2	4	7	10	16	25	11	15	16	11	5	1
0	0	0	2	3	1	1	1	2	2	1	0	3	2	4	7	5	6	4	6	6	6	2	3	2	4	1	0	1	1	5	2	5	4	12	7	21	13	11	4	3	3	1	1	2	5	1	4	4	6	5	5	5	13	8	18	13	5	13	43	22	0	92	54	35	15	16	17	8	6	8	7	8	11	13	8	15	10	7	5	1	4	2	7	16	10	9	8	11	18	37	38	18	10	12	10	13	9	7	5	2	5	6	4	6	5	6	6	9	7	3	4	5	7	10	4	7	7	7	3	27	32	58	15	14	10	12	6	10	7	7	7	8	13	29	26	94	60	45	62	52	46	14	16	17	1	1	4	3	5	13	11	4	11	17	35	122	170	41	18	13	8	1	4	3	5	5	4	3	5	6	5	2	2	2	3	7	5	8	24	41	5	3	6	4	6	1	2	4	5	8	9	8	4	0	2
0	0	0	2	2	0	0	1	1	4	2	2	1	4	7	9	15	10	3	3	2	11	5	3	1	1	2	3	0	1	1	3	4	8	6	13	19	10	6	5	2	2	2	1	0	4	0	3	4	6	1	6	5	7	10	12	10	6	4	14	17	92	0	632	15	14	17	9	9	5	5	1	3	8	17	5	9	2	1	3	3	5	2	2	11	5	4	3	5	17	25	20	9	3	3	7	6	5	5	3	2	3	3	2	4	4	4	4	8	5	2	5	7	3	6	6	1	4	6	7	13	12	25	9	10	9	7	3	11	4	3	4	4	6	14	10	33	30	45	46	38	26	17	9	6	2	3	2	3	6	3	8	7	9	8	15	39	41	15	10	8	4	2	3	2	4	3	6	5	5	3	7	3	3	3	0	6	3	11	17	19	5	4	1	2	1	2	4	2	8	6	14	3	4	1	3
0	0	0	0	4	2	1	0	0	0	4	2	2	3	7	16	17	15	5	5	5	10	8	5	5	0	4	2	0	2	3	3	9	8	10	9	20	15	4	4	3	3	4	0	2	3	2	6	4	5	3	7	8	6	9	6	7	10	9	16	10	54	632	0	11	9	13	7	2	5	6	9	2	2	5	5	4	3	2	5	4	2	5	2	7	9	4	5	4	14	19	14	7	8	7	4	10	9	9	1	6	3	4	2	4	2	5	6	7	1	4	2	2	7	7	1	2	2	6	6	4	9	14	5	6	8	5	3	3	3	5	3	6	10	17	12	21	38	35	41	28	19	6	10	6	3	5	4	2	1	5	4	9	8	7	7	26	19	18	5	8	6	1	0	5	3	2	4	2	4	2	7	4	0	3	0	4	8	11	19	23	4	3	1	1	4	2	1	8	10	8	4	9	4	0	2
0	0	0	0	1	1	0	2	0	1	1	3	2	4	4	5	7	13	10	17	20	16	2	5	9	2	1	1	0	1	4	4	3	6	5	11	10	8	2	5	4	2	2	4	1	6	2	5	8	4	6	5	16	5	10	16	29	15	27	341	169	35	15	11	0	94	37	17	27	29	11	7	8	27	31	26	27	16	23	9	10	9	9	15	73	49	16	13	24	119	205	60	21	17	20	26	48	42	17	5	4	5	2	8	3	9	7	7	23	19	10	12	10	15	10	9	12	11	6	12	25	20	39	38	10	18	11	9	18	8	6	6	8	13	42	61	29	16	15	13	10	23	9	17	22	9	5	9	9	5	14	15	18	15	51	62	79	28	48	35	46	7	4	5	10	7	11	13	9	6	13	5	0	2	3	2	8	7	11	22	43	10	7	3	3	6	2	10	8	13	14	7	10	5	5	3
0	0	0	0	3	2	4	0	2	5	1	0	1	4	2	5	5	10	11	21	27	18	5	3	3	1	1	3	2	2	3	3	3	5	4	6	6	4	5	5	4	8	1	2	0	6	2	3	5	6	6	6	7	3	17	15	11	10	15	46	157	15	14	9	94	0	40	23	47	15	16	7	10	16	12	26	21	16	18	12	4	4	8	15	34	89	46	31	86	294	46	17	17	5	18	25	29	42	9	3	7	4	3	5	4	5	6	7	17	16	7	11	12	15	11	17	26	12	10	9	22	12	23	42	11	18	3	6	9	9	4	4	7	11	10	26	17	5	3	9	12	14	11	17	33	18	3	8	24	15	17	40	23	30	70	27	27	10	22	30	72	19	10	10	9	14	12	14	12	9	10	10	2	2	5	6	11	17	26	20	31	40	11	15	4	6	7	6	27	19	10	18	13	14	9	4
0	0	0	1	2	2	4	1	2	0	2	2	1	3	3	11	15	38	53	56	77	69	12	12	5	2	0	0	2	4	2	8	8	10	8	23	24	6	5	8	3	1	2	1	2	4	5	4	8	16	15	18	32	17	27	24	42	23	38	30	26	16	17	13	37	40	0	59	58	33	15	14	6	9	12	13	8	13	8	9	6	4	4	6	10	18	8	13	9	56	56	34	18	12	6	23	21	16	6	1	2	3	3	3	4	2	4	3	7	9	8	7	11	4	5	7	10	5	3	3	10	4	12	8	4	4	7	6	4	6	4	5	8	8	12	10	9	7	7	5	6	11	6	12	16	3	2	4	4	5	3	10	12	13	18	11	14	16	8	6	11	7	1	3	4	7	12	10	5	10	7	5	4	2	2	4	6	12	14	7	17	19	14	9	5	3	3	4	9	11	13	9	11	7	2	3
0	0	0	2	0	1	3	9	4	3	7	0	3	7	8	25	44	336	83	31	24	40	21	16	6	5	7	2	1	2	6	4	15	18	21	38	79	14	9	9	5	1	7	5	8	5	5	16	18	20	25	40	51	25	55	60	21	20	19	16	19	17	9	7	17	23	59	0	19	11	9	3	11	9	10	6	8	5	7	2	4	3	2	10	9	5	10	4	11	18	25	39	16	15	10	14	12	15	3	0	2	1	1	3	4	3	3	0	7	9	3	5	6	4	5	6	8	5	2	3	5	8	10	4	2	4	0	2	8	4	3	8	2	4	10	10	8	7	4	8	6	7	9	15	16	7	4	5	5	3	3	10	5	7	8	10	13	4	10	7	10	2	3	6	4	5	1	9	13	9	6	10	2	1	0	0	2	8	8	2	23	13	6	5	4	2	3	5	11	13	11	8	10	5	4	2
0	0	0	0	0	0	3	2	2	0	5	2	0	1	8	8	10	10	26	46	174	50	9	7	5	0	2	1	3	2	2	1	2	5	8	14	8	14	5	5	6	3	5	1	4	2	3	4	5	8	8	9	18	11	13	16	50	24	48	35	17	8	9	2	27	47	58	19	0	291	60	33	14	25	13	13	15	11	37	16	7	5	13	12	31	30	32	9	13	20	26	29	25	11	25	135	101	55	8	4	8	3	4	1	4	4	2	3	7	11	9	7	8	11	7	6	11	4	6	4	9	8	10	17	2	10	8	3	5	13	8	6	10	18	13	14	7	10	5	5	10	2	6	10	9	2	3	1	2	7	6	14	5	10	10	9	14	3	8	17	17	9	6	10	6	7	15	6	2	2	5	5	5	3	2	5	6	7	6	5	9	11	13	5	6	4	7	9	7	7	5	14	8	5	5	3
0	0	0	1	1	1	2	1	2	1	3	0	2	3	5	7	10	14	18	41	85	42	8	7	2	6	4	2	3	1	1	4	2	5	3	6	7	7	9	8	7	3	3	7	2	5	1	5	9	11	8	10	25	13	10	23	37	21	61	14	22	6	5	5	29	15	33	11	291	0	136	48	33	49	20	14	16	21	38	30	16	15	12	21	37	17	19	11	15	22	24	21	17	18	31	292	66	44	6	11	4	4	2	3	1	2	4	7	10	17	2	11	8	5	3	6	10	5	5	5	6	4	10	6	4	4	6	4	7	14	9	6	12	12	16	13	4	6	3	2	5	2	3	8	3	7	5	8	5	5	5	9	4	5	6	6	8	5	7	3	16	12	6	8	9	7	6	3	4	6	5	6	3	1	2	2	7	2	2	7	9	12	11	5	3	2	3	1	13	8	2	3	6	5	1	3
0	0	0	0	2	0	1	0	2	2	1	0	4	4	6	4	3	6	11	21	30	29	7	5	1	4	0	4	1	2	2	3	3	5	3	7	8	17	11	8	6	2	2	2	3	3	6	4	5	4	4	4	20	11	17	30	39	18	52	26	9	8	5	6	11	16	15	9	60	136	0	152	96	141	29	9	9	54	86	62	27	16	26	32	31	25	19	7	11	5	15	19	30	29	90	257	73	47	18	3	2	1	1	4	0	2	7	8	9	10	14	12	7	5	8	10	9	3	1	11	11	10	10	7	3	7	5	7	3	12	18	26	24	29	17	17	5	6	2	8	6	7	0	6	9	5	2	5	2	5	2	2	7	7	10	5	9	3	9	9	9	9	8	6	4	3	6	3	6	3	2	0	1	2	0	2	5	3	3	7	4	6	4	5	3	2	5	2	3	4	2	1	3	3	4	2
0	0	0	0	0	0	3	1	1	2	2	1	2	3	7	3	9	7	9	22	13	21	9	4	4	2	1	0	1	2	1	6	4	7	9	6	6	16	9	11	9	4	5	2	3	5	2	2	2	5	5	6	12	8	11	12	32	19	33	9	6	7	1	9	7	7	14	3	33	48	152	0	172	44	25	10	9	27	43	78	32	25	16	20	24	18	13	4	2	6	6	13	15	18	32	65	20	17	13	4	1	2	2	0	4	3	8	8	7	6	6	5	10	5	5	8	3	5	0	4	6	4	6	7	1	3	2	5	5	14	17	16	21	21	11	11	5	4	2	1	4	1	4	6	6	1	3	3	4	2	2	3	2	3	5	6	2	9	3	4	4	3	3	3	4	3	6	1	2	2	4	3	0	1	2	3	2	5	2	8	6	2	5	0	1	2	1	1	7	2	3	0	1	2	5	1
0	0	0	0	0	0	0	1	0	2	0	2	1	3	1	4	4	4	13	17	15	26	6	7	4	4	3	2	1	2	0	3	7	4	3	8	8	13	15	8	8	6	1	3	1	4	4	6	4	2	4	8	12	10	11	9	22	23	26	6	5	8	3	2	8	10	6	11	14	33	96	172	0	68	25	8	19	24	27	86	75	33	19	24	11	10	11	9	5	7	9	8	21	29	58	36	16	14	9	5	3	3	3	4	3	8	2	6	8	9	3	10	5	3	1	4	2	3	6	9	3	5	10	3	4	6	3	10	7	17	19	24	51	49	15	10	6	9	2	4	2	5	2	7	5	0	3	3	4	1	5	5	6	5	3	2	3	6	7	6	6	3	2	1	3	3	3	4	4	3	1	2	2	3	3	4	1	1	1	3	2	2	7	3	2	2	5	3	2	1	3	2	1	1	0	0
0	0	0	0	1	1	2	2	1	4	2	1	3	3	6	2	4	19	6	16	23	28	5	9	3	0	4	1	3	1	2	4	4	6	4	9	8	21	19	10	4	2	1	1	6	1	1	3	3	6	6	5	25	8	10	32	51	24	85	33	13	11	8	2	27	16	9	9	25	49	141	44	68	0	104	29	27	83	75	45	25	25	23	29	36	22	8	3	14	13	27	36	52	63	557	119	58	27	16	6	4	4	4	5	4	3	5	7	13	10	7	14	9	3	7	11	6	4	4	10	7	9	16	10	6	7	6	8	13	26	18	23	65	127	56	24	17	15	5	5	2	5	3	6	4	2	2	4	3	2	2	7	8	1	6	8	8	6	13	7	11	2	4	4	4	4	2	1	6	1	3	1	4	1	2	4	2	5	5	8	8	6	7	2	1	1	4	1	3	3	4	5	5	4	0	2
0	0	0	0	0	3	0	0	1	2	3	2	5	3	5	6	7	5	6	9	5	16	6	2	0	3	1	1	2	1	1	2	1	8	10	7	8	8	3	10	3	0	0	0	3	5	1	2	6	5	6	6	10	11	6	18	25	9	31	47	20	13	17	5	31	12	12	10	13	20	29	25	25	104	0	41	111	262	115	30	29	19	29	61	71	24	12	7	12	12	27	22	34	33	62	43	58	32	56	7	5	8	8	6	5	8	9	15	19	28	15	21	12	19	5	6	10	12	9	12	14	16	25	9	7	4	7	3	14	56	26	33	47	66	70	66	24	17	2	8	11	7	7	4	6	5	3	9	3	5	4	8	3	7	17	22	13	17	13	10	18	14	5	3	6	4	6	6	5	2	2	1	0	0	3	1	4	5	6	8	7	7	1	3	6	2	2	3	1	3	2	2	0	4	0	0
0	0	0	2	0	3	2	3	0	1	2	2	0	2	2	7	8	3	6	3	8	7	2	4	1	1	1	1	0	0	1	2	4	0	2	4	8	5	6	2	0	0	2	2	0	3	1	1	4	5	4	4	4	2	4	5	12	10	15	26	21	8	5	5	26	26	13	6	13	14	9	10	8	29	41	0	231	44	39	14	11	9	12	58	115	70	26	19	35	18	10	9	11	12	10	22	44	33	63	12	11	6	14	8	15	13	19	26	201	265	52	80	88	49	33	25	28	9	15	26	54	27	25	40	16	30	16	18	50	32	11	6	10	11	21	79	21	5	7	6	8	10	6	7	14	8	5	7	10	14	11	7	3	5	24	24	24	15	23	35	31	22	7	8	9	11	5	7	6	7	2	4	1	1	1	2	6	7	8	15	6	10	5	4	3	3	3	4	6	5	6	5	2	1	5	5
0	0	0	2	1	2	0	0	3	0	1	2	3	2	0	4	6	3	4	8	10	9	4	2	1	2	2	0	3	0	1	2	1	4	6	5	3	2	5	4	4	1	0	2	3	3	1	2	8	2	4	2	7	3	4	16	11	5	18	45	22	15	9	4	27	21	8	8	15	16	9	9	19	27	111	231	0	75	39	18	8	15	11	66	97	55	10	8	19	15	22	16	12	11	18	16	33	45	63	19	8	8	7	7	13	10	19	15	76	63	26	36	36	28	15	18	10	10	12	15	57	39	37	23	7	20	17	19	69	43	10	12	24	22	51	192	27	14	10	12	15	7	5	9	9	4	2	9	7	9	16	11	5	14	9	32	23	21	25	30	25	14	5	4	7	1	8	2	7	5	3	1	2	1	2	2	5	13	11	8	11	4	8	2	4	3	7	6	4	2	5	7	7	4	0	2
0	0	0	1	0	1	0	0	1	0	1	5	0	3	1	6	7	7	7	10	13	10	7	4	2	1	1	1	1	0	1	3	0	5	6	5	5	9	7	4	4	2	2	4	2	2	6	4	3	4	2	4	3	4	7	15	20	15	22	25	9	10	2	3	16	16	13	5	11	21	54	27	24	83	262	44	75	0	332	45	34	34	49	307	52	21	12	9	7	7	14	17	17	17	33	36	52	52	127	9	10	10	6	6	6	4	18	15	31	37	26	32	20	19	8	7	12	6	1	7	18	16	10	10	6	7	8	10	20	128	15	55	48	29	35	24	18	8	8	6	5	7	4	6	3	4	3	1	6	5	4	5	3	5	9	9	13	8	10	7	6	12	7	2	3	3	4	7	4	4	3	5	2	1	3	1	4	4	4	3	10	2	9	2	6	3	5	2	1	3	3	3	4	3	1	4
0	0	0	0	2	1	3	1	0	1	2	1	3	4	2	7	5	6	5	8	17	15	6	8	2	1	1	0	0	1	0	3	4	4	3	9	6	6	11	4	4	6	0	2	2	2	0	3	3	2	4	9	8	10	8	11	15	11	23	23	14	7	1	2	23	18	8	7	37	38	86	43	27	75	115	39	39	332	0	86	43	36	42	214	68	27	17	8	7	16	15	10	16	23	31	71	104	78	71	16	7	9	6	7	5	7	5	12	28	30	24	38	14	10	5	5	8	6	4	9	11	11	8	13	4	3	8	3	14	51	20	21	39	28	18	31	9	4	2	3	3	5	9	5	9	10	4	2	8	9	7	6	6	6	5	3	14	7	5	15	15	6	6	4	7	4	6	4	6	1	4	4	2	0	3	1	3	7	3	7	6	5	4	2	6	2	3	4	6	6	3	1	3	3	1	2
0	0	0	0	0	1	0	1	4	4	1	0	1	1	1	4	4	6	10	8	11	11	4	4	0	1	0	0	2	3	1	1	1	2	2	3	4	5	7	6	5	3	5	0	4	3	3	0	3	3	2	2	8	7	5	7	9	10	16	9	6	5	3	5	9	12	9	2	16	30	62	78	86	45	30	14	18	45	86	0	93	60	73	57	15	10	11	3	9	8	8	9	8	14	34	36	22	14	29	14	4	5	3	4	6	1	7	3	13	15	10	18	9	10	6	3	7	2	6	3	5	3	3	5	4	4	6	3	7	36	34	38	36	27	16	8	13	6	5	2	4	4	6	4	3	3	5	2	1	4	2	2	3	4	4	9	6	6	6	6	4	3	3	5	1	6	5	4	1	2	3	4	1	1	4	5	1	2	2	5	3	3	5	5	2	1	2	7	2	6	2	2	3	1	3	1
0	0	0	0	0	0	1	2	0	0	1	1	2	5	0	5	6	3	3	4	9	9	3	9	3	0	2	1	1	1	1	2	1	3	1	4	6	9	12	10	5	5	4	1	1	2	5	6	4	3	2	9	4	4	8	9	10	11	18	8	5	1	3	4	10	4	6	4	7	16	27	32	75	25	29	11	8	34	43	93	0	257	41	24	11	8	5	3	5	5	9	3	6	15	23	12	11	11	20	2	7	6	5	5	4	6	1	5	8	13	14	8	3	4	5	3	1	1	6	4	8	3	4	1	1	9	3	4	10	24	71	123	88	33	9	11	3	5	1	1	4	3	6	2	5	0	1	2	4	3	4	4	3	5	7	4	6	1	7	3	6	0	5	2	2	3	5	0	1	3	3	0	0	3	1	1	2	2	4	2	6	1	1	6	5	2	1	2	4	2	2	2	2	3	3	1
0	0	0	1	0	0	2	0	2	0	4	3	2	1	1	3	3	2	3	10	4	11	5	4	1	3	3	2	2	0	2	1	1	2	1	4	1	5	8	5	6	1	2	1	2	1	3	2	3	0	1	4	5	2	3	5	4	5	10	6	6	4	5	2	9	4	4	3	5	15	16	25	33	25	19	9	15	34	36	60	257	0	114	29	14	10	8	5	6	4	7	3	15	17	26	20	4	12	28	12	7	8	4	6	7	2	2	3	11	8	13	11	8	9	11	3	1	0	2	7	4	6	4	6	4	7	7	4	14	43	343	245	71	31	8	13	5	7	5	4	2	3	3	3	1	1	1	2	7	4	2	3	4	2	2	3	5	6	3	5	4	6	2	1	1	2	2	0	1	3	3	1	3	1	2	0	2	3	1	2	3	8	1	2	1	0	0	3	1	2	7	5	2	2	2	2
0	0	0	0	0	1	0	1	0	2	2	2	4	3	0	4	3	2	2	4	6	6	3	1	4	1	1	0	0	0	3	0	3	2	2	6	4	7	7	3	5	2	2	0	2	1	4	6	3	3	1	4	3	3	3	7	5	9	8	8	6	2	2	5	9	8	4	2	13	12	26	16	19	23	29	12	11	49	42	73	41	114	0	111	13	12	11	3	8	8	5	9	15	10	19	15	14	22	65	19	11	5	8	7	7	4	5	16	17	15	33	37	9	10	9	10	6	5	3	5	8	6	8	7	5	6	6	8	10	101	99	51	33	15	13	14	9	2	4	7	3	6	1	3	3	3	3	4	0	4	7	7	2	4	4	4	9	4	8	8	7	3	3	3	2	1	7	4	2	4	2	2	1	1	1	2	2	5	2	3	2	6	0	1	5	0	4	0	3	0	0	3	3	0	2	0
0	0	0	1	0	2	0	3	0	0	1	0	1	0	1	4	2	7	1	2	14	11	5	3	2	4	0	1	0	1	2	2	2	7	5	3	7	2	5	6	6	2	2	0	1	2	1	3	2	6	3	2	6	7	8	8	5	8	11	14	10	7	2	2	15	15	6	10	12	21	32	20	24	29	61	58	66	307	214	57	24	29	111	0	38	16	14	12	17	5	15	10	13	16	31	29	52	53	312	9	8	10	4	3	7	7	8	8	38	64	50	74	20	14	16	7	10	6	4	5	15	16	9	5	1	5	8	10	16	91	33	27	27	21	13	22	9	6	6	7	9	3	4	6	2	2	6	3	6	12	0	3	1	3	12	9	6	4	6	9	7	9	5	6	5	1	9	3	3	1	4	2	2	4	3	2	0	1	6	7	7	6	0	2	2	4	6	6	2	1	1	2	3	0	6	1
0	0	0	1	0	1	0	4	1	1	0	1	2	3	4	9	5	6	8	9	19	12	4	3	0	1	2	0	2	2	2	4	4	5	3	5	4	8	7	7	3	3	2	0	0	2	0	4	4	2	7	6	9	7	10	11	22	10	33	48	39	16	11	7	73	34	10	9	31	37	31	24	11	36	71	115	97	52	68	15	11	14	13	38	0	199	35	14	28	28	40	10	15	12	23	41	146	216	53	14	5	4	4	9	3	7	11	19	32	76	21	26	26	19	25	10	7	13	12	11	27	22	27	24	10	11	14	15	10	15	7	9	12	14	33	63	16	13	5	8	5	3	6	16	10	5	3	4	7	6	14	20	4	7	27	27	15	16	19	31	41	18	11	11	14	9	8	6	7	2	6	3	3	6	2	6	9	8	5	7	5	9	9	8	9	3	4	5	10	4	4	2	4	6	3	4
0	0	0	1	1	1	2	1	1	1	3	0	3	0	3	2	6	7	9	11	10	11	4	3	1	2	1	0	0	0	1	0	6	5	5	5	6	6	3	4	4	0	1	0	3	3	2	1	1	5	2	1	6	7	12	6	10	10	15	43	44	10	5	9	49	89	18	5	30	17	25	18	10	22	24	70	55	21	27	10	8	10	12	16	199	0	70	40	101	37	28	19	13	9	12	24	92	135	26	8	5	7	2	7	5	5	9	12	32	66	15	33	42	16	9	26	35	14	13	14	18	12	22	47	14	15	10	9	15	19	6	12	7	16	13	36	14	4	6	7	9	19	12	11	26	6	9	7	18	19	11	21	14	13	55	21	21	12	21	29	85	30	9	11	6	13	13	13	9	13	1	2	2	3	4	13	15	13	9	12	15	13	7	5	6	8	6	7	9	14	7	5	7	4	3	10
0	0	0	1	0	1	1	1	1	0	1	1	3	0	3	5	6	4	7	15	13	9	1	1	2	2	1	0	2	2	1	0	5	3	3	4	8	8	3	1	2	2	1	0	2	1	1	2	4	7	3	3	6	6	10	4	9	9	11	15	24	9	4	4	16	46	8	10	32	19	19	13	11	8	12	26	10	12	17	11	5	8	11	14	35	70	0	77	67	16	10	7	6	6	9	18	34	51	14	10	6	12	3	3	4	8	6	7	16	23	8	19	19	14	9	28	21	8	3	2	12	13	4	24	5	8	6	5	6	5	4	6	8	5	7	7	6	5	3	2	2	10	7	2	26	16	8	17	19	11	18	20	16	9	16	9	9	4	9	16	32	23	30	17	22	23	19	15	5	10	11	4	8	4	7	9	12	16	11	1	9	6	17	6	8	6	14	17	20	9	3	5	5	3	7	2
0	0	0	1	0	0	4	1	0	3	1	0	0	1	0	1	3	5	4	7	7	4	2	1	3	2	1	1	2	1	1	1	3	5	1	6	9	2	2	2	2	0	1	1	0	0	5	1	3	1	1	1	9	6	6	4	14	4	6	13	24	8	3	5	13	31	13	4	9	11	7	4	9	3	7	19	8	9	8	3	3	5	3	12	14	40	77	0	198	24	10	4	7	6	9	11	15	20	9	3	3	8	1	3	6	3	8	8	11	27	4	8	20	23	17	29	90	24	11	19	13	3	6	37	23	12	7	7	7	9	3	3	4	4	4	14	6	7	2	2	9	4	5	14	34	39	18	48	73	30	27	80	20	22	35	10	9	2	14	27	43	89	98	26	38	58	58	23	18	9	16	5	9	7	9	16	30	26	19	9	11	14	19	8	18	13	5	27	48	13	5	13	17	10	11	11
0	0	0	0	0	1	2	1	0	1	0	2	1	3	2	4	5	6	8	9	12	8	3	4	3	3	6	0	4	3	4	4	2	2	3	2	7	5	5	3	4	0	0	1	0	1	3	1	2	4	8	3	4	3	4	5	3	6	9	18	40	11	5	4	24	86	9	11	13	15	11	2	5	14	12	35	19	7	7	9	5	6	8	17	28	101	67	198	0	35	21	7	10	4	15	11	27	33	10	7	3	3	5	3	2	8	8	8	21	25	15	9	39	29	11	41	67	15	23	22	17	13	19	86	14	13	8	11	6	5	3	6	2	4	7	23	3	3	2	5	7	10	9	14	40	15	7	23	61	31	25	74	26	25	67	22	18	7	14	45	149	90	36	15	34	27	31	18	18	11	9	7	6	4	6	11	20	19	23	18	13	22	17	12	22	10	9	11	22	14	8	8	8	12	10	12
0	0	0	0	0	0	1	2	0	5	3	2	5	4	1	7	8	15	16	16	17	17	0	9	4	2	2	3	2	1	2	2	5	3	9	7	12	9	2	2	2	1	2	2	1	3	0	2	5	5	4	5	11	5	7	14	22	8	17	48	469	18	17	14	119	294	56	18	20	22	5	6	7	13	12	18	15	7	16	8	5	4	8	5	28	37	16	24	35	0	64	24	11	8	15	16	23	29	9	3	4	2	2	1	2	4	7	6	11	18	5	8	12	21	12	12	13	8	12	11	15	21	21	39	20	11	10	5	9	6	3	4	10	9	10	21	15	11	5	11	11	11	11	29	36	10	6	13	20	16	11	31	26	50	85	30	36	15	20	30	47	20	13	6	8	10	16	16	14	14	12	7	4	4	3	7	16	20	40	27	74	41	8	10	7	2	9	6	30	17	19	11	16	9	9	11
0	0	0	2	1	4	0	0	3	4	3	1	3	2	10	18	9	19	24	16	25	51	10	9	6	3	0	1	2	0	2	5	1	13	8	19	29	17	10	7	4	2	2	3	2	4	2	7	6	7	10	17	31	8	19	43	34	18	56	347	56	37	25	19	205	46	56	25	26	24	15	6	9	27	27	10	22	14	15	8	9	7	5	15	40	28	10	10	21	64	0	250	46	26	20	21	45	20	9	5	4	6	5	1	2	1	5	2	11	16	8	9	8	9	7	6	5	7	7	6	21	15	25	20	9	17	9	4	13	10	5	10	9	20	34	41	36	11	9	7	11	16	9	13	9	4	7	5	4	8	5	11	9	11	29	24	41	16	24	14	13	6	3	5	7	5	11	5	7	7	7	0	0	2	5	3	11	13	19	11	32	12	8	4	3	6	2	3	12	7	7	15	8	3	4	1
0	0	0	3	3	0	1	0	1	4	6	3	1	3	13	15	24	28	14	13	22	50	18	4	5	4	1	2	2	3	0	2	8	8	16	41	37	22	10	7	13	3	1	4	0	1	0	7	3	11	11	12	30	20	17	62	83	23	77	106	18	38	20	14	60	17	34	39	29	21	19	13	8	36	22	9	16	17	10	9	3	3	9	10	10	19	7	4	7	24	250	0	101	33	32	31	28	14	10	6	3	3	0	4	8	3	5	9	11	8	6	5	9	5	4	4	7	5	6	5	7	14	18	5	6	9	10	3	6	10	6	12	6	24	60	24	39	19	10	9	13	10	10	8	5	8	4	4	6	11	4	6	9	7	9	15	30	23	14	10	6	5	6	5	3	7	4	8	6	0	3	3	2	0	0	8	9	9	11	5	24	12	3	5	5	6	10	5	7	8	10	10	3	4	3	4
0	0	0	1	2	2	1	2	0	4	1	3	3	3	11	8	20	13	13	13	18	43	15	9	3	4	4	0	0	2	6	7	7	14	16	25	24	31	21	14	9	5	1	2	1	3	3	8	8	8	14	11	21	36	19	76	79	30	94	52	10	18	9	7	21	17	18	16	25	17	30	15	21	52	34	11	12	17	16	8	6	15	15	13	15	13	6	7	10	11	46	101	0	198	84	36	21	10	7	4	6	4	0	3	4	2	6	9	5	10	5	8	4	8	6	2	2	1	3	4	9	6	18	8	2	3	7	5	8	10	5	9	22	56	67	23	35	20	9	13	8	4	1	5	9	0	2	4	3	3	3	4	4	4	6	7	12	20	11	4	5	6	7	2	4	3	5	3	0	1	6	1	3	3	1	0	5	5	7	13	9	5	3	1	2	6	4	3	5	5	1	9	3	2	2	2
0	0	0	0	0	1	0	3	4	5	3	5	4	1	7	9	15	10	7	12	14	20	14	12	3	1	2	1	3	4	2	4	11	9	17	18	8	41	45	25	12	3	4	3	4	6	5	6	5	6	6	4	21	29	17	46	75	41	69	20	5	10	3	8	17	5	12	15	11	18	29	18	29	63	33	12	11	17	23	14	15	17	10	16	12	9	6	6	4	8	26	33	198	0	160	30	15	21	9	2	2	0	3	3	3	8	1	6	8	6	6	8	3	3	6	3	6	4	1	7	9	4	6	3	3	6	9	4	3	13	8	24	37	140	47	16	10	8	10	5	5	5	2	1	1	3	1	2	2	3	2	2	4	4	4	10	12	11	8	8	7	4	2	3	2	2	3	6	5	2	3	4	1	3	2	1	7	6	1	7	4	4	7	4	1	2	6	5	3	2	3	2	3	5	3	2
0	0	0	1	0	0	2	1	1	1	5	1	1	3	4	10	5	12	9	18	9	42	11	7	4	2	3	1	2	1	2	3	4	4	12	12	14	17	25	11	11	2	2	2	2	2	0	5	9	9	12	6	20	21	16	25	71	37	102	29	10	12	3	7	20	18	6	10	25	31	90	32	58	557	62	10	18	33	31	34	23	26	19	31	23	12	9	9	15	15	20	32	84	160	0	64	37	20	17	2	5	4	1	4	4	4	7	8	6	11	17	10	6	5	6	5	6	4	4	4	5	14	11	3	1	4	7	4	17	23	11	36	67	205	42	15	11	8	3	7	4	6	4	4	7	1	4	1	4	6	2	2	4	2	7	9	16	12	3	7	6	4	3	2	4	2	3	2	3	5	1	0	1	3	3	2	3	1	7	1	8	6	7	6	3	4	3	5	3	3	2	3	5	1	1	0
0	0	0	0	0	0	0	0	1	1	4	3	1	6	4	2	7	15	14	31	41	49	9	5	4	2	1	1	1	4	2	1	4	5	5	18	11	13	9	2	5	3	4	3	3	1	1	3	3	7	11	7	16	8	22	30	47	28	96	43	22	10	7	4	26	25	23	14	135	292	257	65	36	119	43	22	16	36	71	36	12	20	15	29	41	24	18	11	11	16	21	31	36	30	64	0	177	62	10	8	7	5	4	1	6	4	3	6	11	18	10	10	10	7	10	3	8	4	3	6	11	12	11	12	4	4	8	4	3	16	13	17	18	32	30	15	16	8	4	1	5	6	2	4	8	3	4	6	10	4	6	3	7	8	7	8	10	14	15	10	14	7	7	4	2	2	5	3	5	5	7	1	4	4	5	5	6	5	5	8	6	5	6	7	7	3	4	3	5	5	5	2	10	2	0	2
0	0	0	2	1	1	1	0	1	0	3	1	1	3	7	4	5	9	9	15	35	23	5	4	2	2	4	1	1	2	1	1	1	4	8	12	10	9	7	4	7	1	4	2	1	2	3	4	2	3	5	4	6	8	11	14	27	7	46	43	18	13	6	10	48	29	21	12	101	66	73	20	16	58	58	44	33	52	104	22	11	4	14	52	146	92	34	15	27	23	45	28	21	15	37	177	0	275	24	4	11	5	2	1	5	4	5	5	14	32	13	28	22	14	10	11	15	4	3	13	15	11	11	19	11	9	6	5	8	13	10	14	17	19	29	34	13	5	5	5	11	6	8	9	9	5	9	10	9	8	7	13	11	8	13	16	15	7	10	16	22	9	11	6	8	8	11	6	11	4	4	1	2	4	4	1	6	10	10	6	17	16	8	9	9	2	7	6	7	4	4	4	3	2	7	6
0	0	0	1	0	0	1	1	2	1	0	2	1	2	5	5	4	8	4	13	25	18	5	3	1	2	3	0	0	2	2	1	4	2	7	6	6	6	4	5	3	2	1	2	3	3	2	4	5	5	6	5	10	4	2	9	14	7	29	31	27	9	5	9	42	42	16	15	55	44	47	17	14	27	32	33	45	52	78	14	11	12	22	53	216	135	51	20	33	29	20	14	10	21	20	62	275	0	27	6	7	2	4	2	6	8	6	7	34	42	20	34	18	21	18	9	19	8	6	7	13	10	12	20	10	5	11	7	14	16	7	12	13	13	22	17	11	13	9	7	5	6	5	6	11	8	5	8	8	5	6	13	10	11	21	20	12	6	10	22	21	19	16	8	10	8	5	8	6	5	8	5	4	2	2	5	6	5	11	7	10	4	8	8	5	7	3	4	7	10	3	5	2	4	4	3
0	0	0	0	0	0	0	1	1	0	0	2	0	0	1	1	4	2	3	7	5	7	4	2	2	1	0	0	1	0	0	2	1	0	3	3	6	3	8	5	2	4	1	1	0	4	2	3	2	2	2	3	8	4	3	8	7	7	7	14	7	7	5	9	17	9	6	3	8	6	18	13	9	16	56	63	63	127	71	29	20	28	65	312	53	26	14	9	10	9	9	10	7	9	17	10	24	27	0	32	7	16	11	8	5	7	20	23	54	73	101	113	25	21	16	5	10	3	3	14	16	19	9	11	11	8	9	10	28	124	24	22	21	16	10	25	7	8	5	7	2	5	1	3	7	3	3	3	10	5	4	7	3	6	13	14	17	7	6	11	12	15	10	7	8	3	1	5	4	3	2	2	2	4	2	4	6	10	4	8	6	8	4	2	1	2	1	1	2	5	0	3	3	2	4	2
0	0	0	0	0	0	0	1	0	1	1	3	0	0	3	3	1	3	2	1	4	6	0	1	0	0	0	0	0	1	0	2	1	0	1	0	3	4	3	2	1	2	1	0	0	0	1	2	1	3	2	3	8	6	2	2	4	4	9	5	2	5	3	1	5	3	1	0	4	11	3	4	5	6	7	12	19	9	16	14	2	12	19	9	14	8	10	3	7	3	5	6	4	2	2	8	4	6	32	0	186	31	34	18	20	12	35	44	31	25	105	44	28	13	13	15	6	5	6	9	15	8	8	10	5	9	10	11	19	19	14	10	9	4	6	12	3	1	5	2	4	2	7	4	3	2	5	5	8	6	3	5	4	1	3	8	6	0	7	6	9	7	5	5	1	3	5	3	4	3	3	1	3	1	1	3	4	6	4	2	2	3	1	3	4	5	5	2	2	4	0	2	3	5	1	1
0	0	0	0	1	1	2	0	1	2	2	2	1	2	1	2	3	2	5	3	0	9	0	0	1	0	1	0	0	0	1	1	0	2	4	0	1	4	1	1	0	2	2	1	2	0	2	0	0	3	3	2	7	3	2	1	1	3	6	4	3	2	2	6	4	7	2	2	8	4	2	1	3	4	5	11	8	10	7	4	7	7	11	8	5	5	6	3	3	4	4	3	6	2	5	7	11	7	7	186	0	102	84	31	40	20	31	77	20	12	31	20	20	16	16	9	9	8	5	4	12	7	8	2	3	6	13	17	21	12	2	11	3	5	5	8	4	4	5	6	7	5	4	2	7	4	5	2	8	9	4	6	1	4	6	4	2	3	6	8	2	3	1	0	2	4	4	2	2	2	6	4	0	4	0	3	2	3	1	6	0	3	3	3	4	1	3	1	3	4	2	2	1	1	1	3
0	0	0	1	0	2	1	0	1	0	2	0	0	0	1	2	3	1	2	4	1	1	2	2	1	0	1	0	0	1	0	1	3	5	2	1	1	2	2	1	0	2	0	0	0	0	1	3	1	1	1	1	2	1	1	3	3	2	3	3	3	5	3	3	5	4	3	1	3	4	1	2	3	4	8	6	8	10	9	5	6	8	5	10	4	7	12	8	3	2	6	3	4	0	4	5	5	2	16	31	102	0	281	76	24	37	57	63	19	16	21	11	13	18	23	10	10	9	9	10	8	14	7	9	3	9	16	27	20	6	1	9	3	6	5	10	7	2	3	5	7	4	1	5	3	5	3	5	6	4	2	6	2	6	6	5	3	12	3	5	6	6	8	1	6	2	2	3	1	1	5	0	1	1	1	5	3	6	1	7	5	3	3	2	4	1	1	1	5	2	5	1	0	1	1	3
0	0	0	0	2	2	0	1	0	2	0	0	1	3	1	1	2	5	4	2	3	1	2	4	0	3	0	0	1	1	1	2	0	3	2	2	2	1	3	0	1	1	1	1	0	0	1	3	1	1	1	1	1	2	3	2	2	4	3	6	6	6	3	4	2	3	3	1	4	2	1	2	3	4	8	14	7	6	6	3	5	4	8	4	4	2	3	1	5	2	5	0	0	3	1	4	2	4	11	34	84	281	0	183	65	36	53	43	11	7	24	13	13	6	19	10	6	8	11	5	8	9	9	3	6	9	13	17	15	12	5	8	2	6	3	8	7	5	5	1	1	5	3	4	2	3	3	2	5	3	7	4	1	2	10	4	4	5	5	6	6	3	3	0	1	2	3	3	3	2	3	1	2	3	1	0	7	5	4	3	3	2	0	2	0	5	1	1	3	0	0	0	3	3	2	1
0	0	0	0	0	1	1	0	0	0	0	3	0	0	1	1	1	1	2	3	5	3	1	3	0	0	2	1	1	0	0	0	2	0	0	0	2	2	2	1	1	2	2	0	0	0	1	1	1	0	5	1	1	1	1	2	1	1	1	5	9	4	2	2	8	5	3	3	1	3	4	0	4	5	6	8	7	6	7	4	5	6	7	3	9	7	3	3	3	1	1	4	3	3	4	1	1	2	8	18	31	76	183	0	103	103	78	45	13	6	15	5	14	10	10	10	4	10	12	15	16	12	9	4	5	9	9	33	16	7	5	8	1	5	4	7	3	5	4	3	3	0	5	1	3	7	2	5	4	5	4	7	4	3	4	1	3	7	6	11	1	5	1	3	1	4	4	1	5	0	0	6	0	1	1	3	3	6	5	5	3	2	2	2	0	3	1	1	2	0	1	0	1	1	1	1
0	0	0	1	2	1	0	2	0	0	0	0	2	2	4	1	2	3	3	2	1	2	3	2	3	0	0	2	0	1	0	2	1	3	0	3	2	3	2	3	1	2	1	0	1	1	0	2	4	1	1	2	3	1	0	3	3	3	1	8	6	6	4	4	3	4	4	4	4	1	0	4	3	4	5	15	13	6	5	6	4	7	7	7	3	5	4	6	2	2	2	8	4	3	4	6	5	6	5	20	40	24	65	103	0	163	54	45	14	8	17	9	15	21	23	4	4	8	8	9	15	17	12	6	7	18	11	37	29	12	3	5	6	5	5	11	8	5	7	5	7	6	2	2	3	1	4	2	2	2	5	2	2	2	10	8	8	4	6	7	6	3	2	3	1	5	3	1	2	2	0	4	1	0	2	1	1	1	6	4	3	0	0	3	4	1	1	3	2	3	2	5	1	0	4	2
0	0	0	1	1	0	2	0	0	0	1	0	1	0	0	2	1	3	2	3	2	3	2	2	0	0	1	1	1	2	0	6	2	1	3	3	0	3	3	4	0	2	0	0	1	2	1	0	2	2	1	0	1	2	3	0	3	4	4	9	6	5	4	2	9	5	2	3	4	2	2	3	8	3	8	13	10	4	7	1	6	2	4	7	7	5	8	3	8	4	1	3	2	8	4	4	4	8	7	12	20	37	36	103	163	0	121	56	17	13	16	9	20	21	25	10	6	13	6	20	29	25	14	10	9	26	25	93	40	15	9	5	9	5	8	13	11	5	5	8	5	9	5	2	3	4	1	3	3	3	6	5	2	4	10	5	8	9	7	13	7	6	3	2	4	1	2	2	1	4	0	3	2	1	0	1	1	4	3	7	3	4	3	0	6	3	0	2	4	4	5	7	1	2	2	1
0	0	0	0	2	2	1	3	0	0	1	2	1	3	2	1	4	0	0	4	6	1	1	1	0	0	0	0	0	0	1	0	2	0	1	1	2	1	1	2	1	2	3	0	2	0	0	1	3	1	0	0	2	2	2	3	3	2	4	7	6	6	4	5	7	6	4	3	2	4	7	8	2	5	9	19	19	18	5	7	1	2	5	8	11	9	6	8	8	7	5	5	6	1	7	3	5	6	20	35	31	57	53	78	54	121	0	327	41	21	16	24	26	34	59	21	4	25	14	34	22	22	14	13	15	23	42	156	76	16	7	9	7	11	15	14	7	11	4	8	7	9	5	1	6	4	5	6	7	13	8	6	0	7	10	7	4	8	6	13	12	4	8	3	2	1	2	4	5	8	2	2	2	4	1	6	3	9	6	4	8	4	2	2	1	2	0	0	6	4	3	3	1	0	2	2
0	0	0	0	0	1	2	0	1	0	2	0	0	0	0	2	0	6	3	3	5	5	0	7	1	2	2	0	0	2	2	2	5	1	2	1	3	4	1	2	2	1	0	1	3	0	0	3	0	2	3	0	3	2	2	3	3	6	4	5	9	6	4	6	7	7	3	0	3	7	8	8	6	7	15	26	15	15	12	3	5	3	16	8	19	12	7	8	8	6	2	9	9	6	8	6	5	7	23	44	77	63	43	45	45	56	327	0	48	26	43	37	28	43	67	12	18	13	9	34	25	22	10	7	10	15	30	69	70	15	6	3	10	7	6	15	6	8	7	6	7	7	6	3	3	4	3	7	6	6	7	11	0	2	8	10	8	6	9	7	10	8	3	5	1	3	2	0	5	5	3	3	1	2	1	1	4	7	2	6	4	2	3	3	4	5	3	4	3	4	5	2	3	3	3	2
0	0	0	1	0	0	0	1	0	2	2	4	3	1	2	2	2	8	4	10	5	10	2	3	2	0	2	0	0	2	2	3	1	1	1	2	3	4	4	2	3	1	1	2	3	1	0	3	3	1	4	5	5	1	7	4	9	3	12	14	14	9	8	7	23	17	7	7	7	10	9	7	8	13	19	201	76	31	28	13	8	11	17	38	32	32	16	11	21	11	11	11	5	8	6	11	14	34	54	31	20	19	11	13	14	17	41	48	0	255	106	92	167	106	52	29	22	24	16	38	44	15	18	26	17	20	14	24	50	16	7	13	6	3	15	40	17	9	6	8	7	6	7	9	12	5	4	6	17	6	8	7	1	5	18	23	9	17	22	26	30	28	11	3	5	4	7	5	4	2	2	1	1	4	5	4	6	8	6	9	5	3	1	2	2	1	1	7	4	6	5	3	4	2	4	8
0	0	0	2	1	0	1	1	0	1	1	0	1	0	0	3	4	5	7	5	10	7	2	4	0	0	2	1	0	0	1	0	0	1	5	6	7	7	3	7	2	1	2	4	2	2	3	2	4	0	3	4	7	10	4	10	8	2	10	18	17	7	5	1	19	16	9	9	11	17	10	6	9	10	28	265	63	37	30	15	13	8	15	64	76	66	23	27	25	18	16	8	10	6	11	18	32	42	73	25	12	16	7	6	8	13	21	26	255	0	80	221	164	60	38	31	33	22	10	28	24	10	18	27	11	18	16	15	31	24	14	12	11	8	10	37	11	5	5	8	8	5	2	7	10	16	4	6	18	20	13	14	6	7	21	22	10	13	12	20	23	20	9	5	6	9	8	6	2	5	1	2	1	4	5	2	5	4	9	8	7	5	4	3	2	7	1	1	8	2	3	6	3	3	5	2
0	0	0	0	0	1	1	2	2	0	1	1	2	1	2	1	7	3	3	6	4	6	2	1	0	0	0	0	1	0	3	1	1	2	5	2	0	2	4	1	3	2	1	1	0	2	2	0	1	2	1	1	1	3	3	6	3	3	4	5	10	3	2	4	10	7	8	3	9	2	14	6	3	7	15	52	26	26	24	10	14	13	33	50	21	15	8	4	15	5	8	6	5	6	17	10	13	20	101	105	31	21	24	15	17	16	16	43	106	80	0	265	68	44	26	13	17	9	9	22	14	12	8	10	6	7	10	8	34	34	15	18	14	9	11	18	4	3	3	4	3	1	6	0	9	7	3	6	8	12	5	7	3	4	5	12	6	6	11	15	16	9	10	4	4	7	5	2	3	0	1	0	3	3	0	6	5	3	8	8	2	4	4	1	2	1	2	5	4	8	4	5	3	1	1	1
0	0	0	1	0	1	0	1	1	3	0	0	0	3	0	3	2	3	4	3	7	4	1	0	0	0	0	0	1	2	1	1	2	1	4	4	2	4	4	5	3	1	3	2	0	1	1	0	2	4	2	5	3	3	4	4	4	5	5	15	7	4	5	2	12	11	7	5	7	11	12	5	10	14	21	80	36	32	38	18	8	11	37	74	26	33	19	8	9	8	9	5	8	8	10	10	28	34	113	44	20	11	13	5	9	9	24	37	92	221	265	0	80	40	21	16	20	15	7	17	21	7	9	14	9	19	7	17	20	32	14	10	20	11	12	17	9	10	5	5	6	4	2	6	8	8	4	7	8	6	9	7	8	1	5	12	7	12	11	16	18	13	15	4	4	7	9	5	2	5	8	3	1	4	3	2	7	5	6	11	5	2	2	2	4	3	3	6	1	5	7	2	3	6	3	2
0	0	0	0	0	1	1	0	1	2	2	2	0	1	0	1	1	5	4	5	5	6	0	2	0	1	1	0	0	1	2	1	1	2	1	6	2	4	5	3	2	0	3	4	0	1	1	1	2	1	4	2	4	0	2	7	3	6	6	11	10	5	7	2	10	12	11	6	8	8	7	10	5	9	12	88	36	20	14	9	3	8	9	20	26	42	19	20	39	12	8	9	4	3	6	10	22	18	25	28	20	13	13	14	15	20	26	28	167	164	68	80	0	178	120	68	51	30	17	36	22	17	11	31	22	28	13	26	19	15	5	7	7	5	9	23	8	3	2	6	7	8	5	9	10	13	12	8	13	24	13	13	6	6	13	18	10	10	13	30	23	32	20	15	12	12	10	5	2	3	3	2	2	3	5	7	7	8	4	6	9	3	4	2	3	0	2	2	7	4	8	2	5	3	2	3
0	0	0	0	1	0	0	1	0	3	2	1	1	0	4	3	3	5	2	2	3	3	3	2	1	1	0	1	1	0	1	1	3	0	1	2	4	4	2	0	1	3	1	0	1	2	0	1	4	3	2	2	4	1	2	3	6	4	4	5	14	7	3	7	15	15	4	4	11	5	5	5	3	3	19	49	28	19	10	10	4	9	10	14	19	16	14	23	29	21	9	5	8	3	5	7	14	21	21	13	16	18	6	10	21	21	34	43	106	60	44	40	178	0	973	57	45	57	37	82	40	23	20	32	27	41	27	49	41	13	5	2	5	8	6	17	12	4	6	9	8	10	13	6	13	12	6	10	20	29	22	18	7	6	19	22	11	10	19	38	43	27	13	4	12	8	10	4	6	3	4	4	1	2	7	4	10	9	7	11	12	5	11	5	4	3	3	6	8	12	10	5	5	6	4	5
0	0	0	0	0	3	1	0	1	1	1	2	4	0	3	2	5	3	1	2	4	5	2	1	1	1	1	1	2	0	0	2	1	2	2	0	2	3	4	2	1	2	3	0	0	3	1	4	2	1	3	3	2	4	0	5	4	1	13	4	15	10	6	7	10	11	5	5	7	3	8	5	1	7	5	33	15	8	5	6	5	11	9	16	25	9	9	17	11	12	7	4	6	6	6	10	10	18	16	13	16	23	19	10	23	25	59	67	52	38	26	21	120	973	0	56	40	68	35	103	37	17	17	31	22	39	34	56	34	8	8	2	4	4	10	21	10	5	6	10	8	11	8	8	8	6	4	18	15	29	8	12	2	6	21	19	7	16	12	27	17	20	15	4	6	7	9	10	6	4	8	1	1	2	3	6	10	11	10	12	9	3	4	3	3	8	1	4	5	5	6	7	3	2	5	1
0	0	0	1	1	0	1	1	0	0	0	0	0	0	4	4	5	0	2	7	2	5	0	1	1	1	0	1	0	3	1	0	0	2	2	4	7	2	4	0	2	0	0	1	0	1	1	1	2	2	4	2	4	1	3	6	5	3	7	8	11	4	6	1	9	17	7	6	6	6	10	8	4	11	6	25	18	7	5	3	3	3	10	7	10	26	28	29	41	12	6	4	2	3	5	3	11	9	5	15	9	10	10	10	4	10	21	12	29	31	13	16	68	57	56	0	725	78	39	35	14	12	7	44	31	18	17	21	13	4	2	7	4	2	6	10	2	4	3	5	4	5	5	9	10	21	13	33	59	67	18	33	9	8	17	15	9	4	10	30	42	127	51	10	18	8	15	9	13	7	5	7	9	3	4	7	18	14	13	8	10	10	8	6	6	6	7	12	11	10	6	4	5	4	8	6
0	0	0	1	0	0	1	0	1	1	1	0	2	1	1	2	2	1	2	6	11	3	1	6	3	0	0	2	1	0	0	1	1	2	2	1	7	1	2	4	1	0	2	0	1	0	1	1	2	0	4	3	3	4	4	4	7	4	6	14	17	7	1	2	12	26	10	8	11	10	9	3	2	6	10	28	10	12	8	7	1	1	6	10	7	35	21	90	67	13	5	7	2	6	6	8	15	19	10	6	9	10	6	4	4	6	4	18	22	33	17	20	51	45	40	725	0	44	25	31	18	13	19	61	34	25	12	11	11	4	8	5	3	5	7	18	4	3	2	10	7	7	6	4	24	33	26	46	84	74	25	37	12	9	26	22	6	8	16	36	50	260	65	21	12	24	27	8	8	12	6	5	3	4	7	10	13	23	16	15	6	7	4	7	15	11	11	9	18	15	6	8	8	7	9	8
0	0	0	2	0	1	1	0	0	2	2	1	0	2	4	3	1	4	4	6	4	4	1	1	0	1	0	0	0	1	0	0	1	0	1	0	2	4	1	1	1	3	0	2	1	1	2	0	0	1	2	1	3	3	2	4	6	2	3	7	6	7	4	2	11	12	5	5	4	5	3	5	3	4	12	9	10	6	6	2	1	0	5	6	13	14	8	24	15	8	7	5	1	4	4	4	4	8	3	5	8	9	8	10	8	13	25	13	24	22	9	15	30	57	68	78	44	0	320	80	22	14	7	42	95	36	33	15	16	9	5	1	1	7	12	21	6	6	6	4	7	12	15	5	27	21	12	16	36	79	38	19	10	12	15	17	13	4	19	37	25	48	28	4	16	15	7	6	12	8	7	8	3	4	3	7	12	22	11	13	5	7	5	4	6	3	2	6	8	8	3	8	4	3	1	8
0	0	0	0	1	0	1	1	0	1	0	0	0	0	2	2	2	3	3	4	6	2	7	2	0	4	2	0	3	4	2	1	2	0	5	1	4	1	0	3	1	0	0	0	0	1	1	0	2	0	1	2	5	1	5	2	4	3	7	11	15	7	6	6	6	10	3	2	6	5	1	0	6	4	9	15	12	1	4	6	6	2	3	4	12	13	3	11	23	12	7	6	3	1	4	3	3	6	3	6	5	9	11	12	8	6	14	9	16	10	9	7	17	37	35	39	25	320	0	64	18	13	14	30	229	47	37	28	15	2	1	1	1	3	4	15	11	4	4	4	9	9	10	9	12	7	15	15	39	73	57	17	10	13	21	18	9	4	18	34	22	41	12	3	6	11	12	6	8	3	6	4	0	3	2	8	9	19	14	12	8	10	4	6	3	1	5	8	6	9	13	3	6	4	6	4
0	0	0	1	0	0	0	2	0	1	1	3	0	1	5	2	4	0	3	3	6	3	4	1	1	4	1	1	1	0	0	1	1	2	0	4	5	2	1	3	0	0	0	1	1	0	1	1	1	1	3	4	5	2	6	1	6	0	7	15	16	3	7	6	12	9	3	3	4	5	11	4	9	10	12	26	15	7	9	3	4	7	5	5	11	14	2	19	22	11	6	5	4	7	4	6	13	7	14	9	4	10	5	15	9	20	34	34	38	28	22	17	36	82	103	35	31	80	64	0	92	30	19	48	77	358	131	64	32	7	1	3	3	4	8	22	12	9	6	6	14	16	8	14	16	9	6	13	22	29	24	26	8	12	34	51	18	13	48	73	52	27	15	6	6	8	10	8	8	5	4	1	2	3	2	6	9	12	18	25	4	10	5	5	0	4	4	3	3	9	7	5	4	3	6	1
0	0	0	1	2	1	0	4	1	0	3	2	0	0	2	6	3	5	8	5	1	3	4	2	0	2	2	0	1	0	1	3	3	5	3	6	1	6	2	3	2	2	0	2	0	0	2	0	4	4	3	0	11	6	9	4	10	4	11	19	30	27	13	4	25	22	10	5	9	6	11	6	3	7	14	54	57	18	11	5	8	4	8	15	27	18	12	13	17	15	21	7	9	9	5	11	15	13	16	15	12	8	8	16	15	29	22	25	44	24	14	21	22	40	37	14	18	22	18	92	0	275	198	34	23	125	100	45	71	12	8	8	6	9	19	116	38	16	14	28	28	22	9	7	18	3	4	6	10	12	18	15	8	8	35	120	52	29	67	89	32	13	11	3	4	6	5	10	8	8	8	1	0	1	1	4	10	17	12	19	18	5	6	2	2	6	4	4	9	13	7	5	4	1	0	3
0	0	0	1	2	0	1	0	0	3	4	1	3	2	3	3	2	5	2	4	6	9	5	4	3	2	3	3	1	0	0	3	1	0	3	3	5	3	5	2	2	1	3	0	0	4	2	3	5	3	2	2	6	3	5	10	7	5	9	25	17	32	12	9	20	12	4	8	8	4	10	4	5	9	16	27	39	16	11	3	3	6	6	16	22	12	13	3	13	21	15	14	6	4	14	12	11	10	19	8	7	14	9	12	17	25	22	22	15	10	12	7	17	23	17	12	13	14	13	30	275	0	282	13	14	51	68	33	70	10	5	5	16	11	30	94	70	18	7	32	33	29	9	7	8	2	2	3	9	5	11	6	7	15	25	57	54	66	59	29	40	8	8	12	2	7	4	5	1	4	2	0	1	3	2	3	6	11	8	20	12	3	1	4	2	2	1	4	4	4	10	9	6	3	3	5
0	0	0	0	2	1	0	1	0	1	2	2	3	2	3	4	4	5	2	12	10	7	6	1	5	3	2	0	2	2	1	2	3	6	2	3	16	6	4	0	2	3	1	2	2	0	5	4	1	5	2	2	5	6	9	6	5	5	8	41	30	58	25	14	39	23	12	10	10	10	10	6	10	16	25	25	37	10	8	3	4	4	8	9	27	22	4	6	19	21	25	18	18	6	11	11	11	12	9	8	8	7	9	9	12	14	14	10	18	18	8	9	11	20	17	7	19	7	14	19	198	282	0	29	18	51	42	20	36	10	4	9	10	9	45	127	105	20	18	38	26	35	11	12	11	7	4	5	12	15	14	13	6	9	32	153	124	90	125	56	35	9	6	5	9	7	1	8	3	8	4	3	2	2	2	3	6	10	16	32	34	6	1	5	2	4	1	3	7	10	14	8	12	3	1	2
0	0	0	1	1	1	1	1	1	0	1	1	1	2	0	1	5	9	2	6	3	3	3	5	1	3	0	0	0	2	2	3	2	1	0	9	4	6	4	4	2	1	2	3	3	3	0	1	0	5	2	3	10	7	5	3	10	1	11	28	51	15	9	5	38	42	8	4	17	6	7	7	3	10	9	40	23	10	13	5	1	6	7	5	24	47	24	37	86	39	20	5	8	3	3	12	19	20	11	10	2	9	3	4	6	10	13	7	26	27	10	14	31	32	31	44	61	42	30	48	34	13	29	0	43	43	18	19	15	10	5	6	5	5	12	19	11	6	6	9	8	18	16	23	63	19	10	25	33	39	58	83	14	23	280	69	20	10	45	286	1278	120	27	7	19	20	18	11	8	10	4	3	5	0	3	6	15	25	29	32	27	12	7	4	6	7	6	4	15	26	12	12	9	4	12	3
0	0	0	1	0	2	0	0	0	0	0	0	1	1	1	3	5	4	8	2	5	1	3	2	1	2	0	0	0	0	1	1	0	3	3	1	6	1	1	1	0	1	1	3	1	0	2	1	2	1	3	1	2	1	0	3	6	4	11	8	21	14	10	6	10	11	4	2	2	4	3	1	4	6	7	16	7	6	4	4	1	4	5	1	10	14	5	23	14	20	9	6	2	3	1	4	11	10	11	5	3	3	6	5	7	9	15	10	17	11	6	9	22	27	22	31	34	95	229	77	23	14	18	43	0	92	45	15	11	5	2	2	3	5	7	21	8	4	8	9	15	30	22	18	28	16	4	24	24	74	122	34	16	10	33	35	19	9	25	53	31	46	13	7	9	17	12	7	11	10	12	5	2	2	5	6	23	27	28	23	18	6	6	13	7	2	8	3	9	20	6	7	6	5	4	5
0	0	0	0	1	1	0	0	0	0	3	1	3	3	2	2	3	4	5	4	3	3	3	4	2	1	1	1	1	1	0	5	1	2	0	3	3	5	2	0	0	2	1	0	0	1	1	1	2	2	5	5	7	2	3	6	5	4	6	11	17	10	9	8	18	18	4	4	10	4	7	3	6	7	4	30	20	7	3	4	9	7	6	5	11	15	8	12	13	11	17	9	3	6	4	4	9	5	8	9	6	9	9	9	18	26	23	15	20	18	7	19	28	41	39	18	25	36	47	358	125	51	51	43	92	0	282	52	34	8	6	2	6	5	6	32	18	10	5	16	18	26	9	10	21	3	5	6	15	27	28	21	3	11	33	72	31	16	55	73	39	28	10	4	5	8	6	6	5	2	7	8	2	3	3	4	9	14	10	39	9	4	5	1	3	5	6	2	12	13	5	13	6	6	4	2
0	0	0	0	0	0	1	0	2	1	0	2	2	1	4	2	3	6	1	5	5	4	2	4	0	0	1	1	0	0	0	1	2	3	1	2	5	2	3	3	3	1	2	0	0	3	0	1	3	2	1	2	3	4	4	5	5	1	3	9	9	12	7	5	11	3	7	0	8	6	5	2	3	6	7	16	17	8	8	6	3	7	6	8	14	10	6	7	8	10	9	10	7	9	7	8	6	11	9	10	13	16	13	9	11	25	42	30	14	16	10	7	13	27	34	17	12	33	37	131	100	68	42	18	45	282	0	85	47	5	4	8	2	6	7	23	20	10	10	10	17	17	10	8	7	4	2	4	9	6	15	6	4	11	16	36	12	21	49	35	21	23	4	4	6	5	9	5	6	4	3	5	2	0	2	5	7	11	10	17	12	2	3	6	2	3	5	5	7	12	11	9	3	4	4	3
0	0	0	1	0	0	1	0	0	1	1	0	0	2	1	3	4	3	0	3	1	2	2	2	0	1	1	0	1	3	0	0	1	2	3	7	4	0	3	2	3	3	2	2	0	1	2	3	2	0	1	2	5	3	3	3	4	2	5	7	8	6	3	3	9	6	6	2	3	4	7	5	10	8	3	18	19	10	3	3	4	4	8	10	15	9	5	7	11	5	4	3	5	4	4	4	5	7	10	11	17	27	17	33	37	93	156	69	24	15	8	17	26	49	56	21	11	15	28	64	45	33	20	19	15	52	85	0	52	7	6	5	4	4	5	13	12	4	8	6	8	9	4	7	6	4	4	2	8	16	9	5	5	5	15	22	11	8	11	12	8	13	10	8	0	4	6	3	5	5	2	5	3	0	0	2	4	8	6	9	8	5	3	4	0	5	2	4	7	4	3	3	3	2	2	1
0	0	0	0	0	2	2	1	1	1	2	1	1	0	3	3	2	2	3	6	3	6	2	1	3	1	0	1	2	1	4	0	3	2	0	1	4	6	0	5	1	0	1	1	2	1	2	1	1	2	0	5	5	3	4	5	1	1	7	15	12	10	11	3	18	9	4	8	5	7	3	5	7	13	14	50	69	20	14	7	10	14	10	16	10	15	6	7	6	9	13	6	8	3	17	3	8	14	28	19	21	20	15	16	29	40	76	70	50	31	34	20	19	41	34	13	11	16	15	32	71	70	36	15	11	34	47	52	0	22	12	5	11	7	14	52	21	11	10	14	9	15	11	4	8	2	3	8	5	8	12	10	4	3	17	20	17	18	29	17	16	12	3	2	6	6	4	4	4	2	3	3	3	4	0	1	6	10	12	8	4	3	0	3	2	3	0	0	3	3	2	9	2	2	2	3
0	0	0	1	1	1	2	2	1	0	0	0	1	1	1	2	7	3	6	6	6	9	5	1	3	0	1	4	0	2	1	2	4	1	6	2	3	7	6	5	2	2	1	0	2	3	2	1	3	3	1	5	3	3	7	10	10	7	8	7	4	7	4	3	8	9	6	4	13	14	12	14	17	26	56	32	43	128	51	36	24	43	101	91	15	19	5	9	5	6	10	10	10	13	23	16	13	16	124	19	12	6	12	7	12	15	16	15	16	24	34	32	15	13	8	4	4	9	2	7	12	10	10	10	5	8	5	7	22	0	52	50	38	20	23	26	8	12	4	8	3	4	7	2	7	6	3	4	7	3	7	7	4	7	11	9	8	12	10	9	5	2	4	2	2	1	2	1	2	3	4	2	3	0	1	2	5	3	4	7	4	1	0	3	0	3	0	3	3	8	1	3	0	3	5	2
0	0	0	1	1	0	0	1	1	0	0	2	1	1	4	3	2	7	3	3	7	4	3	4	3	1	0	2	2	2	0	3	1	4	3	1	4	2	7	6	4	0	3	3	0	1	2	0	2	1	2	2	7	4	1	7	7	8	7	10	6	7	3	5	6	4	4	3	8	9	18	17	19	18	26	11	10	15	20	34	71	343	99	33	7	6	4	3	3	3	5	6	5	8	11	13	10	7	24	14	2	1	5	5	3	9	7	6	7	14	15	14	5	5	8	2	8	5	1	1	8	5	4	5	2	6	4	6	12	52	0	88	41	14	7	15	4	4	3	2	1	4	4	1	4	2	4	4	5	6	1	1	1	1	5	0	4	1	3	6	6	10	5	2	1	4	1	1	0	2	4	2	0	3	0	2	2	0	1	2	2	2	2	2	1	0	2	3	2	1	1	0	3	5	1	1
0	0	0	1	0	0	1	0	2	0	0	2	1	2	2	0	3	6	4	4	5	8	4	4	0	4	1	3	0	1	0	1	3	5	5	5	2	9	12	12	9	5	3	5	5	0	1	1	2	2	1	2	7	9	2	6	17	5	9	12	3	7	4	3	6	4	5	8	6	6	26	16	24	23	33	6	12	55	21	38	123	245	51	27	9	12	6	3	6	4	10	12	9	24	36	17	14	12	22	10	11	9	8	8	5	5	9	3	13	12	18	10	7	2	2	7	5	1	1	3	8	5	9	6	2	2	8	5	5	50	88	0	203	52	16	9	7	5	5	1	2	3	3	1	4	1	3	3	2	2	2	4	3	2	5	7	3	8	9	5	3	0	1	1	2	3	4	2	2	1	3	1	3	3	2	2	0	1	1	1	2	2	2	1	1	4	0	2	2	5	5	3	2	1	2	2
0	0	0	0	3	1	1	1	0	0	2	2	3	4	5	2	5	6	2	5	3	8	4	7	6	2	1	1	2	2	0	2	5	5	4	10	8	14	14	12	3	2	1	2	1	1	1	2	6	3	1	5	8	3	4	10	14	17	20	15	7	8	4	6	8	7	8	2	10	12	24	21	51	65	47	10	24	48	39	36	88	71	33	27	12	7	8	4	2	10	9	6	22	37	67	18	17	13	21	9	3	3	2	1	6	9	7	10	6	11	14	20	7	5	4	4	3	1	1	3	6	16	10	5	3	6	2	4	11	38	41	203	0	131	21	7	8	7	11	4	9	4	4	2	0	0	3	3	2	2	7	3	4	4	8	7	6	5	4	3	8	6	3	1	0	4	5	4	2	3	3	2	4	1	2	2	4	5	4	5	4	3	2	1	3	1	1	2	2	3	2	2	3	0	2	2
0	0	0	0	1	2	1	2	1	2	2	4	3	3	3	13	4	5	6	8	11	24	3	4	1	1	1	3	2	0	3	3	2	5	7	14	9	13	28	5	6	4	2	1	5	4	2	6	3	6	5	9	9	14	9	26	17	25	39	30	7	13	6	10	13	11	8	4	18	12	29	21	49	127	66	11	22	29	28	27	33	31	15	21	14	16	5	4	4	9	20	24	56	140	205	32	19	13	16	4	5	6	6	5	5	5	11	7	3	8	9	11	5	8	4	2	5	7	3	4	9	11	9	5	5	5	6	4	7	20	14	52	131	0	45	18	21	11	5	4	7	7	3	7	4	3	2	1	2	3	3	6	4	10	3	9	10	6	6	6	6	10	1	2	5	2	1	4	1	0	1	3	1	2	1	0	7	6	7	5	7	4	2	2	2	2	2	1	2	3	2	2	0	3	1	2
0	0	0	0	5	1	3	2	2	2	3	0	4	4	3	9	7	13	10	7	10	20	8	6	1	1	1	1	1	1	3	4	4	8	5	10	10	11	4	8	5	2	10	2	1	1	2	1	5	4	6	5	14	6	15	16	26	12	37	67	23	29	14	17	42	10	12	10	13	16	17	11	15	56	70	21	51	35	18	16	9	8	13	13	33	13	7	4	7	10	34	60	67	47	42	30	29	22	10	6	5	5	3	4	5	8	15	6	15	10	11	12	9	6	10	6	7	12	4	8	19	30	45	12	7	6	7	5	14	23	7	16	21	45	0	65	94	33	13	13	16	11	5	3	6	3	1	3	8	4	11	9	6	7	7	20	30	45	17	18	13	5	10	2	3	1	7	5	2	1	2	4	1	2	2	3	1	5	12	4	11	9	7	2	0	3	1	1	7	3	8	6	3	2	1	3
0	0	0	1	1	1	0	1	0	1	2	0	2	6	4	6	9	4	9	7	10	12	1	4	2	3	2	0	1	1	1	1	2	5	2	3	9	8	10	5	3	2	0	2	2	0	4	4	3	5	7	3	7	3	6	9	15	9	16	64	35	26	10	12	61	26	10	10	14	13	17	11	10	24	66	79	192	24	31	8	11	13	14	22	63	36	7	14	23	21	41	24	23	16	15	15	34	17	25	12	8	10	8	7	11	13	14	15	40	37	18	17	23	17	21	10	18	21	15	22	116	94	127	19	21	32	23	13	52	26	15	9	7	18	65	0	51	19	7	15	13	19	7	6	10	5	4	4	7	10	14	14	7	19	26	60	66	26	39	48	36	18	6	2	5	5	1	11	8	6	7	4	3	3	5	2	7	4	11	15	20	4	5	3	5	1	2	5	6	9	7	4	3	3	3	3
0	0	0	2	1	2	0	2	2	3	1	0	4	2	4	3	9	8	3	7	5	10	10	3	5	3	2	2	1	0	3	1	6	4	8	11	8	9	8	5	4	3	4	0	6	1	1	5	4	7	4	5	14	10	9	8	13	12	21	48	20	94	33	21	29	17	9	8	7	4	5	5	6	17	24	21	27	18	9	13	3	5	9	9	16	14	6	6	3	15	36	39	35	10	11	16	13	11	7	3	4	7	7	3	8	11	7	6	17	11	4	9	8	12	10	2	4	6	11	12	38	70	105	11	8	18	20	12	21	8	4	7	8	21	94	51	0	89	35	29	23	24	11	12	9	3	0	2	2	5	9	4	3	6	21	29	53	229	35	21	6	10	7	3	2	5	0	7	4	4	2	0	2	4	1	4	6	5	6	6	23	10	5	2	2	3	3	2	4	3	7	2	7	3	2	2
0	0	0	1	2	4	0	1	1	0	0	4	0	2	4	5	5	10	3	7	11	13	4	4	4	2	1	3	0	4	2	1	4	5	4	9	10	10	8	5	4	4	1	2	3	0	3	1	2	7	4	3	11	6	9	10	9	11	12	15	16	60	30	38	16	5	7	7	10	6	6	4	9	15	17	5	14	8	4	6	5	7	2	6	13	4	5	7	3	11	11	19	20	8	8	8	5	13	8	1	4	2	5	5	5	5	11	8	9	5	3	10	3	4	5	4	3	6	4	9	16	18	20	6	4	10	10	4	11	12	4	5	7	11	33	19	89	0	65	40	21	19	10	4	4	1	5	1	3	1	9	1	5	2	7	22	27	87	16	11	6	5	4	1	7	4	5	2	2	2	5	0	1	2	1	1	2	4	6	12	14	6	2	1	1	4	0	2	1	7	7	4	4	4	0	0
0	0	0	0	1	1	0	1	2	3	0	3	1	2	3	8	4	8	3	2	5	7	7	4	1	5	1	3	0	0	1	3	2	7	3	7	4	8	4	5	3	6	2	4	2	2	2	2	3	4	5	6	1	4	3	5	7	1	8	13	9	45	45	35	15	3	7	4	5	3	2	2	2	5	2	7	10	8	2	5	1	5	4	6	5	6	3	2	2	5	9	10	9	10	3	4	5	9	5	5	5	3	5	4	7	5	4	7	6	5	3	5	2	6	6	3	2	6	4	6	14	7	18	6	8	5	10	8	10	4	3	5	11	5	13	7	35	65	0	215	80	29	9	4	4	1	2	2	5	3	10	8	4	10	10	25	20	65	16	9	6	9	3	3	0	1	1	2	3	4	0	2	3	3	0	0	5	6	4	13	13	0	4	1	3	4	4	2	5	9	7	5	5	3	3	3
0	0	0	0	3	3	1	3	1	0	1	1	1	1	4	5	4	4	5	6	4	4	1	1	2	2	0	4	1	0	1	1	1	3	3	6	12	5	7	2	2	1	3	2	2	2	3	1	1	1	1	2	8	3	6	3	8	3	8	15	10	62	46	41	13	9	5	8	5	2	8	1	4	5	8	6	12	6	3	2	1	4	7	7	8	7	2	2	5	11	7	9	13	5	7	1	5	7	7	2	6	5	1	3	5	8	8	6	8	8	4	5	6	9	10	5	10	4	4	6	28	32	38	9	9	16	10	6	14	8	2	1	4	4	13	15	29	40	215	0	315	30	14	13	7	2	2	3	7	3	12	8	5	3	13	23	38	121	38	14	13	5	2	0	2	1	2	2	4	5	0	3	1	0	0	0	4	4	8	34	20	3	1	1	1	4	4	3	5	4	11	11	4	3	3	1
0	0	0	2	0	0	2	3	1	2	2	1	1	3	2	2	8	8	2	4	9	7	4	2	1	0	1	1	0	1	3	1	2	4	3	6	9	5	3	6	2	2	1	2	0	3	1	5	3	2	8	3	7	3	7	10	5	6	10	10	12	52	38	28	10	12	6	6	10	5	6	4	2	2	11	8	15	5	3	4	4	2	3	9	5	9	2	9	7	11	11	13	8	5	4	5	11	5	2	4	7	7	1	3	7	5	7	7	7	8	3	6	7	8	8	4	7	7	9	14	28	33	26	8	15	18	17	8	9	3	1	2	9	7	16	13	23	21	80	315	0	112	21	11	12	4	3	2	6	10	14	12	7	8	12	21	35	56	55	13	8	8	5	1	2	2	2	0	3	2	3	1	1	3	2	0	3	8	11	48	23	1	4	6	3	0	2	1	4	5	8	6	7	3	5	1
0	0	0	0	2	1	1	1	2	1	2	2	4	4	3	3	3	4	3	3	4	9	3	2	1	1	1	1	0	2	1	4	1	2	5	6	9	3	2	2	2	3	0	2	2	0	2	3	5	5	2	3	8	5	3	6	6	3	4	14	27	46	26	19	23	14	11	7	2	2	7	1	5	5	7	10	7	7	5	4	3	3	6	3	3	19	10	4	10	11	16	10	4	5	6	6	6	6	5	2	5	4	5	0	6	9	9	7	6	5	1	4	8	10	11	5	7	12	9	16	22	29	35	18	30	26	17	9	15	4	4	3	4	7	11	19	24	19	29	30	112	0	70	42	18	4	1	1	7	7	15	17	10	5	26	43	43	27	95	24	19	10	6	0	5	8	7	7	9	10	3	4	2	0	4	5	10	28	34	291	57	13	5	3	3	4	3	1	8	17	21	4	8	9	4	5
0	0	0	1	0	0	0	1	2	2	3	0	1	3	4	4	6	2	6	1	7	6	3	3	0	3	2	3	1	1	0	0	1	3	2	8	5	1	4	2	0	1	0	0	2	1	2	4	3	3	5	4	0	4	2	5	6	3	8	14	23	14	17	6	9	11	6	9	6	3	0	4	2	3	7	6	5	4	9	6	6	3	1	4	6	12	7	5	9	11	9	10	1	2	4	2	8	5	1	7	4	1	3	5	2	5	5	6	7	2	6	2	5	13	8	5	6	15	10	8	9	9	11	16	22	9	10	4	11	7	4	3	4	3	5	7	11	10	9	14	21	70	0	127	24	10	2	1	17	13	26	16	20	22	21	12	25	9	29	13	14	10	7	6	1	5	9	7	8	18	5	9	4	2	4	4	13	36	100	99	34	16	7	1	5	4	2	6	4	26	46	15	17	4	7	4
0	0	0	2	1	2	0	0	0	3	1	2	2	2	6	2	8	10	2	1	8	4	2	2	4	3	0	3	1	1	4	3	6	3	6	6	8	4	4	1	3	2	0	0	3	1	2	2	3	6	4	1	5	4	3	3	6	1	7	10	40	16	9	10	17	17	12	15	10	8	6	6	7	6	4	7	9	6	5	4	2	3	3	6	16	11	2	14	14	29	13	8	5	1	4	4	9	6	3	4	2	5	4	1	2	2	1	3	9	7	0	6	9	6	8	9	4	5	9	14	7	7	12	23	18	10	8	7	4	2	1	1	2	7	3	6	12	4	4	13	11	42	127	0	55	11	8	7	16	12	21	26	33	57	35	21	19	7	27	20	21	12	13	10	4	6	12	17	20	26	15	19	5	8	2	5	19	78	442	71	79	52	6	7	10	5	5	5	17	87	97	38	33	11	6	6
0	0	0	0	0	1	0	0	2	2	1	2	3	2	3	3	5	5	4	9	7	10	5	0	1	1	3	1	1	0	1	1	4	2	2	4	7	3	3	2	1	0	1	0	1	2	0	2	3	5	5	3	4	2	6	8	6	3	7	16	51	17	6	6	22	33	16	16	9	3	9	6	5	4	6	14	9	3	9	3	5	1	3	2	10	26	26	34	40	36	9	5	9	1	7	8	9	11	7	3	7	3	2	3	3	3	6	3	12	10	9	8	10	13	8	10	24	27	12	16	18	8	11	63	28	21	7	6	8	7	4	4	0	4	6	10	9	4	4	7	12	18	24	55	0	18	10	18	43	31	110	287	67	94	98	35	12	9	29	52	52	47	14	9	18	27	25	22	26	43	23	10	11	0	4	7	50	353	135	46	39	36	17	12	13	8	8	14	27	102	17	18	24	19	10	10
0	0	0	0	0	1	0	2	1	1	4	1	1	1	1	1	1	3	2	5	6	4	3	3	0	0	3	0	2	1	0	1	3	0	3	2	6	6	0	0	0	3	1	1	0	1	0	2	1	3	8	2	3	0	4	3	6	4	3	5	9	1	2	3	9	18	3	7	2	7	5	1	0	2	5	8	4	4	10	3	0	1	3	2	5	6	16	39	15	10	4	8	0	3	1	3	5	8	3	2	4	5	3	7	1	4	4	4	5	16	7	8	13	12	6	21	33	21	7	9	3	2	7	19	16	3	4	4	2	6	2	1	0	3	3	5	3	1	1	2	4	4	10	11	18	0	147	173	66	29	19	27	16	15	15	8	5	3	8	7	20	33	77	41	73	309	112	33	28	19	17	13	6	11	9	50	79	23	9	9	4	14	11	15	36	26	21	36	43	14	8	5	10	10	18	40
0	0	0	0	1	0	2	1	1	0	0	0	2	1	1	4	6	2	4	5	1	2	4	1	1	1	0	2	1	2	2	0	3	2	0	0	3	4	1	1	2	2	1	0	2	0	1	1	1	1	5	1	2	5	3	0	5	4	6	4	6	1	3	5	5	3	2	4	3	5	2	3	3	2	3	5	2	3	4	5	1	1	3	6	3	9	8	18	7	6	7	4	2	1	4	4	9	5	3	5	5	3	3	2	4	1	5	3	4	4	3	4	12	6	4	13	26	12	15	6	4	2	4	10	4	5	2	4	3	3	4	3	3	2	1	4	0	5	2	2	3	1	2	8	10	147	0	54	31	15	13	15	11	11	6	4	1	4	6	10	15	11	40	47	90	79	55	23	20	15	8	5	7	16	20	386	31	10	9	6	4	14	10	12	45	59	38	60	31	7	8	8	7	8	22	57
0	0	0	0	1	0	0	0	0	2	1	1	0	0	4	5	5	4	1	2	6	4	3	2	0	0	1	0	1	0	1	3	1	0	0	3	2	1	0	3	0	0	1	0	2	2	1	1	1	3	4	4	0	4	3	2	2	4	5	5	7	4	2	4	9	8	4	5	1	8	5	3	3	4	9	7	9	1	2	2	2	2	4	3	4	7	17	48	23	13	5	4	4	2	1	6	10	8	3	5	2	5	2	5	2	3	6	7	6	6	6	7	8	10	18	33	46	16	15	13	6	3	5	25	24	6	4	2	8	4	4	3	3	1	3	4	2	1	2	3	2	1	1	7	18	173	54	0	180	74	26	28	21	16	17	10	2	6	14	10	22	49	95	31	38	84	49	18	24	9	13	5	4	2	7	32	46	19	12	7	7	12	9	6	14	15	6	20	27	17	11	7	5	10	12	15
0	0	0	2	2	2	0	1	1	1	3	1	2	1	2	6	4	3	2	5	6	4	2	2	3	0	0	2	3	0	1	2	4	1	2	4	4	6	2	1	3	0	1	2	3	0	2	4	3	2	3	3	4	1	2	4	6	3	5	6	17	3	3	2	9	24	4	5	2	5	2	4	4	3	3	10	7	6	8	1	4	7	0	6	7	18	19	73	61	20	4	6	3	2	4	10	9	8	10	8	8	6	5	4	2	3	7	6	17	18	8	8	13	20	15	59	84	36	39	22	10	9	12	33	24	15	9	8	5	7	5	2	2	2	8	7	2	3	5	7	6	7	17	16	43	66	31	180	0	185	52	77	23	14	27	25	7	3	15	20	34	226	68	12	31	69	51	22	23	18	22	10	4	3	6	18	49	37	18	16	10	13	5	13	12	8	10	17	39	20	10	6	5	8	11	10
0	0	0	1	0	0	0	1	2	0	0	2	0	2	2	4	2	1	7	3	9	7	3	5	3	0	0	1	0	0	0	2	0	1	0	2	5	1	1	0	1	2	0	0	1	3	2	0	3	2	2	3	5	1	1	3	5	4	2	9	13	5	6	1	5	15	5	3	7	5	5	2	1	2	5	14	9	5	9	4	3	4	4	12	6	19	11	30	31	16	8	11	3	3	6	4	8	5	5	6	9	4	3	5	2	3	13	6	6	20	12	6	24	29	29	67	74	79	73	29	12	5	15	39	74	27	6	16	8	3	6	2	2	3	4	10	5	1	3	3	10	7	13	12	31	29	15	74	185	0	76	48	18	12	32	17	10	4	18	39	35	156	25	12	20	25	26	9	15	9	16	3	4	2	5	14	38	35	19	7	7	13	12	6	11	10	11	14	13	11	8	10	6	10	8	3
0	0	0	0	2	1	2	0	1	1	2	1	1	4	1	4	1	4	5	6	8	4	5	1	1	2	1	1	2	0	3	0	4	3	4	3	2	2	2	4	1	3	3	1	1	1	3	2	3	3	4	2	4	5	2	4	3	4	7	10	19	13	3	5	14	17	3	3	6	5	2	2	5	2	4	11	16	4	7	2	4	2	7	0	14	11	18	27	25	11	5	4	3	2	2	6	7	6	4	3	4	2	7	4	5	6	8	7	8	13	5	9	13	22	8	18	25	38	57	24	18	11	14	58	122	28	15	9	12	7	1	2	7	3	11	14	9	9	10	12	14	15	26	21	110	19	13	26	52	76	0	79	28	31	65	35	12	10	25	36	53	80	22	7	8	23	16	7	13	22	18	7	6	1	4	11	31	105	60	29	23	11	10	5	11	2	3	10	30	39	14	15	21	8	7	8
0	0	0	1	0	2	0	1	1	1	1	2	2	6	4	5	3	6	8	2	5	4	2	2	3	1	2	2	4	1	0	0	2	3	2	6	3	4	1	0	5	1	8	4	1	1	1	2	4	3	4	5	2	4	3	3	5	5	5	16	44	11	8	4	15	40	10	10	14	9	2	3	5	7	8	7	11	5	6	2	4	3	7	3	20	21	20	80	74	31	11	6	4	2	2	3	13	13	7	5	6	6	4	7	2	5	6	11	7	14	7	7	13	18	12	33	37	19	17	26	15	6	13	83	34	21	6	5	10	7	1	4	3	6	9	14	4	1	8	8	12	17	16	26	287	27	15	28	77	48	79	0	52	67	102	28	20	9	19	38	93	89	33	6	18	49	38	24	17	22	15	11	7	5	3	8	56	79	42	24	27	25	11	14	11	7	5	12	43	52	17	26	13	4	6	7
0	0	0	0	2	0	1	0	3	1	0	3	0	2	1	4	9	1	8	5	9	15	0	4	3	1	2	0	1	0	1	2	1	1	3	4	5	0	1	1	0	1	2	0	0	1	2	3	6	7	1	10	2	3	3	4	5	3	4	5	24	4	7	9	18	23	12	5	5	4	7	2	6	8	3	3	5	3	6	3	3	4	2	1	4	14	16	20	26	26	9	9	4	4	4	7	11	10	3	4	1	2	1	4	2	2	0	0	1	6	3	8	6	7	2	9	12	10	10	8	8	7	6	14	16	3	4	5	4	4	1	3	4	4	6	7	3	5	4	5	7	10	20	33	67	16	11	21	23	18	28	52	0	203	23	8	10	3	10	12	22	21	16	4	7	34	42	66	101	137	93	47	12	4	6	7	47	85	40	11	16	101	47	29	17	7	11	18	92	262	36	35	62	30	36	7
0	0	0	2	2	1	1	0	2	1	3	2	1	2	2	8	7	6	9	8	13	9	3	0	2	2	1	3	4	1	2	5	4	7	1	8	7	6	3	2	2	0	2	3	0	4	3	5	2	4	4	7	7	9	7	1	8	2	6	11	27	11	9	8	15	30	13	7	10	5	7	3	5	1	7	5	14	5	6	4	5	2	4	3	7	13	9	22	25	50	11	7	4	4	2	8	8	11	6	1	4	6	2	3	2	4	7	2	5	7	4	1	6	6	6	8	9	12	13	12	8	15	9	23	10	11	11	5	3	7	1	2	4	10	7	19	6	2	10	3	8	5	22	57	94	15	11	16	14	12	31	67	203	0	48	16	17	10	15	26	23	15	8	5	9	17	36	37	43	53	45	34	9	5	3	8	41	91	58	20	39	189	33	29	13	14	9	12	46	197	53	54	56	28	23	9
0	0	0	3	1	1	2	0	1	1	4	5	1	3	2	4	7	5	8	6	7	10	2	3	2	0	0	2	0	1	3	1	4	2	6	3	4	5	1	2	0	2	1	0	1	4	0	3	4	4	5	3	6	8	11	2	11	3	12	21	129	17	8	7	51	70	18	8	10	6	10	5	3	6	17	24	9	9	5	4	7	2	4	12	27	55	16	35	67	85	29	9	6	4	7	7	13	21	13	3	6	6	10	4	10	10	10	8	18	21	5	5	13	19	21	17	26	15	21	34	35	25	32	280	33	33	16	15	17	11	5	5	8	3	7	26	21	7	10	13	12	26	21	35	98	15	6	17	27	32	65	102	23	48	0	112	48	12	73	206	388	48	14	6	15	15	15	14	13	13	6	8	7	1	2	5	23	53	47	55	42	21	11	4	4	9	2	8	15	26	16	15	16	7	11	4
0	0	0	0	2	1	2	0	2	0	2	0	0	2	4	5	4	3	4	9	9	3	3	3	1	2	0	1	1	0	2	1	6	5	1	5	9	4	4	2	1	2	1	2	1	3	0	3	3	1	2	5	10	4	2	12	9	5	12	34	99	35	15	7	62	27	11	10	9	6	5	6	2	8	22	24	32	9	3	9	4	3	4	9	27	21	9	10	22	30	24	15	7	10	9	8	16	20	14	8	4	5	4	1	8	5	7	10	23	22	12	12	18	22	19	15	22	17	18	51	120	57	153	69	35	72	36	22	20	9	0	7	7	9	20	60	29	22	25	23	21	43	12	21	35	8	4	10	25	17	35	28	8	16	112	0	143	48	711	289	84	22	10	9	5	6	9	8	7	2	4	6	2	4	1	3	8	14	20	76	54	9	6	1	3	2	4	5	5	20	11	6	7	2	6	1
0	0	0	1	0	0	2	0	1	1	0	4	2	4	3	6	4	12	9	9	9	9	7	1	2	2	5	1	1	0	3	5	2	6	9	8	14	7	8	1	2	1	3	2	0	2	1	2	4	2	5	4	10	6	8	8	11	6	13	56	82	122	39	26	79	27	14	13	14	8	9	2	3	8	13	24	23	13	14	6	6	5	9	6	15	21	9	9	18	36	41	30	12	12	16	10	15	12	17	6	2	3	4	3	8	8	4	8	9	10	6	7	10	11	7	9	6	13	9	18	52	54	124	20	19	31	12	11	17	8	4	3	6	10	30	66	53	27	20	38	35	43	25	19	12	5	1	2	7	10	12	20	10	17	48	143	0	82	160	56	40	13	7	3	1	3	7	10	13	7	4	6	4	2	2	4	9	15	15	65	89	16	6	3	5	1	3	3	8	10	13	10	11	1	3	1
0	0	0	1	1	0	1	2	2	2	3	1	1	4	5	4	7	8	2	8	12	3	3	6	4	1	4	1	0	3	1	3	3	7	4	9	10	4	14	7	5	2	1	2	4	3	3	5	3	2	3	3	13	4	11	7	14	5	14	31	21	170	41	19	28	10	16	4	3	5	3	9	6	6	17	15	21	8	7	6	1	6	4	4	16	12	4	2	7	15	16	23	20	11	12	14	7	6	7	0	3	12	5	7	4	9	8	6	17	13	6	12	10	10	16	4	8	4	4	13	29	66	90	10	9	16	21	8	18	12	1	8	5	6	45	26	229	87	65	121	56	27	9	7	9	3	4	6	3	4	10	9	3	10	12	48	82	0	47	26	14	6	1	5	1	5	3	7	2	5	5	4	1	0	1	2	6	7	11	18	24	5	2	5	7	3	2	2	4	6	7	2	5	4	2	3
0	0	0	0	1	0	2	0	1	1	0	1	0	3	3	5	7	10	6	2	5	3	6	1	1	2	2	0	2	1	0	4	2	5	6	4	8	5	5	3	0	1	3	3	2	2	2	1	6	5	6	0	6	7	6	9	2	4	14	22	64	41	15	18	48	22	8	10	8	7	9	3	7	13	13	23	25	10	5	6	7	3	8	6	19	21	9	14	14	20	24	14	11	8	3	15	10	10	6	7	6	3	5	6	6	7	6	9	22	12	11	11	13	19	12	10	16	19	18	48	67	59	125	45	25	55	49	11	29	10	3	9	4	6	17	39	35	16	16	38	55	95	29	27	29	8	6	14	15	18	25	19	10	15	73	711	160	47	0	116	46	22	9	2	4	4	6	10	7	11	7	4	3	4	0	7	14	24	30	125	56	10	8	5	7	3	5	3	12	17	8	9	4	5	5	2
0	0	0	3	1	3	0	1	0	1	3	5	3	0	3	2	5	4	4	6	6	5	3	3	1	1	3	0	2	0	2	3	4	3	1	3	4	3	4	1	3	2	1	0	2	1	2	3	5	2	2	4	3	3	4	8	10	2	9	23	66	18	10	5	35	30	6	7	17	3	9	4	6	7	10	35	30	7	15	6	3	5	8	9	31	29	16	27	45	30	14	10	4	8	7	10	16	22	11	6	8	5	6	11	7	13	13	7	26	20	15	16	30	38	27	30	36	37	34	73	89	29	56	286	53	73	35	12	17	9	6	5	3	6	18	48	21	11	9	14	13	24	13	20	52	7	10	10	20	39	36	38	12	26	206	289	56	26	116	0	186	44	10	7	9	10	10	9	10	7	9	3	3	2	2	3	9	23	20	45	27	11	7	10	5	4	0	7	18	15	13	13	3	8	6	6
0	0	0	0	0	0	3	2	1	1	0	0	4	1	2	3	4	8	5	4	11	4	1	3	4	1	2	2	2	0	0	2	2	3	2	7	9	6	2	3	1	1	3	0	0	1	1	2	1	3	3	3	4	3	7	3	5	3	8	18	58	13	8	8	46	72	11	10	17	16	9	4	6	11	18	31	25	6	15	4	6	4	7	7	41	85	32	43	149	47	13	6	5	7	6	14	22	21	12	9	2	6	6	1	6	7	12	10	30	23	16	18	23	43	17	42	50	25	22	52	32	40	35	1278	31	39	21	8	16	5	6	3	8	6	13	36	6	6	6	13	8	19	14	21	52	20	15	22	34	35	53	93	22	23	388	84	40	14	46	186	0	86	22	14	11	11	19	16	12	14	11	10	4	7	6	7	23	24	25	25	30	14	10	5	5	9	4	9	10	20	12	6	12	4	10	6
0	0	0	0	1	0	0	1	0	1	0	0	1	1	1	3	2	2	4	7	4	11	3	4	3	2	1	0	1	0	0	2	2	2	0	4	4	5	3	0	1	2	2	2	1	0	2	1	5	1	7	5	3	6	3	4	4	6	4	9	21	8	4	6	7	19	7	2	9	12	9	3	3	2	14	22	14	12	6	3	0	6	3	9	18	30	23	89	90	20	6	5	6	4	4	7	9	19	15	7	3	6	3	5	3	6	4	8	28	20	9	13	32	27	20	127	260	48	41	27	13	8	9	120	46	28	23	13	12	2	10	0	6	10	5	18	10	5	9	5	8	10	10	12	47	33	11	49	226	156	80	89	21	15	48	22	13	6	22	44	86	0	50	15	18	32	21	17	17	12	10	8	9	1	4	10	26	23	17	10	14	12	9	10	9	9	12	12	16	20	9	7	11	11	5	6
0	0	0	0	1	1	1	0	1	1	1	0	0	2	1	3	2	2	1	3	9	9	3	5	2	1	0	0	0	1	0	1	1	3	3	7	1	2	2	1	1	1	3	3	2	1	1	2	3	1	4	2	3	3	4	2	4	4	0	5	13	1	2	1	4	10	1	3	6	6	8	3	2	4	5	7	5	7	6	3	5	2	3	5	11	9	30	98	36	13	3	6	7	2	3	7	11	16	10	5	1	8	3	1	2	3	8	3	11	9	10	15	20	13	15	51	65	28	12	15	11	8	6	27	13	10	4	10	3	4	5	1	3	1	10	6	7	4	3	2	5	6	7	13	14	77	40	95	68	25	22	33	16	8	14	10	7	1	9	10	22	50	0	52	127	87	49	17	11	9	13	11	6	8	10	28	22	18	8	11	7	8	5	3	14	19	13	17	28	8	10	1	5	5	13	10
0	0	0	1	1	0	1	1	1	2	1	0	2	2	0	2	3	2	4	5	7	3	2	1	1	3	1	2	1	1	0	2	2	4	2	1	3	3	2	1	1	2	2	1	1	1	2	4	1	4	3	2	2	3	4	2	4	0	3	3	4	4	3	0	5	10	3	6	10	8	6	3	1	4	3	8	4	2	4	5	2	1	3	6	11	11	17	26	15	6	5	5	2	3	2	4	6	8	7	5	0	1	0	3	3	2	3	5	3	5	4	4	15	4	4	10	21	4	3	6	3	12	5	7	7	4	4	8	2	2	2	1	1	2	2	2	3	1	3	0	1	0	6	10	9	41	47	31	12	12	7	6	4	5	6	9	3	5	2	7	14	15	52	0	175	33	26	22	9	2	11	6	11	12	14	87	14	2	8	4	4	9	7	10	14	27	37	35	10	9	6	2	4	6	12	18
0	0	0	0	0	1	0	0	0	1	2	3	1	1	2	1	3	8	1	6	7	4	6	2	2	1	4	1	0	2	1	1	2	3	2	3	2	1	0	2	0	1	0	1	0	1	1	2	6	2	3	2	4	4	3	2	3	4	3	7	6	3	2	5	10	9	4	4	6	9	4	4	3	4	6	9	7	3	7	1	2	1	2	5	14	6	22	38	34	8	7	3	4	2	4	2	8	10	8	1	2	6	1	1	1	4	2	1	5	6	4	4	12	12	6	18	12	16	6	6	4	2	9	19	9	5	6	0	6	2	1	2	0	5	3	5	2	7	0	2	2	5	1	4	18	73	90	38	31	20	8	18	7	9	15	5	1	1	4	9	11	18	127	175	0	76	60	14	8	11	11	14	9	10	16	93	33	10	9	6	6	8	10	16	28	35	40	54	27	7	2	1	5	10	10	19
0	0	0	1	0	1	0	0	1	1	0	1	1	2	0	0	3	2	5	4	9	5	4	2	1	2	0	0	1	0	1	6	2	1	3	3	1	2	5	3	1	1	1	0	2	2	0	4	1	4	2	3	1	3	3	0	6	2	3	11	7	5	4	3	7	14	7	5	7	7	3	3	3	4	4	11	1	3	4	6	3	2	1	1	9	13	23	58	27	10	5	7	3	2	2	2	8	8	3	3	4	2	2	4	5	1	1	3	4	9	7	7	12	8	7	8	24	15	11	8	6	7	7	20	17	8	5	4	6	1	4	3	4	2	1	5	5	4	1	1	2	8	5	6	27	309	79	84	69	25	23	49	34	17	15	6	3	5	4	10	11	32	87	33	76	0	630	56	13	18	30	12	6	8	17	47	96	28	9	7	4	14	20	18	39	21	24	50	116	17	5	7	9	18	30	26
0	0	0	0	1	2	0	2	1	0	3	3	2	0	2	0	4	3	7	10	11	3	2	1	2	0	2	2	1	2	0	0	0	3	2	0	4	0	3	3	2	3	1	1	0	2	2	3	3	3	0	1	4	2	5	8	3	6	6	6	14	5	3	2	11	12	12	1	15	6	6	6	3	2	6	5	8	4	6	5	5	2	7	9	8	13	19	58	31	16	11	4	5	3	3	5	11	5	1	5	4	2	3	4	3	2	2	2	7	8	5	9	10	10	9	15	27	7	12	10	5	4	1	18	12	6	9	6	4	2	1	4	5	1	7	1	0	5	1	2	2	7	9	12	25	112	55	49	51	26	16	38	42	36	15	9	7	3	6	10	19	21	49	26	60	630	0	80	29	23	20	13	21	13	16	28	85	20	7	9	8	18	29	24	45	29	24	64	184	19	8	9	6	24	38	40
0	0	0	2	2	1	1	0	2	2	1	0	3	0	0	5	3	6	5	5	6	5	2	4	1	0	0	1	1	0	0	2	3	3	1	6	3	4	3	3	2	0	2	0	3	1	2	2	1	3	1	5	0	4	3	5	2	6	11	5	10	4	6	4	13	14	10	9	6	3	3	1	4	1	6	7	2	7	4	4	0	0	4	3	6	13	15	23	18	16	5	8	3	6	2	3	6	8	5	3	2	3	3	1	1	2	4	0	5	6	2	5	5	4	10	9	8	6	6	8	10	5	8	11	7	6	5	3	4	1	1	2	4	4	5	11	7	2	2	2	0	7	7	17	22	33	23	18	22	9	7	24	66	37	14	8	10	7	10	9	16	17	17	22	14	56	80	0	49	35	42	37	15	16	11	17	58	23	14	6	10	43	95	105	97	22	22	62	468	39	11	23	21	30	57	33
0	0	0	0	1	0	0	3	1	1	0	0	0	2	3	2	5	3	4	6	4	5	3	5	2	1	0	2	0	1	0	1	0	0	2	2	6	2	3	3	3	1	3	0	2	1	2	3	1	3	2	5	2	1	4	4	3	4	6	6	12	3	5	2	9	12	5	13	2	4	6	2	4	6	5	6	7	4	6	1	1	1	2	3	7	9	5	18	18	14	7	6	0	5	3	5	11	6	4	4	2	1	3	5	2	1	5	5	4	2	3	2	2	6	6	13	8	12	8	8	8	1	3	8	11	5	6	5	4	2	0	2	2	1	2	8	4	2	3	4	3	9	8	20	26	28	20	24	23	15	13	17	101	43	13	7	13	2	7	10	12	17	11	9	8	13	29	49	0	467	457	66	14	11	6	12	108	61	23	4	11	17	20	25	39	14	14	19	51	70	30	22	40	47	36	20
0	0	0	0	1	1	0	3	2	1	2	1	0	2	1	2	2	5	8	4	2	6	3	2	1	0	0	2	1	0	1	1	2	2	0	5	5	1	3	4	3	0	0	0	1	4	0	0	2	3	2	2	5	0	5	3	3	5	3	5	13	5	5	4	6	9	10	9	2	6	3	2	3	1	2	7	5	4	1	2	3	3	4	1	2	13	10	9	11	14	7	0	1	2	5	5	4	5	3	3	2	1	2	0	2	4	8	5	2	5	0	5	3	3	4	7	12	8	3	5	8	4	8	10	10	2	4	5	2	3	2	1	3	0	1	6	4	2	4	5	2	10	18	26	43	19	15	9	18	9	22	22	137	53	13	2	7	5	11	7	14	12	9	2	11	18	23	35	467	0	763	75	8	6	4	6	66	54	29	15	9	32	30	32	32	12	16	11	51	125	67	34	69	59	33	17
0	0	0	0	1	0	1	2	2	0	0	1	1	2	2	1	4	4	4	3	8	4	1	2	0	1	1	1	2	1	0	3	1	2	1	1	4	1	4	2	1	4	1	3	1	0	0	2	2	2	2	5	4	3	2	1	8	0	2	5	7	6	3	2	13	10	7	6	5	5	2	4	1	3	2	2	3	3	4	3	3	3	2	4	6	1	11	16	9	12	7	3	6	3	1	7	4	8	2	3	6	5	3	0	0	0	2	3	2	1	1	8	3	4	8	5	6	7	6	4	8	2	4	4	12	7	3	2	3	4	4	3	3	1	2	7	2	5	0	0	3	3	5	15	23	17	8	13	22	16	18	15	93	45	6	4	4	5	7	9	11	10	13	11	11	30	20	42	457	763	0	134	7	3	5	9	61	37	14	9	8	29	35	37	36	20	7	20	34	58	41	37	55	141	45	21
0	0	0	1	1	1	1	2	1	1	0	0	2	2	3	1	7	6	5	4	4	4	2	0	0	0	1	2	1	0	2	0	4	4	2	2	6	4	1	1	1	1	1	0	3	0	5	5	3	3	1	5	5	6	5	3	2	5	1	3	6	5	7	7	5	10	5	10	5	6	0	3	2	1	1	4	1	5	4	4	0	1	2	2	3	2	4	5	7	7	0	3	1	4	0	1	1	5	2	1	4	0	1	6	4	3	2	3	1	2	0	3	2	4	1	7	5	8	4	1	1	0	3	3	5	8	5	5	3	2	2	1	2	3	4	4	0	0	2	3	1	4	9	19	10	13	5	5	10	3	7	11	47	34	8	6	6	4	4	3	10	8	11	6	14	12	13	37	66	75	134	0	20	8	6	4	30	19	12	3	6	37	60	67	22	9	19	10	31	36	28	39	118	727	46	14
0	0	0	0	0	1	1	0	2	2	3	1	0	0	2	3	0	1	3	4	4	3	2	4	0	0	0	2	1	0	1	1	1	1	5	3	1	1	0	1	2	1	0	1	0	0	0	3	1	6	4	4	1	0	0	1	2	2	4	2	3	2	3	4	0	2	4	2	5	3	1	0	2	4	0	1	2	2	2	1	0	3	1	2	3	2	8	9	6	4	0	2	3	1	1	4	2	4	2	3	0	1	2	0	1	2	2	1	1	1	3	1	2	1	1	9	3	3	0	2	0	1	2	5	2	2	2	3	3	3	0	3	4	1	1	3	2	1	3	1	1	2	4	5	11	6	7	4	4	4	6	7	12	9	7	2	4	1	3	3	4	9	6	11	9	6	21	15	14	8	7	20	0	93	18	16	6	0	0	4	5	5	15	34	39	47	44	35	9	6	9	7	6	15	31	34
0	0	0	1	0	0	0	0	1	0	1	2	2	2	0	2	1	5	4	3	3	4	1	1	1	1	2	0	1	0	0	1	1	0	0	3	2	1	1	0	0	2	1	0	0	1	2	0	2	4	2	1	2	1	2	4	3	0	5	3	3	2	3	0	2	2	2	1	3	1	2	1	3	1	0	1	1	1	0	1	3	1	1	4	6	3	4	7	4	4	2	0	3	3	3	4	4	2	4	1	4	1	3	1	0	1	4	2	4	4	3	4	3	2	2	3	4	4	3	3	1	3	2	0	2	3	0	0	4	0	3	3	1	2	2	3	4	2	3	0	3	0	2	8	0	11	16	2	3	2	1	5	4	5	1	4	2	0	4	2	7	1	8	12	10	8	13	16	11	6	3	8	93	0	61	20	2	8	2	3	3	5	12	12	16	59	50	31	7	6	6	5	4	10	17	25
0	0	0	0	0	2	1	2	0	1	1	0	1	2	0	1	3	2	2	0	2	3	1	2	0	1	1	2	1	0	2	1	3	0	3	0	1	1	1	0	1	1	0	0	1	1	2	1	3	2	3	2	0	1	2	2	3	3	4	2	5	2	3	3	3	5	2	0	2	2	0	2	3	2	3	1	2	3	3	4	1	2	1	3	2	4	7	9	6	3	5	0	1	2	3	5	4	2	2	1	0	1	1	1	2	0	1	1	5	5	0	3	5	7	3	4	7	3	2	2	1	2	2	3	5	3	2	0	0	1	0	2	2	1	2	5	1	1	0	0	2	4	4	2	4	9	20	7	6	5	4	3	6	3	2	1	2	1	0	2	6	4	10	14	16	17	16	11	6	4	5	6	18	61	0	30	15	5	8	1	4	1	8	5	18	61	60	27	4	3	5	2	3	5	7	26
0	0	0	1	2	1	2	0	2	0	0	0	1	1	1	2	1	1	2	1	3	2	2	1	0	1	1	0	1	1	1	0	1	0	0	2	3	1	0	0	0	1	0	0	0	2	1	0	0	0	2	1	5	0	3	5	3	1	0	2	4	3	0	0	2	6	4	0	5	2	2	3	4	4	1	2	2	1	1	5	1	0	2	2	6	13	9	16	11	7	3	8	0	1	2	5	1	5	4	3	3	5	0	3	1	1	6	1	4	2	6	2	7	4	6	7	10	7	8	6	4	3	3	6	6	4	5	2	1	2	2	2	2	0	3	2	4	1	0	0	0	5	4	5	7	50	386	32	18	14	11	8	7	8	5	3	4	2	7	3	7	10	28	87	93	47	28	17	12	6	9	4	16	20	30	0	19	10	6	4	6	9	15	11	31	69	58	52	24	10	5	6	8	10	16	39
0	0	0	1	0	0	0	0	1	1	0	0	2	2	2	2	1	1	6	2	7	5	3	2	0	4	0	1	2	2	1	1	1	4	0	2	3	1	2	2	1	2	0	2	0	1	1	2	4	2	2	1	4	1	9	2	5	2	4	8	8	7	6	4	8	11	6	2	6	7	5	2	1	2	4	6	5	4	3	1	2	2	2	0	9	15	12	30	20	16	11	9	5	7	3	6	6	6	6	4	2	3	7	3	1	1	3	4	6	5	5	7	7	10	10	18	13	12	9	9	10	6	6	15	23	9	7	4	6	5	2	0	4	7	1	7	6	2	5	4	3	10	13	19	50	79	31	46	49	38	31	56	47	41	23	8	9	6	14	9	23	26	22	14	33	96	85	58	108	66	61	30	6	2	15	19	0	50	26	8	7	23	14	18	28	21	7	23	96	52	16	17	14	23	35	21
0	0	0	0	1	1	1	1	0	1	0	0	5	1	1	6	6	5	3	5	6	11	3	2	2	3	4	1	1	1	0	1	2	4	3	6	6	3	3	0	1	3	2	1	2	1	3	2	1	1	2	5	1	2	3	10	5	5	2	6	28	5	3	8	7	17	12	8	7	2	3	5	1	5	5	7	13	4	7	2	2	3	5	1	8	13	16	26	19	20	13	9	5	6	1	5	10	5	10	6	3	6	5	6	1	4	9	7	8	4	3	5	8	9	11	14	23	22	19	12	17	11	10	25	27	14	11	8	10	3	0	1	5	6	5	4	5	4	6	4	8	28	36	78	353	23	10	19	37	35	105	79	85	91	53	14	15	7	24	23	24	23	18	2	10	28	20	23	61	54	37	19	0	8	5	10	50	0	173	35	25	27	16	14	13	9	8	11	48	226	53	28	30	13	12	9
0	0	0	0	0	0	1	0	3	5	2	3	0	0	3	3	7	8	8	7	4	7	0	2	3	2	0	0	2	1	2	2	1	5	1	8	7	2	2	2	1	3	0	4	4	1	1	2	4	4	3	4	5	5	5	8	2	3	4	10	34	8	11	11	11	26	14	8	6	2	3	2	1	5	6	8	11	4	3	2	4	1	2	6	5	9	11	19	23	40	19	11	7	1	7	5	10	11	4	4	1	1	4	5	6	3	6	2	6	9	8	6	4	7	10	13	16	11	14	18	12	8	16	29	28	10	10	6	12	4	1	1	4	7	12	11	6	6	4	8	11	34	100	442	135	9	9	12	18	19	60	42	40	58	47	20	15	11	30	20	25	17	8	8	9	9	7	14	23	29	14	12	0	2	8	6	26	173	0	68	51	20	11	10	12	5	4	9	22	115	64	31	31	14	10	11
0	0	0	0	1	0	3	1	2	2	1	1	1	3	0	1	10	4	4	3	5	4	4	7	1	0	1	1	1	3	1	0	3	3	3	8	8	6	4	1	1	6	2	4	2	2	1	1	2	7	5	2	4	3	3	7	3	7	6	17	40	24	17	19	22	20	7	2	5	7	7	8	3	8	8	15	8	3	7	5	2	2	3	7	7	12	1	9	18	27	11	5	13	7	1	8	6	7	8	2	6	7	3	5	4	7	4	6	9	8	8	11	6	11	12	8	15	13	12	25	19	20	32	32	23	39	17	9	8	7	2	1	5	5	4	15	6	12	13	34	48	291	99	71	46	9	6	7	16	7	29	24	11	20	55	76	65	18	125	45	25	10	11	4	6	7	9	6	4	15	9	3	4	3	1	4	8	35	68	0	108	7	5	6	5	2	3	4	8	28	26	14	11	5	2	3
0	0	0	1	3	2	0	1	2	2	3	4	4	5	4	7	3	10	6	10	12	12	3	1	4	1	2	3	1	2	2	3	1	5	6	12	12	6	2	5	4	2	4	1	1	0	3	3	6	6	1	4	5	6	7	8	9	8	11	29	91	41	19	23	43	31	17	23	9	9	4	6	2	8	7	6	11	10	6	3	6	3	2	7	5	15	9	11	13	74	32	24	9	4	8	6	17	10	6	2	0	5	3	3	3	3	8	4	5	7	2	5	9	12	9	10	6	5	8	4	18	12	34	27	18	9	12	8	4	4	2	2	4	7	11	20	23	14	13	20	23	57	34	79	39	4	4	7	10	7	23	27	16	39	42	54	89	24	56	27	30	14	7	4	6	4	8	10	11	9	8	6	5	3	4	6	7	25	51	108	0	20	11	5	3	3	5	6	12	28	23	23	16	1	5	2
0	0	0	0	1	0	2	2	1	3	3	0	1	3	4	4	7	15	17	13	11	4	3	6	4	2	1	1	0	4	3	5	1	2	5	7	7	3	4	3	2	3	2	3	1	5	2	5	6	7	10	6	5	6	5	6	5	8	6	14	28	5	5	4	10	40	19	13	11	12	6	2	2	6	7	10	4	2	5	3	1	8	6	6	9	13	6	14	22	41	12	12	5	4	6	5	16	4	8	3	3	3	2	2	0	4	4	2	3	5	4	2	3	5	3	10	7	7	10	10	5	3	6	12	6	4	2	5	3	1	2	2	3	4	9	4	10	6	0	3	1	13	16	52	36	14	14	12	13	13	11	25	101	189	21	9	16	5	10	11	14	12	8	9	8	14	18	43	17	32	29	37	5	5	1	9	23	27	20	7	20	0	75	23	21	9	7	13	38	57	35	74	55	21	18	5
0	0	0	1	1	0	0	1	1	3	1	0	2	3	0	5	5	7	3	10	10	3	2	2	3	2	3	0	2	4	1	4	4	5	4	2	9	3	4	2	3	1	2	3	1	3	0	3	2	5	7	7	2	5	5	3	5	6	7	7	9	3	4	3	7	11	14	6	13	11	4	5	7	7	1	5	8	9	4	5	1	1	0	0	9	7	17	19	17	8	8	3	3	7	7	6	8	8	4	1	3	3	0	2	0	3	2	3	1	4	4	2	4	11	4	8	4	5	4	5	6	1	1	7	6	5	3	3	0	0	2	2	2	2	7	5	5	2	4	1	4	5	7	6	17	11	10	9	5	12	10	11	47	33	11	6	6	2	8	7	10	9	5	7	10	20	29	95	20	30	35	60	15	12	8	15	14	16	11	5	11	75	0	272	36	15	18	35	58	16	22	23	33	56	32	10
0	0	0	1	1	0	1	1	1	1	1	0	1	3	4	2	5	9	9	8	5	6	1	2	3	0	2	1	0	0	1	0	1	3	2	3	5	4	3	0	4	2	1	3	2	1	2	3	4	4	0	6	5	0	2	5	4	4	7	8	8	6	1	1	3	15	9	5	5	5	5	0	3	2	3	4	2	2	2	5	6	2	1	2	8	5	6	8	12	10	4	5	1	4	6	7	9	8	2	3	3	2	2	2	3	0	2	3	2	3	1	2	2	5	3	6	7	4	6	5	2	4	5	4	13	1	6	4	3	3	2	1	1	2	2	3	2	1	1	1	6	3	1	7	12	15	12	6	13	6	5	14	29	29	4	1	3	5	5	10	5	10	3	10	16	18	24	105	25	32	37	67	34	12	5	11	18	14	10	6	5	23	272	0	66	21	34	52	51	19	15	13	17	58	76	26
0	0	0	0	0	1	0	0	1	1	2	2	0	4	3	1	3	4	2	9	3	6	1	5	1	0	0	1	2	1	4	4	7	1	2	2	3	1	1	1	0	1	1	2	1	1	0	1	4	1	2	4	2	4	2	2	5	1	3	3	2	4	2	1	3	4	5	4	6	3	3	1	2	1	6	3	4	6	6	2	5	1	5	2	9	6	8	18	22	7	3	5	2	1	3	7	9	5	1	4	4	4	0	0	4	6	1	4	2	2	2	4	3	4	3	6	15	6	3	0	2	2	2	6	7	3	2	0	2	0	1	1	3	2	0	5	2	1	3	1	3	3	5	10	13	36	45	14	12	11	11	11	17	13	4	3	5	7	7	5	5	9	14	14	28	39	45	97	39	32	36	22	39	16	18	31	28	13	12	5	3	21	36	66	0	89	91	131	56	22	5	8	10	36	213	156
0	0	0	0	0	3	1	3	3	0	2	1	0	0	1	1	2	5	8	4	4	3	4	0	2	0	1	0	0	0	0	1	1	2	3	2	1	0	5	1	2	2	3	1	1	2	2	1	6	4	3	3	0	2	1	1	2	5	4	2	4	6	1	4	6	6	3	2	4	2	2	2	2	1	2	3	3	3	2	1	2	0	0	4	3	8	6	13	10	2	6	6	6	2	4	3	2	7	2	5	1	1	5	3	1	3	2	5	1	7	1	3	0	3	8	6	11	3	1	4	6	2	4	7	2	5	3	5	3	3	0	4	1	2	3	1	3	4	4	4	0	4	4	5	8	26	59	15	8	10	2	7	7	14	9	2	1	3	3	4	9	9	19	27	35	21	29	22	14	12	20	9	47	59	61	69	21	9	5	2	3	9	15	21	89	0	1631	193	15	7	5	5	7	12	30	122
0	0	0	0	0	1	0	0	3	2	2	2	0	1	1	4	4	2	2	2	3	2	3	2	1	0	0	1	1	3	0	0	1	0	1	4	0	2	3	2	2	3	0	2	1	0	0	2	2	4	4	1	0	1	2	2	5	2	6	3	7	1	2	2	2	7	3	3	7	3	5	1	5	4	2	3	7	5	3	2	1	0	4	6	4	6	14	5	9	9	2	10	4	6	3	4	7	3	1	5	3	1	1	1	1	0	0	3	1	1	2	3	2	3	1	7	11	2	5	4	4	1	1	6	8	6	5	2	0	0	2	0	1	2	1	2	3	0	4	4	2	3	2	5	8	21	38	6	10	11	3	5	11	9	2	4	3	2	5	0	4	12	13	37	40	24	24	22	14	16	7	19	44	50	60	58	7	8	4	3	5	7	18	34	91	1631	0	195	22	7	10	7	4	12	29	61
0	0	0	2	0	0	0	1	3	2	3	1	0	0	2	2	1	5	1	4	9	6	1	3	1	1	2	1	3	0	2	3	2	3	4	3	2	8	1	2	1	1	2	0	2	0	0	3	1	2	2	1	3	1	5	3	0	1	6	5	10	2	4	1	10	6	4	5	9	1	2	1	3	1	3	4	6	2	4	7	2	3	0	6	5	7	17	27	11	6	3	5	3	5	5	3	6	4	1	2	1	1	1	1	3	2	0	4	7	1	5	6	2	6	4	12	9	6	8	3	4	4	3	4	3	2	5	4	0	3	3	2	2	1	1	5	2	2	2	3	1	1	6	5	14	36	60	20	17	14	10	12	18	12	8	5	3	2	3	7	9	12	17	35	54	50	64	62	19	11	20	10	35	31	27	52	23	11	9	4	6	13	35	52	131	193	195	0	57	10	4	6	8	13	34	52
0	0	0	0	1	0	0	2	0	2	0	1	1	2	1	1	5	8	8	5	12	3	2	3	1	1	0	3	3	0	2	4	4	0	4	5	7	3	0	1	2	0	1	0	0	4	0	1	4	3	0	2	3	4	1	2	4	1	6	8	16	4	2	8	8	27	9	11	7	13	3	7	2	3	1	6	4	1	6	2	4	1	3	2	10	9	20	48	22	30	12	7	5	3	3	5	7	7	2	2	3	5	3	2	2	4	6	3	4	8	4	1	7	8	5	11	18	8	6	3	9	4	7	15	9	12	7	7	3	3	2	2	2	2	7	6	4	1	5	5	4	8	4	17	27	43	31	27	39	13	30	43	92	46	15	5	8	4	12	18	10	16	28	10	27	116	184	468	51	51	34	31	9	7	4	24	96	48	22	8	12	38	58	51	56	15	22	57	0	40	13	20	16	21	41	23
0	0	0	1	1	1	2	2	1	1	2	1	1	0	0	1	7	4	7	9	5	4	2	4	1	2	3	3	1	0	1	1	4	2	2	3	2	3	3	4	1	1	1	0	1	1	2	2	1	3	5	7	6	3	2	8	8	4	9	7	25	5	8	10	13	19	11	13	7	8	4	2	1	3	3	5	2	3	6	6	2	2	0	1	4	14	9	13	14	17	7	8	5	2	3	5	4	10	5	4	4	2	0	0	3	4	4	4	6	2	8	5	4	12	5	10	15	8	9	9	13	4	10	26	20	13	12	4	3	8	1	5	3	3	3	9	3	7	9	4	5	17	26	87	102	14	7	17	20	11	39	52	262	197	26	20	10	6	17	15	20	20	8	9	7	17	19	39	70	125	58	36	6	6	3	10	52	226	115	28	28	57	16	19	22	7	7	10	40	0	93	38	47	26	16	9
0	0	0	1	1	2	1	2	2	3	1	2	4	2	4	3	5	7	10	7	9	3	0	3	1	0	1	1	5	0	2	2	6	2	2	0	7	4	4	2	4	2	0	3	0	0	1	2	0	5	3	4	6	2	6	6	5	2	2	5	11	8	6	8	14	10	13	11	5	2	2	3	3	4	2	6	5	3	3	2	2	7	0	1	4	7	3	5	8	19	7	10	1	3	2	5	4	3	0	0	2	5	0	1	2	5	3	5	5	3	4	7	8	10	6	6	6	3	13	7	7	10	14	12	6	5	11	3	2	1	1	5	2	2	8	7	7	7	7	11	8	21	46	97	17	8	8	11	10	8	14	17	36	53	16	11	13	7	8	13	12	9	10	6	2	5	8	11	30	67	41	28	9	6	5	5	16	53	64	26	23	35	22	15	5	5	10	4	13	93	0	81	96	22	14	3
0	0	0	1	2	1	1	1	4	2	2	3	1	2	1	5	9	14	6	4	3	6	7	3	2	1	4	2	0	1	2	2	4	9	6	8	6	7	4	2	1	0	1	3	3	3	2	2	4	6	6	7	8	5	3	6	6	2	3	4	15	9	14	4	7	18	9	8	14	3	1	0	2	5	2	5	7	3	1	2	2	5	3	2	2	5	5	13	8	11	15	10	9	2	3	2	4	5	3	2	2	1	0	0	5	7	3	2	3	6	5	2	2	5	7	4	8	8	3	5	5	9	8	12	7	13	9	3	9	3	0	3	2	2	6	4	2	4	5	11	6	4	15	38	18	5	8	7	6	10	15	26	35	54	15	6	10	2	9	13	6	7	1	2	1	7	9	23	22	34	37	39	7	5	2	6	17	28	31	14	23	74	23	13	8	5	7	6	20	38	81	0	298	27	14	11
0	0	0	0	1	1	1	2	1	6	3	3	1	2	3	4	3	8	9	5	5	3	4	5	2	1	1	0	2	0	1	1	2	2	1	4	5	2	0	1	3	1	1	1	3	3	2	4	2	3	4	10	5	5	1	3	9	6	3	5	16	8	3	9	10	13	11	10	8	6	3	1	1	5	0	2	7	4	3	3	2	2	3	3	4	7	5	17	8	16	8	3	3	3	5	10	3	2	3	3	1	0	3	1	1	1	1	3	4	3	3	3	5	5	3	5	8	4	6	4	4	6	12	9	6	6	3	3	2	0	3	2	3	0	3	3	7	4	5	4	7	8	17	33	24	10	7	5	5	6	21	13	62	56	16	7	11	5	4	3	12	11	5	4	5	9	6	21	40	69	55	118	6	4	3	8	14	30	31	11	16	55	33	17	10	7	4	8	16	47	96	298	0	53	18	9
0	0	0	0	0	1	0	0	2	1	0	1	5	1	2	2	1	4	1	3	2	3	1	6	0	1	1	1	4	2	1	2	1	2	5	2	7	5	2	1	0	3	1	0	2	2	3	2	2	2	2	6	4	1	1	1	3	1	3	8	11	4	4	4	5	14	7	5	5	5	3	2	1	4	4	1	4	3	3	1	3	2	0	0	6	4	3	10	12	9	3	4	2	5	1	2	2	4	2	5	1	1	3	1	0	2	0	3	2	3	1	6	3	6	2	4	7	3	4	3	1	3	3	4	5	6	4	2	2	3	5	1	0	3	2	3	3	4	3	3	3	9	4	11	19	10	8	10	8	10	8	4	30	28	7	2	1	4	5	8	4	11	5	6	10	18	24	30	47	59	141	727	15	10	5	10	23	13	14	5	1	21	56	58	36	12	12	13	21	26	22	27	53	0	64	20
0	0	0	1	0	1	1	0	0	2	1	1	0	1	2	1	3	2	2	3	5	5	1	5	1	2	0	0	0	1	3	3	4	2	6	1	3	2	2	8	2	0	0	0	1	1	1	2	2	3	2	0	2	4	2	2	2	5	5	3	5	0	1	0	5	9	2	4	5	1	4	5	0	0	0	5	0	1	1	3	3	2	2	6	3	3	7	11	10	9	4	3	2	3	1	0	7	4	4	1	1	1	2	1	4	2	2	3	4	5	1	3	2	4	5	8	9	1	6	6	0	3	1	12	4	4	4	2	2	5	1	2	2	1	1	3	2	0	3	3	5	4	7	6	10	18	22	12	11	8	7	6	36	23	11	6	3	2	5	6	10	5	13	12	10	30	38	57	36	33	45	46	31	17	7	16	35	12	10	2	5	18	32	76	213	30	29	34	41	16	14	14	18	64	0	87
0	0	0	0	0	0	1	0	0	4	0	2	2	2	2	1	4	2	4	1	2	3	3	0	0	0	0	0	1	2	0	0	1	0	0	3	2	1	2	2	1	2	0	0	1	2	1	0	2	3	1	0	1	2	3	2	2	3	3	3	1	2	3	2	3	4	3	2	3	3	2	1	0	2	0	5	2	4	2	1	1	2	0	1	4	10	2	11	12	11	1	4	2	2	0	2	6	3	2	1	3	3	1	1	2	1	2	2	8	2	1	2	3	5	1	6	8	8	4	1	3	5	2	3	5	2	3	1	3	2	1	2	2	2	3	3	2	0	3	1	1	5	4	6	10	40	57	15	10	3	8	7	7	9	4	1	1	3	2	6	6	6	10	18	19	26	40	33	20	17	21	14	34	25	26	39	21	9	11	3	2	5	10	26	156	122	61	52	23	9	3	11	9	20	87	0
