0	0	0	0	0	0	0	0	0	0	0	0	0	0	0	0	0	0	0	0	0	0	0	0	0	0	0	0	0	0	0	0	0	0	0	0	0	0	0	0	0	0	0	0	0	0	0	0	0	0	0	0	0	0	0	0	0	0	0	0	0	0
0	0	0	0	0	0	0	0	0	0	0	0	0	0	0	0	0	0	0	0	0	0	0	0	0	0	0	0	0	0	0	0	0	0	0	0	0	0	0	0	0	0	0	0	0	0	0	0	0	0	0	0	0	0	0	0	0	0	0	0	0	0
0	0	0	0	0	0	0	0	0	0	0	0	0	0	0	0	0	0	0	0	0	0	0	0	0	0	0	0	0	0	0	0	0	0	0	0	0	0	0	0	0	0	0	0	0	0	0	0	0	0	0	0	0	0	0	0	0	0	0	0	0	0
0	0	0	0	16	5	2	3	9	13	5	7	5	1	4	2	3	2	8	5	4	2	2	0	5	1	2	0	2	1	1	2	1	2	3	4	0	4	2	11	7	10	4	5	1	1	1	0	3	3	4	4	13	10	9	3	9	3	4	4	7	2
0	0	0	16	0	36	4	36	71	21	12	16	8	6	6	7	10	23	27	10	12	8	5	6	1	3	4	3	1	6	5	9	4	5	7	3	4	7	5	32	14	35	8	7	3	5	3	6	0	1	4	14	18	33	124	12	9	10	15	7	18	11
0	0	0	5	36	0	26	323	60	13	6	20	9	7	2	9	8	11	13	5	4	7	9	3	4	1	1	2	2	1	2	10	6	5	6	1	4	1	4	7	11	28	15	7	4	4	9	2	4	2	8	6	2	15	27	9	8	5	17	11	22	9
0	0	0	2	4	26	0	22	7	3	1	11	2	0	6	3	4	4	8	2	3	1	3	5	4	2	1	4	1	3	3	1	4	1	2	1	2	0	1	6	4	4	6	5	1	2	1	4	3	1	2	3	2	8	7	3	4	8	6	4	10	4
0	0	0	3	36	323	22	0	25	7	8	37	14	6	7	7	4	10	12	6	7	7	2	7	3	5	1	1	1	4	6	4	3	2	2	3	2	4	4	13	4	18	16	5	5	3	6	3	1	2	1	6	8	10	24	12	13	5	22	11	27	14
0	0	0	9	71	60	7	25	0	25	5	9	4	2	2	2	5	19	9	10	4	14	2	1	4	1	1	2	2	1	4	1	5	4	2	9	5	4	1	16	8	35	2	3	4	2	6	5	1	5	6	4	9	14	14	33	16	11	21	11	14	5
0	0	0	13	21	13	3	7	25	0	20	9	8	3	4	11	3	7	11	6	9	14	6	6	4	1	2	1	0	2	5	7	4	2	3	2	3	4	6	14	30	106	4	2	1	1	3	0	0	5	3	4	6	2	8	49	22	14	8	12	11	8
0	0	0	5	12	6	1	8	5	20	0	14	11	8	7	24	10	10	24	121	69	20	10	12	6	6	4	1	0	5	11	11	10	0	7	6	15	10	22	68	276	36	6	5	2	2	4	0	6	10	16	10	5	6	6	8	6	11	9	15	9	23
0	0	0	7	16	20	11	37	9	9	14	0	110	18	10	24	18	12	31	12	20	21	10	14	3	8	4	1	2	1	4	10	5	3	6	9	4	4	13	8	8	12	15	4	3	2	5	4	3	3	6	10	2	12	18	6	13	14	68	40	82	60
0	0	0	5	8	9	2	14	4	8	11	110	0	44	26	33	20	12	17	13	17	24	6	17	3	4	2	3	3	8	9	16	7	3	7	7	5	5	13	6	4	11	31	9	2	5	6	6	6	3	5	1	6	4	15	7	9	7	24	27	38	78
0	0	0	1	6	7	0	6	2	3	8	18	44	0	199	27	43	16	10	7	11	9	4	22	19	9	2	5	9	7	11	13	3	8	9	10	5	9	12	3	6	5	46	6	11	3	7	5	3	3	7	4	5	4	6	3	3	4	7	4	12	27
0	0	0	4	6	2	6	7	2	4	7	10	26	199	0	26	18	8	10	7	12	7	6	9	17	18	6	3	4	7	11	11	3	5	8	6	10	8	14	4	6	7	39	10	5	5	4	12	4	2	6	3	1	6	9	2	3	3	9	6	6	17
0	0	0	2	7	9	3	7	2	11	24	24	33	27	26	0	143	13	31	57	75	12	3	12	10	5	3	3	3	4	10	13	11	7	7	14	20	25	46	10	13	14	35	7	1	3	7	4	8	8	20	6	3	6	9	3	5	5	8	17	11	47
0	0	0	3	10	8	4	4	5	3	10	18	20	43	18	143	0	29	40	38	30	11	6	7	13	7	9	2	4	7	19	35	11	11	12	25	23	29	43	24	7	6	76	8	6	2	12	8	7	10	37	15	2	7	14	7	2	10	8	12	14	34
0	0	0	2	23	11	4	10	19	7	10	12	12	16	8	13	29	0	333	25	18	4	5	6	6	8	5	2	2	7	15	105	28	11	29	24	8	12	8	37	8	8	34	10	8	6	22	13	2	8	27	63	8	35	38	2	10	3	8	5	8	9
0	0	0	8	27	13	8	12	9	11	24	31	17	10	10	31	40	333	0	30	14	7	7	11	5	1	3	4	4	7	6	58	12	14	30	25	9	15	10	40	20	10	29	9	3	6	10	8	7	2	28	46	10	31	50	8	7	6	5	6	15	10
0	0	0	5	10	5	2	6	10	6	121	12	13	7	7	57	38	25	30	0	73	6	4	6	2	7	3	0	1	8	14	27	9	8	12	16	32	23	30	71	39	11	10	11	5	2	5	7	9	6	49	19	3	10	10	7	2	7	13	7	5	17
0	0	0	4	12	4	3	7	4	9	69	20	17	11	12	75	30	18	14	73	0	36	5	23	2	7	4	1	3	3	8	14	5	4	9	10	11	7	25	22	39	21	14	3	2	1	1	4	4	4	16	6	2	5	10	7	7	7	24	19	15	50
0	0	0	2	8	7	1	7	14	14	20	21	24	9	7	12	11	4	7	6	36	0	42	73	2	6	1	4	0	2	5	6	4	5	1	4	7	4	7	5	18	19	6	4	3	1	1	1	0	1	6	8	3	3	4	9	10	23	45	52	19	32
0	0	0	2	5	9	3	2	2	6	10	10	6	4	6	3	6	5	7	4	5	42	0	31	2	3	1	1	0	0	2	4	3	0	3	1	4	3	5	2	6	13	4	0	1	2	1	1	1	0	2	2	1	3	5	9	10	42	23	37	19	15
0	0	0	0	6	3	5	7	1	6	12	14	17	22	9	12	7	6	11	6	23	73	31	0	5	2	5	1	1	3	6	2	3	1	4	3	2	3	11	3	4	7	4	3	1	3	2	4	4	2	5	7	3	4	1	9	8	14	28	35	16	51
0	0	0	5	1	4	4	3	4	4	6	3	3	19	17	10	13	6	5	2	2	2	2	5	0	154	16	11	5	15	26	11	11	6	4	11	9	15	11	4	4	6	21	12	6	6	3	9	10	2	9	2	1	5	4	3	3	5	3	5	4	7
0	0	0	1	3	1	2	5	1	1	6	8	4	9	18	5	7	8	1	7	7	6	3	2	154	0	36	18	17	25	32	7	8	2	7	6	10	21	10	6	0	3	7	5	3	2	7	9	7	6	12	5	2	2	5	2	0	0	2	3	2	5
0	0	0	2	4	1	1	1	1	2	4	4	2	2	6	3	9	5	3	3	4	1	1	5	16	36	0	35	27	82	24	6	2	10	7	17	8	16	10	3	2	1	8	3	7	4	3	8	30	10	7	4	2	3	2	1	1	0	1	4	0	4
0	0	0	0	3	2	4	1	2	1	1	1	3	5	3	3	2	2	4	0	1	4	1	1	11	18	35	0	107	36	14	2	4	3	1	7	5	11	0	2	0	5	7	3	8	4	3	6	16	7	2	4	4	3	2	0	1	1	2	1	1	0
0	0	0	2	1	2	1	1	2	0	0	2	3	9	4	3	4	2	4	1	3	0	0	1	5	17	27	107	0	26	10	8	4	9	5	8	4	3	7	3	1	1	6	7	6	5	8	23	7	4	3	6	2	3	3	0	0	2	1	1	0	3
0	0	0	1	6	1	3	4	1	2	5	1	8	7	7	4	7	7	7	8	3	2	0	3	15	25	82	36	26	0	65	9	8	9	13	25	14	23	6	4	1	6	9	9	8	8	12	21	29	7	17	10	4	5	4	1	1	0	1	2	2	1
0	0	0	1	5	2	3	6	4	5	11	4	9	11	11	10	19	15	6	14	8	5	2	6	26	32	24	14	10	65	0	37	19	33	21	102	20	33	13	8	2	5	18	13	12	12	13	18	23	8	17	13	3	7	9	0	2	4	2	3	1	8
0	0	0	2	9	10	1	4	1	7	11	10	16	13	11	13	35	105	58	27	14	6	4	2	11	7	6	2	8	9	37	0	30	26	67	76	25	28	21	14	16	6	36	16	7	10	21	14	14	13	40	44	9	19	13	2	5	4	7	3	7	6
0	0	0	1	4	6	4	3	5	4	10	5	7	3	3	11	11	28	12	9	5	4	3	3	11	8	2	4	4	8	19	30	0	71	286	25	24	11	8	10	5	3	6	8	3	5	16	6	5	10	18	61	14	11	14	1	2	2	4	3	3	5
0	0	0	2	5	5	1	2	4	2	0	3	3	8	5	7	11	11	14	8	4	5	0	1	6	2	10	3	9	9	33	26	71	0	52	29	7	12	7	7	0	3	3	8	14	12	30	6	9	12	13	24	3	8	6	2	2	0	0	2	2	5
0	0	0	3	7	6	2	2	2	3	7	6	7	9	8	7	12	29	30	12	9	1	3	4	4	7	7	1	5	13	21	67	286	52	0	57	25	14	13	9	10	6	12	10	4	8	15	12	10	13	37	79	12	15	12	6	1	2	6	6	2	3
0	0	0	4	3	1	1	3	9	2	6	9	7	10	6	14	25	24	25	16	10	4	1	3	11	6	17	7	8	25	102	76	25	29	57	0	48	58	31	18	6	7	20	16	8	9	10	14	24	17	68	24	3	14	9	5	2	0	7	2	6	6
0	0	0	0	4	4	2	2	5	3	15	4	5	5	10	20	23	8	9	32	11	7	4	2	9	10	8	5	4	14	20	25	24	7	25	48	0	693	89	19	8	9	9	5	7	3	5	5	43	50	130	13	9	3	8	1	2	4	4	3	2	5
0	0	0	4	7	1	0	4	4	4	10	4	5	9	8	25	29	12	15	23	7	4	3	3	15	21	16	11	3	23	33	28	11	12	14	58	693	0	114	7	6	5	12	10	10	9	12	4	51	41	91	10	4	9	17	4	1	3	5	0	3	8
0	0	0	2	5	4	1	4	1	6	22	13	13	12	14	46	43	8	10	30	25	7	5	11	11	10	10	0	7	6	13	21	8	7	13	31	89	114	0	11	12	3	12	1	2	2	6	4	18	17	49	10	3	5	1	1	5	1	3	10	4	14
0	0	0	11	32	7	6	13	16	14	68	8	6	3	4	10	24	37	40	71	22	5	2	3	4	6	3	2	3	4	8	14	10	7	9	18	19	7	11	0	74	35	8	6	2	4	8	2	3	6	20	18	17	10	21	9	2	3	9	10	14	10
0	0	0	7	14	11	4	4	8	30	276	8	4	6	6	13	7	8	20	39	39	18	6	4	4	0	2	0	1	1	2	16	5	0	10	6	8	6	12	74	0	39	4	2	2	3	1	5	4	4	7	5	9	6	11	9	9	7	16	12	9	10
0	0	0	10	35	28	4	18	35	106	36	12	11	5	7	14	6	8	10	11	21	19	13	7	6	3	1	5	1	6	5	6	3	3	6	7	9	5	3	35	39	0	7	4	3	4	4	2	1	2	6	13	13	8	20	27	11	13	24	18	34	18
0	0	0	4	8	15	6	16	2	4	6	15	31	46	39	35	76	34	29	10	14	6	4	4	21	7	8	7	6	9	18	36	6	3	12	20	9	12	12	8	4	7	0	23	5	3	20	12	3	6	12	14	4	6	13	2	5	6	11	4	6	18
0	0	0	5	7	7	5	5	3	2	5	4	9	6	10	7	8	10	9	11	3	4	0	3	12	5	3	3	7	9	13	16	8	8	10	16	5	10	1	6	2	4	23	0	64	21	43	43	5	5	9	12	6	10	10	2	0	0	6	6	5	5
0	0	0	1	3	4	1	5	4	1	2	3	2	11	5	1	6	8	3	5	2	3	1	1	6	3	7	8	6	8	12	7	3	14	4	8	7	10	2	2	2	3	5	64	0	39	43	83	8	4	2	16	0	4	3	2	3	3	1	1	1	4
0	0	0	1	5	4	2	3	2	1	2	2	5	3	5	3	2	6	6	2	1	1	2	3	6	2	4	4	5	8	12	10	5	12	8	9	3	9	2	4	3	4	3	21	39	0	62	23	6	0	9	8	4	12	6	2	2	2	5	2	3	2
0	0	0	1	3	9	1	6	6	3	4	5	6	7	4	7	12	22	10	5	1	1	1	2	3	7	3	3	8	12	13	21	16	30	15	10	5	12	6	8	1	4	20	43	43	62	0	29	5	7	13	15	5	21	15	3	2	0	3	3	1	4
0	0	0	0	6	2	4	3	5	0	0	4	6	5	12	4	8	13	8	7	4	1	1	4	9	9	8	6	23	21	18	14	6	6	12	14	5	4	4	2	5	2	12	43	83	23	29	0	8	4	7	8	8	7	7	3	4	2	2	3	2	2
0	0	0	3	0	4	3	1	1	0	6	3	6	3	4	8	7	2	7	9	4	0	1	4	10	7	30	16	7	29	23	14	5	9	10	24	43	51	18	3	4	1	3	5	8	6	5	8	0	122	22	5	2	3	2	0	1	1	3	2	0	6
0	0	0	3	1	2	1	2	5	5	10	3	3	3	2	8	10	8	2	6	4	1	0	2	2	6	10	7	4	7	8	13	10	12	13	17	50	41	17	6	4	2	6	5	4	0	7	4	122	0	27	11	3	5	3	4	1	1	3	5	0	2
0	0	0	4	4	8	2	1	6	3	16	6	5	7	6	20	37	27	28	49	16	6	2	5	9	12	7	2	3	17	17	40	18	13	37	68	130	91	49	20	7	6	12	9	2	9	13	7	22	27	0	17	6	5	11	5	1	7	9	8	7	12
0	0	0	4	14	6	3	6	4	4	10	10	1	4	3	6	15	63	46	19	6	8	2	7	2	5	4	4	6	10	13	44	61	24	79	24	13	10	10	18	5	13	14	12	16	8	15	8	5	11	17	0	32	38	16	6	3	5	6	5	13	8
0	0	0	13	18	2	2	8	9	6	5	2	6	5	1	3	2	8	10	3	2	3	1	3	1	2	2	4	2	4	3	9	14	3	12	3	9	4	3	17	9	13	4	6	0	4	5	8	2	3	6	32	0	28	11	10	4	3	1	4	10	2
0	0	0	10	33	15	8	10	14	2	6	12	4	4	6	6	7	35	31	10	5	3	3	4	5	2	3	3	3	5	7	19	11	8	15	14	3	9	5	10	6	8	6	10	4	12	21	7	3	5	5	38	28	0	71	4	2	6	9	3	8	5
0	0	0	9	124	27	7	24	14	8	6	18	15	6	9	9	14	38	50	10	10	4	5	1	4	5	2	2	3	4	9	13	14	6	12	9	8	17	1	21	11	20	13	10	3	6	15	7	2	3	11	16	11	71	0	14	3	8	8	4	5	10
0	0	0	3	12	9	3	12	33	49	8	6	7	3	2	3	7	2	8	7	7	9	9	9	3	2	1	0	0	1	0	2	1	2	6	5	1	4	1	9	9	27	2	2	2	2	3	3	0	4	5	6	10	4	14	0	58	23	14	5	20	3
0	0	0	9	9	8	4	13	16	22	6	13	9	3	3	5	2	10	7	2	7	10	10	8	3	0	1	1	0	1	2	5	2	2	1	2	2	1	5	2	9	11	5	0	3	2	2	4	1	1	1	3	4	2	3	58	0	105	17	13	22	5
0	0	0	3	10	5	8	5	11	14	11	14	7	4	3	5	10	3	6	7	7	23	42	14	5	0	0	1	2	0	4	4	2	0	2	0	4	3	1	3	7	13	6	0	3	2	0	2	1	1	7	5	3	6	8	23	105	0	21	25	23	10
0	0	0	4	15	17	6	22	21	8	9	68	24	7	9	8	8	8	5	13	24	45	23	28	3	2	1	2	1	1	2	7	4	0	6	7	4	5	3	9	16	24	11	6	1	5	3	2	3	3	9	6	1	9	8	14	17	21	0	322	418	50
0	0	0	4	7	11	4	11	11	12	15	40	27	4	6	17	12	5	6	7	19	52	37	35	5	3	4	1	1	2	3	3	3	2	6	2	3	0	10	10	12	18	4	6	1	2	3	3	2	5	8	5	4	3	4	5	13	25	322	0	108	27
0	0	0	7	18	22	10	27	14	11	9	82	38	12	6	11	14	8	15	5	15	19	19	16	4	2	0	1	0	2	1	7	3	2	2	6	2	3	4	14	9	34	6	5	1	3	1	2	0	0	7	13	10	8	5	20	22	23	418	108	0	26
0	0	0	2	11	9	4	14	5	8	23	60	78	27	17	47	34	9	10	17	50	32	15	51	7	5	4	0	3	1	8	6	5	5	3	6	5	8	14	10	10	18	18	5	4	2	4	2	6	2	12	8	2	5	10	3	5	10	50	27	26	0
