0	0	0	0	0	0	0	0	0	0	0	0	0	0	0	0	0	0	0	0	0	0	0	0	0	0	0	0	0	0	0	0	0	0	0	0	0	0	0	0	0	0	0	0	0	0	0	0	0	0	0	0	0	0	0	0	0	0	0	0	0	0	0	0	0	0	0	0	0	0	0	0	0	0	0	0	0	0	0	0	0	0	0	0	0	0	0	0	0	0	0	0	0	0	0	0	0	0	0	0	0	0	0	0	0	0	0	0	0	0	0	0	0	0	0	0	0	0	0	0	0	0	0	0	0	0	0	0	0	0	0	0	0	0	0	0	0	0	0	0	0	0	0	0	0	0	0	0	0	0	0	0	0	0	0	0	0	0	0	0	0	0	0	0	0	0	0	0	0	0	0	0
0	0	0	0	0	0	0	0	0	0	0	0	0	0	0	0	0	0	0	0	0	0	0	0	0	0	0	0	0	0	0	0	0	0	0	0	0	0	0	0	0	0	0	0	0	0	0	0	0	0	0	0	0	0	0	0	0	0	0	0	0	0	0	0	0	0	0	0	0	0	0	0	0	0	0	0	0	0	0	0	0	0	0	0	0	0	0	0	0	0	0	0	0	0	0	0	0	0	0	0	0	0	0	0	0	0	0	0	0	0	0	0	0	0	0	0	0	0	0	0	0	0	0	0	0	0	0	0	0	0	0	0	0	0	0	0	0	0	0	0	0	0	0	0	0	0	0	0	0	0	0	0	0	0	0	0	0	0	0	0	0	0	0	0	0	0	0	0	0	0	0	0
0	0	0	0	0	0	0	0	0	0	0	0	0	0	0	0	0	0	0	0	0	0	0	0	0	0	0	0	0	0	0	0	0	0	0	0	0	0	0	0	0	0	0	0	0	0	0	0	0	0	0	0	0	0	0	0	0	0	0	0	0	0	0	0	0	0	0	0	0	0	0	0	0	0	0	0	0	0	0	0	0	0	0	0	0	0	0	0	0	0	0	0	0	0	0	0	0	0	0	0	0	0	0	0	0	0	0	0	0	0	0	0	0	0	0	0	0	0	0	0	0	0	0	0	0	0	0	0	0	0	0	0	0	0	0	0	0	0	0	0	0	0	0	0	0	0	0	0	0	0	0	0	0	0	0	0	0	0	0	0	0	0	0	0	0	0	0	0	0	0	0	0
0	0	0	0	57	21	8	5	3	2	1	3	0	0	1	2	4	3	3	7	11	6	24	24	24	27	24	17	18	24	21	26	10	12	10	19	2	1	2	4	4	2	5	3	3	7	7	5	2	3	3	0	2	5	3	8	5	7	2	6	3	3	2	6	6	11	7	2	4	2	4	5	1	2	2	2	3	2	0	2	3	2	1	1	0	2	3	1	0	4	2	5	0	3	3	0	2	3	1	3	2	1	2	1	2	0	1	3	0	0	2	2	2	2	0	1	0	3	3	0	2	0	3	5	2	0	0	0	0	3	1	1	1	0	1	0	0	4	3	4	1	2	1	1	1	1	2	1	0	0	2	0	1	2	1	1	0	2	4	0	2	2	0	1	0	0	3	0	7	0	0	0
0	0	0	57	0	213	44	6	10	4	7	3	2	4	3	3	0	3	10	7	15	14	38	39	39	24	25	10	13	6	12	34	47	12	9	21	4	1	3	2	4	7	3	11	2	20	12	4	3	1	4	1	4	2	4	18	13	4	14	8	6	4	5	7	16	13	14	14	7	5	10	4	4	1	2	2	3	5	2	3	3	3	6	4	4	2	3	4	2	3	3	3	1	5	1	2	2	4	3	2	1	3	4	0	1	3	4	1	4	0	1	2	5	3	1	3	3	0	1	0	0	0	2	2	1	2	1	2	0	2	1	0	3	1	0	4	2	4	8	6	3	3	5	3	1	2	0	2	0	1	2	1	0	0	4	0	1	1	1	0	1	5	3	2	1	0	1	0	1	0	0	0
0	0	0	21	213	0	59	18	16	15	9	1	5	2	3	2	4	1	4	9	17	14	37	40	29	24	19	12	12	13	20	28	76	12	15	30	2	1	4	9	8	17	5	8	10	19	11	9	9	2	7	3	3	5	6	20	14	5	2	7	8	7	8	13	22	28	22	13	8	12	2	7	6	0	5	5	4	2	1	3	4	4	3	3	2	2	1	5	4	0	2	1	2	1	2	3	3	1	0	1	1	2	2	1	2	8	4	3	2	4	3	2	6	2	3	4	3	1	0	3	0	3	0	2	5	2	1	1	2	1	3	0	1	1	1	2	5	5	11	3	6	2	1	2	1	0	0	2	0	2	1	0	0	1	1	1	2	2	1	1	2	1	3	0	2	4	2	1	2	2	3	0
0	0	0	8	44	59	0	72	17	12	6	7	2	6	10	2	3	1	6	7	44	49	86	30	17	11	4	4	4	9	6	13	31	14	6	9	1	2	4	3	10	12	12	16	21	37	28	17	12	5	6	4	8	3	9	25	8	9	10	11	7	7	18	51	113	154	57	26	25	17	6	11	13	2	8	6	10	6	0	4	2	8	5	5	6	4	5	4	3	2	2	3	0	0	2	3	1	2	2	1	2	0	1	2	2	7	5	4	7	6	4	3	7	6	3	3	5	0	0	1	1	1	2	5	2	1	1	3	1	1	7	0	3	2	0	4	3	1	12	5	4	3	1	2	2	3	0	0	2	3	1	2	1	1	3	3	2	2	6	7	4	2	0	3	5	1	1	4	1	1	1	0
0	0	0	5	6	18	72	0	66	18	10	7	4	8	3	5	5	7	1	18	67	530	37	18	20	14	4	7	6	5	4	6	9	4	4	4	4	2	2	6	16	21	35	38	70	161	202	42	15	9	1	12	8	7	9	17	15	8	5	10	17	21	72	174	279	94	35	25	39	38	14	16	9	6	4	1	11	12	7	2	9	9	9	8	7	2	8	0	3	2	4	5	3	2	3	1	1	2	2	0	5	4	2	2	1	6	12	6	1	3	5	8	5	3	3	1	3	1	4	0	2	3	5	4	3	4	3	2	5	6	2	2	4	2	1	4	6	12	12	7	11	3	2	0	4	2	2	1	1	1	0	0	1	1	6	2	3	6	3	7	4	5	4	4	2	4	5	4	3	3	5	0
0	0	0	3	10	16	17	66	0	50	11	15	8	3	14	7	9	8	14	39	148	40	7	10	12	10	9	4	5	4	3	4	5	8	3	6	5	5	5	20	30	64	242	151	36	59	82	44	16	13	20	4	23	23	25	17	8	9	6	23	44	57	45	27	27	31	26	25	28	59	30	24	15	10	11	14	12	14	4	10	7	11	14	19	9	5	7	4	6	3	3	4	1	0	5	7	6	7	0	1	4	8	9	4	5	13	16	19	7	5	3	9	14	13	9	6	7	7	1	4	3	4	11	8	2	2	5	1	3	3	3	4	1	4	4	10	11	37	21	14	17	8	4	3	3	4	4	2	3	4	3	3	1	5	6	0	7	6	5	7	3	8	4	3	4	7	2	2	4	3	3	0
0	0	0	2	4	15	12	18	50	0	75	41	28	24	22	19	18	22	20	18	52	11	9	7	9	10	2	2	5	3	1	6	9	5	4	7	5	6	12	83	184	640	112	32	7	12	19	14	10	6	19	11	7	17	24	17	25	18	38	244	37	17	12	14	15	17	20	23	21	29	34	47	47	27	32	31	6	8	7	12	12	17	24	22	15	19	12	1	5	3	1	4	5	5	8	8	6	6	8	8	7	8	8	7	8	9	28	17	3	4	5	11	11	16	10	6	6	7	2	5	3	5	7	3	3	4	2	0	5	1	4	2	1	4	6	7	11	22	25	9	14	9	4	1	3	3	5	1	4	2	1	4	1	3	6	3	7	3	9	12	10	12	3	8	4	2	2	3	2	2	10	0
0	0	0	1	7	9	6	10	11	75	0	37	35	34	103	69	22	53	19	25	15	5	5	9	7	7	4	2	3	2	4	9	7	4	2	5	9	19	45	382	137	52	14	10	4	7	5	7	5	5	9	1	8	17	36	20	21	34	161	214	17	9	7	7	6	12	14	6	6	11	13	16	40	18	36	18	14	9	5	9	5	15	22	16	22	27	34	17	15	10	14	17	6	14	10	5	8	4	10	7	12	10	7	10	7	18	37	9	9	3	3	13	8	5	11	10	6	5	8	7	2	6	12	7	5	0	3	1	4	2	5	1	2	2	5	6	20	16	18	11	17	10	2	2	3	6	4	3	1	1	3	1	5	3	1	2	7	9	8	22	15	17	7	8	6	4	2	0	2	5	5	0
0	0	0	3	3	1	7	7	15	41	37	0	171	97	39	12	3	7	5	5	20	2	2	2	8	5	3	2	1	4	1	4	6	9	4	8	6	3	19	26	24	19	14	8	8	8	10	12	8	7	5	5	6	11	15	18	13	16	30	51	19	8	4	5	12	14	16	18	12	19	27	48	138	47	25	16	14	11	9	10	17	37	50	25	24	38	16	13	12	5	5	16	10	6	20	13	12	14	8	10	16	18	8	6	11	10	22	5	3	1	5	4	7	7	4	5	2	4	4	6	3	1	4	2	2	4	1	2	3	3	3	2	3	3	9	6	8	9	7	9	13	7	3	2	4	5	3	5	1	2	2	4	1	3	3	5	6	7	12	9	9	15	4	5	9	6	3	5	3	5	4	0
0	0	0	0	2	5	2	4	8	28	35	171	0	143	22	12	8	10	7	4	5	1	1	2	3	2	0	2	2	1	2	1	5	2	4	1	1	5	17	24	10	17	11	9	2	3	7	6	8	2	10	5	8	6	12	9	10	13	20	44	8	5	6	1	4	7	14	13	6	11	13	26	116	95	64	14	7	11	12	10	23	39	76	33	40	66	27	16	19	7	17	21	11	14	30	15	23	23	14	13	18	17	16	10	14	13	24	9	6	5	6	3	7	5	4	7	7	5	4	2	8	1	5	5	1	1	4	2	7	3	3	2	6	8	1	4	10	8	2	9	11	3	2	2	1	5	9	5	3	1	3	4	6	5	4	7	7	5	11	12	11	8	9	8	6	6	5	7	6	4	7	0
0	0	0	0	4	2	6	8	3	24	34	97	143	0	112	29	10	12	4	6	15	1	0	2	3	2	2	2	7	0	3	1	1	5	5	4	12	10	30	28	21	12	6	5	4	1	6	3	3	4	5	10	5	8	14	9	12	21	48	25	8	11	9	10	5	9	7	4	10	3	10	20	61	38	33	11	10	8	5	6	13	13	20	7	18	50	53	24	20	19	22	29	13	14	30	12	9	24	24	20	21	12	14	7	12	5	19	11	3	2	0	4	2	8	5	6	5	3	4	6	4	3	7	5	4	2	3	3	3	2	2	0	3	4	3	8	12	1	12	5	6	7	2	4	3	4	5	5	0	1	1	3	1	3	4	4	3	4	8	13	9	11	10	8	6	6	7	3	6	4	8	0
0	0	0	1	3	3	10	3	14	22	103	39	22	112	0	115	17	29	20	11	8	3	5	6	4	0	2	2	2	0	2	2	2	6	4	7	25	21	131	50	29	18	10	10	4	3	6	5	8	4	3	2	5	12	17	8	19	36	87	47	11	8	2	8	3	8	7	10	3	9	14	18	35	25	26	15	7	8	2	9	7	9	17	11	16	48	113	40	39	13	21	29	14	13	21	4	8	19	16	12	15	13	15	14	15	15	21	8	3	4	8	4	4	14	10	6	5	7	6	4	5	2	5	6	2	1	1	2	3	5	1	2	6	2	5	6	9	5	13	5	4	6	1	1	4	1	7	5	2	0	1	3	0	4	6	6	2	6	12	24	12	17	6	7	17	4	5	4	4	2	4	0
0	0	0	2	3	2	2	5	7	19	69	12	12	29	115	0	46	78	36	13	3	7	2	5	2	5	0	2	2	1	3	4	4	5	2	4	30	67	243	64	35	10	10	4	4	6	7	8	3	4	5	2	6	17	16	14	17	30	55	32	8	5	0	2	1	7	5	7	6	7	2	11	14	19	31	21	12	6	5	10	9	10	10	14	14	25	59	40	40	16	33	22	11	5	15	6	5	6	15	9	18	14	9	4	13	8	11	9	8	4	8	2	8	7	11	7	20	3	9	3	4	5	11	3	3	2	2	3	3	3	3	0	4	6	3	7	18	11	14	9	8	4	6	2	3	6	6	3	5	0	2	2	3	4	3	6	9	13	16	67	23	21	12	13	8	6	3	5	6	4	6	0
0	0	0	4	0	4	3	5	9	18	22	3	8	10	17	46	0	62	47	6	8	2	1	2	1	2	1	1	2	3	3	1	3	3	5	3	22	64	25	26	17	12	8	7	4	4	5	7	3	2	4	5	2	15	21	7	7	9	11	5	3	7	5	3	5	6	4	2	3	4	7	10	7	15	19	14	7	4	6	5	2	4	7	9	6	8	23	24	22	22	8	10	4	5	16	3	10	7	5	6	20	10	9	5	4	7	7	10	3	4	7	5	12	30	29	23	23	11	7	6	8	5	18	14	11	4	4	3	3	7	3	9	7	2	7	5	31	12	19	31	11	8	1	1	2	4	3	4	4	2	3	3	1	4	6	7	14	13	38	120	37	20	15	9	5	5	8	4	5	10	9	0
0	0	0	3	3	1	1	7	8	22	53	7	10	12	29	78	62	0	119	30	6	6	4	2	6	6	10	0	3	4	2	1	7	5	3	11	22	36	33	109	48	20	21	14	6	8	2	5	5	3	8	10	15	25	55	7	12	18	28	27	13	4	4	6	3	10	8	8	3	4	11	13	14	12	20	17	9	5	3	6	7	4	10	7	13	20	25	17	16	8	12	13	5	6	7	3	4	7	9	4	10	10	7	5	11	7	17	13	8	10	5	10	13	9	4	10	12	8	11	5	6	10	17	9	4	6	1	2	2	3	7	2	5	3	9	11	48	32	47	43	19	10	3	0	3	2	4	2	0	2	0	5	1	2	4	2	13	8	8	53	23	21	9	10	5	8	5	4	6	5	3	0
0	0	0	3	10	4	6	1	14	20	19	5	7	4	20	36	47	119	0	47	15	9	11	9	11	6	4	2	2	2	2	2	6	4	3	7	17	35	12	52	29	29	9	10	5	12	8	6	3	4	7	3	5	31	66	11	14	16	22	27	8	7	7	5	4	5	5	3	3	5	8	9	16	6	6	12	7	6	4	6	6	6	7	5	8	11	14	8	6	5	7	6	6	3	6	3	8	7	4	9	9	9	5	3	4	9	16	9	10	3	13	5	13	17	17	14	7	11	2	5	3	11	32	15	9	6	2	1	2	4	4	2	2	3	4	8	22	37	69	49	30	5	0	1	3	5	3	7	6	1	2	3	4	4	5	1	7	5	13	24	19	9	10	11	3	4	1	2	2	1	6	0
0	0	0	7	7	9	7	18	39	18	25	5	4	6	11	13	6	30	47	0	49	15	6	9	21	12	5	7	5	4	4	5	12	4	8	10	4	6	12	45	45	54	30	26	21	18	16	10	5	2	8	7	7	21	117	35	27	12	16	36	12	14	12	17	16	19	12	10	4	16	3	9	10	8	8	9	6	3	3	5	6	12	11	8	7	15	7	3	4	4	2	7	7	2	5	0	1	1	5	3	4	3	2	0	4	5	14	10	6	4	5	8	11	12	13	8	5	9	5	4	3	8	11	5	4	3	6	4	1	5	6	3	4	3	6	4	20	41	89	28	21	3	1	7	1	2	3	4	1	4	3	1	4	3	7	4	10	5	8	10	10	11	5	7	3	3	2	6	2	2	1	0
0	0	0	11	15	17	44	67	148	52	15	20	5	15	8	3	8	6	15	49	0	40	17	14	18	10	4	5	1	4	5	5	19	17	10	12	8	9	9	15	28	67	65	41	40	66	42	33	14	4	14	8	9	16	30	51	14	14	16	27	19	14	36	26	33	81	37	24	19	39	18	15	17	8	8	11	5	11	9	4	6	10	9	10	8	6	7	5	8	1	3	2	2	2	6	3	1	2	2	4	8	6	6	4	6	3	15	9	6	6	3	12	6	6	6	1	7	1	2	3	2	4	6	4	2	5	2	2	2	2	2	2	2	0	2	3	10	19	20	5	10	3	1	0	0	2	5	2	2	1	0	3	2	3	2	1	3	3	3	7	1	6	4	4	4	3	1	2	3	4	2	0
0	0	0	6	14	14	49	530	40	11	5	2	1	1	3	7	2	6	9	15	40	0	24	11	17	6	4	2	0	5	3	6	13	7	5	7	4	3	4	5	14	23	25	40	32	62	121	53	18	13	8	6	13	7	10	19	5	5	6	6	9	22	78	562	271	98	28	41	66	35	22	8	10	10	2	5	6	11	5	5	2	6	13	10	4	5	2	2	3	1	1	2	2	1	0	6	4	1	3	2	2	5	5	2	1	6	9	5	6	4	3	1	8	9	7	2	3	10	5	0	3	2	2	4	2	2	2	3	1	4	4	1	3	1	1	5	8	5	5	6	2	11	2	3	2	2	3	2	2	2	3	2	3	3	3	3	4	5	1	5	5	2	4	3	5	3	4	2	2	4	1	0
0	0	0	24	38	37	86	37	7	9	5	2	1	0	5	2	1	4	11	6	17	24	0	91	56	17	10	4	7	3	7	11	11	9	5	8	6	1	2	2	3	9	14	8	22	45	32	12	7	2	6	4	4	1	8	19	8	6	4	5	2	9	20	29	76	33	10	11	12	8	6	7	6	4	3	3	0	4	7	4	2	5	4	5	5	2	1	2	4	1	1	1	1	1	3	2	1	0	0	0	4	2	0	3	1	2	7	2	4	1	1	9	2	5	2	1	0	3	1	2	1	2	3	4	4	2	0	1	4	3	3	0	1	2	1	3	2	2	6	6	0	2	1	2	2	2	3	2	3	0	1	3	1	3	1	1	0	3	0	1	2	3	2	0	2	5	1	1	2	2	2	0
0	0	0	24	39	40	30	18	10	7	9	2	2	2	6	5	2	2	9	9	14	11	91	0	183	49	16	17	2	2	4	2	13	5	3	3	4	1	3	6	6	7	6	4	15	20	16	9	2	2	4	2	4	2	5	20	6	11	5	9	5	8	8	8	31	11	8	13	11	8	7	8	3	3	0	5	0	2	1	0	1	4	3	3	5	3	2	2	3	1	1	3	0	0	1	1	1	2	4	1	1	1	2	2	2	0	2	0	3	5	4	2	3	5	3	5	1	1	3	1	2	2	7	2	1	0	3	1	2	1	0	3	1	1	0	2	7	5	7	8	7	2	1	1	2	3	0	0	0	0	0	2	1	3	4	4	2	0	4	1	3	0	3	1	1	2	2	3	1	0	4	0
0	0	0	24	39	29	17	20	12	9	7	8	3	3	4	2	1	6	11	21	18	17	56	183	0	94	28	11	6	6	5	2	11	5	6	6	4	3	1	6	4	11	10	9	26	30	19	9	3	3	4	6	4	6	10	13	5	3	5	4	8	8	11	15	21	16	10	9	7	5	5	5	5	2	3	4	3	5	3	6	2	4	1	2	3	3	0	2	2	3	1	0	3	4	3	2	0	2	1	3	3	0	4	3	2	3	2	2	3	4	4	4	5	3	4	2	2	6	1	1	3	4	9	1	1	2	1	1	4	1	1	3	2	1	1	3	6	9	10	6	7	5	1	2	2	2	0	2	1	0	1	0	2	1	1	0	3	5	0	5	0	1	2	2	1	1	1	2	2	1	0	0
0	0	0	27	24	24	11	14	10	10	7	5	2	2	0	5	2	6	6	12	10	6	17	49	94	0	81	12	8	11	8	7	13	9	6	8	5	3	2	3	6	13	8	7	15	14	7	10	2	5	1	5	4	1	8	26	12	8	4	6	3	8	4	5	7	11	4	5	5	4	8	6	4	2	4	1	3	6	2	5	1	3	4	3	3	0	1	4	1	3	0	1	1	0	2	0	2	2	2	2	3	1	0	0	0	3	3	5	2	1	1	4	2	5	4	5	3	1	0	1	1	2	7	5	0	1	2	1	2	1	1	3	2	2	2	1	4	2	9	3	3	3	2	1	1	4	0	1	0	1	2	4	0	0	0	4	5	4	3	1	5	6	2	2	1	2	0	1	1	2	1	0
0	0	0	24	25	19	4	4	9	2	4	3	0	2	2	0	1	10	4	5	4	4	10	16	28	81	0	70	21	17	8	7	7	4	8	9	5	1	2	2	1	7	6	3	11	4	2	3	3	1	6	0	1	2	4	10	4	2	1	5	3	0	3	7	4	2	3	6	2	4	3	2	3	0	1	0	0	1	1	3	1	3	2	4	2	0	4	2	2	2	0	0	1	1	1	3	2	0	2	0	2	0	1	1	1	2	5	3	1	4	1	3	3	1	3	4	1	2	3	2	1	1	3	4	6	2	0	0	0	3	0	2	0	2	2	2	2	4	3	3	2	2	2	1	2	0	1	2	0	2	1	0	1	0	1	1	2	2	1	2	0	1	1	1	2	0	0	3	1	1	1	0
0	0	0	17	10	12	4	7	4	2	2	2	2	2	2	2	1	0	2	7	5	2	4	17	11	12	70	0	84	13	8	18	4	5	17	18	1	0	2	3	0	6	5	3	6	5	3	2	2	2	1	1	1	1	4	8	4	2	3	3	2	1	4	2	4	5	9	2	0	1	3	2	3	0	1	1	3	2	2	1	3	1	1	0	2	3	1	3	3	0	0	2	1	0	1	2	0	1	1	3	2	2	3	3	3	3	4	3	4	2	1	1	1	2	2	2	2	1	2	0	2	0	2	1	3	3	3	0	1	0	0	0	1	2	1	4	2	3	7	8	0	3	0	0	0	1	1	0	2	1	1	0	0	0	3	1	2	1	2	2	2	1	1	2	2	1	2	3	1	5	1	0
0	0	0	18	13	12	4	6	5	5	3	1	2	7	2	2	2	3	2	5	1	0	7	2	6	8	21	84	0	93	24	10	6	12	11	16	3	3	2	2	6	3	3	4	4	3	1	4	2	1	2	0	4	2	3	10	6	6	1	2	2	1	1	2	5	2	2	2	0	4	2	0	3	2	1	1	4	0	2	0	0	1	3	2	0	3	1	4	1	0	1	1	0	1	1	4	2	0	1	0	3	2	1	1	4	1	1	1	1	0	3	2	2	2	3	2	0	2	1	1	4	0	4	6	2	2	0	2	1	1	2	1	2	4	2	1	2	4	1	5	0	1	1	1	1	1	1	2	0	2	0	1	2	0	0	1	1	0	1	3	1	0	0	0	0	1	0	1	1	0	0	0
0	0	0	24	6	13	9	5	4	3	2	4	1	0	0	1	3	4	2	4	4	5	3	2	6	11	17	13	93	0	79	30	18	16	15	25	1	1	2	1	3	4	2	1	6	2	1	2	1	2	2	5	3	1	5	8	7	4	3	3	4	2	3	3	5	6	4	3	2	2	4	2	3	2	1	2	1	1	5	3	4	1	1	1	1	1	3	3	2	0	1	0	0	0	0	5	1	0	0	1	1	2	0	0	0	0	3	1	0	2	0	4	0	2	2	1	4	3	2	0	1	1	0	0	1	0	0	1	0	3	0	1	0	1	0	0	2	3	3	3	3	2	0	1	1	0	1	0	1	0	1	0	0	2	1	0	1	1	1	1	2	0	0	2	0	0	0	0	1	2	3	0
0	0	0	21	12	20	6	4	3	1	4	1	2	3	2	3	3	2	2	4	5	3	7	4	5	8	8	8	24	79	0	78	18	9	19	16	1	0	0	3	1	2	2	4	4	4	4	5	2	4	4	0	2	1	0	5	6	3	4	3	2	0	1	4	6	5	2	5	8	2	2	3	3	2	1	0	2	2	1	1	2	4	3	0	4	3	3	0	3	0	4	2	0	0	0	0	0	3	0	2	0	1	0	1	0	3	1	1	2	1	1	3	4	2	0	1	1	1	1	0	1	1	1	1	0	2	0	2	0	1	0	0	1	2	1	1	1	1	3	4	2	2	0	1	0	1	0	3	1	1	0	2	0	0	0	2	3	1	2	1	1	2	1	0	1	1	1	1	2	0	0	0
0	0	0	26	34	28	13	6	4	6	9	4	1	1	2	4	1	1	2	5	5	6	11	2	2	7	7	18	10	30	78	0	61	32	27	24	1	4	1	2	4	4	6	5	6	6	8	4	4	2	0	0	3	2	3	11	6	7	1	6	2	2	3	6	7	14	10	10	4	3	1	1	5	2	1	3	2	2	2	4	5	0	4	2	0	4	4	2	1	1	1	4	1	2	0	1	3	0	4	0	3	1	1	2	2	2	2	2	3	3	2	1	2	0	0	1	0	0	2	1	1	2	0	1	1	0	2	1	0	5	1	0	1	1	1	1	1	3	4	2	2	3	1	0	0	0	0	1	0	1	0	0	0	0	1	1	2	0	2	3	1	1	0	1	0	1	2	1	0	2	1	0
0	0	0	10	47	76	31	9	5	9	7	6	5	1	2	4	3	7	6	12	19	13	11	13	11	13	7	4	6	18	18	61	0	76	36	52	5	3	3	6	9	6	6	11	6	4	3	4	1	1	7	3	5	5	5	22	14	8	7	5	2	3	1	7	11	22	29	15	4	9	8	5	6	5	7	9	2	2	4	2	7	2	9	3	3	3	3	2	2	3	3	1	1	1	3	4	1	1	3	2	2	4	2	2	1	3	3	2	3	3	3	3	3	3	3	2	3	2	0	2	1	0	0	0	2	1	0	1	2	0	2	1	2	2	3	0	2	7	2	3	3	3	1	0	2	3	3	1	0	1	3	2	1	2	1	1	1	2	2	4	3	5	1	1	2	2	2	0	0	0	1	0
0	0	0	12	12	12	14	4	8	5	4	9	2	5	6	5	3	5	4	4	17	7	9	5	5	9	4	5	12	16	9	32	76	0	58	32	3	4	2	10	8	5	1	3	4	6	1	3	4	3	2	3	1	5	5	13	12	8	3	8	5	3	2	6	6	12	18	11	0	7	3	10	6	4	3	1	4	2	2	1	4	4	6	1	2	3	6	2	3	2	1	6	1	3	3	6	2	1	2	3	1	2	1	2	5	2	4	1	4	2	3	3	2	1	6	0	1	2	2	0	2	1	1	1	1	1	1	1	2	4	0	5	0	0	5	2	0	3	1	1	4	2	1	0	0	0	0	4	0	0	1	0	1	1	1	2	1	1	1	3	2	4	3	2	1	3	0	2	2	1	3	0
0	0	0	10	9	15	6	4	3	4	2	4	4	5	4	2	5	3	3	8	10	5	5	3	6	6	8	17	11	15	19	27	36	58	0	63	1	1	2	8	2	6	7	3	4	3	2	2	2	2	1	0	3	2	5	13	13	10	6	2	3	1	2	4	10	6	7	10	4	4	2	6	6	4	2	1	4	4	2	3	2	2	4	5	2	2	3	2	4	0	0	1	0	0	2	2	2	4	1	0	1	1	3	1	0	1	1	3	1	2	2	1	1	1	2	1	1	0	4	1	2	0	2	3	3	3	1	0	0	2	0	2	0	0	2	2	1	5	2	2	3	1	1	2	2	1	1	1	1	1	1	0	3	1	2	0	4	1	5	1	1	2	3	0	0	1	1	1	1	2	0	0
0	0	0	19	21	30	9	4	6	7	5	8	1	4	7	4	3	11	7	10	12	7	8	3	6	8	9	18	16	25	16	24	52	32	63	0	4	4	10	3	9	7	7	2	4	5	2	7	1	1	3	1	3	0	6	27	23	12	9	6	2	5	2	3	6	10	24	2	4	3	1	6	6	1	4	2	5	1	1	5	2	5	3	7	0	6	4	2	2	2	4	4	1	1	1	4	2	1	2	3	1	2	1	2	2	0	2	2	2	1	2	3	3	4	4	2	2	1	0	2	0	1	2	1	2	0	0	1	3	1	3	1	1	1	2	0	4	3	5	6	1	2	1	3	3	2	0	1	0	2	0	1	0	1	3	1	0	0	3	3	2	1	1	3	0	0	3	1	0	1	1	0
0	0	0	2	4	2	1	4	5	5	9	6	1	12	25	30	22	22	17	4	8	4	6	4	4	5	5	1	3	1	1	1	5	3	1	4	0	58	35	12	12	9	3	2	4	2	2	5	2	5	3	3	6	7	12	6	10	32	25	10	6	5	1	1	5	4	8	3	3	5	1	5	2	7	11	3	2	2	2	3	6	2	4	3	7	8	12	17	14	11	7	8	0	3	3	2	1	3	5	4	5	5	2	0	6	3	4	2	4	1	3	3	3	3	4	4	9	3	3	4	3	4	4	4	3	1	5	3	3	2	2	2	1	3	2	3	7	6	9	8	5	1	0	0	0	0	0	2	2	1	0	1	5	2	3	1	2	3	7	11	4	6	3	5	6	1	3	1	5	1	7	0
0	0	0	1	1	1	2	2	5	6	19	3	5	10	21	67	64	36	35	6	9	3	1	1	3	3	1	0	3	1	0	4	3	4	1	4	58	0	49	18	21	7	3	5	6	2	3	3	1	2	2	3	4	11	14	5	16	22	13	17	9	4	1	1	4	1	4	1	4	8	2	5	7	13	15	5	4	3	1	5	0	3	8	2	6	12	22	37	14	20	20	6	8	10	9	7	4	6	8	6	7	9	4	8	4	6	8	1	5	4	4	8	6	9	11	7	8	8	4	6	5	7	5	4	6	3	3	0	3	2	4	3	4	1	2	4	11	9	13	14	13	6	3	3	2	5	2	3	2	0	3	3	1	3	4	3	6	9	17	37	18	6	8	6	6	1	4	3	5	7	8	0
0	0	0	2	3	4	4	2	5	12	45	19	17	30	131	243	25	33	12	12	9	4	2	3	1	2	2	2	2	2	0	1	3	2	2	10	35	49	0	29	16	12	13	3	2	9	4	4	3	7	7	3	7	11	11	14	15	26	35	23	3	10	4	5	2	8	4	5	4	6	5	13	17	21	26	13	10	9	3	4	4	8	7	4	11	28	66	72	50	21	31	30	5	7	11	9	12	17	19	6	14	7	6	8	0	1	11	5	5	8	3	4	7	9	6	9	10	6	4	5	1	3	8	5	6	3	3	0	2	1	4	2	2	4	6	3	12	6	10	12	7	3	3	3	1	1	7	6	1	2	2	2	0	1	3	4	7	12	9	28	19	21	7	12	10	5	7	7	2	1	6	0
0	0	0	4	2	9	3	6	20	83	382	26	24	28	50	64	26	109	52	45	15	5	2	6	6	3	2	3	2	1	3	2	6	10	8	3	12	18	29	0	344	67	27	17	4	14	7	7	8	4	9	8	10	22	74	18	22	31	61	210	17	12	6	7	9	8	9	11	5	11	15	19	19	23	39	24	12	8	5	7	8	9	15	13	14	22	31	14	19	7	10	8	3	4	11	9	10	9	5	7	12	14	4	7	11	15	41	14	3	7	5	8	11	15	17	6	9	6	9	4	6	10	12	2	2	6	2	1	2	5	4	3	2	5	2	8	30	25	34	27	13	5	4	2	2	8	2	5	1	1	5	4	3	4	6	9	5	14	19	35	23	18	8	7	6	7	2	2	2	3	4	0
0	0	0	4	4	8	10	16	30	184	137	24	10	21	29	35	17	48	29	45	28	14	3	6	4	6	1	0	6	3	1	4	9	8	2	9	12	21	16	344	0	230	55	14	9	12	11	8	10	9	11	9	12	29	71	31	26	20	53	282	26	14	4	16	11	20	9	10	15	7	14	24	23	24	16	27	8	10	1	5	11	11	26	14	28	12	10	12	12	6	5	10	4	5	14	1	6	9	5	7	7	8	8	5	5	6	29	11	3	4	12	4	9	13	11	13	9	10	5	3	7	4	9	4	5	6	1	1	2	4	6	2	4	3	4	10	22	19	40	12	13	5	5	1	3	5	7	3	6	1	2	2	1	7	4	3	3	7	7	17	10	14	10	3	5	4	3	3	8	5	4	0
0	0	0	2	7	17	12	21	64	640	52	19	17	12	18	10	12	20	29	54	67	23	9	7	11	13	7	6	3	4	2	4	6	5	6	7	9	7	12	67	230	0	138	30	28	17	22	17	12	2	16	13	29	28	45	44	25	19	29	130	38	16	14	13	14	25	30	20	18	32	22	38	32	10	20	23	10	15	12	7	7	16	16	21	18	14	10	5	12	6	7	5	7	4	4	5	5	4	5	8	14	8	3	4	8	10	37	12	4	6	13	4	7	7	14	6	7	5	3	3	6	6	11	8	6	3	0	3	2	4	2	3	1	4	3	12	11	24	28	9	20	5	2	3	1	1	3	4	2	0	3	2	1	3	2	3	9	6	2	13	11	6	7	7	5	2	6	8	4	2	7	0
0	0	0	5	3	5	12	35	242	112	14	14	11	6	10	10	8	21	9	30	65	25	14	6	10	8	6	5	3	2	2	6	6	1	7	7	3	3	13	27	55	138	0	73	23	22	35	31	11	11	14	12	29	34	42	16	8	12	17	61	83	39	33	8	14	31	25	23	27	63	59	44	27	14	21	38	17	18	6	14	10	16	33	29	21	13	7	8	6	4	4	2	2	5	9	2	9	9	5	8	7	10	6	7	7	14	24	22	8	7	8	11	11	13	12	8	5	4	2	6	6	8	12	10	4	3	4	4	3	5	10	1	1	2	7	12	17	33	35	13	27	7	3	1	2	4	4	4	4	4	3	1	5	6	3	7	7	7	6	8	15	7	5	3	5	4	3	3	2	7	4	0
0	0	0	3	11	8	16	38	151	32	10	8	9	5	10	4	7	14	10	26	41	40	8	4	9	7	3	3	4	1	4	5	11	3	3	2	2	5	3	17	14	30	73	0	57	53	94	94	21	17	16	15	39	36	28	12	6	6	7	17	37	120	103	26	21	22	17	18	21	37	29	15	12	6	8	11	20	14	11	13	5	10	16	18	11	7	8	9	4	3	1	2	1	4	6	2	5	4	5	2	2	4	3	2	2	6	17	12	5	9	8	18	12	5	7	12	13	5	4	7	4	3	11	6	4	4	2	6	2	6	7	6	4	3	7	3	17	28	24	19	16	8	4	5	2	0	2	1	5	0	4	4	3	6	6	2	10	2	7	9	10	4	1	2	2	2	4	6	4	3	5	0
0	0	0	3	2	10	21	70	36	7	4	8	2	4	4	4	4	6	5	21	40	32	22	15	26	15	11	6	4	6	4	6	6	4	4	4	4	6	2	4	9	28	23	57	0	357	131	24	13	5	13	6	11	11	14	11	5	4	6	5	10	24	53	24	44	23	6	8	12	14	10	7	4	5	4	11	6	6	4	4	4	5	11	4	9	6	2	2	3	2	2	1	0	3	4	2	2	2	3	0	5	2	1	1	3	5	10	7	5	6	7	7	7	6	9	6	10	3	2	2	5	5	4	9	2	5	3	4	2	4	1	4	1	1	2	6	6	19	17	11	9	5	4	3	1	0	3	4	4	0	2	1	3	2	2	2	3	4	4	5	5	3	3	1	2	2	0	1	8	1	2	0
0	0	0	7	20	19	37	161	59	12	7	8	3	1	3	6	4	8	12	18	66	62	45	20	30	14	4	5	3	2	4	6	4	6	3	5	2	2	9	14	12	17	22	53	357	0	243	33	8	9	8	8	11	17	13	18	6	2	7	10	16	22	45	54	74	32	20	18	19	12	10	7	7	8	2	3	9	4	3	4	7	4	7	10	7	6	4	7	3	3	5	1	1	2	2	2	5	2	3	3	6	4	7	3	2	6	5	11	4	7	6	6	6	5	10	8	2	1	0	3	3	1	3	3	4	1	4	4	3	1	1	3	4	6	5	4	6	15	11	10	10	6	4	3	1	4	4	0	1	1	2	2	3	3	1	5	2	8	4	7	3	2	0	3	3	2	1	0	2	2	4	0
0	0	0	7	12	11	28	202	82	19	5	10	7	6	6	7	5	2	8	16	42	121	32	16	19	7	2	3	1	1	4	8	3	1	2	2	2	3	4	7	11	22	35	94	131	243	0	62	21	13	10	10	17	7	20	16	9	8	5	10	18	36	164	80	77	43	18	19	21	32	9	13	10	4	6	9	4	10	4	7	8	3	3	11	7	7	4	1	4	2	6	4	2	2	8	2	2	5	6	2	1	7	1	5	3	3	10	6	5	7	5	7	11	3	3	6	5	6	2	3	3	4	11	1	0	4	5	1	1	1	3	4	2	3	3	3	13	18	14	4	6	0	2	5	4	2	2	5	1	2	2	2	4	6	2	4	5	3	6	6	7	4	1	5	3	5	3	3	3	0	2	0
0	0	0	5	4	9	17	42	44	14	7	12	6	3	5	8	7	5	6	10	33	53	12	9	9	10	3	2	4	2	5	4	4	3	2	7	5	3	4	7	8	17	31	94	24	33	62	0	60	20	29	19	27	24	16	11	4	5	7	10	25	115	265	35	28	30	18	37	40	98	57	23	11	9	7	9	18	23	11	10	9	9	16	21	11	5	6	2	4	4	5	2	5	3	8	6	4	2	4	3	2	12	7	0	11	6	12	16	11	10	3	5	6	2	2	2	4	1	2	5	0	7	4	6	3	2	2	1	3	2	8	5	3	4	5	4	6	14	10	9	12	7	3	3	4	2	6	6	4	2	1	3	4	5	3	2	5	9	5	4	7	5	2	4	5	4	0	2	2	3	6	0
0	0	0	2	3	9	12	15	16	10	5	8	8	3	8	3	3	5	3	5	14	18	7	2	3	2	3	2	2	1	2	4	1	4	2	1	2	1	3	8	10	12	11	21	13	8	21	60	0	112	27	22	23	11	5	8	2	3	4	4	17	44	38	18	11	9	16	21	35	36	38	21	15	9	7	10	32	40	11	15	15	14	15	16	9	5	1	4	3	4	3	4	2	4	4	6	6	3	3	5	3	8	5	3	5	6	8	11	7	7	4	5	4	11	2	5	4	5	5	3	3	3	5	4	1	1	4	5	4	9	3	2	6	1	4	8	9	13	5	4	11	4	2	2	8	5	2	4	2	3	5	2	3	4	3	1	5	2	5	1	5	5	3	0	2	3	2	3	2	2	7	0
0	0	0	3	1	2	5	9	13	6	5	7	2	4	4	4	2	3	4	2	4	13	2	2	3	5	1	2	1	2	4	2	1	3	2	1	5	2	7	4	9	2	11	17	5	9	13	20	112	0	78	46	26	13	5	3	4	2	4	4	20	35	22	7	10	7	5	12	13	17	20	16	4	9	2	7	26	49	55	24	14	10	8	14	11	7	8	2	1	1	3	1	3	4	9	6	3	4	2	7	4	2	6	7	5	16	9	14	8	8	13	8	12	4	8	7	3	6	4	1	3	3	3	1	3	9	7	7	4	7	3	4	7	3	4	7	6	6	5	4	18	10	10	3	6	10	5	3	3	4	2	4	8	8	6	2	5	5	5	4	4	5	0	3	2	3	3	7	8	4	4	0
0	0	0	3	4	7	6	1	20	19	9	5	10	5	3	5	4	8	7	8	14	8	6	4	4	1	6	1	2	2	4	0	7	2	1	3	3	2	7	9	11	16	14	16	13	8	10	29	27	78	0	202	164	23	7	4	5	5	7	6	66	53	14	6	7	7	6	9	13	22	29	28	18	13	12	28	78	99	85	42	20	14	25	36	23	8	6	2	5	3	2	1	4	4	7	6	12	5	4	5	7	15	16	8	13	30	31	43	22	18	16	10	23	12	14	8	5	8	2	14	3	11	6	5	10	7	7	3	8	8	9	11	10	13	18	30	18	13	6	8	23	16	10	5	6	7	4	4	7	2	2	4	7	21	12	8	8	8	11	5	9	10	4	4	8	7	8	5	10	6	5	0
0	0	0	0	1	3	4	12	4	11	1	5	5	10	2	2	5	10	3	7	8	6	4	2	6	5	0	1	0	5	0	0	3	3	0	1	3	3	3	8	9	13	12	15	6	8	10	19	22	46	202	0	117	26	7	5	3	3	5	7	36	40	9	7	8	5	6	3	10	15	17	14	13	7	13	29	45	39	67	21	9	12	12	24	26	9	2	5	5	1	4	3	4	10	7	6	6	1	6	2	10	17	16	9	18	31	25	53	35	34	15	23	41	15	8	14	11	15	9	7	10	11	9	7	8	6	11	7	7	13	13	16	19	10	20	35	17	14	7	7	42	46	8	11	5	12	8	14	4	8	4	7	7	14	15	13	9	11	9	5	16	10	7	4	5	6	5	12	11	5	7	0
0	0	0	2	4	3	8	8	23	7	8	6	8	5	5	6	2	15	5	7	9	13	4	4	4	4	1	1	4	3	2	3	5	1	3	3	6	4	7	10	12	29	29	39	11	11	17	27	23	26	164	117	0	61	14	6	5	3	6	14	107	74	21	6	6	10	6	9	10	20	19	25	14	21	27	49	43	45	38	25	15	17	22	46	38	7	5	7	8	3	12	10	6	4	9	6	5	10	1	7	3	11	12	12	7	29	32	110	30	22	21	23	45	23	17	21	8	13	10	15	7	9	7	8	5	4	10	3	4	8	10	12	15	4	19	36	27	29	15	25	60	42	5	7	5	2	6	8	2	2	5	6	6	19	12	5	9	14	6	10	15	12	7	4	11	8	6	10	8	3	5	0
0	0	0	5	2	5	3	7	23	17	17	11	6	8	12	17	15	25	31	21	16	7	1	2	6	1	2	1	2	1	1	2	5	5	2	0	7	11	11	22	29	28	34	36	11	17	7	24	11	13	23	26	61	0	76	3	10	8	6	22	52	24	15	8	7	12	15	3	9	12	21	16	18	12	20	100	31	18	9	7	12	3	17	19	33	7	16	3	8	11	4	7	5	11	9	13	8	10	4	5	14	9	8	7	8	14	91	100	17	11	22	39	59	48	32	32	24	17	13	11	7	8	24	15	8	8	12	3	5	4	12	9	16	10	12	30	123	104	39	41	233	22	5	4	5	8	3	8	1	3	7	7	9	11	15	12	18	14	21	24	23	17	14	7	3	7	4	8	3	9	6	0
0	0	0	3	4	6	9	9	25	24	36	15	12	14	17	16	21	55	66	117	30	10	8	5	10	8	4	4	3	5	0	3	5	5	5	6	12	14	11	74	71	45	42	28	14	13	20	16	5	5	7	7	14	76	0	17	14	15	11	28	17	13	7	7	6	8	8	8	8	16	13	8	12	15	11	14	13	11	6	9	6	7	13	15	11	15	16	9	6	4	6	6	4	4	2	3	6	3	10	4	8	9	1	3	7	9	35	21	7	11	15	13	18	25	29	10	18	12	4	5	11	11	23	15	3	4	5	7	5	5	5	3	4	7	12	13	52	127	382	68	48	7	2	2	6	6	3	4	1	2	2	3	4	9	3	7	11	13	6	23	14	9	5	4	3	1	4	7	5	6	9	0
0	0	0	8	18	20	25	17	17	17	20	18	9	9	8	14	7	7	11	35	51	19	19	20	13	26	10	8	10	8	5	11	22	13	13	27	6	5	14	18	31	44	16	12	11	18	16	11	8	3	4	5	6	3	17	0	66	25	19	28	7	5	8	11	10	26	29	6	13	15	9	11	8	9	7	6	5	7	7	4	4	8	8	2	6	8	4	5	3	3	7	4	5	2	5	1	2	1	2	6	5	4	3	5	5	1	5	11	2	2	4	5	3	6	3	3	2	0	6	1	5	5	6	2	2	3	3	1	1	1	2	1	4	3	2	8	6	6	17	7	8	2	0	2	3	2	2	0	2	2	1	3	5	1	3	4	1	1	4	5	5	4	5	0	7	2	1	2	2	1	1	0
0	0	0	5	13	14	8	15	8	25	21	13	10	12	19	17	7	12	14	27	14	5	8	6	5	12	4	4	6	7	6	6	14	12	13	23	10	16	15	22	26	25	8	6	5	6	9	4	2	4	5	3	5	10	14	66	0	135	57	25	7	5	7	9	3	10	12	9	3	6	6	7	12	9	7	13	2	2	1	4	3	7	8	5	2	5	6	5	5	4	3	7	1	1	8	3	1	2	4	9	5	4	3	2	2	6	11	1	2	0	2	3	3	5	3	5	4	8	2	4	2	5	4	5	4	1	1	1	4	3	3	4	1	0	5	4	11	5	11	9	2	3	2	4	1	4	3	1	2	1	2	0	0	2	2	2	3	8	6	16	7	8	6	4	5	1	3	2	3	5	3	0
0	0	0	7	4	5	9	8	9	18	34	16	13	21	36	30	9	18	16	12	14	5	6	11	3	8	2	2	6	4	3	7	8	8	10	12	32	22	26	31	20	19	12	6	4	2	8	5	3	2	5	3	3	8	15	25	135	0	100	20	15	4	7	2	4	5	10	2	3	2	8	9	6	12	9	5	2	3	2	4	6	6	7	9	5	9	9	13	8	5	4	10	7	7	3	7	3	2	2	4	3	6	1	3	3	4	13	4	6	4	1	4	1	7	4	1	6	5	0	1	4	6	5	3	0	5	2	0	3	2	2	1	1	1	3	3	9	10	6	8	9	1	2	1	2	1	2	0	2	1	0	0	2	1	2	4	5	2	9	8	12	1	5	4	9	0	2	1	2	2	7	0
0	0	0	2	14	2	10	5	6	38	161	30	20	48	87	55	11	28	22	16	16	6	4	5	5	4	1	3	1	3	4	1	7	3	6	9	25	13	35	61	53	29	17	7	6	7	5	7	4	4	7	5	6	6	11	19	57	100	0	57	5	9	5	4	6	9	9	6	4	7	12	16	14	13	10	9	7	2	1	6	5	6	8	11	11	10	31	9	21	6	7	8	6	6	6	3	6	12	1	6	4	11	7	5	6	4	15	6	0	4	1	4	7	6	9	4	9	5	5	4	1	4	2	6	5	5	1	3	2	3	5	0	1	2	3	7	5	5	5	7	9	11	3	1	2	2	5	2	0	1	2	2	2	6	2	2	4	7	6	9	10	6	7	3	4	5	4	3	2	2	4	0
0	0	0	6	8	7	11	10	23	244	214	51	44	25	47	32	5	27	27	36	27	6	5	9	4	6	5	3	2	3	3	6	5	8	2	6	10	17	23	210	282	130	61	17	5	10	10	10	4	4	6	7	14	22	28	28	25	20	57	0	28	17	13	7	8	18	23	11	17	15	32	44	70	35	32	33	17	13	8	9	10	11	22	29	31	27	22	22	12	13	10	5	5	7	13	5	5	6	8	8	13	15	8	3	11	14	36	12	8	7	8	7	11	14	9	8	7	7	8	4	1	9	5	6	3	1	4	5	3	5	3	3	5	3	9	6	18	22	22	13	19	9	1	2	4	2	4	4	1	2	2	1	5	2	5	7	12	4	8	23	11	21	6	8	9	2	6	3	4	4	6	0
0	0	0	3	6	8	7	17	44	37	17	19	8	8	11	8	3	13	8	12	19	9	2	5	8	3	3	2	2	4	2	2	2	5	3	2	6	9	3	17	26	38	83	37	10	16	18	25	17	20	66	36	107	52	17	7	7	15	5	28	0	69	15	15	9	8	11	16	12	32	70	67	51	39	38	68	117	67	23	30	26	31	38	145	63	9	5	3	7	5	8	9	4	5	10	8	6	3	8	2	12	12	18	12	14	40	68	46	16	8	15	13	15	10	10	8	10	4	5	11	6	3	8	7	1	2	5	6	8	2	5	6	7	3	10	16	26	20	5	19	26	14	2	2	4	3	5	3	2	3	6	4	3	7	6	7	8	6	12	12	23	11	10	7	7	9	3	13	10	8	4	0
0	0	0	3	4	7	7	21	57	17	9	8	5	11	8	5	7	4	7	14	14	22	9	8	8	8	0	1	1	2	0	2	3	3	1	5	5	4	10	12	14	16	39	120	24	22	36	115	44	35	53	40	74	24	13	5	5	4	9	17	69	0	69	20	13	14	12	23	22	43	39	21	18	12	11	23	28	39	18	14	16	17	16	27	14	7	4	2	8	2	1	4	4	6	3	2	3	1	4	2	4	3	6	5	3	12	23	17	8	7	10	16	25	6	4	10	4	4	4	4	7	4	3	8	5	2	6	2	7	10	9	2	5	5	5	13	11	14	11	16	23	7	4	4	7	5	2	4	3	4	3	5	7	6	7	6	7	3	6	7	5	10	7	3	2	6	7	6	4	1	4	0
0	0	0	2	5	8	18	72	45	12	7	4	6	9	2	0	5	4	7	12	36	78	20	8	11	4	3	4	1	3	1	3	1	2	2	2	1	1	4	6	4	14	33	103	53	45	164	265	38	22	14	9	21	15	7	8	7	7	5	13	15	69	0	63	34	27	11	19	45	61	32	12	3	3	9	7	12	17	11	5	4	10	9	10	7	3	4	2	4	2	2	5	1	2	8	1	2	2	3	6	1	4	5	1	2	7	8	10	11	4	6	10	10	12	3	6	2	6	4	7	2	3	4	3	4	3	3	2	3	7	5	4	2	6	8	3	3	11	8	6	8	7	2	2	6	6	4	4	6	1	1	2	3	7	4	2	1	2	3	2	5	2	3	1	3	3	5	3	2	5	4	0
0	0	0	6	7	13	51	174	27	14	7	5	1	10	8	2	3	6	5	17	26	562	29	8	15	5	7	2	2	3	4	6	7	6	4	3	1	1	5	7	16	13	8	26	24	54	80	35	18	7	6	7	6	8	7	11	9	2	4	7	15	20	63	0	231	58	25	21	56	36	20	15	9	8	3	3	9	14	3	3	3	10	7	8	5	3	3	4	1	2	3	1	5	4	1	1	0	2	1	1	3	4	4	1	2	2	4	7	11	4	4	5	2	0	4	3	4	0	0	2	3	3	5	6	3	1	2	1	4	1	4	3	2	4	3	5	3	4	7	6	8	6	0	3	0	1	1	1	3	0	3	1	2	3	2	3	3	3	1	5	4	1	2	2	3	4	2	1	2	1	0	0
0	0	0	6	16	22	113	279	27	15	6	12	4	5	3	1	5	3	4	16	33	271	76	31	21	7	4	4	5	5	6	7	11	6	10	6	5	4	2	9	11	14	14	21	44	74	77	28	11	10	7	8	6	7	6	10	3	4	6	8	9	13	34	231	0	83	25	30	31	33	19	7	6	4	4	7	7	7	7	2	4	9	2	7	1	3	0	0	3	4	4	3	4	2	0	1	2	2	3	1	3	2	5	4	3	6	7	6	1	6	7	5	3	5	1	2	5	1	3	0	1	3	3	8	2	1	2	3	2	3	0	2	2	2	1	4	5	6	12	2	2	1	3	3	1	3	2	2	2	0	2	2	3	0	3	1	0	2	2	4	5	6	2	3	2	3	2	0	2	0	0	0
0	0	0	11	13	28	154	94	31	17	12	14	7	9	8	7	6	10	5	19	81	98	33	11	16	11	2	5	2	6	5	14	22	12	6	10	4	1	8	8	20	25	31	22	23	32	43	30	9	7	7	5	10	12	8	26	10	5	9	18	8	14	27	58	83	0	153	69	70	36	31	15	12	9	5	5	3	7	7	3	7	9	16	9	10	7	3	6	3	4	4	1	3	1	3	3	2	5	1	6	1	2	1	5	5	7	4	5	0	4	7	6	6	5	5	0	2	4	3	4	3	2	5	3	6	0	1	1	2	3	3	4	2	3	2	2	7	7	10	6	8	4	1	6	1	2	0	3	0	1	2	1	0	2	2	2	2	2	1	7	2	4	1	1	1	3	3	2	4	0	5	0
0	0	0	7	14	22	57	35	26	20	14	16	14	7	7	5	4	8	5	12	37	28	10	8	10	4	3	9	2	4	2	10	29	18	7	24	8	4	4	9	9	30	25	17	6	20	18	18	16	5	6	6	6	15	8	29	12	10	9	23	11	12	11	25	25	153	0	103	55	42	22	20	12	5	10	1	4	9	3	10	8	8	12	4	5	2	5	3	4	3	2	3	0	5	4	5	5	6	4	6	6	2	5	1	8	3	1	6	3	2	5	2	3	5	1	5	6	3	1	1	1	0	3	8	2	2	2	1	1	4	2	4	3	2	5	5	3	5	9	2	7	8	2	2	2	1	0	2	0	2	1	1	1	3	0	1	3	4	2	2	6	3	4	1	2	3	5	0	3	2	4	0
0	0	0	2	14	13	26	25	25	23	6	18	13	4	10	7	2	8	3	10	24	41	11	13	9	5	6	2	2	3	5	10	15	11	10	2	3	1	5	11	10	20	23	18	8	18	19	37	21	12	9	3	9	3	8	6	9	2	6	11	16	23	19	21	30	69	103	0	286	61	34	31	15	2	6	4	10	9	8	9	11	25	15	11	5	8	4	2	3	1	4	12	1	1	4	5	1	6	2	8	7	2	7	3	5	2	11	5	6	4	3	5	4	3	3	4	6	0	2	1	3	1	5	4	2	1	1	2	2	5	3	1	3	1	3	2	4	4	2	2	3	3	3	5	1	3	1	1	3	0	2	4	1	2	2	1	5	1	1	9	3	0	4	3	5	3	1	1	2	0	3	0
0	0	0	4	7	8	25	39	28	21	6	12	6	10	3	6	3	3	3	4	19	66	12	11	7	5	2	0	0	2	8	4	4	0	4	4	3	4	4	5	15	18	27	21	12	19	21	40	35	13	13	10	10	9	8	13	3	3	4	17	12	22	45	56	31	70	55	286	0	115	44	22	11	5	4	13	16	18	8	12	7	24	13	18	6	8	3	5	1	4	1	2	3	2	6	5	8	2	4	1	1	1	7	3	5	6	7	5	4	3	2	2	7	4	5	2	2	4	2	3	4	3	7	3	2	3	2	2	1	3	5	3	1	1	2	3	5	7	6	5	7	4	1	2	0	2	5	1	0	2	4	2	5	2	5	2	3	4	1	5	3	0	2	2	2	5	2	5	3	1	1	0
0	0	0	2	5	12	17	38	59	29	11	19	11	3	9	7	4	4	5	16	39	35	8	8	5	4	4	1	4	2	2	3	9	7	4	3	5	8	6	11	7	32	63	37	14	12	32	98	36	17	22	15	20	12	16	15	6	2	7	15	32	43	61	36	33	36	42	61	115	0	180	54	21	10	11	18	20	24	12	8	13	30	22	29	19	10	5	3	6	3	6	2	4	1	8	5	1	10	5	4	8	6	6	6	7	6	10	11	7	3	2	8	9	6	2	2	4	7	2	3	6	5	11	4	6	5	1	1	7	2	8	3	2	1	2	4	5	13	10	8	18	4	1	0	4	2	0	2	0	0	2	1	2	8	3	7	4	0	4	5	5	5	7	2	1	2	1	3	4	1	3	0
0	0	0	4	10	2	6	14	30	34	13	27	13	10	14	2	7	11	8	3	18	22	6	7	5	8	3	3	2	4	2	1	8	3	2	1	1	2	5	15	14	22	59	29	10	10	9	57	38	20	29	17	19	21	13	9	6	8	12	32	70	39	32	20	19	31	22	34	44	180	0	159	35	27	19	27	49	55	11	27	23	50	57	64	35	7	6	6	4	3	5	9	5	8	7	6	8	9	7	4	7	5	6	6	5	15	29	19	8	4	7	12	13	8	4	8	7	7	2	1	2	2	5	3	1	3	2	0	2	2	1	4	4	4	6	7	6	11	9	3	15	5	2	1	4	5	4	3	6	3	2	6	3	4	6	3	6	0	4	2	12	10	4	4	3	2	4	2	3	5	3	0
0	0	0	5	4	7	11	16	24	47	16	48	26	20	18	11	10	13	9	9	15	8	7	8	5	6	2	2	0	2	3	1	5	10	6	6	5	5	13	19	24	38	44	15	7	7	13	23	21	16	28	14	25	16	8	11	7	9	16	44	67	21	12	15	7	15	20	31	22	54	159	0	94	46	18	23	40	28	12	22	34	76	193	87	23	22	13	6	6	11	4	7	10	3	10	9	10	2	7	6	6	9	13	7	16	13	31	19	5	7	8	7	7	7	6	8	3	3	6	4	2	4	7	6	3	4	4	0	3	3	4	5	3	1	5	8	11	17	12	7	17	9	5	0	1	7	3	2	2	1	3	5	5	5	3	3	5	6	5	5	4	9	4	5	7	4	6	4	4	7	8	0
0	0	0	1	4	6	13	9	15	47	40	138	116	61	35	14	7	14	16	10	17	10	6	3	5	4	3	3	3	3	3	5	6	6	6	6	2	7	17	19	23	32	27	12	4	7	10	11	15	4	18	13	14	18	12	8	12	6	14	70	51	18	3	9	6	12	12	15	11	21	35	94	0	163	74	28	21	11	9	20	33	62	200	63	61	63	24	12	14	7	3	17	6	8	20	15	9	20	12	9	15	21	14	11	19	27	54	20	7	10	6	10	12	5	7	11	6	6	2	3	10	5	7	4	3	2	4	2	3	5	5	1	2	2	5	8	12	8	13	8	7	3	3	3	7	8	12	6	2	2	2	4	3	6	3	3	9	5	6	13	13	13	5	5	7	7	12	6	5	4	5	0
0	0	0	2	1	0	2	6	10	27	18	47	95	38	25	19	15	12	6	8	8	10	4	3	2	2	0	0	2	2	2	2	5	4	4	1	7	13	21	23	24	10	14	6	5	8	4	9	9	9	13	7	21	12	15	9	9	12	13	35	39	12	3	8	4	9	5	2	5	10	27	46	163	0	194	58	43	25	11	25	39	39	96	74	157	115	33	8	16	12	10	17	13	9	30	13	25	26	22	11	19	54	23	11	30	47	65	19	7	5	8	10	7	7	5	8	6	6	3	7	6	7	6	3	5	5	1	0	4	4	3	8	3	3	13	14	16	12	13	9	15	7	5	3	6	11	9	8	4	2	5	3	5	8	4	6	7	5	7	16	22	21	9	16	18	10	9	5	7	5	5	0
0	0	0	2	2	5	8	4	11	32	36	25	64	33	26	31	19	20	6	8	8	2	3	0	3	4	1	1	1	1	1	1	7	3	2	4	11	15	26	39	16	20	21	8	4	2	6	7	7	2	12	13	27	20	11	7	7	9	10	32	38	11	9	3	4	5	10	6	4	11	19	18	74	194	0	75	26	19	13	16	18	16	25	31	195	302	62	19	22	13	16	19	19	8	39	11	21	21	18	25	41	88	26	17	17	40	101	29	7	5	11	9	12	6	8	17	9	19	9	7	4	2	5	5	4	1	6	5	7	5	4	5	3	4	15	13	24	7	12	8	10	12	5	5	3	9	7	9	4	2	5	5	7	9	11	1	9	18	12	23	30	41	17	12	15	14	12	11	9	10	17	0
0	0	0	2	2	5	6	1	14	31	18	16	14	11	15	21	14	17	12	9	11	5	3	5	4	1	0	1	1	2	0	3	9	1	1	2	3	5	13	24	27	23	38	11	11	3	9	9	10	7	28	29	49	100	14	6	13	5	9	33	68	23	7	3	7	5	1	4	13	18	27	23	28	58	75	0	49	31	17	23	15	11	21	41	209	36	16	18	12	7	4	4	6	7	22	8	23	10	11	11	20	35	20	15	20	60	576	114	11	11	21	18	33	12	24	24	13	9	2	13	12	6	13	10	6	0	5	4	4	8	11	9	4	17	20	37	45	27	19	13	58	28	8	3	9	5	7	8	11	2	5	12	4	10	14	6	30	14	18	25	32	26	15	13	12	12	13	16	7	8	15	0
0	0	0	3	3	4	10	11	12	6	14	14	7	10	7	12	7	9	7	6	5	6	0	0	3	3	0	3	4	1	2	2	2	4	4	5	2	4	10	12	8	10	17	20	6	9	4	18	32	26	78	45	43	31	13	5	2	2	7	17	117	28	12	9	7	3	4	10	16	20	49	40	21	43	26	49	0	258	100	134	49	31	47	214	78	14	6	4	8	6	5	5	2	4	10	15	11	12	6	8	8	25	33	15	35	95	52	26	14	8	12	5	18	5	7	14	8	9	4	5	7	5	4	10	1	3	0	2	3	8	9	6	10	8	14	14	8	7	10	11	15	19	8	5	4	14	8	5	6	4	8	9	11	20	13	4	6	9	10	11	14	11	11	10	8	10	7	5	12	4	5	0
0	0	0	2	5	2	6	12	14	8	9	11	11	8	8	6	4	5	6	3	11	11	4	2	5	6	1	2	0	1	2	2	2	2	4	1	2	3	9	8	10	15	18	14	6	4	10	23	40	49	99	39	45	18	11	7	2	3	2	13	67	39	17	14	7	7	9	9	18	24	55	28	11	25	19	31	258	0	110	130	63	35	43	100	33	8	10	6	3	5	0	7	6	0	16	10	3	3	6	6	7	13	20	12	11	47	30	16	9	8	6	11	20	6	9	10	6	5	2	2	4	7	6	4	5	4	7	3	6	10	11	2	5	4	11	11	13	14	9	5	7	11	5	4	9	11	11	7	6	3	5	6	13	19	7	4	8	2	7	7	17	8	3	3	9	7	4	8	3	5	6	0
0	0	0	0	2	1	0	7	4	7	5	9	12	5	2	5	6	3	4	3	9	5	7	1	3	2	1	2	2	5	1	2	4	2	2	1	2	1	3	5	1	12	6	11	4	3	4	11	11	55	85	67	38	9	6	7	1	2	1	8	23	18	11	3	7	7	3	8	8	12	11	12	9	11	13	17	100	110	0	102	22	17	18	32	30	15	1	7	4	1	2	9	2	3	8	17	9	2	5	4	8	17	30	9	21	50	22	21	15	12	14	14	15	6	5	6	5	9	6	5	1	1	5	6	1	2	4	5	10	7	11	10	8	11	13	11	6	8	7	2	10	13	10	9	13	17	12	10	9	5	11	20	18	34	16	3	5	10	9	7	6	3	5	5	7	11	7	9	10	5	2	0
0	0	0	2	3	3	4	2	10	12	9	10	10	6	9	10	5	6	6	5	4	5	4	0	6	5	3	1	0	3	1	4	2	1	3	5	3	5	4	7	5	7	14	13	4	4	7	10	15	24	42	21	25	7	9	4	4	4	6	9	30	14	5	3	2	3	10	9	12	8	27	22	20	25	16	23	134	130	102	0	108	31	33	76	37	18	5	3	4	4	2	5	7	4	12	13	10	10	5	11	10	11	31	24	27	60	16	18	7	7	5	4	8	9	7	8	7	9	2	4	3	5	2	2	1	3	2	5	3	5	7	5	4	6	19	14	10	3	4	6	8	12	7	8	7	8	11	8	6	5	2	19	19	27	5	7	8	5	6	8	7	5	4	10	12	7	12	8	10	7	8	0
0	0	0	3	3	4	2	9	7	12	5	17	23	13	7	9	2	7	6	6	6	2	2	1	2	1	1	3	0	4	2	5	7	4	2	2	6	0	4	8	11	7	10	5	4	7	8	9	15	14	20	9	15	12	6	4	3	6	5	10	26	16	4	3	4	7	8	11	7	13	23	34	33	39	18	15	49	63	22	108	0	59	85	97	32	14	12	6	4	4	8	6	3	9	19	17	17	11	10	10	13	20	35	19	26	71	23	8	7	10	7	4	6	9	6	5	4	2	2	4	6	0	4	2	4	0	1	1	3	4	3	4	2	5	9	9	14	8	8	5	8	8	6	6	12	7	8	6	2	2	5	7	11	20	6	4	4	5	8	5	7	8	4	5	11	11	8	9	2	10	3	0
0	0	0	2	3	4	8	9	11	17	15	37	39	13	9	10	4	4	6	12	10	6	5	4	4	3	3	1	1	1	4	0	2	4	2	5	2	3	8	9	11	16	16	10	5	4	3	9	14	10	14	12	17	3	7	8	7	6	6	11	31	17	10	10	9	9	8	25	24	30	50	76	62	39	16	11	31	35	17	31	59	0	146	45	25	13	8	4	9	2	2	4	3	7	9	11	9	11	5	10	10	10	11	7	7	29	11	9	4	7	4	7	4	4	3	6	4	7	4	3	1	2	1	4	1	3	1	2	7	2	2	1	4	5	8	7	3	7	4	4	10	3	5	3	7	2	6	4	5	2	5	6	3	7	6	5	3	2	1	5	9	10	0	5	8	7	2	5	4	3	3	0
0	0	0	1	6	3	5	9	14	24	22	50	76	20	17	10	7	10	7	11	9	13	4	3	1	4	2	1	3	1	3	4	9	6	4	3	4	8	7	15	26	16	33	16	11	7	3	16	15	8	25	12	22	17	13	8	8	7	8	22	38	16	9	7	2	16	12	15	13	22	57	193	200	96	25	21	47	43	18	33	85	146	0	160	32	22	10	6	15	1	10	5	9	8	10	22	15	18	13	12	20	19	20	15	16	28	30	22	5	7	2	5	9	5	9	8	12	3	1	4	7	3	4	7	1	0	4	2	1	2	7	3	3	2	5	7	9	12	9	7	7	5	3	5	2	8	5	10	7	0	3	11	9	11	4	5	5	9	6	15	6	9	4	9	7	10	6	7	1	2	1	0
0	0	0	1	4	3	5	8	19	22	16	25	33	7	11	14	9	7	5	8	10	10	5	3	2	3	4	0	2	1	0	2	3	1	5	7	3	2	4	13	14	21	29	18	4	10	11	21	16	14	36	24	46	19	15	2	5	9	11	29	145	27	10	8	7	9	4	11	18	29	64	87	63	74	31	41	214	100	32	76	97	45	160	0	81	26	10	3	10	4	8	7	6	10	16	12	11	13	11	10	15	32	19	11	19	54	57	17	6	7	8	9	10	7	9	9	7	4	6	9	2	5	4	8	2	4	7	1	2	6	7	5	7	9	7	12	12	9	11	7	12	12	2	3	7	6	7	9	8	3	10	5	5	6	10	5	4	2	4	9	10	16	7	8	6	7	9	12	8	3	5	0
0	0	0	0	4	2	6	7	9	15	22	24	40	18	16	14	6	13	8	7	8	4	5	5	3	3	2	2	0	1	4	0	3	2	2	0	7	6	11	14	28	18	21	11	9	7	7	11	9	11	23	26	38	33	11	6	2	5	11	31	63	14	7	5	1	10	5	5	6	19	35	23	61	157	195	209	78	33	30	37	32	25	32	81	0	49	20	13	11	7	11	13	14	10	24	12	30	22	20	20	44	70	42	23	51	108	156	36	8	13	13	2	19	17	11	20	9	12	5	7	6	3	7	4	5	4	2	4	7	7	7	8	5	7	17	19	30	11	11	9	19	17	7	5	7	6	11	6	7	6	6	14	4	9	9	7	12	14	19	21	23	43	12	20	12	23	12	12	13	9	11	0
0	0	0	2	2	2	4	2	5	19	27	38	66	50	48	25	8	20	11	15	6	5	2	3	3	0	0	3	3	1	3	4	3	3	2	6	8	12	28	22	12	14	13	7	6	6	7	5	5	7	8	9	7	7	15	8	5	9	10	27	9	7	3	3	3	7	2	8	8	10	7	22	63	115	302	36	14	8	15	18	14	13	22	26	49	0	80	39	50	16	23	34	22	33	87	18	36	39	30	51	51	94	24	17	36	33	45	9	6	5	11	8	3	8	8	9	5	8	10	3	10	4	3	7	4	6	4	6	2	4	8	4	4	4	5	9	16	12	8	5	10	10	1	2	4	9	9	4	7	3	3	7	6	10	10	5	12	14	23	33	24	39	14	23	14	17	13	6	6	9	14	0
0	0	0	3	3	1	5	8	7	12	34	16	27	53	113	59	23	25	14	7	7	2	1	2	0	1	4	1	1	3	3	4	3	6	3	4	12	22	66	31	10	10	7	8	2	4	4	6	1	8	6	2	5	16	16	4	6	9	31	22	5	4	4	3	0	3	5	4	3	5	6	13	24	33	62	16	6	10	1	5	12	8	10	10	20	80	0	105	172	39	44	59	15	21	33	18	25	37	21	36	40	27	12	8	6	8	26	12	5	7	5	5	5	6	8	8	5	3	8	3	4	2	6	8	6	0	3	3	6	1	4	6	4	5	7	8	13	5	6	2	18	5	2	3	5	6	10	10	1	3	2	1	2	3	9	5	10	8	19	43	28	47	23	21	14	12	9	14	9	4	17	0
0	0	0	1	4	5	4	0	4	1	17	13	16	24	40	40	24	17	8	3	5	2	2	2	2	4	2	3	4	3	0	2	2	2	2	2	17	37	72	14	12	5	8	9	2	7	1	2	4	2	2	5	7	3	9	5	5	13	9	22	3	2	2	4	0	6	3	2	5	3	6	6	12	8	19	18	4	6	7	3	6	4	6	3	13	39	105	0	834	107	207	106	41	27	31	5	14	21	26	37	24	21	7	11	10	7	9	7	4	3	7	5	5	1	6	6	3	8	7	4	7	5	4	2	4	2	3	4	3	2	1	3	2	7	8	4	14	3	11	5	5	3	3	2	1	4	3	6	2	2	1	3	2	3	6	6	10	3	25	26	24	33	24	20	23	6	4	9	4	3	10	0
0	0	0	0	2	4	3	3	6	5	15	12	19	20	39	40	22	16	6	4	8	3	4	3	2	1	2	3	1	2	3	1	2	3	4	2	14	14	50	19	12	12	6	4	3	3	4	4	3	1	5	5	8	8	6	3	5	8	21	12	7	8	4	1	3	3	4	3	1	6	4	6	14	16	22	12	8	3	4	4	4	9	15	10	11	50	172	834	0	83	134	131	43	29	35	18	19	37	36	41	37	30	6	13	8	7	18	10	4	4	3	3	8	3	8	14	12	5	10	6	6	1	3	5	2	3	1	3	0	3	5	5	6	6	11	5	10	10	6	4	6	4	1	4	4	6	4	3	2	0	3	6	4	6	5	7	16	14	25	31	42	42	30	12	21	9	14	5	7	6	18	0
0	0	0	4	3	0	2	2	3	3	10	5	7	19	13	16	22	8	5	4	1	1	1	1	3	3	2	0	0	0	0	1	3	2	0	2	11	20	21	7	6	6	4	3	2	3	2	4	4	1	3	1	3	11	4	3	4	5	6	13	5	2	2	2	4	4	3	1	4	3	3	11	7	12	13	7	6	5	1	4	4	2	1	4	7	16	39	107	83	0	606	67	53	31	14	10	24	19	19	40	23	16	9	4	6	6	4	8	2	3	3	4	5	7	6	10	5	4	5	1	3	4	2	2	3	8	1	2	1	4	0	5	4	6	11	3	7	7	5	5	7	4	3	4	6	6	5	6	4	2	3	0	5	2	1	9	10	11	13	21	19	28	26	28	27	10	7	6	9	10	16	0
0	0	0	2	3	2	2	4	3	1	14	5	17	22	21	33	8	12	7	2	3	1	1	1	1	0	0	0	1	1	4	1	3	1	0	4	7	20	31	10	5	7	4	1	2	5	6	5	3	3	2	4	12	4	6	7	3	4	7	10	8	1	2	3	4	4	2	4	1	6	5	4	3	10	16	4	5	0	2	2	8	2	10	8	11	23	44	207	134	606	0	110	66	47	27	6	17	23	35	33	21	19	10	12	9	8	8	6	2	2	3	1	1	4	5	4	6	6	7	6	4	3	6	3	6	0	3	1	3	2	6	5	4	2	6	9	8	5	6	4	4	5	5	3	3	5	7	6	2	5	4	3	8	3	4	3	5	14	18	20	20	29	21	25	29	8	6	4	3	3	11	0
0	0	0	5	3	1	3	5	4	4	17	16	21	29	29	22	10	13	6	7	2	2	1	3	0	1	0	2	1	0	2	4	1	6	1	4	8	6	30	8	10	5	2	2	1	1	4	2	4	1	1	3	10	7	6	4	7	10	8	5	9	4	5	1	3	1	3	12	2	2	9	7	17	17	19	4	5	7	9	5	6	4	5	7	13	34	59	106	131	67	110	0	87	91	61	21	44	70	101	86	27	20	9	23	15	7	13	4	2	4	2	3	4	10	4	10	2	11	5	5	3	3	5	4	4	0	0	0	2	1	1	3	6	0	10	3	8	4	5	13	7	8	3	2	3	3	7	4	2	5	2	2	3	3	8	5	12	10	19	14	10	17	17	17	16	14	7	6	7	14	7	0
0	0	0	0	1	2	0	3	1	5	6	10	11	13	14	11	4	5	6	7	2	2	1	0	3	1	1	1	0	0	0	1	1	1	0	1	0	8	5	3	4	7	2	1	0	1	2	5	2	3	4	4	6	5	4	5	1	7	6	5	4	4	1	5	4	3	0	1	3	4	5	10	6	13	19	6	2	6	2	7	3	3	9	6	14	22	15	41	43	53	66	87	0	721	45	16	44	45	144	130	31	17	11	15	13	16	7	7	2	2	4	4	6	4	7	12	2	7	5	2	3	4	2	4	1	1	2	3	5	0	3	4	2	6	10	3	10	6	1	4	5	4	4	3	4	3	12	5	3	3	4	4	6	8	5	6	7	9	17	10	16	16	30	35	78	34	11	11	11	11	15	0
0	0	0	3	5	1	0	2	0	5	14	6	14	14	13	5	5	6	3	2	2	1	1	0	4	0	1	0	1	0	0	2	1	3	0	1	3	10	7	4	5	4	5	4	3	2	2	3	4	4	4	10	4	11	4	2	1	7	6	7	5	6	2	4	2	1	5	1	2	1	8	3	8	9	8	7	4	0	3	4	9	7	8	10	10	33	21	27	29	31	47	91	721	0	55	25	54	59	298	193	37	28	17	19	20	14	5	6	4	4	3	8	5	4	7	3	7	4	8	4	2	2	1	1	0	3	2	3	2	4	4	5	1	2	6	7	11	3	3	6	2	2	4	5	0	5	13	5	8	7	5	11	10	7	4	9	8	10	11	7	11	16	25	41	75	28	19	8	10	10	12	0
0	0	0	3	1	2	2	3	5	8	10	20	30	30	21	15	16	7	6	5	6	0	3	1	3	2	1	1	1	0	0	0	3	3	2	1	3	9	11	11	14	4	9	6	4	2	8	8	4	9	7	7	9	9	2	5	8	3	6	13	10	3	8	1	0	3	4	4	6	8	7	10	20	30	39	22	10	16	8	12	19	9	10	16	24	87	33	31	35	14	27	61	45	55	0	67	225	187	184	271	73	88	38	21	47	27	16	8	3	6	6	5	5	5	6	7	3	5	10	3	4	5	4	3	0	1	2	2	3	4	6	3	4	4	5	15	13	3	7	7	4	4	2	7	3	13	9	17	8	8	6	7	8	4	6	11	9	10	10	16	7	31	22	22	42	25	11	17	8	12	15	0
0	0	0	0	2	3	3	1	7	8	5	13	15	12	4	6	3	3	3	0	3	6	2	1	2	0	3	2	4	5	0	1	4	6	2	4	2	7	9	9	1	5	2	2	2	2	2	6	6	6	6	6	6	13	3	1	3	7	3	5	8	2	1	1	1	3	5	5	5	5	6	9	15	13	11	8	15	10	17	13	17	11	22	12	12	18	18	5	18	10	6	21	16	25	67	0	159	69	57	40	23	30	40	54	53	21	8	8	2	1	3	1	5	6	2	4	3	8	7	4	4	4	2	4	2	2	2	1	2	3	1	2	2	7	2	10	10	2	5	3	5	4	3	4	6	11	15	14	3	3	10	8	5	9	7	4	8	10	9	3	10	15	8	10	16	25	9	14	4	6	8	0
0	0	0	2	2	3	1	1	6	6	8	12	23	9	8	5	10	4	8	1	1	4	1	1	0	2	2	0	2	1	0	3	1	2	2	2	1	4	12	10	6	5	9	5	2	5	2	4	6	3	12	6	5	8	6	2	1	3	6	5	6	3	2	0	2	2	5	1	8	1	8	10	9	25	21	23	11	3	9	10	17	9	15	11	30	36	25	14	19	24	17	44	44	54	225	159	0	107	136	128	41	53	47	48	78	24	10	16	3	3	4	3	12	4	5	9	6	7	4	4	1	1	6	3	5	2	0	5	4	5	5	11	3	8	13	10	4	5	5	5	4	3	2	4	7	11	19	8	8	10	4	7	5	8	8	1	14	7	14	7	14	19	11	31	51	49	11	13	12	9	12	0
0	0	0	3	4	1	2	2	7	6	4	14	23	24	19	6	7	7	7	1	2	1	0	2	2	2	0	1	0	0	3	0	1	1	4	1	3	6	17	9	9	4	9	4	2	2	5	2	3	4	5	1	10	10	3	1	2	2	12	6	3	1	2	2	2	5	6	6	2	10	9	2	20	26	21	10	12	3	2	10	11	11	18	13	22	39	37	21	37	19	23	70	45	59	187	69	107	0	191	80	23	36	21	19	28	22	17	7	3	4	5	2	3	1	4	7	4	2	5	5	2	1	5	5	1	3	2	2	5	0	3	3	3	3	8	6	6	2	4	2	5	4	5	1	2	5	10	8	4	4	5	6	7	4	2	6	7	9	11	8	8	16	9	11	21	17	9	4	7	7	6	0
0	0	0	1	3	0	2	2	0	8	10	8	14	24	16	15	5	9	4	5	2	3	0	4	1	2	2	1	1	0	0	4	3	2	1	2	5	8	19	5	5	5	5	5	3	3	6	4	3	2	4	6	1	4	10	2	4	2	1	8	8	4	3	1	3	1	4	2	4	5	7	7	12	22	18	11	6	6	5	5	10	5	13	11	20	30	21	26	36	19	35	101	144	298	184	57	136	191	0	308	37	28	21	26	21	11	17	6	7	7	6	5	5	6	7	4	4	5	4	3	4	6	5	1	4	1	0	0	1	3	3	5	4	5	6	8	4	0	2	9	9	11	6	1	3	3	10	10	8	5	3	4	5	8	7	1	7	14	9	12	15	15	22	16	42	21	17	9	10	11	14	0
0	0	0	3	2	1	1	0	1	8	7	10	13	20	12	9	6	4	9	3	4	2	0	1	3	2	0	3	0	1	2	0	2	3	0	3	4	6	6	7	7	8	8	2	0	3	2	3	5	7	5	2	7	5	4	6	9	4	6	8	2	2	6	1	1	6	6	8	1	4	4	6	9	11	25	11	8	6	4	11	10	10	12	10	20	51	36	37	41	40	33	86	130	193	271	40	128	80	308	0	87	67	25	37	32	20	18	12	11	2	4	3	6	12	4	9	6	5	8	6	4	5	2	3	1	1	2	4	4	3	2	5	2	9	3	5	8	5	5	1	6	7	1	6	5	10	13	12	9	10	3	6	5	8	8	13	10	15	14	18	14	38	17	54	83	40	24	17	14	8	14	0
0	0	0	2	1	1	2	5	4	7	12	16	18	21	15	18	20	10	9	4	8	2	4	1	3	3	2	2	3	1	0	3	2	1	1	1	5	7	14	12	7	14	7	2	5	6	1	2	3	4	7	10	3	14	8	5	5	3	4	13	12	4	1	3	3	1	6	7	1	8	7	6	15	19	41	20	8	7	8	10	13	10	20	15	44	51	40	24	37	23	21	27	31	37	73	23	41	23	37	87	0	282	48	32	26	21	25	19	2	7	6	8	6	12	20	21	19	18	15	14	9	2	8	6	7	0	6	6	2	2	5	5	8	13	23	22	20	5	5	7	12	9	3	8	3	13	7	11	5	7	4	6	5	8	16	19	33	30	49	37	77	161	62	74	65	44	31	20	29	16	27	0
0	0	0	1	3	2	0	4	8	8	10	18	17	12	13	14	10	10	9	3	6	5	2	1	0	1	0	2	2	2	1	1	4	2	1	2	5	9	7	14	8	8	10	4	2	4	7	12	8	2	15	17	11	9	9	4	4	6	11	15	12	3	4	4	2	2	2	2	1	6	5	9	21	54	88	35	25	13	17	11	20	10	19	32	70	94	27	21	30	16	19	20	17	28	88	30	53	36	28	67	282	0	72	37	54	69	31	20	6	9	3	11	13	10	18	16	10	14	11	7	5	11	8	9	10	6	3	4	3	3	8	6	6	7	20	20	16	10	4	10	13	5	4	1	7	19	8	15	6	9	7	13	9	8	8	14	28	23	27	29	33	85	27	36	27	50	26	22	20	12	30	0
0	0	0	2	4	2	1	2	9	8	7	8	16	14	15	9	9	7	5	2	6	5	0	2	4	0	1	3	1	0	0	1	2	1	3	1	2	4	6	4	8	3	6	3	1	7	1	7	5	6	16	16	12	8	1	3	3	1	7	8	18	6	5	4	5	1	5	7	7	6	6	13	14	23	26	20	33	20	30	31	35	11	20	19	42	24	12	7	6	9	10	9	11	17	38	40	47	21	21	25	48	72	0	206	642	111	25	19	10	5	8	5	6	6	4	11	10	9	14	9	6	3	5	3	6	5	2	6	11	9	3	7	14	15	15	21	8	3	5	4	12	13	10	9	8	30	58	26	11	6	8	27	7	25	17	6	22	11	12	8	14	12	16	25	20	64	35	29	15	7	14	0
0	0	0	1	0	1	2	2	4	7	10	6	10	7	14	4	5	5	3	0	4	2	3	2	3	0	1	3	1	0	1	2	2	2	1	2	0	8	8	7	5	4	7	2	1	3	5	0	3	7	8	9	12	7	3	5	2	3	5	3	12	5	1	1	4	5	1	3	3	6	6	7	11	11	17	15	15	12	9	24	19	7	15	11	23	17	8	11	13	4	12	23	15	19	21	54	48	19	26	37	32	37	206	0	207	39	15	13	8	7	1	7	6	3	6	12	9	5	6	2	3	4	0	4	3	4	3	6	4	9	5	11	11	10	16	11	11	0	8	5	5	6	6	6	16	36	75	37	16	9	13	23	18	26	14	9	16	9	11	4	10	16	13	23	39	110	56	24	24	16	15	0
0	0	0	2	1	2	2	1	5	8	7	11	14	12	15	13	4	11	4	4	6	1	1	2	2	0	1	3	4	0	0	2	1	5	0	2	6	4	0	11	5	8	7	2	3	2	3	11	5	5	13	18	7	8	7	5	2	3	6	11	14	3	2	2	3	5	8	5	5	7	5	16	19	30	17	20	35	11	21	27	26	7	16	19	51	36	6	10	8	6	9	15	13	20	47	53	78	28	21	32	26	54	642	207	0	86	18	12	6	7	4	5	10	1	5	13	8	6	9	7	1	7	4	1	2	7	7	2	7	5	1	7	13	9	27	10	7	6	8	3	5	7	4	8	10	21	23	25	8	10	9	18	23	21	17	10	12	10	9	7	13	18	11	19	34	59	21	17	20	11	13	0
0	0	0	0	3	8	7	6	13	9	18	10	13	5	15	8	7	7	9	5	3	6	2	0	3	3	2	3	1	0	3	2	3	2	1	0	3	6	1	15	6	10	14	6	5	6	3	6	6	16	30	31	29	14	9	1	6	4	4	14	40	12	7	2	6	7	3	2	6	6	15	13	27	47	40	60	95	47	50	60	71	29	28	54	108	33	8	7	7	6	8	7	16	14	27	21	24	22	11	20	21	69	111	39	86	0	41	27	3	10	10	10	16	4	6	6	6	12	8	10	5	5	6	1	6	5	3	6	6	9	7	3	12	15	23	27	18	10	7	4	17	8	9	8	5	16	19	12	8	2	6	8	14	14	14	5	16	10	8	7	14	24	2	18	18	19	17	18	12	13	8	0
0	0	0	1	4	4	5	12	16	28	37	22	24	19	21	11	7	17	16	14	15	9	7	2	2	3	5	4	1	3	1	2	3	4	1	2	4	8	11	41	29	37	24	17	10	5	10	12	8	9	31	25	32	91	35	5	11	13	15	36	68	23	8	4	7	4	1	11	7	10	29	31	54	65	101	576	52	30	22	16	23	11	30	57	156	45	26	9	18	4	8	13	7	5	16	8	10	17	17	18	25	31	25	15	18	41	0	52	11	14	16	14	22	11	13	24	9	17	9	7	6	12	4	8	8	6	2	3	3	8	4	5	11	11	12	30	51	33	17	14	39	9	2	8	6	6	7	7	3	3	1	11	6	12	13	5	24	12	10	34	35	24	12	12	8	9	8	9	7	12	11	0
0	0	0	3	1	3	4	6	19	17	9	5	9	11	8	9	10	13	9	10	9	5	2	0	2	5	3	3	1	1	1	2	2	1	3	2	2	1	5	14	11	12	22	12	7	11	6	16	11	14	43	53	110	100	21	11	1	4	6	12	46	17	10	7	6	5	6	5	5	11	19	19	20	19	29	114	26	16	21	18	8	9	22	17	36	9	12	7	10	8	6	4	7	6	8	8	16	7	6	12	19	20	19	13	12	27	52	0	36	32	34	41	114	53	36	55	20	26	18	8	15	19	16	13	8	9	8	10	9	8	14	9	19	17	22	111	55	38	12	24	129	50	4	10	8	11	10	3	5	3	4	4	10	14	29	12	19	10	16	18	26	21	15	9	7	9	7	23	11	6	11	0
0	0	0	0	4	2	7	1	7	3	9	3	6	3	3	8	3	8	10	6	6	6	4	3	3	2	1	4	1	0	2	3	3	4	1	2	4	5	5	3	3	4	8	5	5	4	5	11	7	8	22	35	30	17	7	2	2	6	0	8	16	8	11	11	1	0	3	6	4	7	8	5	7	7	7	11	14	9	15	7	7	4	5	6	8	6	5	4	4	2	2	2	2	4	3	2	3	3	7	11	2	6	10	8	6	3	11	36	0	1180	180	96	70	35	26	19	22	9	16	26	20	22	21	17	20	22	15	14	31	27	69	27	23	16	22	45	21	21	11	12	44	206	13	11	13	8	11	5	6	5	4	5	10	11	25	17	13	13	9	3	13	4	7	6	3	4	3	14	5	13	14	0
0	0	0	0	0	4	6	3	5	4	3	1	5	2	4	4	4	10	3	4	6	4	1	5	4	1	4	2	0	2	1	3	3	2	2	1	1	4	8	7	4	6	7	9	6	7	7	10	7	8	18	34	22	11	11	2	0	4	4	7	8	7	4	4	6	4	2	4	3	3	4	7	10	5	5	11	8	8	12	7	10	7	7	7	13	5	7	3	4	3	2	4	2	4	6	1	3	4	7	2	7	9	5	7	7	10	14	32	1180	0	146	83	49	17	14	32	19	17	15	31	22	19	11	21	18	41	23	23	22	58	87	30	35	17	24	41	14	16	11	8	26	177	14	11	8	7	6	5	7	3	8	7	1	16	30	14	14	4	6	3	8	11	4	4	5	8	3	7	9	8	9	0
0	0	0	2	1	3	4	5	3	5	3	5	6	0	8	8	7	5	13	5	3	3	1	4	4	1	1	1	3	0	1	2	3	3	2	2	3	4	3	5	12	13	8	8	7	6	5	3	4	13	16	15	21	22	15	4	2	1	1	8	15	10	6	4	7	7	5	3	2	2	7	8	6	8	11	21	12	6	14	5	7	4	2	8	13	11	5	7	3	3	3	2	4	3	6	3	4	5	6	4	6	3	8	1	4	10	16	34	180	146	0	329	154	59	41	47	40	29	21	32	32	50	21	37	27	25	14	12	19	24	34	15	23	14	9	37	26	23	7	12	58	85	14	10	4	10	3	5	9	3	1	1	3	11	15	18	17	11	11	5	18	9	8	7	5	3	2	7	8	13	6	0
0	0	0	2	2	2	3	8	9	11	13	4	3	4	4	2	5	10	5	8	12	1	9	2	4	4	3	1	2	4	3	1	3	3	1	3	3	8	4	8	4	4	11	18	7	6	7	5	5	8	10	23	23	39	13	5	3	4	4	7	13	16	10	5	5	6	2	5	2	8	12	7	10	10	9	18	5	11	14	4	4	7	5	9	2	8	5	5	3	4	1	3	4	8	5	1	3	2	5	3	8	11	5	7	5	10	14	41	96	83	329	0	221	82	27	44	29	17	13	12	24	31	23	30	16	26	14	7	11	16	20	16	13	6	13	16	24	25	23	28	56	57	3	8	3	11	6	3	7	5	3	8	3	7	10	8	14	10	7	5	9	11	4	7	2	2	8	7	3	8	5	0
0	0	0	2	5	6	7	5	14	11	8	7	7	2	4	8	12	13	13	11	6	8	2	3	5	2	3	1	2	0	4	2	3	2	1	3	3	6	7	11	9	7	11	12	7	6	11	6	4	12	23	41	45	59	18	3	3	1	7	11	15	25	10	2	3	6	3	4	7	9	13	7	12	7	12	33	18	20	15	8	6	4	9	10	19	3	5	5	8	5	1	4	6	5	5	5	12	3	5	6	6	13	6	6	10	16	22	114	70	49	154	221	0	86	44	50	29	31	9	14	12	18	26	28	13	15	10	15	9	15	15	11	18	9	11	53	56	44	27	32	202	79	6	6	8	8	6	3	5	4	3	1	4	10	14	9	18	17	9	15	6	14	8	6	5	9	5	10	9	7	4	0
0	0	0	2	3	2	6	3	13	16	5	7	5	8	14	7	30	9	17	12	6	9	5	5	3	5	1	2	2	2	2	0	3	1	1	4	3	9	9	15	13	7	13	5	6	5	3	2	11	4	12	15	23	48	25	6	5	7	6	14	10	6	12	0	5	5	5	3	4	6	8	7	5	7	6	12	5	6	6	9	9	4	5	7	17	8	6	1	3	7	4	10	4	4	5	6	4	1	6	12	12	10	6	3	1	4	11	53	35	17	59	82	86	0	236	141	119	50	26	32	35	67	90	72	39	17	6	8	6	10	12	7	11	13	13	31	75	40	32	87	102	30	8	3	9	8	5	3	4	1	5	0	2	9	15	16	20	20	25	32	15	16	14	12	4	4	8	13	11	3	15	0
0	0	0	0	1	3	3	3	9	10	11	4	4	5	10	11	29	4	17	13	6	7	2	3	4	4	3	2	3	2	0	0	3	6	2	4	4	11	6	17	11	14	12	7	9	10	3	2	2	8	14	8	17	32	29	3	3	4	9	9	10	4	3	4	1	5	1	3	5	2	4	6	7	5	8	24	7	9	5	7	6	3	9	9	11	8	8	6	8	6	5	4	7	7	6	2	5	4	7	4	20	18	4	6	5	6	13	36	26	14	41	27	44	236	0	161	216	86	24	17	27	65	69	56	31	14	11	5	6	3	5	8	12	6	12	29	98	19	23	79	41	17	3	6	3	7	7	3	4	0	3	4	2	10	13	11	34	32	29	45	47	22	13	16	3	14	10	12	9	13	10	0
0	0	0	1	3	4	3	1	6	6	10	5	7	6	6	7	23	10	14	8	1	2	1	5	2	5	4	2	2	1	1	1	2	0	1	2	4	7	9	6	13	6	8	12	6	8	6	2	5	7	8	14	21	32	10	3	5	1	4	8	8	10	6	3	2	0	5	4	2	2	8	8	11	8	17	24	14	10	6	8	5	6	8	9	20	9	8	6	14	10	4	10	12	3	7	4	9	7	4	9	21	16	11	12	13	6	24	55	19	32	47	44	50	141	161	0	308	223	48	38	17	54	29	28	38	12	13	10	13	16	20	20	19	15	23	60	68	20	13	26	50	53	6	7	3	10	3	0	11	1	2	7	7	9	21	22	61	31	19	17	47	22	10	10	6	11	20	16	17	16	20	0
0	0	0	0	3	3	5	3	7	6	6	2	7	5	5	20	23	12	7	5	7	3	0	1	2	3	1	2	0	4	1	0	3	1	1	2	9	8	10	9	9	7	5	13	10	2	5	4	4	3	5	11	8	24	18	2	4	6	9	7	10	4	2	4	5	2	6	6	2	4	7	3	6	6	9	13	8	6	5	7	4	4	12	7	9	5	5	3	12	5	6	2	2	7	3	3	6	4	4	6	19	10	10	9	8	6	9	20	22	19	40	29	29	119	216	308	0	369	54	39	50	115	41	33	39	28	14	6	9	10	17	13	13	14	19	32	40	17	12	46	38	17	9	5	5	5	6	6	8	3	3	4	6	5	25	21	44	50	40	24	38	26	22	5	6	10	11	9	18	10	16	0
0	0	0	3	0	1	0	1	7	7	5	4	5	3	7	3	11	8	11	9	1	10	3	1	6	1	2	1	2	3	1	0	2	2	0	1	3	8	6	6	10	5	4	5	3	1	6	1	5	6	8	15	13	17	12	0	8	5	5	7	4	4	6	0	1	4	3	0	4	7	7	3	6	6	19	9	9	5	9	9	2	7	3	4	12	8	3	8	5	4	6	11	7	4	5	8	7	2	5	5	18	14	9	5	6	12	17	26	9	17	29	17	31	50	86	223	369	0	132	50	78	64	24	25	41	21	10	16	9	19	23	14	20	25	18	33	33	8	11	22	23	40	8	12	9	10	6	5	5	6	8	4	4	6	32	33	76	56	34	19	25	25	22	15	10	9	18	19	25	24	24	0
0	0	0	3	1	0	0	4	1	2	8	4	4	4	6	9	7	11	2	5	2	5	1	3	1	0	3	2	1	2	1	2	0	2	4	0	3	4	4	9	5	3	2	4	2	0	2	2	5	4	2	9	10	13	4	6	2	0	5	8	5	4	4	0	3	3	1	2	2	2	2	6	2	3	9	2	4	2	6	2	2	4	1	6	5	10	8	7	10	5	7	5	5	8	10	7	4	5	4	8	15	11	14	6	9	8	9	18	16	15	21	13	9	26	24	48	54	132	0	151	88	25	13	19	14	22	8	12	10	9	18	21	15	40	30	33	15	9	5	10	12	18	15	10	10	10	5	6	9	3	7	9	4	17	41	148	69	68	20	12	27	12	21	14	10	8	16	20	23	41	56	0
0	0	0	0	0	3	1	0	4	5	7	6	2	6	4	3	6	5	5	4	3	0	2	1	1	1	2	0	1	0	0	1	2	0	1	2	4	6	5	4	3	3	6	7	2	3	3	5	3	1	14	7	15	11	5	1	4	1	4	4	11	4	7	2	0	4	1	1	3	3	1	4	3	7	7	13	5	2	5	4	4	3	4	9	7	3	3	4	6	1	6	5	2	4	3	4	4	5	3	6	14	7	9	2	7	10	7	8	26	31	32	12	14	32	17	38	39	50	151	0	471	47	10	13	37	41	19	25	25	18	47	27	43	43	35	26	7	5	12	11	12	35	7	8	10	14	11	5	7	2	1	6	3	5	59	74	36	18	12	8	11	12	13	10	9	11	9	16	26	15	20	0
0	0	0	2	0	0	1	2	3	3	2	3	8	4	5	4	8	6	3	3	2	3	1	2	3	1	1	2	4	1	1	1	1	2	2	0	3	5	1	6	7	6	6	4	5	3	3	0	3	3	3	10	7	7	11	5	2	4	1	1	6	7	2	3	1	3	1	3	4	6	2	2	10	6	4	12	7	4	1	3	6	1	7	2	6	10	4	7	6	3	4	3	3	2	4	4	1	2	4	4	9	5	6	3	1	5	6	15	20	22	32	24	12	35	27	17	50	78	88	471	0	66	14	30	54	78	28	20	25	21	32	18	25	20	11	33	14	6	5	13	14	25	10	5	8	9	7	11	7	5	0	4	5	6	41	31	18	18	11	6	9	10	8	8	3	9	9	14	8	12	13	0
0	0	0	0	0	3	1	3	4	5	6	1	1	3	2	5	5	10	11	8	4	2	2	2	4	2	1	0	0	1	1	2	0	1	0	1	4	7	3	10	4	6	8	3	5	1	4	7	3	3	11	11	9	8	11	5	5	6	4	9	3	4	3	3	3	2	0	1	3	5	2	4	5	7	2	6	5	7	1	5	0	2	3	5	3	4	2	5	1	4	3	3	4	2	5	4	1	1	6	5	2	11	3	4	7	5	12	19	22	19	50	31	18	67	65	54	115	64	25	47	66	0	56	67	342	46	23	10	11	9	17	3	9	8	12	17	21	15	15	20	23	22	8	7	4	6	7	4	2	2	3	3	1	6	23	12	14	23	10	10	14	10	11	8	4	4	6	3	11	10	14	0
0	0	0	3	2	0	2	5	11	7	12	4	5	7	5	11	18	17	32	11	6	2	3	7	9	7	3	2	4	0	1	0	0	1	2	2	4	5	8	12	9	11	12	11	4	3	11	4	5	3	6	9	7	24	23	6	4	5	2	5	8	3	4	5	3	5	3	5	7	11	5	7	7	6	5	13	4	6	5	2	4	1	4	4	7	3	6	4	3	2	6	5	2	1	4	2	6	5	5	2	8	8	5	0	4	6	4	16	21	11	21	23	26	90	69	29	41	24	13	10	14	56	0	439	31	16	7	4	5	5	8	9	5	10	9	8	25	39	30	113	30	22	8	1	2	4	2	6	1	2	3	5	5	3	9	8	12	12	15	11	10	16	7	3	7	6	2	3	5	3	4	0
0	0	0	5	2	2	5	4	8	3	7	2	5	5	6	3	14	9	15	5	4	4	4	2	1	5	4	1	6	0	1	1	0	1	3	1	4	4	5	2	4	8	10	6	9	3	1	6	4	1	5	7	8	15	15	2	5	3	6	6	7	8	3	6	8	3	8	4	3	4	3	6	4	3	5	10	10	4	6	2	2	4	7	8	4	7	8	2	5	2	3	4	4	1	3	4	3	5	1	3	6	9	3	4	1	1	8	13	17	21	37	30	28	72	56	28	33	25	19	13	30	67	439	0	59	23	6	1	7	5	8	3	9	11	8	12	26	28	21	53	27	17	4	6	4	4	4	3	4	3	2	2	1	3	10	5	10	8	8	14	16	10	8	7	5	4	4	4	6	3	7	0
0	0	0	2	1	5	2	3	2	3	5	2	1	4	2	3	11	4	9	4	2	2	4	1	1	0	6	3	2	1	0	1	2	1	3	2	3	6	6	2	5	6	4	4	2	4	0	3	1	3	10	8	5	8	3	2	4	0	5	3	1	5	4	3	2	6	2	2	2	6	1	3	3	5	4	6	1	5	1	1	4	1	1	2	5	4	6	4	2	3	6	4	1	0	0	2	5	1	4	1	7	10	6	3	2	6	8	8	20	18	27	16	13	39	31	38	39	41	14	37	54	342	31	59	0	73	13	9	8	6	18	6	10	5	5	9	11	6	11	15	15	13	1	3	4	3	2	2	2	4	2	4	1	4	12	12	9	20	12	7	10	12	12	6	7	4	6	12	12	8	8	0
0	0	0	0	2	2	1	4	2	4	0	4	1	2	1	2	4	6	6	3	5	2	2	0	2	1	2	3	2	0	2	0	1	1	3	0	1	3	3	6	6	3	3	4	5	1	4	2	1	9	7	6	4	8	4	3	1	5	5	1	2	2	3	1	1	0	2	1	3	5	3	4	2	5	1	0	3	4	2	3	0	3	0	4	4	6	0	2	3	8	0	0	1	3	1	2	2	3	1	1	0	6	5	4	7	5	6	9	22	41	25	26	15	17	14	12	28	21	22	41	78	46	16	23	73	0	83	32	23	24	30	18	15	15	8	17	9	8	6	12	15	20	8	6	8	4	2	2	4	4	5	3	0	3	29	16	17	12	7	3	7	4	3	5	7	2	5	4	3	6	7	0
0	0	0	0	1	1	1	3	5	2	3	1	4	3	1	2	4	1	2	6	2	2	0	3	1	2	0	3	0	0	0	2	0	1	1	0	5	3	3	2	1	0	4	2	3	4	5	2	4	7	7	11	10	12	5	3	1	2	1	4	5	6	3	2	2	1	2	1	2	1	2	4	4	1	6	5	0	7	4	2	1	1	4	7	2	4	3	3	1	1	3	0	2	2	2	2	0	2	0	2	6	3	2	3	7	3	2	8	15	23	14	14	10	6	11	13	14	10	8	19	28	23	7	6	13	83	0	51	31	26	34	16	13	9	16	10	2	7	3	2	6	13	11	8	6	5	4	3	3	5	6	3	7	7	12	15	9	4	6	1	6	3	3	3	7	4	5	8	7	10	1	0
0	0	0	0	2	1	3	2	1	0	1	2	2	3	2	3	3	2	1	4	2	3	1	1	1	1	0	0	2	1	2	1	1	1	0	1	3	0	0	1	1	3	4	6	4	4	1	1	5	7	3	7	3	3	7	1	1	0	3	5	6	2	2	1	3	1	1	2	2	1	0	0	2	0	5	4	2	3	5	5	1	2	2	1	4	6	3	4	3	2	1	0	3	3	2	1	5	2	0	4	6	4	6	6	2	6	3	10	14	23	12	7	15	8	5	10	6	16	12	25	20	10	4	1	9	32	51	0	130	74	61	51	42	20	7	9	9	7	2	6	2	20	23	9	9	13	3	5	3	6	4	8	6	6	21	7	11	5	5	1	5	1	2	7	3	7	6	3	9	10	12	0
0	0	0	0	0	2	1	5	3	5	4	3	7	3	3	3	3	2	2	1	2	1	4	2	4	2	0	1	1	0	0	0	2	2	0	3	3	3	2	2	2	2	3	2	2	3	1	3	4	4	8	7	4	5	5	1	4	3	2	3	8	7	3	4	2	2	1	2	1	7	2	3	3	4	7	4	3	6	10	3	3	7	1	2	7	2	6	3	0	1	3	2	5	2	3	2	4	5	1	4	2	3	11	4	7	6	3	9	31	22	19	11	9	6	6	13	9	9	10	25	25	11	5	7	8	23	31	130	0	319	145	133	82	27	23	14	6	4	1	7	6	20	59	27	8	14	2	5	8	8	8	11	3	12	26	12	11	10	6	8	4	4	2	3	1	7	3	9	11	5	12	0
0	0	0	3	2	1	1	6	3	1	2	3	3	2	5	3	7	3	4	5	2	4	3	1	1	1	3	0	1	3	1	5	0	4	2	1	2	2	1	5	4	4	5	6	4	1	1	2	9	7	8	13	8	4	5	1	3	2	3	5	2	10	7	1	3	3	4	5	3	2	2	3	5	4	5	8	8	10	7	5	4	2	2	6	7	4	1	2	3	4	2	1	0	4	4	3	5	0	3	3	2	3	9	9	5	9	8	8	27	58	24	16	15	10	3	16	10	19	9	18	21	9	5	5	6	24	26	74	319	0	375	107	65	24	32	20	9	7	4	2	12	26	53	36	16	12	2	4	6	9	8	8	10	16	35	14	6	7	2	2	6	3	4	3	7	13	5	14	9	14	7	0
0	0	0	1	1	3	7	2	3	4	5	3	3	2	1	3	3	7	4	6	2	4	3	0	1	1	0	0	2	0	0	1	2	0	0	3	2	4	4	4	6	2	10	7	1	1	3	8	3	3	9	13	10	12	5	2	3	2	5	3	5	9	5	4	0	3	2	3	5	8	1	4	5	3	4	11	9	11	11	7	3	2	7	7	7	8	4	1	5	0	6	1	3	4	6	1	5	3	3	2	5	8	3	5	1	7	4	14	69	87	34	20	15	12	5	20	17	23	18	47	32	17	8	8	18	30	34	61	145	375	0	69	68	28	36	21	7	8	6	7	15	58	38	21	19	8	4	7	4	4	12	5	6	13	35	16	12	7	5	5	4	3	5	3	9	7	7	10	8	8	6	0
0	0	0	1	0	0	0	2	4	2	1	2	2	0	2	0	9	2	2	3	2	1	0	3	3	3	2	0	1	1	0	0	1	5	2	1	2	3	2	3	2	3	1	6	4	3	4	5	2	4	11	16	12	9	3	1	4	1	0	3	6	2	4	3	2	4	4	1	3	3	4	5	1	8	5	9	6	2	10	5	4	1	3	5	8	4	6	3	5	5	5	3	4	5	3	2	11	3	5	5	5	6	7	11	7	3	5	9	27	30	15	16	11	7	8	20	13	14	21	27	18	3	9	3	6	18	16	51	133	107	69	0	789	100	54	31	7	7	5	4	9	28	130	58	34	21	13	7	18	8	9	18	12	18	63	21	13	10	6	5	5	6	5	5	5	13	12	16	23	12	14	0
0	0	0	1	3	1	3	4	1	1	2	3	6	3	6	4	7	5	2	4	2	3	1	1	2	2	0	1	2	0	1	1	2	0	0	1	1	4	2	2	4	1	1	4	1	4	2	3	6	7	10	19	15	16	4	4	1	1	1	5	7	5	2	2	2	2	3	3	1	2	4	3	2	3	3	4	10	5	8	4	2	4	3	7	5	4	4	2	6	4	4	6	2	1	4	2	3	3	4	2	8	6	14	11	13	12	11	19	23	35	23	13	18	11	12	19	13	20	15	43	25	9	5	9	10	15	13	42	82	65	68	789	0	192	82	28	4	5	6	7	8	37	73	37	25	21	12	10	12	7	14	11	15	28	120	25	19	7	9	6	7	10	6	5	5	8	14	24	17	20	14	0
0	0	0	0	1	1	2	2	4	4	2	3	8	4	2	6	2	3	3	3	0	1	2	1	1	2	2	2	4	1	2	1	2	0	0	1	3	1	4	5	3	4	2	3	1	6	3	4	1	3	13	10	4	10	7	3	0	1	2	3	3	5	6	4	2	3	2	1	1	1	4	1	2	3	4	17	8	4	11	6	5	5	2	9	7	4	5	7	6	6	2	0	6	2	4	7	8	3	5	9	13	7	15	10	9	15	11	17	16	17	14	6	9	13	6	15	14	25	40	43	20	8	10	11	5	15	9	20	27	24	28	100	192	0	106	42	6	4	2	6	9	35	37	37	28	40	16	25	22	12	12	16	10	22	218	64	36	20	10	6	9	5	12	16	10	14	25	57	59	30	23	0
0	0	0	1	0	1	0	1	4	6	5	9	1	3	5	3	7	9	4	6	2	1	1	0	1	2	2	1	2	0	1	1	3	5	2	2	2	2	6	2	4	3	7	7	2	5	3	5	4	4	18	20	19	12	12	2	5	3	3	9	10	5	8	3	1	2	5	3	2	2	6	5	5	13	15	20	14	11	13	19	9	8	5	7	17	5	7	8	11	11	6	10	10	6	5	2	13	8	6	3	23	20	15	16	27	23	12	22	22	24	9	13	11	13	12	23	19	18	30	35	11	12	9	8	5	8	16	7	23	32	36	54	82	106	0	77	12	9	6	10	20	51	30	32	23	28	15	25	29	8	14	20	20	63	350	30	33	21	12	9	16	9	9	11	11	24	29	69	49	26	26	0
0	0	0	0	4	2	4	4	10	7	6	6	4	8	6	7	5	11	8	4	3	5	3	2	3	1	2	4	1	0	1	1	0	2	2	0	3	4	3	8	10	12	12	3	6	4	3	4	8	7	30	35	36	30	13	8	4	3	7	6	16	13	3	5	4	2	5	2	3	4	7	8	8	14	13	37	14	11	11	14	9	7	7	12	19	9	8	4	5	3	9	3	3	7	15	10	10	6	8	5	22	20	21	11	10	27	30	111	45	41	37	16	53	31	29	60	32	33	33	26	33	17	8	12	9	17	10	9	14	20	21	31	28	42	77	0	28	16	9	20	41	127	10	17	10	15	11	8	6	7	8	7	13	18	89	20	51	33	12	14	35	26	15	15	10	20	14	29	27	13	24	0
0	0	0	0	2	5	3	6	11	11	20	8	10	12	9	18	31	48	22	20	10	8	2	7	6	4	2	2	2	2	1	1	2	0	1	4	7	11	12	30	22	11	17	17	6	6	13	6	9	6	18	17	27	123	52	6	11	9	5	18	26	11	3	3	5	7	3	4	5	5	6	11	12	16	24	45	8	13	6	10	14	3	9	12	30	16	13	14	10	7	8	8	10	11	13	10	4	6	4	8	20	16	8	11	7	18	51	55	21	14	26	24	56	75	98	68	40	33	15	7	14	21	25	26	11	9	2	9	6	9	7	7	4	6	12	28	0	46	34	80	153	20	2	7	8	6	4	3	3	3	2	4	8	10	14	13	22	24	23	60	71	26	9	10	7	7	10	12	9	8	12	0
0	0	0	4	4	5	1	12	37	22	16	9	8	1	5	11	12	32	37	41	19	5	2	5	9	2	4	3	4	3	1	3	7	3	5	3	6	9	6	25	19	24	33	28	19	15	18	14	13	6	13	14	29	104	127	6	5	10	5	22	20	14	11	4	6	7	5	4	7	13	11	17	8	12	7	27	7	14	8	3	8	7	12	9	11	12	5	3	10	7	5	4	6	3	3	2	5	2	0	5	5	10	3	0	6	10	33	38	21	16	23	25	44	40	19	20	17	8	9	5	6	15	39	28	6	8	7	7	4	7	8	7	5	4	9	16	46	0	173	79	91	21	5	7	5	4	2	2	2	2	2	4	2	3	8	3	8	13	11	22	15	11	5	3	2	7	4	4	5	3	10	0
0	0	0	3	8	11	12	12	21	25	18	7	2	12	13	14	19	47	69	89	20	5	6	7	10	9	3	7	1	3	3	4	2	1	2	5	9	13	10	34	40	28	35	24	17	11	14	10	5	5	6	7	15	39	382	17	11	6	5	22	5	11	8	7	12	10	9	2	6	10	9	12	13	13	12	19	10	9	7	4	8	4	9	11	11	8	6	11	6	5	6	5	1	3	7	5	5	4	2	5	5	4	5	8	8	7	17	12	11	11	7	23	27	32	23	13	12	11	5	12	5	15	30	21	11	6	3	2	1	4	6	5	6	2	6	9	34	173	0	112	57	12	3	3	2	4	2	2	2	0	2	6	1	4	5	7	5	10	4	23	15	12	7	7	8	6	4	5	2	5	3	0
0	0	0	4	6	3	5	7	14	9	11	9	9	5	5	9	31	43	49	28	5	6	6	8	6	3	3	8	5	3	4	2	3	1	2	6	8	14	12	27	12	9	13	19	11	10	4	9	4	4	8	7	25	41	68	7	9	8	7	13	19	16	6	6	2	6	2	2	5	8	3	7	8	9	8	13	11	5	2	6	5	4	7	7	9	5	2	5	4	5	4	13	4	6	7	3	5	2	9	1	7	10	4	5	3	4	14	24	12	8	12	28	32	87	79	26	46	22	10	11	13	20	113	53	15	12	2	6	7	2	7	4	7	6	10	20	80	79	112	0	48	9	3	2	3	6	2	4	4	0	4	1	5	9	5	4	11	11	15	32	19	15	6	6	8	4	1	5	5	1	7	0
0	0	0	1	3	6	4	11	17	14	17	13	11	6	4	8	11	19	30	21	10	2	0	7	7	3	2	0	0	3	2	2	3	4	3	1	5	13	7	13	13	20	27	16	9	10	6	12	11	18	23	42	60	233	48	8	2	9	9	19	26	23	8	8	2	8	7	3	7	18	15	17	7	15	10	58	15	7	10	8	8	10	7	12	19	10	18	5	6	7	4	7	5	2	4	5	4	5	9	6	12	13	12	5	5	17	39	129	44	26	58	56	202	102	41	50	38	23	12	12	14	23	30	27	15	15	6	2	6	12	15	9	8	9	20	41	153	91	57	48	0	45	14	10	11	5	4	11	2	1	2	4	6	5	14	15	15	18	13	18	25	19	11	4	4	4	4	8	6	9	16	0
0	0	0	2	3	2	3	3	8	9	10	7	3	7	6	4	8	10	5	3	3	11	2	2	5	3	2	3	1	2	2	3	3	2	1	2	1	6	3	5	5	5	7	8	5	6	0	7	4	10	16	46	42	22	7	2	3	1	11	9	14	7	7	6	1	4	8	3	4	4	5	9	3	7	12	28	19	11	13	12	8	3	5	12	17	10	5	3	4	4	5	8	4	2	4	4	3	4	11	7	9	5	13	6	7	8	9	50	206	177	85	57	79	30	17	53	17	40	18	35	25	22	22	17	13	20	13	20	20	26	58	28	37	35	51	127	20	21	12	9	45	0	12	13	8	13	10	11	5	3	11	10	9	12	45	16	21	12	4	8	16	13	7	10	6	5	12	20	15	14	13	0
0	0	0	1	5	1	1	2	4	4	2	3	2	2	1	6	1	3	0	1	1	2	1	1	1	2	2	0	1	0	0	1	1	1	1	1	0	3	3	4	5	2	3	4	4	4	2	3	2	10	10	8	5	5	2	0	2	2	3	1	2	4	2	0	3	1	2	3	1	1	2	5	3	5	5	8	8	5	10	7	6	5	3	2	7	1	2	3	1	3	5	3	4	4	2	3	2	5	6	1	3	4	10	6	4	9	2	4	13	14	14	3	6	8	3	6	9	8	15	7	10	8	8	4	1	8	11	23	59	53	38	130	73	37	30	10	2	5	3	3	14	12	0	250	56	15	11	11	18	16	10	8	14	26	31	11	6	3	5	4	7	3	7	7	6	6	10	15	18	7	11	0
0	0	0	1	3	2	2	0	3	1	2	2	2	4	1	2	1	0	1	7	0	3	2	1	2	1	1	0	1	1	1	0	0	0	2	3	0	3	3	2	1	3	1	5	3	3	5	3	2	3	5	11	7	4	2	2	4	1	1	2	2	4	2	3	3	6	2	5	2	0	1	0	3	3	5	3	5	4	9	8	6	3	5	3	5	2	3	2	4	4	3	2	3	5	7	4	4	1	1	6	8	1	9	6	8	8	8	10	11	11	10	8	6	3	6	7	5	12	10	8	5	7	1	6	3	6	8	9	27	36	21	58	37	37	32	17	7	7	3	2	10	13	250	0	178	42	13	14	20	18	21	25	36	58	21	11	9	4	8	4	11	8	7	5	4	9	15	24	19	9	13	0
0	0	0	1	1	1	2	4	3	3	3	4	1	3	4	3	2	3	3	1	0	2	2	2	2	1	2	0	1	1	0	0	2	0	2	3	0	2	1	2	3	1	2	2	1	1	4	4	8	6	6	5	5	5	6	3	1	2	2	4	4	7	6	0	1	1	2	1	0	4	4	1	7	6	3	9	4	9	13	7	12	7	2	7	7	4	5	1	4	6	3	3	4	0	3	6	7	2	3	5	3	7	8	16	10	5	6	8	13	8	4	3	8	9	3	3	5	9	10	10	8	4	2	4	4	8	6	9	8	16	19	34	25	28	23	10	8	5	2	3	11	8	56	178	0	73	27	26	41	23	53	72	65	95	12	9	7	5	1	3	4	3	4	8	7	12	15	17	18	11	9	0
0	0	0	1	2	0	3	2	4	3	6	5	5	4	1	6	4	2	5	2	2	2	2	3	2	4	0	1	1	0	1	0	3	0	1	2	0	5	1	8	5	1	4	0	0	4	2	2	5	10	7	12	2	8	6	2	4	1	2	2	3	5	6	1	3	2	1	3	2	2	5	7	8	11	9	5	14	11	17	8	7	2	8	6	6	9	6	4	6	6	5	3	3	5	13	11	11	5	3	10	13	19	30	36	21	16	6	11	8	7	10	11	8	8	7	10	5	10	10	14	9	6	4	4	3	4	5	13	14	12	8	21	21	40	28	15	6	4	4	6	5	13	15	42	73	0	117	170	74	20	53	103	58	78	23	17	13	12	7	8	7	4	8	10	20	51	46	106	38	26	13	0
0	0	0	2	0	0	0	2	4	5	4	3	9	5	7	6	3	4	3	3	5	3	3	0	0	0	1	1	1	1	0	0	3	0	1	0	0	2	7	2	7	3	4	2	3	4	2	6	2	5	4	8	6	3	3	2	3	2	5	4	5	2	4	1	2	0	0	1	5	0	4	3	12	9	7	7	8	11	12	11	8	6	5	7	11	9	10	3	4	5	7	7	12	13	9	15	19	10	10	13	7	8	58	75	23	19	7	10	11	6	3	6	6	5	7	3	6	6	5	11	7	7	2	4	2	2	4	3	2	2	4	13	12	16	15	11	4	2	2	2	4	10	11	13	27	117	0	160	30	16	26	87	51	35	19	12	10	3	6	6	8	6	6	12	26	35	39	44	22	9	20	0
0	0	0	1	2	2	0	1	2	1	3	5	5	5	5	3	4	2	7	4	2	2	2	0	2	1	2	0	2	0	3	1	1	4	1	1	2	3	6	5	3	4	4	1	4	0	5	6	4	3	4	14	8	8	4	0	1	0	2	4	3	4	4	1	2	3	2	1	1	2	3	2	6	8	9	8	5	7	10	8	6	4	10	9	6	4	10	6	3	6	6	4	5	5	17	14	8	8	10	12	11	15	26	37	25	12	7	3	5	5	5	3	3	3	3	0	6	5	6	5	11	4	6	3	2	2	3	5	5	4	7	7	10	25	25	8	3	2	2	4	11	11	11	14	26	170	160	0	68	17	75	53	24	23	25	11	16	5	7	5	8	7	18	14	14	37	62	66	36	27	18	0
0	0	0	0	0	0	2	1	3	4	1	1	3	0	2	5	4	0	6	1	2	2	3	0	1	0	0	2	0	1	1	0	0	0	1	0	2	2	1	1	6	2	4	5	4	1	1	4	2	3	7	4	2	1	1	2	2	2	0	1	2	3	6	3	2	0	0	3	0	0	6	2	2	4	4	11	6	6	9	6	2	5	7	8	7	7	1	2	2	4	2	2	3	8	8	3	8	4	8	9	5	6	11	16	8	8	3	5	6	7	9	7	5	4	4	11	8	5	9	7	7	2	1	4	2	4	3	3	8	6	4	18	12	22	29	6	3	2	2	4	2	5	18	20	41	74	30	68	0	62	221	42	16	20	10	12	4	4	2	3	6	7	7	7	14	9	22	35	25	11	12	0
0	0	0	0	1	2	3	1	4	2	1	2	1	1	0	0	2	2	1	4	1	2	0	0	0	1	2	1	2	0	1	1	1	0	1	2	1	0	2	1	1	0	4	0	0	1	2	2	3	4	2	8	2	3	2	2	1	1	1	2	3	4	1	0	0	1	2	0	2	0	3	1	2	2	2	2	4	3	5	5	2	2	0	3	6	3	3	2	0	2	5	5	3	7	8	3	10	4	5	10	7	9	6	9	10	2	3	3	5	3	3	5	4	1	0	1	3	6	3	2	5	2	2	3	4	4	5	6	8	9	4	8	7	12	8	7	3	2	0	0	1	3	16	18	23	20	16	17	62	0	140	23	19	14	9	5	2	1	2	3	2	2	6	9	4	2	8	11	11	7	5	0
0	0	0	2	2	1	1	0	3	1	3	2	3	1	1	2	3	0	2	3	0	3	1	0	1	2	1	1	0	1	0	0	3	1	1	0	0	3	2	5	2	3	3	4	2	2	2	1	5	2	2	4	5	7	2	1	2	0	2	2	6	3	1	3	2	2	1	2	4	2	2	3	2	5	5	5	8	5	11	2	5	5	3	10	6	3	2	1	3	3	4	2	4	5	6	10	4	5	3	3	4	7	8	13	9	6	1	4	4	8	1	3	3	5	3	2	3	8	7	1	0	3	3	2	2	5	6	4	8	8	12	9	14	12	14	8	2	2	2	4	2	11	10	21	53	53	26	75	221	140	0	74	39	27	14	14	6	1	5	6	2	6	2	12	14	14	15	35	19	9	9	0
0	0	0	0	1	0	2	0	3	4	1	4	4	3	3	2	3	5	3	1	3	2	3	2	0	4	0	0	1	0	2	0	2	0	0	1	1	3	2	4	2	2	1	4	1	2	2	3	2	4	4	7	6	7	3	3	0	0	2	1	4	5	2	1	2	1	1	4	2	1	6	5	4	3	5	12	9	6	20	19	7	6	11	5	14	7	1	3	6	0	3	2	4	11	7	8	7	6	4	6	6	13	27	23	18	8	11	4	5	7	1	8	1	0	4	7	4	4	9	6	4	3	5	2	4	3	3	8	11	8	5	18	11	16	20	7	4	4	6	1	4	10	8	25	72	103	87	53	42	23	74	0	184	57	11	13	8	5	5	5	4	7	4	7	10	16	19	24	9	9	7	0
0	0	0	1	0	0	1	1	1	1	5	1	6	1	0	3	1	1	4	4	2	3	1	1	2	0	1	0	2	0	0	0	1	1	3	0	5	1	0	3	1	1	5	3	3	3	4	4	3	8	7	7	6	9	4	5	0	2	2	5	3	7	3	2	3	0	1	1	5	2	3	5	3	5	7	4	11	13	18	19	11	3	9	5	4	6	2	2	4	5	8	3	6	10	8	5	5	7	5	5	5	9	7	18	23	14	6	10	10	1	3	3	4	2	2	7	6	4	4	3	5	1	5	1	1	0	7	6	3	10	6	12	15	10	20	13	8	2	1	5	6	9	14	36	65	58	51	24	16	19	39	184	0	83	13	9	8	9	3	4	7	5	3	11	9	12	13	18	6	3	10	0
0	0	0	2	0	1	1	1	5	3	3	3	5	3	4	4	4	2	4	3	3	3	3	3	1	0	0	0	0	2	0	0	2	1	1	1	2	3	1	4	7	3	6	6	2	3	6	5	4	8	21	14	19	11	9	1	2	1	6	2	7	6	7	3	0	2	3	2	2	8	4	5	6	8	9	10	20	19	34	27	20	7	11	6	9	10	3	3	6	2	3	3	8	7	4	9	8	4	8	8	8	8	25	26	21	14	12	14	11	16	11	7	10	9	10	9	5	6	17	5	6	6	3	3	4	3	7	6	12	16	13	18	28	22	63	18	10	3	4	9	5	12	26	58	95	78	35	23	20	14	27	57	83	0	35	13	14	8	9	6	6	12	5	4	15	19	23	43	26	12	11	0
0	0	0	1	4	1	3	6	6	6	1	3	4	4	6	3	6	4	5	7	2	3	1	4	1	0	1	3	0	1	0	1	1	1	2	3	3	4	3	6	4	2	3	6	2	1	2	3	3	6	12	15	12	15	3	3	2	2	2	5	6	7	4	2	3	2	0	2	5	3	6	3	3	4	11	14	13	7	16	5	6	6	4	10	9	10	9	6	5	1	4	8	5	4	6	7	8	2	7	8	16	8	17	14	17	14	13	29	25	30	15	10	14	15	13	21	25	32	41	59	41	23	9	10	12	29	12	21	26	35	35	63	120	218	350	89	14	8	5	5	14	45	31	21	12	23	19	25	10	9	14	11	13	35	0	51	51	20	19	7	28	11	17	16	15	22	31	51	74	41	30	0
0	0	0	1	0	1	3	2	0	3	2	5	7	4	6	6	7	2	1	4	1	3	1	4	0	4	1	1	1	0	2	1	1	2	0	1	1	3	4	9	3	3	7	2	2	5	4	2	1	2	8	13	5	12	7	4	2	4	2	7	7	6	2	3	1	2	1	1	2	7	3	3	3	6	1	6	4	4	3	7	4	5	5	5	7	5	5	6	7	9	3	5	6	9	11	4	1	6	1	13	19	14	6	9	10	5	5	12	17	14	18	8	9	16	11	22	21	33	148	74	31	12	8	5	12	16	15	7	12	14	16	21	25	64	30	20	13	3	7	4	15	16	11	11	9	17	12	11	12	5	14	13	9	13	51	0	67	50	33	11	19	14	17	18	18	16	30	28	92	123	94	0
0	0	0	0	1	2	2	3	7	7	7	6	7	3	2	9	14	13	7	10	3	4	0	2	3	5	2	2	1	1	3	2	1	1	4	0	2	6	7	5	3	9	7	10	3	2	5	5	5	5	8	9	9	18	11	1	3	5	4	12	8	7	1	3	0	2	3	5	3	4	6	5	9	7	9	30	6	8	5	8	4	3	5	4	12	12	10	10	16	10	5	12	7	8	9	8	14	7	7	10	33	28	22	16	12	16	24	19	13	14	17	14	18	20	34	61	44	76	69	36	18	14	12	10	9	17	9	11	11	6	12	13	19	36	33	51	22	8	5	11	15	21	6	9	7	13	10	16	4	2	6	8	8	14	51	67	0	246	67	20	62	40	51	31	28	26	27	28	56	51	129	0
0	0	0	2	1	2	2	6	6	3	9	7	5	4	6	13	13	8	5	5	3	5	3	0	5	4	2	1	0	1	1	0	2	1	1	0	3	9	12	14	7	6	7	2	4	8	3	9	2	5	8	11	14	14	13	1	8	2	7	4	6	3	2	3	2	2	4	1	4	0	0	6	5	5	18	14	9	2	10	5	5	2	9	2	14	14	8	3	14	11	14	10	9	10	10	10	7	9	14	15	30	23	11	9	10	10	12	10	13	4	11	10	17	20	32	31	50	56	68	18	18	23	12	8	20	12	4	5	10	7	7	10	7	20	21	33	24	13	10	11	18	12	3	4	5	12	3	5	4	1	1	5	9	8	20	50	246	0	157	30	85	49	96	40	19	12	21	24	30	42	94	0
0	0	0	4	1	1	6	3	5	9	8	12	11	8	12	16	38	8	13	8	3	1	0	4	0	3	1	2	1	1	2	2	2	1	5	3	7	17	9	19	7	2	6	7	4	4	6	5	5	5	11	9	6	21	6	4	6	9	6	8	12	6	3	1	2	1	2	1	1	4	4	5	6	7	12	18	10	7	9	6	8	1	6	4	19	23	19	25	25	13	18	19	17	11	10	9	14	11	9	14	49	27	12	11	9	8	10	16	9	6	11	7	9	25	29	19	40	34	20	12	11	10	15	8	12	7	6	5	6	2	5	6	9	10	12	12	23	11	4	15	13	4	5	8	1	7	6	7	2	2	5	5	3	9	19	33	67	157	0	71	144	105	168	41	15	16	19	9	19	20	43	0
0	0	0	0	0	1	7	7	7	12	22	9	12	13	24	67	120	53	24	10	7	5	1	1	5	1	2	2	3	1	1	3	4	3	1	3	11	37	28	35	17	13	8	9	5	7	6	4	1	4	5	5	10	24	23	5	16	8	9	23	12	7	2	5	4	7	2	9	5	5	2	5	13	16	23	25	11	7	7	8	5	5	15	9	21	33	43	26	31	21	20	14	10	7	16	3	7	8	12	18	37	29	8	4	7	7	34	18	3	3	5	5	15	32	45	17	24	19	12	8	6	10	11	14	7	3	1	1	8	2	5	5	6	6	9	14	60	22	23	32	18	8	4	4	3	8	6	5	3	3	6	5	4	6	7	11	20	30	71	0	179	105	31	14	9	14	9	6	9	8	16	0
0	0	0	2	1	2	4	4	3	10	15	9	11	9	12	23	37	23	19	10	1	5	2	3	0	5	0	2	1	2	1	1	3	2	1	2	4	18	19	23	10	11	15	10	5	3	7	7	5	4	9	16	15	23	14	5	7	12	10	11	23	5	5	4	5	2	6	3	3	5	12	4	13	22	30	32	14	17	6	7	7	9	6	10	23	24	28	24	42	19	20	10	16	11	7	10	14	8	15	14	77	33	14	10	13	14	35	26	13	8	18	9	6	15	47	47	38	25	27	11	9	14	10	16	10	7	6	5	4	6	4	5	7	9	16	35	71	15	15	19	25	16	7	11	4	7	8	8	6	2	2	4	7	6	28	19	62	85	144	179	0	328	39	25	20	14	15	16	15	16	34	0
0	0	0	2	5	1	2	5	8	12	17	15	8	11	17	21	20	21	9	11	6	2	3	0	1	6	1	1	0	0	2	1	5	4	2	1	6	6	21	18	14	6	7	4	3	2	4	5	5	5	10	10	12	17	9	4	8	1	6	21	11	10	2	1	6	4	3	0	0	5	10	9	13	21	41	26	11	8	3	5	8	10	9	16	43	39	47	33	42	28	29	17	16	16	31	15	19	16	15	38	161	85	12	16	18	24	24	21	4	11	9	11	14	16	22	22	26	25	12	12	10	10	16	10	12	4	3	1	4	3	3	6	10	5	9	26	26	11	12	15	19	13	3	8	3	4	6	7	7	2	6	7	5	12	11	14	40	49	105	105	328	0	82	45	26	22	19	14	19	18	27	0
0	0	0	0	3	3	0	4	4	3	7	4	9	10	6	12	15	9	10	5	4	4	2	3	2	2	1	1	0	0	1	0	1	3	3	1	3	8	7	8	10	7	5	1	3	0	1	2	3	0	4	7	7	14	5	5	6	5	7	6	10	7	3	2	2	1	4	4	2	7	4	4	5	9	17	15	11	3	5	4	4	0	4	7	12	14	23	24	30	26	21	17	30	25	22	8	11	9	22	17	62	27	16	13	11	2	12	15	7	4	8	4	8	14	13	10	22	22	21	13	8	11	7	8	12	3	3	2	2	4	5	5	6	12	9	15	9	5	7	6	11	7	7	7	4	8	6	18	7	6	2	4	3	5	17	17	51	96	168	31	39	82	0	157	41	26	22	16	25	41	69	0
0	0	0	1	2	0	3	4	3	8	8	5	8	8	7	13	9	10	11	7	4	3	0	1	2	2	1	2	0	2	0	1	1	2	0	3	5	6	12	7	3	7	3	2	1	3	5	4	0	3	4	4	4	7	4	0	4	4	3	8	7	3	1	2	3	1	1	3	2	2	4	5	5	16	12	13	10	3	5	10	5	5	9	8	20	23	21	20	12	28	25	17	35	41	22	10	31	11	16	54	74	36	25	23	19	18	12	9	6	4	7	7	6	12	16	10	5	15	14	10	8	8	3	7	6	5	3	7	3	3	3	5	5	16	11	15	10	3	7	6	4	10	7	5	8	10	12	14	7	9	12	7	11	4	16	18	31	40	41	14	25	45	157	0	135	49	43	24	36	46	79	0
0	0	0	0	1	2	5	2	4	4	6	9	6	6	17	8	5	5	3	3	4	5	2	1	1	1	2	2	0	0	1	0	2	1	0	0	6	6	10	6	5	5	5	2	2	3	3	5	2	2	8	5	11	3	3	7	5	9	4	9	7	2	3	3	2	1	2	5	2	1	3	7	7	18	15	12	8	9	7	12	11	8	7	6	12	14	14	23	21	27	29	16	78	75	42	16	51	21	42	83	65	27	20	39	34	18	8	7	3	5	5	2	5	4	3	6	6	10	10	9	3	4	7	5	7	7	7	3	1	7	9	5	5	10	11	10	7	2	8	8	4	6	6	4	7	20	26	14	14	4	14	10	9	15	15	18	28	19	15	9	20	26	41	135	0	108	55	24	19	34	33	0
0	0	0	0	0	4	1	4	7	2	4	6	6	6	4	6	5	8	4	3	3	3	5	2	1	2	0	1	1	0	1	1	2	3	1	0	1	1	5	7	4	2	4	2	2	2	5	4	3	3	7	6	8	7	1	2	1	0	5	2	9	6	3	4	3	3	3	3	5	2	2	4	7	10	14	12	10	7	11	7	11	7	10	7	23	17	12	6	9	10	8	14	34	28	25	25	49	17	21	40	44	50	64	110	59	19	9	9	4	8	3	2	9	4	14	11	10	9	8	11	9	4	6	4	4	2	4	7	7	13	7	13	8	14	24	20	7	7	6	4	4	5	6	9	12	51	35	37	9	2	14	16	12	19	22	16	26	12	16	14	14	22	26	49	108	0	175	61	45	28	31	0
0	0	0	3	1	2	1	5	2	2	2	3	5	7	5	3	8	5	1	2	1	4	1	2	1	0	0	2	0	0	1	2	2	0	1	3	3	4	7	2	3	6	3	4	0	1	3	0	2	3	8	5	6	4	4	1	3	2	4	6	3	7	5	2	2	3	5	1	2	1	4	6	12	9	12	13	7	4	7	12	8	2	6	9	12	13	9	4	14	7	6	7	11	19	11	9	11	9	17	24	31	26	35	56	21	17	8	7	3	3	2	8	5	8	10	20	11	18	16	9	9	6	2	4	6	5	5	6	3	5	7	12	14	25	29	14	10	4	4	1	4	12	10	15	15	46	39	62	22	8	15	19	13	23	31	30	27	21	19	9	15	19	22	43	55	175	0	204	171	77	54	0
0	0	0	0	0	1	4	4	2	3	0	5	7	3	4	5	4	4	2	6	2	2	1	3	2	1	3	3	1	0	1	1	0	2	1	1	1	3	7	2	3	8	3	6	1	0	3	2	3	7	5	12	10	8	7	2	2	1	3	3	13	6	3	1	0	2	0	1	5	3	2	4	6	5	11	16	5	8	9	8	9	5	7	12	12	6	14	9	5	6	4	6	11	8	17	14	13	4	9	17	20	22	29	24	17	18	9	23	14	7	7	7	10	13	12	16	9	19	20	16	14	3	3	4	12	4	8	3	9	14	10	16	24	57	69	29	12	4	5	5	8	20	15	24	17	106	44	66	35	11	35	24	18	43	51	28	28	24	9	6	16	14	16	24	24	61	204	0	285	45	35	0
0	0	0	7	1	2	1	3	4	2	2	3	6	6	4	6	5	6	2	2	3	2	2	1	2	1	1	1	1	1	2	0	0	2	1	0	5	5	2	2	8	4	2	4	8	2	3	2	2	8	10	11	8	3	5	2	3	2	2	4	10	4	2	2	2	4	3	2	3	4	3	4	5	7	9	7	12	3	10	10	2	4	1	8	13	6	9	4	7	9	3	7	11	10	8	4	12	7	10	14	29	20	15	24	20	12	7	11	5	9	8	3	9	11	9	17	18	25	23	26	8	11	5	6	12	3	7	9	11	9	8	23	17	59	49	27	9	5	2	5	6	15	18	19	18	38	22	36	25	11	19	9	6	26	74	92	56	30	19	9	15	19	25	36	19	45	171	285	0	153	87	0
0	0	0	0	0	2	1	3	3	2	5	5	4	4	2	4	10	5	1	2	4	4	2	0	1	2	1	5	0	2	0	2	0	1	2	1	1	7	1	3	5	2	7	3	1	2	0	3	2	4	6	5	3	9	6	1	5	2	2	4	8	1	5	1	0	0	2	0	1	1	5	7	4	5	10	8	4	5	5	7	10	3	2	3	9	9	4	3	6	10	3	14	11	10	12	6	9	7	11	8	16	12	7	16	11	13	12	6	13	8	13	8	7	3	13	16	10	24	41	15	12	10	3	3	8	6	10	10	5	14	8	12	20	30	26	13	8	3	5	1	9	14	7	9	11	26	9	27	11	7	9	9	3	12	41	123	51	42	20	8	16	18	41	46	34	28	77	45	153	0	268	0
0	0	0	0	0	3	1	5	3	10	5	4	7	8	4	6	9	3	6	1	2	1	2	4	0	1	1	1	0	3	0	1	1	3	0	1	7	8	6	4	4	7	4	5	2	4	2	6	7	4	5	7	5	6	9	1	3	7	4	6	4	4	4	0	0	5	4	3	1	3	3	8	5	5	17	15	5	6	2	8	3	3	1	5	11	14	17	10	18	16	11	7	15	12	15	8	12	6	14	14	27	30	14	15	13	8	11	11	14	9	6	5	4	15	10	20	16	24	56	20	13	14	4	7	8	7	1	12	12	7	6	14	14	23	26	24	12	10	3	7	16	13	11	13	9	13	20	18	12	5	9	7	10	11	30	94	129	94	43	16	34	27	69	79	33	31	54	35	87	268	0	0
0	0	0	0	0	0	0	0	0	0	0	0	0	0	0	0	0	0	0	0	0	0	0	0	0	0	0	0	0	0	0	0	0	0	0	0	0	0	0	0	0	0	0	0	0	0	0	0	0	0	0	0	0	0	0	0	0	0	0	0	0	0	0	0	0	0	0	0	0	0	0	0	0	0	0	0	0	0	0	0	0	0	0	0	0	0	0	0	0	0	0	0	0	0	0	0	0	0	0	0	0	0	0	0	0	0	0	0	0	0	0	0	0	0	0	0	0	0	0	0	0	0	0	0	0	0	0	0	0	0	0	0	0	0	0	0	0	0	0	0	0	0	0	0	0	0	0	0	0	0	0	0	0	0	0	0	0	0	0	0	0	0	0	0	0	0	0	0	0	0	0	0
