0	0	0	0	0	0	0	0	0	0	0	0	0	0	0	0	0	0	0	0	0	0	0	0	0	0	0	0	0	0	0	0	0	0	0	0	0	0	0	0	0	0	0	0	0	0	0	0	0	0	0	0	0	0	0	0	0	0	0	0	0	0	0	0	0	0	0	0	0	0	0	0	0	0	0	0	0	0	0	0	0	0	0	0	0	0	0	0	0	0	0	0	0	0	0	0	0	0	0	0	0	0	0	0	0	0	0	0	0	0	0	0	0	0	0	0	0	0	0	0	0	0	0	0	0	0	0	0	0	0	0	0	0	0	0	0	0	0	0	0	0	0	0	0	0	0	0	0	0	0	0	0	0	0	0	0	0	0	0	0	0	0	0	0	0	0	0	0	0	0	0	0	0	0	0	0	0	0	0	0	0	0	0	0	0	0	0	0	0	0	0	0	0	0	0	0
0	0	0	0	0	0	0	0	0	0	0	0	0	0	0	0	0	0	0	0	0	0	0	0	0	0	0	0	0	0	0	0	0	0	0	0	0	0	0	0	0	0	0	0	0	0	0	0	0	0	0	0	0	0	0	0	0	0	0	0	0	0	0	0	0	0	0	0	0	0	0	0	0	0	0	0	0	0	0	0	0	0	0	0	0	0	0	0	0	0	0	0	0	0	0	0	0	0	0	0	0	0	0	0	0	0	0	0	0	0	0	0	0	0	0	0	0	0	0	0	0	0	0	0	0	0	0	0	0	0	0	0	0	0	0	0	0	0	0	0	0	0	0	0	0	0	0	0	0	0	0	0	0	0	0	0	0	0	0	0	0	0	0	0	0	0	0	0	0	0	0	0	0	0	0	0	0	0	0	0	0	0	0	0	0	0	0	0	0	0	0	0	0	0	0	0
0	0	0	0	0	0	0	0	0	0	0	0	0	0	0	0	0	0	0	0	0	0	0	0	0	0	0	0	0	0	0	0	0	0	0	0	0	0	0	0	0	0	0	0	0	0	0	0	0	0	0	0	0	0	0	0	0	0	0	0	0	0	0	0	0	0	0	0	0	0	0	0	0	0	0	0	0	0	0	0	0	0	0	0	0	0	0	0	0	0	0	0	0	0	0	0	0	0	0	0	0	0	0	0	0	0	0	0	0	0	0	0	0	0	0	0	0	0	0	0	0	0	0	0	0	0	0	0	0	0	0	0	0	0	0	0	0	0	0	0	0	0	0	0	0	0	0	0	0	0	0	0	0	0	0	0	0	0	0	0	0	0	0	0	0	0	0	0	0	0	0	0	0	0	0	0	0	0	0	0	0	0	0	0	0	0	0	0	0	0	0	0	0	0	0	0
0	0	0	0	20	7	9	2	6	8	3	0	7	6	8	5	4	5	2	6	9	5	5	4	15	10	14	40	56	25	10	12	7	3	0	8	8	7	7	8	11	13	8	5	5	10	31	56	6	10	17	20	32	19	15	19	8	8	0	2	4	5	1	0	2	2	0	1	1	3	0	1	1	1	0	1	2	3	1	1	3	5	7	2	5	1	5	3	1	3	1	1	1	0	2	0	4	3	2	2	0	1	0	2	1	1	2	1	2	1	1	2	2	0	1	0	1	2	1	0	1	2	1	1	3	3	1	1	2	2	0	3	1	3	2	0	1	1	1	0	0	0	0	1	0	1	0	1	2	3	1	2	1	1	0	2	0	3	0	0	2	0	2	2	1	1	3	3	4	4	2	1	0	0	0	0	0	0	2	2	1	2	0	1	1	0	2	0	1	1	2	0	1	1	1	2
0	0	0	20	0	33	93	18	37	33	9	6	27	60	25	14	8	5	7	28	14	22	14	12	25	23	30	25	43	32	10	31	6	8	4	6	12	14	18	28	35	35	27	13	57	498	46	9	6	17	5	3	15	160	36	153	21	14	7	4	0	7	4	2	4	5	2	5	4	2	0	2	1	3	0	2	5	4	1	2	9	11	14	9	12	7	12	3	6	3	1	0	1	2	5	2	2	3	4	2	3	1	2	2	2	2	5	6	2	2	0	0	3	5	3	1	3	0	1	2	1	1	3	1	2	1	2	1	5	1	3	3	1	6	2	0	2	1	4	1	2	1	0	1	2	0	3	1	0	5	3	2	0	4	2	1	0	5	3	4	4	0	2	4	2	1	2	0	3	2	2	2	1	1	0	1	1	1	1	5	1	7	2	1	3	0	1	3	0	3	1	2	0	0	5	1
0	0	0	7	33	0	102	95	115	95	18	11	73	280	243	9	8	6	8	12	9	4	6	8	14	4	11	9	7	6	12	7	7	3	4	4	8	10	20	29	34	40	29	21	25	38	19	3	3	10	3	4	5	23	20	23	8	9	1	7	5	8	7	3	5	3	2	2	4	1	0	1	0	3	1	1	3	2	2	0	1	6	12	9	9	8	3	2	6	2	0	1	0	4	1	2	2	1	2	3	1	6	3	2	1	2	2	1	3	1	0	1	2	2	0	1	0	0	1	2	3	1	2	1	2	2	3	3	2	4	4	1	3	3	1	2	3	4	2	1	1	0	0	0	0	3	0	2	1	2	3	1	2	1	0	2	3	4	3	4	2	0	0	1	3	0	0	0	0	1	2	0	1	0	0	2	3	1	3	3	2	2	1	0	1	1	1	1	0	1	1	3	2	2	1	2
0	0	0	9	93	102	0	64	54	36	2	5	26	337	47	26	23	5	13	20	11	13	13	9	21	18	28	19	29	12	14	31	7	8	8	6	13	21	30	46	72	54	53	27	27	103	28	6	12	11	6	12	8	125	69	97	10	12	4	7	4	4	6	2	5	3	0	0	2	3	2	0	1	2	1	2	6	1	3	2	5	4	12	6	13	8	3	1	2	7	4	2	2	2	3	5	2	3	2	4	1	2	0	1	0	0	1	1	2	2	3	3	4	3	2	0	0	1	3	1	0	1	3	3	1	1	4	4	4	4	8	2	0	3	0	2	3	2	0	0	1	2	1	3	2	2	1	3	3	0	4	2	1	0	0	6	2	2	1	2	3	0	4	4	3	1	2	4	1	3	1	0	0	3	1	3	1	2	1	1	6	3	2	2	1	2	3	1	1	2	2	1	1	1	0	1
0	0	0	2	18	95	64	0	55	25	10	14	21	108	380	38	19	6	13	13	6	3	10	6	8	14	14	6	8	4	9	18	5	9	9	4	8	17	32	53	64	96	30	23	23	24	11	4	3	10	3	6	4	29	19	23	5	4	7	5	9	9	5	5	7	4	1	1	1	1	1	4	1	4	2	2	7	6	6	2	2	6	18	8	7	7	5	1	8	3	4	1	1	5	3	2	5	1	1	5	1	2	2	5	2	2	2	6	4	3	2	1	2	1	1	1	1	1	1	1	1	4	1	0	1	1	2	3	3	1	1	4	2	4	0	0	4	2	2	2	1	2	2	3	1	1	0	0	4	2	0	5	2	4	3	1	2	1	1	5	5	2	1	3	1	1	2	1	1	0	3	2	0	0	0	1	2	1	2	5	3	2	3	2	4	1	8	3	1	2	0	2	0	1	0	1
0	0	0	6	37	115	54	55	0	124	18	14	89	107	91	24	3	4	7	15	8	12	17	5	7	10	3	5	14	10	4	27	3	5	13	7	11	13	33	45	42	57	28	13	50	57	15	7	6	4	2	6	13	22	19	45	19	9	6	3	8	2	8	3	7	3	4	1	0	0	2	4	0	0	1	4	9	2	2	3	4	11	23	16	15	3	5	0	9	2	7	2	4	3	3	5	6	0	1	1	1	0	1	1	1	8	3	4	4	2	0	4	2	3	3	1	2	1	2	3	1	1	3	3	2	0	1	0	3	2	3	6	0	1	2	3	1	2	1	1	0	0	1	2	1	1	1	2	3	5	4	1	0	0	0	1	5	1	2	5	3	0	5	6	1	3	1	0	1	3	3	2	1	0	2	1	1	3	1	2	4	1	1	0	1	5	3	2	3	0	0	0	1	0	1	3
0	0	0	8	33	95	36	25	124	0	27	23	875	63	44	12	6	2	7	15	4	7	5	6	13	11	8	12	7	9	7	15	6	2	6	1	6	12	11	20	15	19	11	6	24	53	8	8	5	3	5	7	4	18	14	22	6	4	4	5	1	5	9	2	6	1	1	1	2	1	2	1	0	1	0	2	1	7	3	2	5	2	14	9	11	3	3	1	7	3	1	2	1	1	2	5	3	3	2	3	1	0	1	0	0	4	4	3	0	2	2	0	1	2	0	2	1	3	0	0	1	1	0	2	0	0	2	2	0	3	3	4	3	4	1	2	1	2	1	0	2	1	1	2	1	1	1	1	2	1	1	1	0	0	1	2	2	6	3	1	3	3	0	5	6	5	2	0	2	0	2	0	3	0	1	0	2	2	1	3	2	2	0	0	1	0	3	0	1	4	2	3	1	1	1	1
0	0	0	3	9	18	2	10	18	27	0	123	40	8	15	7	3	4	5	6	5	4	3	3	4	9	5	3	6	3	3	6	3	2	2	4	6	9	7	7	9	9	4	1	6	12	5	3	3	5	3	2	2	8	4	9	6	1	5	3	3	3	8	5	9	1	3	2	1	5	4	2	0	1	2	1	4	1	2	5	2	2	12	2	9	3	2	2	4	1	1	3	0	1	2	2	2	4	1	2	3	1	2	1	0	3	2	2	1	5	0	2	1	1	1	1	0	1	3	1	0	1	3	0	0	0	1	3	2	2	4	3	0	3	0	0	0	0	1	2	0	0	2	2	1	0	2	1	2	2	1	0	0	1	1	0	0	2	2	2	3	2	2	2	2	3	1	0	0	0	1	0	1	0	0	2	1	1	1	1	0	2	1	0	1	2	0	2	2	0	2	1	2	2	1	1
0	0	0	0	6	11	5	14	14	23	123	0	25	9	12	6	3	2	1	8	5	1	5	2	6	2	4	4	4	1	2	6	3	3	2	1	3	7	5	2	8	4	2	3	4	15	7	2	2	3	1	3	2	10	2	4	1	1	2	5	1	4	3	5	3	1	1	2	0	0	0	2	2	2	3	1	1	4	1	0	3	4	3	5	1	2	1	3	0	3	1	1	4	5	0	0	4	2	0	2	1	1	4	0	0	0	1	0	2	2	3	1	0	0	0	1	2	0	1	1	0	2	0	0	1	2	0	0	4	3	2	3	2	0	2	2	0	1	1	0	1	0	0	0	1	1	1	1	3	1	0	0	0	1	1	0	5	1	2	2	1	2	2	1	0	0	2	1	0	1	0	1	1	0	0	0	1	0	1	2	2	2	3	0	0	2	1	1	0	2	0	1	0	0	1	1
0	0	0	7	27	73	26	21	89	875	40	25	0	37	42	6	9	6	4	7	8	5	8	4	3	6	9	8	7	7	2	8	4	5	5	2	8	8	12	13	12	16	8	10	16	49	7	5	4	2	3	5	6	18	11	17	4	4	2	4	4	5	8	5	5	6	3	3	0	0	0	0	1	2	1	1	1	3	2	4	6	3	10	5	8	5	3	1	1	2	3	2	1	4	6	4	5	1	0	0	5	2	1	2	0	1	2	1	3	1	1	2	1	1	0	0	3	0	1	1	2	1	1	2	1	0	1	0	3	2	2	3	1	1	2	0	3	1	2	2	1	1	1	1	0	1	1	1	1	0	1	1	2	0	2	0	2	2	1	0	1	0	2	3	1	2	2	0	0	1	2	1	0	1	0	1	0	2	0	1	3	0	1	2	3	0	0	2	0	0	1	2	2	2	0	0
0	0	0	6	60	280	337	108	107	63	8	9	37	0	193	25	18	5	9	13	5	11	11	10	13	14	12	11	17	15	10	23	4	7	5	5	9	13	24	40	54	74	39	27	40	65	11	7	5	7	2	10	12	49	35	51	18	7	4	9	5	6	7	6	3	6	4	3	2	2	3	1	6	0	1	4	4	4	2	0	3	5	10	10	14	7	7	5	5	1	2	1	0	3	3	8	1	1	1	2	1	1	0	1	1	3	1	0	3	4	4	2	4	1	1	0	0	0	1	1	1	0	0	3	2	1	3	3	2	2	4	1	2	0	2	1	3	1	1	0	0	2	2	2	0	2	1	0	3	0	3	3	2	2	3	2	0	2	2	2	3	0	2	2	4	2	3	1	2	3	4	4	0	1	1	0	0	0	2	2	3	1	1	2	2	3	3	4	0	3	1	1	2	1	3	1
0	0	0	8	25	243	47	380	91	44	15	12	42	193	0	25	9	7	11	11	12	5	10	4	9	9	18	9	8	10	4	9	13	5	10	4	9	18	27	39	44	69	21	21	27	28	9	3	5	4	3	6	6	27	18	14	7	10	3	9	8	3	6	9	8	5	3	1	3	0	0	4	1	2	1	2	3	2	0	2	7	6	14	14	9	4	6	3	4	6	2	1	0	0	1	1	6	2	3	3	4	2	0	1	2	3	1	0	2	4	2	4	1	2	2	1	2	0	1	0	1	2	1	3	0	0	3	2	5	4	1	2	5	2	0	2	1	0	3	0	2	0	3	1	2	0	0	2	4	1	1	1	2	0	1	3	2	4	2	4	2	2	1	5	4	5	4	1	0	4	4	0	2	1	1	1	1	3	1	2	3	2	2	1	1	0	1	1	2	3	0	4	3	1	4	1
0	0	0	5	14	9	26	38	24	12	7	6	6	25	25	0	36	22	83	62	19	8	28	9	22	11	31	8	12	11	12	23	12	16	10	15	16	104	107	122	139	128	67	240	55	13	5	9	6	6	3	6	9	27	19	35	23	27	23	38	16	29	17	12	12	7	5	3	6	3	4	3	3	2	4	4	10	1	4	1	4	11	32	44	40	11	13	4	13	6	2	2	2	6	4	4	4	3	3	2	2	3	3	2	3	5	3	1	5	9	8	4	11	6	3	3	1	1	2	1	3	6	2	1	7	3	4	2	5	4	6	9	4	7	5	1	1	3	0	1	1	2	2	2	1	3	2	2	5	2	1	1	6	5	0	1	6	5	3	8	4	5	2	16	4	3	4	5	3	4	4	4	2	2	3	1	3	4	2	6	3	10	2	3	2	3	3	4	3	6	3	0	5	2	3	3
0	0	0	4	8	8	23	19	3	6	3	3	9	18	9	36	0	24	44	31	18	12	18	17	25	15	34	16	16	14	18	27	18	23	12	5	13	30	12	21	45	31	71	45	21	8	11	11	11	21	9	19	9	23	50	25	9	51	10	11	9	8	6	4	3	2	1	2	1	4	3	3	2	1	4	4	2	0	1	1	4	6	9	8	10	8	12	2	5	4	2	2	0	5	0	4	2	3	3	5	3	2	1	3	2	4	5	3	6	2	0	5	6	6	3	2	1	1	4	1	1	3	2	2	1	4	0	1	3	4	5	6	3	3	3	1	2	3	2	0	5	2	0	3	1	3	3	1	0	3	2	3	3	3	2	4	5	1	2	1	4	6	6	6	3	2	4	1	0	3	1	2	3	3	2	1	1	3	2	6	6	1	2	2	6	3	7	3	4	2	6	0	3	1	3	0
0	0	0	5	5	6	5	6	4	2	4	2	6	5	7	22	24	0	89	36	28	11	38	47	24	21	27	9	11	9	27	26	57	77	32	15	20	29	13	11	10	16	25	47	12	10	13	10	4	11	10	11	13	11	15	10	16	197	48	24	13	19	5	5	12	6	1	7	5	3	4	1	7	3	2	5	13	8	6	2	11	6	18	13	21	19	27	14	8	9	6	3	3	8	3	3	5	4	5	5	7	1	1	4	2	9	4	2	10	8	2	12	21	4	7	4	1	3	2	1	1	3	1	3	4	5	7	5	4	6	7	1	7	7	8	3	6	8	8	5	4	3	4	3	5	1	2	3	4	1	10	13	7	5	5	0	4	8	4	5	7	8	13	15	8	6	4	1	1	5	3	5	1	0	1	4	7	3	5	17	11	6	6	8	2	10	5	4	2	6	10	6	3	2	4	4
0	0	0	2	7	8	13	13	7	7	5	1	4	9	11	83	44	89	0	63	20	10	37	15	21	19	26	7	14	11	12	17	20	25	40	11	18	79	30	31	25	28	35	115	25	8	10	4	2	9	5	5	9	22	8	15	17	52	29	52	25	14	14	11	14	6	2	2	6	6	5	1	2	3	4	7	10	9	6	4	10	18	16	23	41	30	25	16	12	11	7	4	1	4	1	6	7	3	4	6	4	3	2	3	1	8	3	5	8	9	7	7	10	2	6	3	1	1	1	3	1	3	4	5	3	3	5	5	8	10	4	8	6	3	5	5	11	4	0	1	1	2	0	3	3	2	3	2	4	4	6	7	5	2	0	2	6	10	3	8	11	4	5	12	8	1	1	3	2	2	3	3	0	2	5	5	3	0	5	13	8	8	2	2	8	3	9	1	2	2	5	7	3	5	3	4
0	0	0	6	28	12	20	13	15	15	6	8	7	13	11	62	31	36	63	0	65	17	114	43	26	22	31	11	23	23	17	59	31	29	78	17	65	1281	52	65	39	32	47	158	85	25	19	1	3	10	9	9	11	28	21	48	130	59	43	28	15	16	14	11	6	5	4	3	4	7	5	6	5	2	2	4	8	12	7	2	9	25	66	52	209	31	32	20	13	15	2	3	2	3	0	5	15	4	1	4	6	8	7	3	4	4	7	4	4	5	2	8	11	4	5	4	2	1	2	3	3	3	6	0	3	4	1	2	4	5	9	16	8	9	4	3	3	4	3	5	3	2	1	5	3	3	1	1	5	3	5	4	1	3	2	0	2	3	3	8	8	4	8	11	8	3	1	1	2	2	2	2	0	2	1	1	4	3	1	11	3	2	0	2	5	1	5	5	3	6	2	7	4	1	3	3
0	0	0	9	14	9	11	6	8	4	5	5	8	5	12	19	18	28	20	65	0	55	238	140	40	42	22	11	18	50	27	41	66	57	122	62	1470	47	12	21	13	13	25	27	22	21	19	15	6	9	10	8	16	19	13	30	162	62	66	21	4	13	8	2	9	8	4	4	3	5	3	2	2	1	2	8	10	12	14	5	14	22	20	18	46	37	25	18	13	17	11	4	1	7	6	11	17	3	2	9	6	6	6	3	4	5	4	7	10	9	7	3	7	10	4	2	4	3	3	4	6	1	0	3	2	1	0	6	7	13	17	9	6	11	3	4	9	2	2	1	2	2	3	1	2	1	4	4	4	3	5	6	2	2	4	2	4	5	6	12	6	5	5	7	7	6	2	1	2	2	0	2	2	1	1	4	2	3	5	7	9	3	4	0	1	1	2	7	3	2	2	2	4	8	6	2
0	0	0	5	22	4	13	3	12	7	4	1	5	11	5	8	12	11	10	17	55	0	55	38	46	75	32	18	25	398	23	43	22	16	18	23	57	25	12	23	12	16	13	12	22	21	75	26	3	9	9	16	30	23	15	30	54	25	14	4	5	3	13	6	2	6	4	3	2	1	1	0	2	0	1	3	3	5	6	4	10	11	14	8	21	8	9	8	10	3	4	5	3	7	12	13	11	6	2	8	5	1	1	3	4	3	3	3	3	6	2	3	11	3	1	1	4	4	1	2	5	1	2	2	2	3	2	1	2	4	5	1	7	4	2	7	7	4	5	0	1	1	5	4	3	1	3	5	2	3	5	1	2	2	2	2	2	1	2	3	1	5	4	3	4	2	5	2	1	3	4	1	1	1	2	2	1	2	4	4	3	5	0	1	3	4	3	2	0	3	1	0	0	1	4	2
0	0	0	5	14	6	13	10	17	5	3	5	8	11	10	28	18	38	37	114	238	55	0	223	90	66	72	9	13	51	40	110	96	71	87	31	122	59	20	15	32	15	36	41	43	14	33	12	2	20	7	10	17	30	26	37	92	132	49	16	6	7	3	6	9	7	5	5	5	2	1	2	1	3	2	4	7	8	1	8	11	15	21	20	67	17	15	10	12	20	4	2	1	6	7	6	7	4	6	3	3	2	2	4	0	1	3	7	6	6	5	10	8	7	4	3	0	1	1	2	2	1	3	2	3	1	1	5	4	4	6	5	10	3	5	3	8	3	7	6	2	3	1	2	4	2	1	3	4	7	7	11	4	1	3	3	5	2	6	11	5	3	4	7	6	1	2	2	1	3	7	2	1	2	3	2	2	6	1	5	8	6	6	0	3	2	5	0	2	3	1	4	4	2	2	3
0	0	0	4	12	8	9	6	5	6	3	2	4	10	4	9	17	47	15	43	140	38	223	0	56	72	48	18	23	46	59	53	313	168	73	32	94	25	11	16	17	10	14	19	13	10	18	14	9	17	8	21	33	17	12	20	36	106	57	8	5	6	2	1	9	5	1	3	4	6	5	5	3	3	4	5	6	11	9	7	14	12	17	8	20	19	15	12	4	11	6	7	2	7	7	11	13	6	5	3	5	1	5	3	2	5	5	3	11	13	4	6	9	8	5	1	5	4	2	5	4	2	3	2	2	0	4	3	3	5	5	3	5	6	8	6	5	2	6	4	2	4	3	2	7	4	3	2	3	5	4	7	2	3	2	1	5	3	6	1	6	8	10	10	3	3	4	2	1	4	1	3	1	0	4	1	3	3	6	6	1	6	4	5	3	1	5	5	2	7	2	2	4	4	11	3
0	0	0	15	25	14	21	8	7	13	4	6	3	13	9	22	25	24	21	26	40	46	90	56	0	324	806	41	64	66	115	614	32	29	20	16	37	32	18	16	20	18	66	31	44	25	68	24	11	21	11	24	49	60	74	59	43	47	23	8	5	5	5	3	7	4	0	1	2	2	5	2	4	3	1	4	3	4	3	3	6	7	20	8	17	11	7	9	6	8	1	1	3	4	9	4	2	1	3	5	4	0	1	4	3	2	1	4	5	4	3	4	6	5	3	6	2	2	1	0	6	2	1	3	2	2	6	1	6	6	3	2	0	2	4	0	2	3	3	1	3	2	3	2	2	2	0	3	0	5	1	5	3	3	5	0	2	5	6	4	6	3	3	4	1	3	3	2	1	1	1	1	1	0	2	2	2	1	5	2	2	3	4	3	3	2	5	6	3	3	1	2	4	2	5	3
0	0	0	10	23	4	18	14	10	11	9	2	6	14	9	11	15	21	19	22	42	75	66	72	324	0	172	38	62	93	162	142	61	22	29	19	32	23	15	18	12	14	41	20	22	15	64	42	13	20	17	25	112	43	43	30	31	48	22	5	7	6	3	5	2	2	0	2	3	2	4	1	2	1	2	4	11	5	8	1	6	6	9	9	22	11	10	7	6	5	4	1	5	4	6	5	7	2	4	6	2	0	0	4	1	4	3	4	3	3	4	3	6	6	2	3	5	1	0	1	4	3	0	1	1	2	1	2	4	3	3	5	2	6	2	2	1	4	3	1	0	4	5	4	1	3	2	1	1	4	1	2	2	2	4	1	3	5	2	4	2	4	4	4	4	1	2	0	0	1	3	2	2	1	3	0	2	2	3	6	4	3	5	1	3	2	3	1	6	3	6	4	3	2	6	2
0	0	0	14	30	11	28	14	3	8	5	4	9	12	18	31	34	27	26	31	22	32	72	48	806	172	0	58	67	40	187	262	38	13	22	11	20	33	15	29	30	28	71	37	31	26	75	37	15	32	22	46	63	63	124	56	25	48	6	10	4	5	4	0	11	0	3	1	2	2	1	3	1	5	0	1	3	5	3	2	2	6	8	10	12	11	13	5	8	6	8	2	0	1	7	1	3	2	2	2	3	0	4	3	1	4	1	3	1	6	4	5	8	2	1	1	4	0	2	1	0	2	2	4	3	1	4	2	5	5	4	2	2	5	0	2	1	2	7	4	0	1	0	4	0	1	0	1	2	2	1	4	1	2	2	2	3	4	3	1	1	2	1	6	3	2	3	1	0	2	1	3	0	0	1	0	3	3	5	8	2	3	4	3	4	4	2	2	7	2	2	2	1	2	3	1
0	0	0	40	25	9	19	6	5	12	3	4	8	11	9	8	16	9	7	11	11	18	9	18	41	38	58	0	377	31	48	34	18	14	9	4	11	7	5	9	8	3	11	9	9	16	72	345	28	39	21	91	208	27	36	18	5	10	7	7	4	4	2	0	6	4	1	2	0	1	1	1	1	2	0	2	3	3	3	0	1	2	7	3	4	4	3	0	5	5	3	4	1	3	2	3	2	4	0	5	3	2	0	1	1	0	4	0	4	5	1	1	2	0	2	2	1	0	1	0	3	0	1	1	0	0	1	1	4	3	2	2	0	3	2	2	0	2	1	2	3	2	0	1	1	3	1	1	0	1	3	0	2	2	1	3	1	1	1	1	2	2	1	5	2	1	2	0	0	0	0	0	1	0	2	2	2	1	3	6	2	3	1	4	0	3	2	3	4	4	1	3	0	0	1	3
0	0	0	56	43	7	29	8	14	7	6	4	7	17	8	12	16	11	14	23	18	25	13	23	64	62	67	377	0	34	48	59	17	8	10	6	5	13	9	8	16	9	26	17	13	26	93	101	17	31	15	60	107	63	71	38	6	9	7	6	0	3	5	3	2	3	2	2	3	1	3	0	2	1	0	1	2	3	5	2	7	2	6	4	6	7	4	4	5	3	1	2	1	3	3	0	9	0	2	4	1	0	3	0	1	3	3	2	3	3	4	3	1	4	1	0	3	5	3	2	1	1	1	1	2	2	0	3	0	1	2	3	3	3	4	4	7	3	2	0	1	2	6	3	2	2	2	4	0	5	5	1	4	0	2	1	5	6	1	1	4	3	2	1	3	1	5	0	2	0	0	3	1	0	0	2	1	1	5	1	3	1	1	3	4	2	2	2	3	1	0	1	0	3	3	2
0	0	0	25	32	6	12	4	10	9	3	1	7	15	10	11	14	9	11	23	50	398	51	46	66	93	40	31	34	0	33	77	28	18	17	15	47	22	14	11	9	15	21	18	32	28	136	27	7	12	11	13	46	37	11	47	31	23	18	7	3	7	4	7	7	2	2	1	1	1	3	1	0	4	4	2	5	3	3	2	4	8	13	6	16	7	5	8	7	14	2	4	1	1	6	10	7	4	1	2	3	1	4	3	3	2	3	3	8	3	1	1	6	4	0	2	1	2	1	4	0	2	1	0	0	0	6	2	4	3	3	4	4	3	1	2	5	1	8	1	1	0	0	1	0	1	1	4	4	1	1	4	2	2	3	2	1	5	5	6	2	3	1	8	1	3	2	2	2	2	1	3	1	1	1	2	0	2	1	3	5	0	6	0	2	1	2	1	2	1	3	3	3	3	2	2
0	0	0	10	10	12	14	9	4	7	3	2	2	10	4	12	18	27	12	17	27	23	40	59	115	162	187	48	48	33	0	63	61	36	12	10	25	22	7	12	19	12	22	27	17	10	30	34	19	70	31	54	73	32	36	20	21	66	13	15	3	6	2	2	6	1	3	3	1	4	2	3	1	3	3	3	7	5	5	1	1	5	5	6	14	7	9	6	6	4	0	4	3	4	2	10	5	3	2	3	4	0	1	2	2	4	4	3	5	6	4	3	7	8	3	0	2	0	2	1	4	0	4	1	3	0	1	0	3	5	6	3	1	5	5	4	3	5	2	6	1	3	2	2	1	3	2	3	1	3	3	6	5	3	2	4	8	3	1	4	3	6	4	7	2	3	1	1	5	4	2	1	1	0	3	4	4	2	4	7	6	3	2	2	3	5	4	4	3	4	2	1	2	2	3	5
0	0	0	12	31	7	31	18	27	15	6	6	8	23	9	23	27	26	17	59	41	43	110	53	614	142	262	34	59	77	63	0	27	28	20	13	40	69	22	35	38	43	95	59	68	30	58	20	13	19	15	15	26	89	65	104	51	54	16	12	3	7	9	0	6	5	3	4	0	1	2	0	2	3	1	2	3	7	3	6	5	8	20	17	26	7	10	6	6	8	1	3	7	3	4	5	4	2	2	4	4	1	2	0	3	6	1	3	5	1	4	0	5	7	3	0	3	0	0	2	2	4	0	2	0	1	3	5	8	8	5	4	1	4	3	2	6	5	2	2	3	2	0	2	5	4	0	1	4	1	4	2	7	1	0	3	4	1	4	4	7	6	2	5	5	2	3	3	3	2	1	1	0	0	1	2	4	2	2	4	2	1	3	3	0	4	3	1	4	6	4	1	2	4	5	3
0	0	0	7	6	7	7	5	3	6	3	3	4	4	13	12	18	57	20	31	66	22	96	313	32	61	38	18	17	28	61	27	0	365	51	35	44	24	17	11	12	12	12	21	12	10	9	13	3	11	19	13	20	7	10	14	30	155	49	13	7	5	0	3	6	6	1	4	2	2	2	3	0	1	2	2	12	10	2	6	14	11	12	9	13	13	18	18	10	15	5	8	1	5	4	8	7	2	4	1	7	2	1	2	4	4	7	6	9	8	8	9	12	10	4	6	2	4	2	0	2	4	3	0	1	3	5	1	2	7	2	4	6	3	4	4	7	2	1	2	1	2	4	4	2	1	2	5	7	6	5	4	1	6	5	6	6	3	1	9	8	8	5	8	7	7	2	1	2	5	3	4	0	0	0	2	8	8	2	9	7	5	4	3	3	3	6	4	4	6	2	5	1	4	4	4
0	0	0	3	8	3	8	9	5	2	2	3	5	7	5	16	23	77	25	29	57	16	71	168	29	22	13	14	8	18	36	28	365	0	86	48	55	41	7	12	12	11	14	27	10	4	11	7	8	7	8	17	20	15	11	7	26	126	129	13	12	8	3	4	6	3	5	6	2	4	4	2	4	5	1	7	17	14	16	5	12	18	14	12	27	20	22	20	13	18	6	4	2	7	4	7	7	7	3	9	10	3	2	3	4	9	5	7	6	7	5	8	14	14	6	1	2	1	2	3	7	3	0	2	4	2	3	6	8	3	7	3	10	9	10	8	11	3	4	0	4	3	6	2	2	7	4	2	7	6	7	14	8	4	4	2	7	9	5	8	5	8	5	17	5	4	2	2	7	2	3	3	1	2	1	3	3	8	4	11	9	3	3	2	3	4	10	8	4	4	5	4	3	4	8	6
0	0	0	0	4	4	8	9	13	6	2	2	5	5	10	10	12	32	40	78	122	18	87	73	20	29	22	9	10	17	12	20	51	86	0	41	107	63	18	9	11	10	22	24	21	11	14	4	8	9	11	6	8	2	12	20	64	54	246	32	8	11	14	12	14	2	1	7	3	4	8	2	4	2	9	7	21	14	5	11	17	31	29	32	78	91	79	32	30	29	13	5	6	9	5	13	20	6	10	10	14	2	1	5	6	8	4	9	11	9	13	15	15	12	2	2	5	5	3	3	8	4	1	2	1	2	6	4	12	9	20	12	8	15	9	2	11	8	6	6	7	2	6	5	0	3	3	3	1	9	4	7	4	4	1	5	5	2	13	13	17	10	4	16	8	3	3	5	5	4	5	3	0	1	3	2	6	7	11	9	3	6	8	3	3	3	4	2	8	10	2	5	2	6	4	5
0	0	0	8	6	4	6	4	7	1	4	1	2	5	4	15	5	15	11	17	62	23	31	32	16	19	11	4	6	15	10	13	35	48	41	0	68	18	9	5	5	8	9	9	8	10	11	4	1	8	4	8	11	7	4	12	22	22	54	9	8	7	6	6	5	6	4	8	5	5	5	5	1	7	1	6	20	44	31	9	47	16	19	15	18	35	37	34	18	51	11	8	7	19	14	31	58	15	8	10	12	3	2	3	6	9	9	9	15	17	12	10	17	7	7	3	3	7	7	7	5	0	2	3	2	2	5	7	4	4	17	8	12	14	8	4	7	11	5	7	6	4	6	7	3	6	3	8	2	9	5	3	2	3	2	2	7	4	6	11	8	6	9	16	10	5	4	5	4	4	5	5	6	0	0	1	4	3	5	11	7	6	3	0	0	4	6	7	2	6	5	12	2	5	6	10
0	0	0	8	12	8	13	8	11	6	6	3	8	9	9	16	13	20	18	65	1470	57	122	94	37	32	20	11	5	47	25	40	44	55	107	68	0	48	21	24	20	13	10	20	25	12	18	12	4	7	5	11	19	16	21	19	148	40	54	18	5	11	12	2	10	12	5	5	3	1	7	1	2	3	3	6	17	14	13	4	19	22	15	25	65	30	34	13	20	20	7	5	2	5	13	11	16	7	5	6	5	6	1	1	2	5	4	5	13	11	7	7	9	8	6	0	2	2	4	2	4	3	3	2	3	7	4	3	4	5	12	4	7	7	2	3	5	1	3	5	2	0	2	3	0	5	2	2	3	5	4	8	0	2	4	1	3	2	6	6	8	4	5	9	7	4	2	3	1	2	5	2	0	2	3	2	0	7	4	4	7	1	3	4	1	1	2	5	2	5	2	4	2	2	8	3
0	0	0	7	14	10	21	17	13	12	9	7	8	13	18	104	30	29	79	1281	47	25	59	25	32	23	33	7	13	22	22	69	24	41	63	18	48	0	79	68	59	42	56	371	99	18	17	9	5	9	6	6	10	18	25	30	79	56	22	46	7	28	22	8	20	7	4	6	3	5	7	3	3	0	4	6	10	13	6	1	17	22	45	52	167	25	26	6	15	11	7	2	5	1	3	2	9	6	9	3	2	3	4	8	5	8	6	7	4	11	6	10	14	6	5	3	2	2	1	4	3	5	2	3	1	3	3	2	3	9	6	10	7	6	5	2	2	4	1	0	3	3	4	4	5	2	1	1	4	7	7	2	3	0	4	4	1	2	5	10	6	9	1	5	4	4	2	4	3	5	3	3	2	1	1	1	2	1	5	7	7	5	3	2	2	3	3	4	0	4	2	2	1	3	3	1
0	0	0	7	18	20	30	32	33	11	7	5	12	24	27	107	12	13	30	52	12	12	20	11	18	15	15	5	9	14	7	22	17	7	18	9	21	79	0	175	56	111	30	62	88	17	7	5	1	4	7	4	8	17	14	33	40	27	15	14	13	18	20	13	18	5	2	4	1	4	2	0	3	3	2	5	5	6	6	5	6	15	148	50	56	18	15	10	8	7	3	3	3	5	3	4	6	2	2	5	3	2	4	0	4	5	10	2	6	6	3	5	6	7	0	2	5	1	3	1	2	3	1	0	1	3	3	3	7	5	4	10	2	3	5	1	4	4	1	1	2	0	5	1	1	1	1	3	3	3	2	8	4	1	2	3	3	2	9	6	10	5	9	8	4	4	2	0	1	1	2	2	2	0	1	2	3	1	3	6	4	4	3	4	2	3	6	0	2	2	1	2	2	3	8	3
0	0	0	8	28	29	46	53	45	20	7	2	13	40	39	122	21	11	31	65	21	23	15	16	16	18	29	9	8	11	12	35	11	12	9	5	24	68	175	0	178	984	76	107	235	43	15	10	8	10	4	2	5	46	36	56	39	21	8	6	12	5	17	12	11	12	2	5	1	1	3	2	1	3	2	4	5	7	5	1	7	8	56	41	28	14	10	6	4	3	2	6	2	1	4	3	7	2	6	4	3	3	1	5	2	3	2	4	8	6	3	4	5	11	3	2	0	1	2	0	3	1	3	2	1	4	6	2	7	0	4	5	4	7	4	2	3	0	1	0	0	2	1	1	1	3	1	0	0	3	0	6	0	3	0	0	5	6	1	6	7	4	5	4	1	3	1	2	2	1	2	1	1	2	1	0	1	2	3	5	0	3	0	0	2	5	0	5	1	3	5	6	1	0	3	2
0	0	0	11	35	34	72	64	42	15	9	8	12	54	44	139	45	10	25	39	13	12	32	17	20	12	30	8	16	9	19	38	12	12	11	5	20	59	56	178	0	319	239	117	56	22	11	13	4	12	7	12	9	54	50	53	17	23	14	12	12	10	8	9	8	4	0	1	1	0	2	0	1	1	4	4	3	2	6	1	3	6	19	13	26	8	7	7	6	2	5	2	2	4	2	2	7	4	0	3	3	0	2	3	1	1	3	2	3	4	2	3	3	3	2	2	3	1	2	1	5	3	6	2	0	2	1	2	6	4	2	3	7	1	4	2	2	1	0	0	1	1	1	4	3	2	0	1	3	3	6	6	6	3	3	2	1	2	4	5	6	5	3	4	4	4	4	3	3	5	3	3	2	2	0	0	2	2	5	4	2	2	4	1	2	1	5	1	4	3	2	3	0	5	3	3
0	0	0	13	35	40	54	96	57	19	9	4	16	74	69	128	31	16	28	32	13	16	15	10	18	14	28	3	9	15	12	43	12	11	10	8	13	42	111	984	319	0	84	91	111	39	14	7	6	5	7	12	8	40	32	59	25	17	12	13	7	16	14	9	10	7	2	3	2	3	2	0	1	4	1	2	3	4	3	3	5	9	38	21	25	5	4	4	1	7	3	5	1	3	3	4	4	4	3	4	2	4	1	4	0	1	7	4	3	3	6	4	3	6	4	2	3	3	1	0	2	2	0	0	1	1	4	2	2	6	8	8	2	4	2	1	1	0	3	4	1	1	2	3	2	1	1	1	1	4	1	4	1	1	1	3	3	5	8	6	4	5	3	1	1	5	1	0	1	2	2	1	0	3	4	2	1	2	2	4	1	3	4	1	0	1	4	6	0	3	3	2	2	3	1	4
0	0	0	8	27	29	53	30	28	11	4	2	8	39	21	67	71	25	35	47	25	13	36	14	66	41	71	11	26	21	22	95	12	14	22	9	10	56	30	76	239	84	0	110	57	18	24	11	11	17	14	11	18	78	150	102	27	31	12	7	13	7	3	4	9	7	1	1	1	2	0	2	1	3	0	2	7	3	5	2	8	9	23	8	18	9	8	3	8	7	2	0	2	2	4	6	11	1	4	5	3	0	3	3	1	4	5	5	3	4	4	2	6	6	0	2	5	3	2	0	4	3	5	2	3	4	0	3	4	4	5	4	3	3	1	2	2	2	1	1	0	3	0	2	1	3	2	3	2	2	1	7	2	1	3	4	4	7	5	6	8	6	2	7	2	1	3	1	0	0	2	2	3	0	1	4	2	3	2	2	5	7	4	2	4	3	1	2	3	1	0	2	2	3	1	0
0	0	0	5	13	21	27	23	13	6	1	3	10	27	21	240	45	47	115	158	27	12	41	19	31	20	37	9	17	18	27	59	21	27	24	9	20	371	62	107	117	91	110	0	84	16	13	9	8	9	4	12	9	33	39	43	37	44	19	26	16	31	14	6	11	8	5	5	2	3	4	4	3	2	1	2	6	6	4	0	6	14	45	30	54	22	16	9	10	8	8	2	2	4	3	6	5	3	2	6	11	0	4	3	0	3	3	5	4	4	2	7	15	6	2	0	0	3	3	3	5	3	7	3	2	2	4	5	3	10	6	7	9	5	2	1	2	1	2	3	4	1	5	1	3	4	1	2	2	3	2	5	4	3	3	6	5	3	6	2	9	5	6	7	4	6	3	5	1	1	1	3	4	3	2	1	6	1	2	6	4	4	4	2	3	1	4	2	3	3	2	2	3	6	2	1
0	0	0	5	57	25	27	23	50	24	6	4	16	40	27	55	21	12	25	85	22	22	43	13	44	22	31	9	13	32	17	68	12	10	21	8	25	99	88	235	56	111	57	84	0	57	23	9	10	6	6	14	6	57	30	106	86	29	11	16	4	11	9	2	17	4	3	1	2	5	0	2	4	5	2	6	1	7	3	4	12	13	77	23	51	10	13	5	14	7	4	3	5	7	4	4	4	4	5	5	6	0	3	0	3	2	6	1	5	4	6	4	5	2	4	2	2	1	0	1	3	4	2	1	0	2	6	4	4	8	3	4	6	3	4	7	8	4	1	2	0	2	0	3	5	1	0	3	3	4	3	2	2	2	2	0	1	7	4	6	9	1	4	2	4	5	3	1	2	3	4	1	0	0	1	3	2	2	2	5	1	5	1	3	2	1	2	1	6	5	3	4	1	2	6	1
0	0	0	10	498	38	103	24	57	53	12	15	49	65	28	13	8	10	8	25	21	21	14	10	25	15	26	16	26	28	10	30	10	4	11	10	12	18	17	43	22	39	18	16	57	0	41	11	5	4	0	7	16	102	26	139	25	7	5	4	3	5	3	2	8	2	6	1	1	3	0	1	2	0	2	2	3	1	1	1	4	7	16	12	18	7	7	3	6	6	5	1	2	2	1	4	1	3	1	3	3	1	3	2	6	1	1	3	5	6	0	3	1	2	1	2	2	2	1	2	1	2	1	1	1	2	3	3	2	1	4	1	1	2	3	1	0	1	1	0	0	1	2	2	3	1	2	2	1	1	3	1	3	3	0	0	4	2	1	2	4	1	2	1	2	2	1	0	2	1	4	2	0	0	1	0	3	2	1	3	4	1	0	0	2	1	1	1	1	2	3	1	1	1	1	2
0	0	0	31	46	19	28	11	15	8	5	7	7	11	9	5	11	13	10	19	19	75	33	18	68	64	75	72	93	136	30	58	9	11	14	11	18	17	7	15	11	14	24	13	23	41	0	44	10	17	10	23	57	77	45	56	25	13	7	8	3	2	5	3	7	2	1	2	1	1	1	3	2	0	1	4	4	2	2	1	2	9	9	12	12	3	10	4	3	6	0	1	3	2	5	8	3	4	4	3	1	2	0	2	1	4	1	3	3	4	2	3	1	4	1	1	0	0	1	2	2	2	0	0	0	1	3	3	2	2	1	2	4	7	1	0	4	2	2	2	0	3	1	2	3	4	3	2	3	1	2	4	3	1	0	2	1	4	3	4	3	1	5	2	4	2	3	0	2	0	2	0	1	4	2	2	1	1	2	5	2	4	2	3	3	3	3	3	2	1	2	1	0	1	4	1
0	0	0	56	9	3	6	4	7	8	3	2	5	7	3	9	11	10	4	1	15	26	12	14	24	42	37	345	101	27	34	20	13	7	4	4	12	9	5	10	13	7	11	9	9	11	44	0	25	42	36	92	233	14	20	15	11	9	7	5	1	4	1	1	3	4	0	1	1	0	3	1	0	2	2	1	3	6	2	2	3	6	8	3	6	6	3	3	2	4	4	2	2	2	5	4	5	6	3	1	3	2	1	2	0	1	3	0	2	2	1	1	6	2	6	2	3	0	1	2	0	0	0	2	1	1	2	3	1	1	4	1	1	5	3	1	3	1	1	2	3	7	1	0	0	1	3	4	4	1	3	6	2	3	5	1	2	2	1	4	3	2	1	2	3	2	1	6	1	1	1	0	0	3	2	1	2	1	5	6	6	6	3	1	1	1	4	1	3	5	2	0	1	2	5	1
0	0	0	6	6	3	12	3	6	5	3	2	4	5	5	6	11	4	2	3	6	3	2	9	11	13	15	28	17	7	19	13	3	8	8	1	4	5	1	8	4	6	11	8	10	5	10	25	0	25	218	84	25	13	12	4	9	3	3	5	1	1	1	2	0	0	1	2	1	1	0	1	1	0	0	3	2	2	0	2	4	2	4	3	6	3	5	5	4	1	3	1	3	1	2	5	3	1	0	0	1	0	1	1	0	2	2	3	4	5	4	3	1	4	1	0	0	2	0	0	2	1	1	2	2	1	1	1	6	0	0	1	2	4	0	2	1	2	2	0	3	5	1	4	0	2	1	1	3	0	2	2	4	4	4	2	1	2	3	0	1	1	3	3	2	1	2	0	1	4	0	2	0	0	0	2	2	0	4	2	3	1	1	0	1	0	5	1	4	6	4	4	1	0	4	3
0	0	0	10	17	10	11	10	4	3	5	3	2	7	4	6	21	11	9	10	9	9	20	17	21	20	32	39	31	12	70	19	11	7	9	8	7	9	4	10	12	5	17	9	6	4	17	42	25	0	79	216	29	12	27	12	11	20	5	3	1	2	1	2	0	3	3	2	1	2	3	1	1	0	3	3	4	2	1	1	1	3	11	2	6	5	4	2	4	1	3	2	0	2	1	6	6	0	4	3	2	1	1	2	3	3	0	4	8	4	2	1	3	5	6	1	0	2	2	1	3	1	2	4	2	0	1	3	1	4	6	3	2	5	4	2	0	2	4	3	3	1	0	1	0	3	1	3	3	2	0	4	2	3	3	2	1	3	1	1	3	2	1	5	0	2	1	0	2	0	2	1	2	1	2	1	2	2	4	2	4	2	2	3	0	1	3	3	5	5	3	4	1	6	2	1
0	0	0	17	5	3	6	3	2	5	3	1	3	2	3	3	9	10	5	9	10	9	7	8	11	17	22	21	15	11	31	15	19	8	11	4	5	6	7	4	7	7	14	4	6	0	10	36	218	79	0	172	25	12	14	10	5	11	3	1	2	3	2	1	3	3	3	1	1	2	3	1	2	2	2	1	2	3	2	1	0	6	1	4	6	7	2	6	3	4	1	2	2	6	1	3	6	0	2	1	4	2	0	1	1	2	0	2	6	2	0	1	1	5	1	0	1	2	1	0	0	0	1	0	0	0	2	1	3	1	0	4	2	1	3	3	6	7	2	5	1	4	1	1	2	1	1	2	4	2	3	5	2	1	3	2	5	2	1	1	5	2	3	3	1	1	0	2	0	4	3	2	0	2	0	1	1	5	4	2	4	4	5	2	3	2	3	6	3	3	0	0	3	2	2	1
0	0	0	20	3	4	12	6	6	7	2	3	5	10	6	6	19	11	5	9	8	16	10	21	24	25	46	91	60	13	54	15	13	17	6	8	11	6	4	2	12	12	11	12	14	7	23	92	84	216	172	0	73	14	21	13	6	15	3	3	3	4	3	1	1	4	1	4	1	0	0	1	4	1	1	2	4	3	6	1	7	5	6	4	4	2	4	3	0	6	1	2	3	1	1	3	5	6	0	1	3	1	1	0	1	4	1	2	1	3	4	3	5	2	0	1	3	1	1	1	2	3	2	2	0	0	1	1	2	2	3	2	2	3	0	1	4	4	1	3	1	1	2	1	1	0	0	6	2	0	2	2	2	3	2	1	3	6	1	5	5	2	2	2	2	1	2	0	0	3	3	1	1	4	2	1	3	1	6	3	3	2	3	2	2	7	3	5	3	0	0	3	4	1	1	5
0	0	0	32	15	5	8	4	13	4	2	2	6	12	6	9	9	13	9	11	16	30	17	33	49	112	63	208	107	46	73	26	20	20	8	11	19	10	8	5	9	8	18	9	6	16	57	233	25	29	25	73	0	29	33	18	14	21	13	5	1	2	4	5	6	1	1	3	2	3	1	2	1	2	2	2	0	6	9	2	3	4	10	7	11	6	3	7	2	5	2	4	1	1	3	4	8	2	1	2	2	4	2	1	2	1	3	1	2	2	2	3	4	3	2	0	1	2	2	3	2	1	2	1	1	1	2	3	4	4	6	5	1	5	3	2	4	1	4	3	1	2	2	2	1	6	2	2	0	3	1	2	2	0	1	0	2	4	2	5	5	2	5	3	5	1	0	2	1	2	1	1	0	1	0	2	1	3	5	2	3	1	2	2	1	1	3	1	2	2	2	2	1	4	6	2
0	0	0	19	160	23	125	29	22	18	8	10	18	49	27	27	23	11	22	28	19	23	30	17	60	43	63	27	63	37	32	89	7	15	2	7	16	18	17	46	54	40	78	33	57	102	77	14	13	12	12	14	29	0	154	441	22	15	9	8	5	4	5	1	8	2	3	2	4	4	2	4	0	3	0	1	1	5	4	1	0	4	21	9	11	7	8	1	8	7	1	2	1	1	0	2	5	2	3	2	3	1	2	1	1	4	1	0	0	3	0	3	7	0	0	0	3	3	3	1	1	0	1	1	0	2	1	1	4	3	3	7	0	4	2	1	3	2	0	1	2	2	2	4	0	4	1	2	1	2	1	1	3	2	0	1	2	2	0	5	3	1	4	4	3	2	1	0	0	0	2	3	0	2	0	1	0	2	1	6	1	4	2	1	2	5	3	1	3	2	2	1	0	1	4	0
0	0	0	15	36	20	69	19	19	14	4	2	11	35	18	19	50	15	8	21	13	15	26	12	74	43	124	36	71	11	36	65	10	11	12	4	21	25	14	36	50	32	150	39	30	26	45	20	12	27	14	21	33	154	0	83	10	20	7	7	7	4	3	5	6	3	2	1	2	1	1	1	0	3	0	4	3	2	4	4	5	7	9	7	14	6	6	5	0	5	3	4	2	3	1	4	7	3	3	1	3	2	1	0	0	0	2	5	1	4	2	5	5	1	1	3	2	1	2	1	2	6	5	0	1	1	3	2	3	4	4	4	4	2	3	0	3	1	3	1	0	1	3	1	0	3	3	1	3	2	3	3	4	3	3	1	5	3	1	3	5	1	3	3	0	1	2	2	1	1	1	1	2	0	1	0	0	0	2	2	2	0	2	5	4	4	1	3	0	5	1	2	0	1	1	1
0	0	0	19	153	23	97	23	45	22	9	4	17	51	14	35	25	10	15	48	30	30	37	20	59	30	56	18	38	47	20	104	14	7	20	12	19	30	33	56	53	59	102	43	106	139	56	15	4	12	10	13	18	441	83	0	44	16	9	6	1	2	8	4	5	2	2	1	4	3	1	1	3	3	1	1	8	5	2	2	5	3	20	13	26	3	12	9	2	5	5	3	1	5	1	6	4	3	0	3	2	2	1	2	5	4	4	4	2	4	2	5	3	3	2	1	1	3	1	2	1	0	2	1	0	4	1	2	3	2	2	3	4	3	1	1	1	4	1	1	1	1	0	1	1	3	1	2	1	6	0	2	1	3	4	0	2	3	1	4	3	3	2	3	2	2	1	1	0	4	0	2	1	2	2	0	1	1	2	3	5	1	3	1	1	1	0	3	5	5	1	2	1	1	3	0
0	0	0	8	21	8	10	5	19	6	6	1	4	18	7	23	9	16	17	130	162	54	92	36	43	31	25	5	6	31	21	51	30	26	64	22	148	79	40	39	17	25	27	37	86	25	25	11	9	11	5	6	14	22	10	44	0	27	28	14	4	15	20	6	9	6	1	5	5	4	3	3	3	3	4	3	9	10	5	6	11	25	64	29	103	30	20	7	16	16	7	6	1	6	5	11	7	1	7	10	6	4	6	1	3	6	9	6	2	2	3	6	4	5	3	2	3	0	3	1	6	3	5	3	1	1	4	2	4	6	8	11	6	9	4	3	1	5	3	3	1	2	5	5	2	3	4	4	3	2	6	4	1	1	4	4	5	5	4	5	2	1	4	2	6	2	3	4	6	2	7	0	2	1	2	3	0	5	3	6	2	2	2	1	2	0	5	1	1	3	3	5	3	2	3	3
0	0	0	8	14	9	12	4	9	4	1	1	4	7	10	27	51	197	52	59	62	25	132	106	47	48	48	10	9	23	66	54	155	126	54	22	40	56	27	21	23	17	31	44	29	7	13	9	3	20	11	15	21	15	20	16	27	0	43	21	12	10	4	5	9	4	5	6	1	4	0	2	2	1	3	2	7	10	8	5	12	13	15	7	27	33	15	6	11	10	6	5	4	7	2	8	9	6	3	4	3	4	3	3	5	6	3	4	6	4	7	10	16	5	2	0	2	2	2	0	4	4	1	3	2	6	3	2	3	10	4	4	5	4	4	4	8	5	4	0	2	6	2	4	2	3	2	5	1	4	2	7	2	2	7	4	3	4	7	10	10	1	5	8	6	4	3	3	5	4	2	1	0	0	4	0	3	7	8	15	8	4	5	5	7	3	8	0	2	2	1	5	1	3	6	9
0	0	0	0	7	1	4	7	6	4	5	2	2	4	3	23	10	48	29	43	66	14	49	57	23	22	6	7	7	18	13	16	49	129	246	54	54	22	15	8	14	12	12	19	11	5	7	7	3	5	3	3	13	9	7	9	28	43	0	37	10	12	7	3	11	5	7	3	5	5	6	7	6	2	6	8	18	30	14	12	16	28	20	21	24	67	93	47	31	31	13	9	4	8	16	7	18	10	8	13	6	3	2	2	3	8	4	5	17	26	7	10	24	30	7	6	8	1	5	6	12	4	5	4	3	5	3	3	11	8	10	9	10	18	9	8	12	7	8	4	4	3	1	6	4	6	6	1	5	5	13	15	7	6	11	6	5	6	9	9	8	7	7	29	11	9	6	4	3	5	4	3	1	4	4	1	4	4	10	18	8	8	3	4	9	6	7	1	5	11	4	6	4	7	9	7
0	0	0	2	4	7	7	5	3	5	3	5	4	9	9	38	11	24	52	28	21	4	16	8	8	5	10	7	6	7	15	12	13	13	32	9	18	46	14	6	12	13	7	26	16	4	8	5	5	3	1	3	5	8	7	6	14	21	37	0	68	61	15	6	18	16	5	11	9	12	6	4	3	3	7	13	20	17	4	4	5	29	9	47	25	36	47	20	38	20	8	12	6	6	1	5	5	4	7	5	7	3	2	4	8	12	7	14	6	12	12	24	48	14	6	2	4	1	3	8	7	7	8	6	5	2	6	11	25	12	10	24	21	9	11	7	7	5	4	2	7	4	2	6	1	2	5	7	5	7	12	15	4	4	6	5	12	18	21	15	18	19	18	56	16	12	9	5	2	8	8	5	5	2	0	6	4	2	10	17	10	11	4	3	7	2	5	4	6	5	4	5	4	10	8	4
0	0	0	4	0	5	4	9	8	1	3	1	4	5	8	16	9	13	25	15	4	5	6	5	5	7	4	4	0	3	3	3	7	12	8	8	5	7	13	12	12	7	13	16	4	3	3	1	1	1	2	3	1	5	7	1	4	12	10	68	0	88	12	12	17	6	6	16	6	7	2	5	4	1	3	10	10	5	4	4	5	14	12	27	12	14	15	7	17	10	4	4	4	3	3	0	8	2	2	3	3	7	4	9	5	9	13	12	4	11	7	12	12	12	3	1	3	2	3	6	4	9	4	10	2	8	12	10	25	8	13	24	16	6	3	3	4	4	5	1	0	4	1	4	3	3	2	4	4	7	5	12	12	6	6	8	13	27	11	12	20	12	8	27	16	5	5	6	4	10	3	4	1	1	3	1	3	0	5	12	10	7	3	5	7	7	7	3	4	12	3	5	5	2	3	10
0	0	0	5	7	8	4	9	2	5	3	4	5	6	3	29	8	19	14	16	13	3	7	6	5	6	5	4	3	7	6	7	5	8	11	7	11	28	18	5	10	16	7	31	11	5	2	4	1	2	3	4	2	4	4	2	15	10	12	61	88	0	43	34	63	30	14	17	10	9	4	4	5	6	3	13	14	12	3	4	8	30	21	96	17	17	23	11	33	7	5	7	5	6	6	4	10	2	5	8	7	8	7	8	5	11	16	14	9	8	10	9	21	10	2	2	3	2	3	3	11	7	8	8	5	6	8	11	18	17	15	45	12	7	10	5	3	3	2	2	1	0	5	2	4	4	3	5	4	4	9	10	4	0	5	1	7	9	14	17	17	14	7	13	10	12	4	2	2	9	3	7	2	2	2	4	1	1	2	10	1	5	0	2	4	2	3	1	5	5	3	3	2	3	5	8
0	0	0	1	4	7	6	5	8	9	8	3	8	7	6	17	6	5	14	14	8	13	3	2	5	3	4	2	5	4	2	9	0	3	14	6	12	22	20	17	8	14	3	14	9	3	5	1	1	1	2	3	4	5	3	8	20	4	7	15	12	43	0	89	394	44	12	9	5	5	2	6	7	7	7	5	13	3	4	8	7	24	22	46	14	20	17	8	15	10	12	3	5	6	2	4	4	4	8	8	6	4	8	11	7	13	13	4	6	6	6	7	6	4	5	4	1	0	4	7	3	7	6	5	1	1	3	2	14	16	15	40	12	6	4	2	4	2	0	3	2	1	3	3	4	1	6	2	3	2	4	5	3	2	3	2	3	4	11	14	12	6	1	7	6	3	6	3	4	1	5	2	0	1	2	0	3	1	2	4	1	4	3	3	1	2	4	6	0	1	2	1	5	1	4	4
0	0	0	0	2	3	2	5	3	2	5	5	5	6	9	12	4	5	11	11	2	6	6	1	3	5	0	0	3	7	2	0	3	4	12	6	2	8	13	12	9	9	4	6	2	2	3	1	2	2	1	1	5	1	5	4	6	5	3	6	12	34	89	0	97	31	17	3	9	6	2	7	9	10	12	5	9	8	2	1	9	16	19	34	9	9	10	5	15	4	8	5	5	3	3	2	3	2	2	6	5	5	7	8	4	9	13	9	5	5	4	7	6	2	9	1	3	3	1	2	1	7	2	4	3	4	3	5	6	14	15	35	8	4	2	3	3	3	0	0	1	2	0	4	1	3	3	1	3	4	2	2	3	5	7	3	6	6	4	6	8	10	5	9	2	8	5	6	3	4	5	0	0	1	1	2	2	1	3	2	5	3	5	3	1	1	3	1	1	5	2	1	1	2	2	0
0	0	0	2	4	5	5	7	7	6	9	3	5	3	8	12	3	12	14	6	9	2	9	9	7	2	11	6	2	7	6	6	6	6	14	5	10	20	18	11	8	10	9	11	17	8	7	3	0	0	3	1	6	8	6	5	9	9	11	18	17	63	394	97	0	70	15	3	4	13	6	9	6	15	7	11	11	13	3	6	13	33	20	69	29	16	19	9	21	12	4	9	3	5	3	11	6	3	4	12	3	7	9	8	4	8	25	13	5	4	7	13	8	3	4	3	4	3	1	4	2	4	0	2	5	2	3	5	18	14	23	72	20	9	3	1	4	3	3	0	1	2	2	5	3	2	2	0	3	5	1	4	2	1	4	4	2	5	9	19	9	6	6	11	5	7	1	4	1	1	5	4	3	1	1	5	1	0	2	0	2	3	1	2	0	4	2	5	5	5	4	3	7	2	1	7
0	0	0	2	5	3	3	4	3	1	1	1	6	6	5	7	2	6	6	5	8	6	7	5	4	2	0	4	3	2	1	5	6	3	2	6	12	7	5	12	4	7	7	8	4	2	2	4	0	3	3	4	1	2	3	2	6	4	5	16	6	30	44	31	70	0	32	2	6	16	6	9	14	15	18	16	17	15	6	14	10	26	12	15	5	19	8	8	28	9	9	15	5	6	1	5	10	7	4	20	15	15	21	22	9	11	54	20	7	6	9	10	12	4	5	5	4	2	4	1	9	7	1	2	2	2	6	9	14	45	32	120	19	12	3	4	4	2	3	3	3	5	5	3	1	3	2	2	2	2	2	5	5	3	1	3	3	8	12	28	23	9	6	9	8	7	8	3	4	4	7	6	3	3	2	2	5	2	2	2	3	5	1	3	0	5	3	1	6	6	3	1	3	3	4	4
0	0	0	0	2	2	0	1	4	1	3	1	3	4	3	5	1	1	2	4	4	4	5	1	0	0	3	1	2	2	3	3	1	5	1	4	5	4	2	2	0	2	1	5	3	6	1	0	1	3	3	1	1	3	2	2	1	5	7	5	6	14	12	17	15	32	0	25	18	37	10	11	10	37	27	16	14	4	3	4	4	7	5	3	8	4	5	5	6	2	14	5	5	2	2	4	6	3	3	8	5	15	29	136	22	16	31	19	4	9	14	11	7	3	1	1	1	3	4	6	6	10	13	5	1	6	12	13	22	23	5	44	18	4	4	2	6	1	2	3	3	4	4	0	1	2	6	8	8	5	6	5	1	3	1	5	4	16	11	20	15	11	4	7	6	12	8	5	3	11	10	5	2	2	5	2	1	0	2	5	5	2	2	0	4	1	3	0	2	2	3	3	3	3	4	4
0	0	0	1	5	2	0	1	1	1	2	2	3	3	1	3	2	7	2	3	4	3	5	3	1	2	1	2	2	1	3	4	4	6	7	8	5	6	4	5	1	3	1	5	1	1	2	1	2	2	1	4	3	2	1	1	5	6	3	11	16	17	9	3	3	2	25	0	104	45	14	14	6	19	11	22	12	2	6	2	6	6	10	5	5	12	7	4	9	9	5	7	6	5	2	0	4	2	3	7	10	13	23	42	27	26	10	28	3	19	9	20	9	3	5	7	6	3	6	8	13	50	29	20	10	24	62	202	115	24	8	17	24	6	8	3	6	3	2	3	7	5	7	6	7	4	6	6	9	9	4	11	8	4	6	13	17	86	62	17	25	49	13	15	20	24	12	25	21	49	26	13	4	1	4	5	4	7	5	3	2	5	1	0	4	4	5	6	6	8	4	4	2	2	2	7
0	0	0	1	4	4	2	1	0	2	1	0	0	2	3	6	1	5	6	4	3	2	5	4	2	3	2	0	3	1	1	0	2	2	3	5	3	3	1	1	1	2	1	2	2	1	1	1	1	1	1	1	2	4	2	4	5	1	5	9	6	10	5	9	4	6	18	104	0	92	18	21	11	24	11	30	14	6	7	6	3	7	2	6	1	5	6	5	9	9	14	14	1	2	2	3	2	1	8	8	9	9	29	24	57	35	14	33	9	12	17	21	12	7	12	4	3	9	10	11	26	86	45	18	7	17	38	349	51	17	11	13	22	4	6	3	7	8	5	3	4	0	5	5	10	15	10	8	4	4	8	11	8	4	3	10	19	33	39	12	28	37	12	18	38	44	31	40	18	61	30	9	11	3	5	2	7	7	3	12	6	11	2	3	2	3	7	7	10	7	1	4	4	5	4	5
0	0	0	3	2	1	3	1	0	1	5	0	0	2	0	3	4	3	6	7	5	1	2	6	2	2	2	1	1	1	4	1	2	4	4	5	1	5	4	1	0	3	2	3	5	3	1	0	1	2	2	0	3	4	1	3	4	4	5	12	7	9	5	6	13	16	37	45	92	0	36	63	22	62	36	76	11	9	8	11	9	5	4	0	3	12	4	5	8	4	12	16	3	9	3	4	4	2	7	8	12	25	135	73	334	60	27	40	17	10	23	16	10	8	8	7	7	6	9	16	18	29	13	11	3	11	13	43	40	42	11	15	24	13	8	2	3	4	7	5	7	2	1	7	5	6	6	3	5	9	4	7	2	7	8	5	6	12	27	23	21	23	11	12	21	20	10	13	9	20	12	12	6	2	4	2	3	0	4	7	6	7	2	4	4	3	2	4	3	6	2	4	5	5	3	8
0	0	0	0	0	0	2	1	2	2	4	0	0	3	0	4	3	4	5	5	3	1	1	5	5	4	1	1	3	3	2	2	2	4	8	5	7	7	2	3	2	2	0	4	0	0	1	3	0	3	3	0	1	2	1	1	3	0	6	6	2	4	2	2	6	6	10	14	18	36	0	77	20	42	14	62	16	10	9	16	7	4	9	1	2	4	5	7	11	7	25	37	10	5	10	5	8	9	8	9	26	33	29	14	60	40	13	42	21	16	52	24	9	10	26	11	12	14	24	95	56	17	9	4	5	1	6	22	6	21	12	11	34	20	11	4	4	9	5	9	9	7	3	4	12	8	6	6	9	4	4	5	4	3	8	3	0	7	18	19	30	18	8	10	24	30	17	13	5	14	7	13	8	4	5	6	8	3	3	3	5	3	1	1	3	1	4	5	2	10	5	4	7	9	7	11
0	0	0	1	2	1	0	4	4	1	2	2	0	1	4	3	3	1	1	6	2	0	2	5	2	1	3	1	0	1	3	0	3	2	2	5	1	3	0	2	0	0	2	4	2	1	3	1	1	1	1	1	2	4	1	1	3	2	7	4	5	4	6	7	9	9	11	14	21	63	77	0	83	74	43	35	5	4	9	7	7	8	2	1	5	7	5	6	5	3	18	14	10	8	0	2	0	3	7	9	14	43	153	25	121	16	16	22	7	4	16	8	8	5	4	8	9	2	15	30	21	9	14	6	3	5	5	15	14	18	12	7	15	8	3	4	1	3	5	4	2	2	8	8	4	3	6	8	2	11	4	3	0	2	2	1	8	4	10	11	10	19	6	8	7	12	8	12	7	5	7	5	4	2	5	0	3	3	5	3	7	3	2	5	2	1	0	2	5	5	1	2	3	7	5	3
0	0	0	1	1	0	1	1	0	0	0	2	1	6	1	3	2	7	2	5	2	2	1	3	4	2	1	1	2	0	1	2	0	4	4	1	2	3	3	1	1	1	1	3	4	2	2	0	1	1	2	4	1	0	0	3	3	2	6	3	4	5	7	9	6	14	10	6	11	22	20	83	0	96	134	37	10	6	6	13	4	4	1	7	7	6	7	6	8	4	19	16	10	9	3	7	4	3	11	16	17	384	46	14	34	16	25	15	10	8	7	20	6	3	9	6	6	9	5	9	13	11	5	7	5	2	9	10	5	9	7	12	16	6	7	2	1	4	2	2	7	3	5	4	2	4	2	2	2	8	3	5	1	2	3	1	3	7	6	6	6	3	3	4	8	4	8	8	6	6	3	7	1	1	7	3	3	2	7	2	2	2	0	4	1	2	0	1	0	2	1	1	3	2	7	4
0	0	0	1	3	3	2	4	0	1	1	2	2	0	2	2	1	3	3	2	1	0	3	3	3	1	5	2	1	4	3	3	1	5	2	7	3	0	3	3	1	4	3	2	5	0	0	2	0	0	2	1	2	3	3	3	3	1	2	3	1	6	7	10	15	15	37	19	24	62	42	74	96	0	270	71	12	5	7	13	10	8	5	5	5	1	4	3	8	3	20	16	7	5	6	4	9	6	11	9	31	103	384	50	63	41	49	22	5	6	13	15	6	5	5	7	2	5	7	18	10	8	7	2	1	6	6	17	12	39	23	21	22	13	8	2	3	3	2	4	3	1	4	1	5	4	4	5	2	6	4	6	4	7	2	3	4	7	17	19	20	9	3	9	13	14	10	8	5	9	8	7	5	2	4	1	4	1	2	5	3	3	2	1	3	1	3	1	4	3	2	2	5	4	2	2
0	0	0	0	0	1	1	2	1	0	2	3	1	1	1	4	4	2	4	2	2	1	2	4	1	2	0	0	0	4	3	1	2	1	9	1	3	4	2	2	4	1	0	1	2	2	1	2	0	3	2	1	2	0	0	1	4	3	6	7	3	3	7	12	7	18	27	11	11	36	14	43	134	270	0	39	13	4	6	9	5	11	4	7	5	8	5	4	10	7	17	10	5	9	6	5	6	3	10	12	18	185	71	30	21	25	48	15	6	5	6	12	2	5	2	2	4	2	6	12	7	9	4	3	3	8	2	12	6	23	12	19	13	6	2	1	0	4	5	4	5	4	3	5	0	0	2	2	4	1	1	4	2	1	1	3	3	5	9	16	12	2	6	6	6	11	13	6	4	10	2	1	0	2	1	1	1	2	2	3	3	2	0	0	2	0	1	0	1	3	1	6	5	4	2	8
0	0	0	1	2	1	2	2	4	2	1	1	1	4	2	4	4	5	7	4	8	3	4	5	4	4	1	2	1	2	3	2	2	7	7	6	6	6	5	4	4	2	2	2	6	2	4	1	3	3	1	2	2	1	4	1	3	2	8	13	10	13	5	5	11	16	16	22	30	76	62	35	37	71	39	0	30	16	11	19	9	10	7	4	9	11	7	8	17	16	41	34	4	13	6	9	14	6	14	20	36	66	38	37	51	184	84	94	16	15	53	54	22	12	12	5	10	7	7	19	22	21	7	3	2	6	6	20	32	90	29	24	131	29	12	5	4	5	4	10	7	8	11	7	5	9	6	2	2	4	5	5	3	4	4	6	7	8	24	75	46	29	20	10	24	27	12	7	4	17	6	2	9	0	5	2	5	4	5	5	6	8	2	5	2	1	6	4	5	4	7	4	4	3	6	11
0	0	0	2	5	3	6	7	9	1	4	1	1	4	3	10	2	13	10	8	10	3	7	6	3	11	3	3	2	5	7	3	12	17	21	20	17	10	5	5	3	3	7	6	1	3	4	3	2	4	2	4	0	1	3	8	9	7	18	20	10	14	13	9	11	17	14	12	14	11	16	5	10	12	13	30	0	51	26	15	40	45	12	17	16	46	47	81	131	119	103	23	10	23	5	8	25	7	17	26	30	10	10	2	7	41	30	42	64	44	50	88	44	32	17	7	9	6	10	7	17	6	3	3	2	3	11	13	24	45	42	19	71	80	12	6	12	9	7	3	3	4	13	6	2	4	5	6	2	3	15	9	7	2	3	4	3	8	28	115	75	20	18	45	39	21	12	11	7	10	7	6	6	1	3	8	7	5	8	13	7	4	5	6	4	1	6	4	6	18	9	6	10	11	12	16
0	0	0	3	4	2	1	6	2	7	1	4	3	4	2	1	0	8	9	12	12	5	8	11	4	5	5	3	3	3	5	7	10	14	14	44	14	13	6	7	2	4	3	6	7	1	2	6	2	2	3	3	6	5	2	5	10	10	30	17	5	12	3	8	13	15	4	2	6	9	10	4	6	5	4	16	51	0	172	27	579	27	8	10	13	32	46	51	36	205	54	34	23	78	22	28	271	29	31	46	16	9	3	4	6	18	7	11	40	31	21	15	20	20	10	7	11	3	10	10	11	9	2	2	0	0	5	9	7	20	35	13	20	31	12	9	11	3	10	5	6	7	4	13	4	2	6	2	4	5	8	8	2	0	4	2	3	7	13	31	14	10	6	16	11	7	4	8	1	2	3	11	3	2	7	0	5	3	5	9	5	7	2	9	2	1	5	8	4	3	3	5	9	13	11	7
0	0	0	1	1	2	3	6	2	3	2	1	2	2	0	4	1	6	6	7	14	6	1	9	3	8	3	3	5	3	5	3	2	16	5	31	13	6	6	5	6	3	5	4	3	1	2	2	0	1	2	6	9	4	4	2	5	8	14	4	4	3	4	2	3	6	3	6	7	8	9	9	6	7	6	11	26	172	0	45	80	16	4	7	7	19	19	42	15	43	56	30	41	128	37	29	131	54	26	28	28	7	9	4	4	14	15	5	72	18	19	13	14	18	11	7	9	5	8	7	10	3	0	1	2	2	5	4	11	9	20	5	14	29	11	10	11	9	6	12	11	10	5	11	4	10	8	8	6	8	9	6	2	2	6	1	4	6	11	18	10	8	7	10	13	8	12	0	1	5	2	3	3	2	5	3	7	3	11	5	7	4	2	2	3	3	3	3	0	4	4	5	3	6	19	19
0	0	0	1	2	0	2	2	3	2	5	0	4	0	2	1	1	2	4	2	5	4	8	7	3	1	2	0	2	2	1	6	6	5	11	9	4	1	5	1	1	3	2	0	4	1	1	2	2	1	1	1	2	1	4	2	6	5	12	4	4	4	8	1	6	14	4	2	6	11	16	7	13	13	9	19	15	27	45	0	23	12	8	5	7	10	4	14	19	20	62	67	60	91	25	12	29	44	236	61	120	16	10	6	8	12	12	14	13	17	17	20	8	9	12	6	6	6	7	25	11	3	2	1	0	0	1	5	8	12	28	5	10	15	5	6	4	5	7	16	3	9	12	8	2	4	7	4	4	3	2	1	2	0	1	3	1	4	9	14	7	3	7	4	15	11	4	4	4	5	3	3	3	1	3	3	7	1	3	6	4	0	4	3	4	3	1	1	2	4	2	6	3	4	10	3
0	0	0	3	9	1	5	2	4	5	2	3	6	3	7	4	4	11	10	9	14	10	11	14	6	6	2	1	7	4	1	5	14	12	17	47	19	17	6	7	3	5	8	6	12	4	2	3	4	1	0	7	3	0	5	5	11	12	16	5	5	8	7	9	13	10	4	6	3	9	7	7	4	10	5	9	40	579	80	23	0	39	5	14	15	43	28	42	25	175	51	23	16	83	27	45	538	32	13	53	23	12	6	4	6	7	6	6	26	15	8	18	16	17	6	8	7	4	5	12	6	6	1	1	7	2	3	4	7	13	44	11	19	16	11	4	5	5	9	3	6	4	5	3	3	3	2	4	2	2	6	5	3	1	1	3	2	5	9	22	9	8	9	12	16	9	5	3	4	5	4	2	3	1	2	4	5	7	6	11	1	4	3	4	4	2	3	7	4	8	4	3	0	9	8	11
0	0	0	5	11	6	4	6	11	2	2	4	3	5	6	11	6	6	18	25	22	11	15	12	7	6	6	2	2	8	5	8	11	18	31	16	22	22	15	8	6	9	9	14	13	7	9	6	2	3	6	5	4	4	7	3	25	13	28	29	14	30	24	16	33	26	7	6	7	5	4	8	4	8	11	10	45	27	16	12	39	0	29	37	44	173	118	20	199	70	28	10	6	15	11	8	16	3	7	29	19	6	8	10	5	13	21	10	10	14	11	20	19	9	8	6	3	2	5	4	4	11	5	3	3	1	10	5	9	26	83	31	15	10	10	5	5	3	3	2	3	2	3	7	3	4	4	2	2	3	8	8	6	1	4	4	6	7	15	34	33	12	7	11	20	5	11	6	3	3	7	4	1	5	1	7	2	6	5	4	5	3	1	2	1	3	4	1	4	4	1	7	5	2	6	3
0	0	0	7	14	12	12	18	23	14	12	3	10	10	14	32	9	18	16	66	20	14	21	17	20	9	8	7	6	13	5	20	12	14	29	19	15	45	148	56	19	38	23	45	77	16	9	8	4	11	1	6	10	21	9	20	64	15	20	9	12	21	22	19	20	12	5	10	2	4	9	2	1	5	4	7	12	8	4	8	5	29	0	87	124	31	17	9	19	16	11	4	3	7	3	5	13	5	2	9	5	4	7	4	6	2	6	8	7	4	5	8	6	10	5	1	3	1	1	2	7	2	0	1	3	1	1	3	3	9	14	10	2	9	3	1	4	0	1	4	3	1	2	5	1	3	2	1	4	3	5	4	1	1	4	4	6	13	7	5	4	3	2	8	7	6	3	2	3	2	5	2	2	0	3	4	1	6	6	5	4	4	4	2	2	5	4	1	2	2	2	2	1	5	2	0
0	0	0	2	9	9	6	8	16	9	2	5	5	10	14	44	8	13	23	52	18	8	20	8	8	9	10	3	4	6	6	17	9	12	32	15	25	52	50	41	13	21	8	30	23	12	12	3	3	2	4	4	7	9	7	13	29	7	21	47	27	96	46	34	69	15	3	5	6	0	1	1	7	5	7	4	17	10	7	5	14	37	87	0	79	53	34	10	39	24	5	5	7	6	5	4	8	4	3	15	4	6	2	6	9	9	6	11	5	4	11	8	12	6	5	0	3	2	3	2	2	5	4	2	3	1	6	3	5	12	17	29	15	9	5	3	4	3	4	1	3	1	1	4	5	1	1	3	5	6	2	4	4	2	3	6	11	8	9	14	13	9	6	14	9	2	4	2	3	5	5	2	1	2	4	1	1	2	3	4	6	3	6	6	2	0	3	3	3	3	1	1	1	2	3	3
0	0	0	5	12	9	13	7	15	11	9	1	8	14	9	40	10	21	41	209	46	21	67	20	17	22	12	4	6	16	14	26	13	27	78	18	65	167	56	28	26	25	18	54	51	18	12	6	6	6	6	4	11	11	14	26	103	27	24	25	12	17	14	9	29	5	8	5	1	3	2	5	7	5	5	9	16	13	7	7	15	44	124	79	0	70	50	22	29	27	7	6	2	4	6	4	10	3	5	8	5	8	4	4	4	5	10	3	8	12	6	8	10	4	2	0	1	4	1	6	6	3	1	4	1	0	4	6	5	5	13	17	11	8	4	1	5	5	2	1	2	1	3	4	2	4	3	4	2	2	9	6	2	1	4	1	9	11	8	16	13	10	6	13	4	7	2	5	4	3	5	2	3	2	3	1	1	2	2	11	4	3	0	4	1	1	4	2	2	3	4	3	1	2	3	4
0	0	0	1	7	8	8	7	3	3	3	2	5	7	4	11	8	19	30	31	37	8	17	19	11	11	11	4	7	7	7	7	13	20	91	35	30	25	18	14	8	5	9	22	10	7	3	6	3	5	7	2	6	7	6	3	30	33	67	36	14	17	20	9	16	19	4	12	5	12	4	7	6	1	8	11	46	32	19	10	43	173	31	53	70	0	1358	46	193	68	22	13	10	12	8	8	18	11	10	17	15	5	3	9	9	17	12	13	19	15	11	27	31	19	7	4	4	7	2	6	5	5	5	1	3	1	7	9	13	23	33	12	13	24	9	6	9	8	3	1	7	2	4	7	2	0	4	5	4	5	7	10	2	4	5	6	7	12	15	23	22	6	8	21	20	8	9	4	4	5	4	1	7	2	1	2	1	4	4	5	9	9	5	4	1	2	5	11	6	8	1	5	3	3	6	6
0	0	0	5	12	3	3	5	5	3	2	1	3	7	6	13	12	27	25	32	25	9	15	15	7	10	13	3	4	5	9	10	18	22	79	37	34	26	15	10	7	4	8	16	13	7	10	3	5	4	2	4	3	8	6	12	20	15	93	47	15	23	17	10	19	8	5	7	6	4	5	5	7	4	5	7	47	46	19	4	28	118	17	34	50	1358	0	73	165	83	18	8	7	18	6	10	21	5	9	21	10	9	10	7	11	17	16	14	15	20	22	26	39	16	7	5	3	2	5	6	7	7	4	2	0	1	4	5	15	16	33	24	19	26	9	12	4	5	4	5	4	2	5	7	2	4	6	4	7	4	10	11	5	4	9	4	8	13	15	39	21	7	15	41	13	10	3	5	1	5	7	7	3	5	7	3	6	6	1	14	8	6	2	5	2	5	5	3	3	8	9	9	3	6	5	4
0	0	0	3	3	2	1	1	0	1	2	3	1	5	3	4	2	14	16	20	18	8	10	12	9	7	5	0	4	8	6	6	18	20	32	34	13	6	10	6	7	4	3	9	5	3	4	3	5	2	6	3	7	1	5	9	7	6	47	20	7	11	8	5	9	8	5	4	5	5	7	6	6	3	4	8	81	51	42	14	42	20	9	10	22	46	73	0	32	71	29	24	9	14	12	17	39	10	10	21	13	4	4	1	7	22	12	18	63	49	27	45	78	65	14	8	5	6	3	6	15	12	9	3	4	1	4	12	11	14	22	13	27	53	18	18	17	9	9	6	5	10	10	9	4	9	5	7	9	6	13	12	4	3	4	5	13	5	19	28	36	10	15	42	28	15	10	6	5	5	8	7	3	1	3	5	8	6	10	20	11	7	5	4	5	6	12	6	9	17	5	25	17	10	17	19
0	0	0	1	6	6	2	8	9	7	4	0	1	5	4	13	5	8	12	13	13	10	12	4	6	6	8	5	5	7	6	6	10	13	30	18	20	15	8	4	6	1	8	10	14	6	3	2	4	4	3	0	2	8	0	2	16	11	31	38	17	33	15	15	21	28	6	9	9	8	11	5	8	8	10	17	131	36	15	19	25	199	19	39	29	193	165	32	0	73	35	12	9	28	8	8	17	4	9	23	20	9	10	8	7	28	24	30	21	14	17	41	31	17	10	3	4	4	10	6	8	7	3	6	5	2	5	14	16	34	68	38	41	30	6	7	11	12	4	2	2	3	4	4	3	5	5	6	2	2	10	10	7	4	5	7	10	7	28	76	45	16	13	32	14	15	7	5	4	8	9	1	1	2	4	3	3	4	5	13	11	5	4	4	6	5	4	7	6	6	5	5	7	5	3	7
0	0	0	3	3	2	7	3	2	3	1	3	2	1	6	6	4	9	11	15	17	3	20	11	8	5	6	5	3	14	4	8	15	18	29	51	20	11	7	3	2	7	7	8	7	6	6	4	1	1	4	6	5	7	5	5	16	10	31	20	10	7	10	4	12	9	2	9	9	4	7	3	4	3	7	16	119	205	43	20	175	70	16	24	27	68	83	71	73	0	58	16	10	33	12	20	93	12	9	37	26	6	6	5	2	20	19	27	38	18	21	32	24	15	14	5	8	5	6	7	5	9	6	2	2	5	6	9	8	28	52	10	23	28	10	9	3	7	6	6	6	4	4	9	5	3	1	5	6	2	9	5	1	0	4	5	8	4	21	35	27	9	15	32	17	13	7	2	3	3	6	3	5	2	1	0	5	12	6	10	8	9	4	4	6	3	6	1	7	5	4	7	5	6	4	8
0	0	0	1	1	0	4	4	7	1	1	1	3	2	2	2	2	6	7	2	11	4	4	6	1	4	8	3	1	2	0	1	5	6	13	11	7	7	3	2	5	3	2	8	4	5	0	4	3	3	1	1	2	1	3	5	7	6	13	8	4	5	12	8	4	9	14	5	14	12	25	18	19	20	17	41	103	54	56	62	51	28	11	5	7	22	18	29	35	58	0	80	25	55	10	14	32	19	29	51	161	20	13	11	13	26	33	36	69	20	61	53	23	9	13	11	9	5	15	15	15	8	7	4	2	6	8	7	12	34	54	17	47	54	17	8	10	11	5	6	11	5	7	8	7	2	7	1	2	5	5	7	4	1	4	4	4	10	25	78	42	13	11	13	21	20	7	10	2	10	3	1	1	1	3	1	7	4	2	9	9	7	8	3	0	0	5	5	8	13	3	3	9	9	6	9
0	0	0	1	0	1	2	1	2	2	3	1	2	1	1	2	2	3	4	3	4	5	2	7	1	1	2	4	2	4	4	3	8	4	5	8	5	2	3	6	2	5	0	2	3	1	1	2	1	2	2	2	4	2	4	3	6	5	9	12	4	7	3	5	9	15	5	7	14	16	37	14	16	16	10	34	23	34	30	67	23	10	4	5	6	13	8	24	12	16	80	0	65	33	11	16	16	17	61	23	132	23	13	6	14	24	18	31	50	19	43	35	13	14	20	8	16	14	12	51	28	13	5	7	3	2	4	13	7	15	16	7	24	37	21	7	11	4	8	16	14	7	10	13	7	6	1	5	4	8	6	3	5	2	2	5	1	2	19	19	16	13	4	8	14	16	11	3	6	3	9	9	5	4	5	7	7	5	6	4	3	4	1	1	1	0	7	2	8	7	1	7	10	7	12	16
0	0	0	1	1	0	2	1	4	1	0	4	1	0	0	2	0	3	1	2	1	3	1	2	3	5	0	1	1	1	3	7	1	2	6	7	2	5	3	2	2	1	2	2	5	2	3	2	3	0	2	3	1	1	2	1	1	4	4	6	4	5	5	5	3	5	5	6	1	3	10	10	10	7	5	4	10	23	41	60	16	6	3	7	2	10	7	9	9	10	25	65	0	60	18	9	18	45	161	20	30	9	4	5	7	10	7	10	32	13	14	9	6	14	17	10	13	11	15	29	16	12	1	3	1	2	2	1	3	7	13	3	7	16	4	9	11	4	9	16	16	5	12	12	9	8	5	2	3	4	6	5	3	1	2	0	4	2	7	14	8	10	2	7	12	4	7	4	3	3	5	5	4	4	4	3	12	5	2	5	6	1	4	1	0	1	2	3	4	8	1	2	11	8	8	8
0	0	0	0	2	4	2	5	3	1	1	5	4	3	0	6	5	8	4	3	7	7	6	7	4	4	1	3	3	1	4	3	5	7	9	19	5	1	5	1	4	3	2	4	7	2	2	2	1	2	6	1	1	1	3	5	6	7	8	6	3	6	6	3	5	6	2	5	2	9	5	8	9	5	9	13	23	78	128	91	83	15	7	6	4	12	18	14	28	33	55	33	60	0	61	38	89	116	97	38	45	8	9	6	4	12	15	11	17	12	20	18	17	12	6	4	4	8	10	13	10	9	2	2	1	0	1	7	5	12	24	6	6	22	8	7	9	6	5	13	4	6	8	4	4	6	4	0	4	2	6	1	1	2	0	1	3	5	11	23	11	5	8	14	3	4	5	5	4	6	3	3	3	4	5	2	4	4	3	5	1	3	2	2	5	3	2	1	4	3	4	3	4	5	14	8
0	0	0	2	5	1	3	3	3	2	2	0	6	3	1	4	0	3	1	0	6	12	7	7	9	6	7	2	3	6	2	4	4	4	5	14	13	3	3	4	2	3	4	3	4	1	5	5	2	1	1	1	3	0	1	1	5	2	16	1	3	6	2	3	3	1	2	2	2	3	10	0	3	6	6	6	5	22	37	25	27	11	3	5	6	8	6	12	8	12	10	11	18	61	0	109	44	138	22	10	6	11	3	1	5	5	6	6	14	7	8	3	12	9	7	5	6	4	2	7	4	4	0	2	3	2	2	1	4	6	6	2	6	5	12	5	8	6	11	11	5	4	3	9	8	2	1	7	3	4	4	1	2	1	0	2	3	3	5	11	14	4	4	5	5	6	2	1	2	1	1	2	3	0	4	0	4	3	2	3	2	2	1	3	0	2	2	3	3	4	4	2	10	4	8	5
0	0	0	0	2	2	5	2	5	5	2	0	4	8	1	4	4	3	6	5	11	13	6	11	4	5	1	3	0	10	10	5	8	7	13	31	11	2	4	3	2	4	6	6	4	4	8	4	5	6	3	3	4	2	4	6	11	8	7	5	0	4	4	2	11	5	4	0	3	4	5	2	7	4	5	9	8	28	29	12	45	8	5	4	4	8	10	17	8	20	14	16	9	38	109	0	66	43	31	16	7	6	4	3	3	6	9	5	11	10	4	3	6	4	7	1	7	3	3	3	5	3	6	2	1	0	2	3	4	5	10	1	2	10	7	1	10	1	5	3	5	4	3	10	1	2	1	3	1	3	3	1	1	1	1	2	0	1	4	11	6	0	4	3	6	3	0	3	4	2	2	1	2	1	2	1	3	2	3	3	2	4	4	2	0	0	3	3	4	4	3	4	3	3	9	5
0	0	0	4	2	2	2	5	6	3	2	4	5	1	6	4	2	5	7	15	17	11	7	13	2	7	3	2	9	7	5	4	7	7	20	58	16	9	6	7	7	4	11	5	4	1	3	5	3	6	6	5	8	5	7	4	7	9	18	5	8	10	4	3	6	10	6	4	2	4	8	0	4	9	6	14	25	271	131	29	538	16	13	8	10	18	21	39	17	93	32	16	18	89	44	66	0	37	21	37	17	4	5	3	1	8	11	11	33	15	14	10	14	19	7	4	8	7	4	10	12	6	3	1	3	3	7	6	3	10	24	9	10	18	8	4	12	10	5	10	5	1	2	11	2	2	3	6	3	1	2	4	2	1	2	1	2	5	4	10	12	5	6	6	8	1	1	5	4	3	7	4	1	1	3	2	6	2	6	8	6	7	5	2	3	3	2	5	3	1	6	8	4	7	9	7
0	0	0	3	3	1	3	1	0	3	4	2	1	1	2	3	3	4	3	4	3	6	4	6	1	2	2	4	0	4	3	2	2	7	6	15	7	6	2	2	4	4	1	3	4	3	4	6	1	0	0	6	2	2	3	3	1	6	10	4	2	2	4	2	3	7	3	2	1	2	9	3	3	6	3	6	7	29	54	44	32	3	5	4	3	11	5	10	4	12	19	17	45	116	138	43	37	0	83	20	17	4	0	4	4	3	11	9	20	7	12	8	4	1	6	1	7	5	8	11	5	1	2	2	3	2	0	4	5	12	13	4	10	7	9	10	4	3	9	14	6	3	4	9	3	4	1	2	4	0	3	11	1	4	2	5	10	1	3	3	8	4	5	7	6	3	0	6	2	5	1	3	3	0	2	1	0	5	6	2	1	4	3	2	5	0	1	1	1	5	2	4	5	9	11	4
0	0	0	2	4	2	2	1	1	2	1	0	0	1	3	3	3	5	4	1	2	2	6	5	3	4	2	0	2	1	2	2	4	3	10	8	5	9	2	6	0	3	4	2	5	1	4	3	0	4	2	0	1	3	3	0	7	3	8	7	2	5	8	2	4	4	3	3	8	7	8	7	11	11	10	14	17	31	26	236	13	7	2	3	5	10	9	10	9	9	29	61	161	97	22	31	21	83	0	30	45	14	8	4	13	12	13	10	18	7	12	7	8	11	11	7	12	7	7	12	15	5	4	4	2	0	0	7	4	6	12	6	10	16	12	5	9	3	4	8	11	9	6	8	2	5	4	4	3	2	5	6	5	2	3	4	4	4	4	6	5	6	2	3	5	4	3	1	2	1	0	1	1	1	1	3	7	5	5	3	4	4	1	1	2	3	0	0	2	11	2	3	6	2	6	7
0	0	0	2	2	3	4	5	1	3	2	2	0	2	3	2	5	5	6	4	9	8	3	3	5	6	2	5	4	2	3	4	1	9	10	10	6	3	5	4	3	4	5	6	5	3	3	1	0	3	1	1	2	2	1	3	10	4	13	5	3	8	8	6	12	20	8	7	8	8	9	9	16	9	12	20	26	46	28	61	53	29	9	15	8	17	21	21	23	37	51	23	20	38	10	16	37	20	30	0	103	40	7	4	9	15	39	18	25	8	25	17	9	9	11	5	8	1	8	8	7	4	1	3	1	2	4	8	8	27	140	8	19	15	5	3	3	2	2	3	4	2	9	2	2	9	3	2	0	2	5	5	2	3	3	1	4	3	7	22	15	7	3	9	6	11	2	5	1	2	4	4	4	0	4	2	8	2	3	2	2	5	4	1	2	1	1	2	0	4	2	3	2	3	8	5
0	0	0	0	3	1	1	1	1	1	3	1	5	1	4	2	3	7	4	6	6	5	3	5	4	2	3	3	1	3	4	4	7	10	14	12	5	2	3	3	3	2	3	11	6	3	1	3	1	2	4	3	2	3	3	2	6	3	6	7	3	7	6	5	3	15	5	10	9	12	26	14	17	31	18	36	30	16	28	120	23	19	5	4	5	15	10	13	20	26	161	132	30	45	6	7	17	17	45	103	0	30	18	8	13	28	29	33	35	12	29	18	12	6	14	7	12	8	14	25	17	10	1	4	1	4	7	7	10	26	43	13	23	15	13	5	7	9	3	7	4	5	9	9	3	5	3	1	1	1	1	4	3	4	4	3	6	5	20	21	17	3	7	8	16	9	5	6	2	1	4	2	1	3	7	0	4	4	2	6	6	5	1	1	2	2	2	2	3	3	5	6	3	2	8	9
0	0	0	1	1	6	2	2	0	0	1	1	2	1	2	3	2	1	3	8	6	1	2	1	0	0	0	2	0	1	0	1	2	3	2	3	6	3	2	3	0	4	0	0	0	1	2	2	0	1	2	1	4	1	2	2	4	4	3	3	7	8	4	5	7	15	15	13	9	25	33	43	384	103	185	66	10	9	7	16	12	6	4	6	8	5	9	4	9	6	20	23	9	8	11	6	4	4	14	40	30	0	48	11	30	16	46	16	7	7	13	11	5	6	5	6	1	5	10	17	10	7	3	5	3	3	5	10	5	27	24	11	20	10	3	4	0	4	2	1	2	5	8	7	3	4	3	0	2	2	4	8	4	2	2	2	5	9	11	16	13	6	4	7	7	8	4	5	2	8	3	7	4	0	3	0	0	4	3	3	6	1	1	2	3	4	4	2	6	7	5	2	2	6	3	5
0	0	0	0	2	3	0	2	1	1	2	4	1	0	0	3	1	1	2	7	6	1	2	5	1	0	4	0	3	4	1	2	1	2	1	2	1	4	4	1	2	1	3	4	3	3	0	1	1	1	0	1	2	2	1	1	6	3	2	2	4	7	8	7	9	21	29	23	29	135	29	153	46	384	71	38	10	3	9	10	6	8	7	2	4	3	10	4	10	6	13	13	4	9	3	4	5	0	8	7	18	48	0	71	129	34	23	17	7	5	16	16	8	5	4	9	8	4	3	13	9	14	13	7	3	8	6	24	17	23	9	14	25	10	2	2	4	3	3	2	5	2	5	8	5	5	7	3	4	4	0	6	9	1	6	4	7	9	13	12	19	11	8	5	14	13	13	10	4	7	3	5	3	2	3	2	2	6	2	6	5	4	4	2	3	2	2	1	0	7	3	5	3	7	3	6
0	0	0	2	2	2	1	5	1	0	1	0	2	1	1	2	3	4	3	3	3	3	4	3	4	4	3	1	0	3	2	0	2	3	5	3	1	8	0	5	3	4	3	3	0	2	2	2	1	2	1	0	1	1	0	2	1	3	2	4	9	8	11	8	8	22	136	42	24	73	14	25	14	50	30	37	2	4	4	6	4	10	4	6	4	9	7	1	8	5	11	6	5	6	1	3	3	4	4	4	8	11	71	0	48	26	24	10	5	5	14	9	1	3	4	1	4	1	4	6	9	11	11	5	4	10	18	23	27	26	5	10	10	3	3	1	3	3	1	2	4	2	1	2	1	5	3	5	3	2	3	6	2	2	4	4	7	11	16	14	14	6	4	4	4	8	6	4	9	8	8	6	4	1	2	3	3	3	1	3	3	5	2	1	5	0	4	2	4	8	1	4	2	3	1	3
0	0	0	1	2	1	0	2	1	0	0	0	0	1	2	3	2	2	1	4	4	4	0	2	3	1	1	1	1	3	2	3	4	4	6	6	2	5	4	2	1	0	1	0	3	6	1	0	0	3	1	1	2	1	0	5	3	5	3	8	5	5	7	4	4	9	22	27	57	334	60	121	34	63	21	51	7	6	4	8	6	5	6	9	4	9	11	7	7	2	13	14	7	4	5	3	1	4	13	9	13	30	129	48	0	37	18	34	9	8	17	19	8	3	14	6	10	4	8	25	20	25	10	8	3	2	7	33	14	30	13	9	23	12	6	4	8	2	5	3	6	2	5	3	8	7	6	6	6	4	6	4	2	4	3	7	6	10	24	19	28	22	12	8	19	31	14	22	11	24	12	6	6	6	5	4	4	5	8	6	4	3	5	6	3	8	4	4	7	3	5	7	5	3	5	6
0	0	0	1	2	2	0	2	8	4	3	0	1	3	3	5	4	9	8	4	5	3	1	5	2	4	4	0	3	2	4	6	4	9	8	9	5	8	5	3	1	1	4	3	2	1	4	1	2	3	2	4	1	4	0	4	6	6	8	12	9	11	13	9	8	11	16	26	35	60	40	16	16	41	25	184	41	18	14	12	7	13	2	9	5	17	17	22	28	20	26	24	10	12	5	6	8	3	12	15	28	16	34	26	37	0	41	582	10	25	85	141	16	11	16	9	6	6	10	13	35	37	10	15	6	10	21	41	61	191	26	29	665	33	11	6	8	2	6	7	8	8	8	9	11	11	7	7	3	5	10	14	5	1	8	3	17	22	106	136	137	41	18	19	55	34	10	16	4	12	9	7	5	2	5	2	6	3	9	12	11	4	2	5	6	3	6	6	6	10	4	6	5	3	7	10
0	0	0	2	5	2	1	2	3	4	2	1	2	1	1	3	5	4	3	7	4	3	3	5	1	3	1	4	3	3	4	1	7	5	4	9	4	6	10	2	3	7	5	3	6	1	1	3	2	0	0	1	3	1	2	4	9	3	4	7	13	16	13	13	25	54	31	10	14	27	13	16	25	49	48	84	30	7	15	12	6	21	6	6	10	12	16	12	24	19	33	18	7	15	6	9	11	11	13	39	29	46	23	24	18	41	0	42	14	12	13	21	13	10	8	5	4	2	7	7	10	9	7	4	3	4	5	11	31	142	63	47	54	10	3	0	3	7	9	2	5	4	5	1	4	6	3	6	2	3	1	3	0	1	4	2	7	7	25	65	27	11	13	11	17	12	4	14	1	7	8	2	2	1	5	1	3	5	4	4	5	2	3	2	1	1	5	3	2	6	2	5	1	2	5	7
0	0	0	1	6	1	1	6	4	3	2	0	1	0	0	1	3	2	5	4	7	3	7	3	4	4	3	0	2	3	3	3	6	7	9	9	5	7	2	4	2	4	5	5	1	3	3	0	3	4	2	2	1	0	5	4	6	4	5	14	12	14	4	9	13	20	19	28	33	40	42	22	15	22	15	94	42	11	5	14	6	10	8	11	3	13	14	18	30	27	36	31	10	11	6	5	11	9	10	18	33	16	17	10	34	582	42	0	25	37	178	336	21	17	26	2	14	7	15	9	39	40	7	6	12	9	17	46	53	91	23	22	534	62	15	4	4	11	12	10	4	4	9	6	8	14	8	9	9	11	14	6	3	4	6	9	11	20	157	106	182	71	23	23	116	66	23	9	7	18	18	8	4	2	8	9	4	5	7	11	10	7	2	1	3	5	3	6	6	12	5	7	5	11	8	13
0	0	0	2	2	3	2	4	4	0	1	2	3	3	2	5	6	10	8	4	10	3	6	11	5	3	1	4	3	8	5	5	9	6	11	15	13	4	6	8	3	3	3	4	5	5	3	2	4	8	6	1	2	0	1	2	2	6	17	6	4	9	6	5	5	7	4	3	9	17	21	7	10	5	6	16	64	40	72	13	26	10	7	5	8	19	15	63	21	38	69	50	32	17	14	11	33	20	18	25	35	7	7	5	9	10	14	25	0	89	67	57	26	63	37	7	14	10	12	17	24	13	5	5	4	7	4	7	13	23	9	9	27	347	50	5	23	15	14	15	14	14	12	25	7	13	3	7	6	9	17	12	5	3	4	7	10	7	22	24	28	16	20	24	51	16	17	8	6	7	6	5	2	1	4	8	11	11	15	12	12	7	1	7	3	11	6	7	7	14	5	12	16	18	24	29
0	0	0	1	2	1	2	3	2	2	5	2	1	4	4	9	2	8	9	5	9	6	6	13	4	3	6	5	3	3	6	1	8	7	9	17	11	11	6	6	4	3	4	4	4	6	4	2	5	4	2	3	2	3	4	4	2	4	26	12	11	8	6	5	4	6	9	19	12	10	16	4	8	6	5	15	44	31	18	17	15	14	4	4	12	15	20	49	14	18	20	19	13	12	7	10	15	7	7	8	12	7	5	5	8	25	12	37	89	0	81	81	99	198	46	9	10	1	12	16	30	24	4	7	8	9	6	11	16	15	9	7	31	148	62	15	25	28	13	6	7	6	19	22	23	20	13	16	15	11	26	25	4	4	11	3	17	11	32	31	31	40	62	66	118	44	24	16	8	11	22	15	5	3	6	9	15	17	17	45	16	10	9	3	6	7	15	10	12	27	3	30	5	19	27	37
0	0	0	1	0	0	3	2	0	2	0	3	1	4	2	8	0	2	7	2	7	2	5	4	3	4	4	1	4	1	4	4	8	5	13	12	7	6	3	3	2	6	4	2	6	0	2	1	4	2	0	4	2	0	2	2	3	7	7	12	7	10	6	4	7	9	14	9	17	23	52	16	7	13	6	53	50	21	19	17	8	11	5	11	6	11	22	27	17	21	61	43	14	20	8	4	14	12	12	25	29	13	16	14	17	85	13	178	67	81	0	192	34	37	44	13	8	5	18	31	81	33	12	4	5	3	6	27	23	40	14	10	103	188	29	12	12	16	6	10	6	10	15	13	6	14	7	10	12	6	12	11	5	2	10	6	11	9	48	55	56	38	29	28	77	87	20	13	10	8	13	12	7	2	12	4	6	9	8	9	6	7	5	2	5	4	10	4	11	12	4	8	7	17	18	21
0	0	0	2	0	1	3	1	4	0	2	1	2	2	4	4	5	12	7	8	3	3	10	6	4	3	5	1	3	1	3	0	9	8	15	10	7	10	5	4	3	4	2	7	4	3	3	1	3	1	1	3	3	3	5	5	6	10	10	24	12	9	7	7	13	10	11	20	21	16	24	8	20	15	12	54	88	15	13	20	18	20	8	8	8	27	26	45	41	32	53	35	9	18	3	3	10	8	7	17	18	11	16	9	19	141	21	336	57	81	192	0	64	34	17	9	17	8	12	26	24	38	6	8	5	7	12	30	43	59	23	20	282	124	19	4	5	14	9	4	3	8	11	5	9	12	6	6	11	10	21	17	7	2	4	5	18	22	128	127	283	64	35	59	187	47	29	13	6	18	21	15	3	1	3	5	7	9	7	17	11	11	3	3	6	3	10	9	7	9	8	12	7	6	9	19
0	0	0	2	3	2	4	2	2	1	1	0	1	4	1	11	6	21	10	11	7	11	8	9	6	6	8	2	1	6	7	5	12	14	15	17	9	14	6	5	3	3	6	15	5	1	1	6	1	3	1	5	4	7	5	3	4	16	24	48	12	21	6	6	8	12	7	9	12	10	9	8	6	6	2	22	44	20	14	8	16	19	6	12	10	31	39	78	31	24	23	13	6	17	12	6	14	4	8	9	12	5	8	1	8	16	13	21	26	99	34	64	0	56	11	5	4	4	4	5	16	13	9	7	4	4	9	10	19	18	12	13	27	39	22	8	10	17	7	3	5	4	6	10	11	15	12	9	15	14	17	32	4	10	11	7	27	19	48	28	60	35	52	554	79	33	19	8	5	10	13	12	3	3	1	3	10	10	10	39	18	9	9	8	7	7	9	9	16	24	3	9	4	8	10	12
0	0	0	0	5	2	3	1	3	2	1	0	1	1	2	6	6	4	2	4	10	3	7	8	5	6	2	0	4	4	8	7	10	14	12	7	8	6	7	11	3	6	6	6	2	2	4	2	4	5	5	2	3	0	1	3	5	5	30	14	12	10	4	2	3	4	3	3	7	8	10	5	3	5	5	12	32	20	18	9	17	9	10	6	4	19	16	65	17	15	9	14	14	12	9	4	19	1	11	9	6	6	5	3	3	11	10	17	63	198	37	34	56	0	27	12	17	9	11	13	15	13	8	5	3	2	7	10	7	18	13	7	27	78	106	38	51	48	16	8	7	9	11	32	21	19	6	19	10	12	35	17	10	7	10	9	13	13	19	21	15	17	26	28	29	16	15	9	5	6	8	11	2	6	8	8	16	21	28	49	40	9	9	10	7	4	21	16	21	54	11	30	15	25	59	79
0	0	0	1	3	0	2	1	3	0	1	0	0	1	2	3	3	7	6	5	4	1	4	5	3	2	1	2	1	0	3	3	4	6	2	7	6	5	0	3	2	4	0	2	4	1	1	6	1	6	1	0	2	0	1	2	3	2	7	6	3	2	5	9	4	5	1	5	12	8	26	4	9	5	2	12	17	10	11	12	6	8	5	5	2	7	7	14	10	14	13	20	17	6	7	7	7	6	11	11	14	5	4	4	14	16	8	26	37	46	44	17	11	27	0	37	75	18	37	30	109	21	6	9	6	6	4	12	11	8	7	9	20	29	101	22	14	32	20	15	37	19	51	47	65	28	16	9	18	13	14	13	8	3	6	4	8	3	21	10	15	10	19	8	28	26	37	13	9	10	13	13	8	4	14	16	35	16	10	15	17	8	6	6	6	5	9	3	21	27	6	17	12	67	25	72
0	0	0	0	1	1	0	1	1	2	1	1	0	0	1	3	2	4	3	4	2	1	3	1	6	3	1	2	0	2	0	0	6	1	2	3	0	3	2	2	2	2	2	0	2	2	1	2	0	1	0	1	0	0	3	1	2	0	6	2	1	2	4	1	3	5	1	7	4	7	11	8	6	7	2	5	7	7	7	6	8	6	1	0	0	4	5	8	3	5	11	8	10	4	5	1	4	1	7	5	7	6	9	1	6	9	5	2	7	9	13	9	5	12	37	0	192	83	56	17	24	3	2	4	3	2	3	3	8	3	5	0	4	10	15	18	10	18	20	34	180	59	169	39	80	12	15	11	10	1	7	5	5	4	1	3	8	5	7	0	4	8	8	6	9	13	11	12	2	8	4	9	8	8	29	24	23	14	5	4	3	3	1	4	1	2	8	5	16	11	14	7	25	44	10	26
0	0	0	1	3	0	0	1	2	1	0	2	3	0	2	1	1	1	1	2	4	4	0	5	2	5	4	1	3	1	2	3	2	2	5	3	2	2	5	0	3	3	5	0	2	2	0	3	0	0	1	3	1	3	2	1	3	2	8	4	3	3	1	3	4	4	1	6	3	7	12	9	6	2	4	10	9	11	9	6	7	3	3	3	1	4	3	5	4	8	9	16	13	4	6	7	8	7	12	8	12	1	8	4	10	6	4	14	14	10	8	17	4	17	75	192	0	62	90	32	33	10	5	1	3	6	1	3	11	4	5	5	9	17	31	19	20	21	30	39	254	51	283	49	36	15	10	10	6	11	11	4	1	5	7	1	7	1	7	8	7	3	10	9	8	14	19	9	10	4	12	7	8	9	9	15	17	11	4	3	8	3	5	3	3	2	10	4	11	10	6	7	29	81	30	36
0	0	0	2	0	0	1	1	1	3	1	0	0	0	0	1	1	3	1	1	3	4	1	4	2	1	0	0	5	2	0	0	4	1	5	7	2	2	1	1	1	3	3	3	1	2	0	0	2	2	2	1	2	3	1	3	0	2	1	1	2	2	0	3	3	2	3	3	9	6	14	2	9	5	2	7	6	3	5	6	4	2	1	2	4	7	2	6	4	5	5	14	11	8	4	3	7	5	7	1	8	5	4	1	4	6	2	7	10	1	5	8	4	9	18	83	62	0	88	18	13	5	3	4	2	0	6	3	5	2	7	2	4	11	11	11	8	8	10	33	99	36	36	17	19	8	9	4	0	6	7	3	1	2	1	5	3	4	7	4	8	6	4	1	6	9	9	4	2	2	11	5	10	6	18	12	9	5	1	2	4	4	3	5	2	1	2	1	3	7	5	12	11	20	6	13
0	0	0	1	1	1	3	1	2	0	3	1	1	1	1	2	4	2	1	2	3	1	1	2	1	0	2	1	3	1	2	0	2	2	3	7	4	1	3	2	2	1	2	3	0	1	1	1	0	2	1	1	2	3	2	1	3	2	5	3	3	3	4	1	1	4	4	6	10	9	24	15	5	7	6	7	10	10	8	7	5	5	1	3	1	2	5	3	10	6	15	12	15	10	2	3	4	8	7	8	14	10	3	4	8	10	7	15	12	12	18	12	4	11	37	56	90	88	0	72	50	7	6	4	3	2	5	9	6	9	2	6	5	19	18	15	6	16	11	15	50	22	42	18	17	9	9	9	2	6	6	5	1	3	4	6	7	2	9	8	6	10	8	4	7	17	15	11	9	5	7	8	19	3	13	6	15	8	4	10	5	5	6	4	2	2	3	2	8	11	3	7	9	18	13	19
0	0	0	0	2	2	1	1	3	0	1	1	1	1	0	1	1	1	3	3	4	2	2	5	0	1	1	0	2	4	1	2	0	3	3	7	2	4	1	0	1	0	0	3	1	2	2	2	0	1	0	1	3	1	1	2	1	0	6	8	6	3	7	2	4	1	6	8	11	16	95	30	9	18	12	19	7	10	7	25	12	4	2	2	6	6	6	6	6	7	15	51	29	13	7	3	10	11	12	8	25	17	13	6	25	13	7	9	17	16	31	26	5	13	30	17	32	18	72	0	43	5	4	5	4	4	1	11	7	9	8	10	22	24	12	6	8	3	10	16	14	10	18	13	10	7	2	4	6	2	12	4	0	1	3	2	7	7	10	13	11	10	9	7	15	22	8	9	8	8	11	5	5	3	10	4	9	7	7	9	2	4	2	2	1	1	1	1	3	3	5	9	7	9	7	18
0	0	0	1	1	3	0	1	1	1	0	0	2	1	1	3	1	1	1	3	6	5	2	4	6	4	0	3	1	0	4	2	2	7	8	5	4	3	2	3	5	2	4	5	3	1	2	0	2	3	0	2	2	1	2	1	6	4	12	7	4	11	3	1	2	9	6	13	26	18	56	21	13	10	7	22	17	11	10	11	6	4	7	2	6	5	7	15	8	5	15	28	16	10	4	5	12	5	15	7	17	10	9	9	20	35	10	39	24	30	81	24	16	15	109	24	33	13	50	43	0	37	13	10	4	9	14	15	16	19	13	7	29	40	40	16	13	9	13	9	19	9	18	23	25	20	15	12	13	12	12	8	5	3	7	8	9	6	27	14	17	25	19	21	35	59	43	25	13	8	19	15	11	3	16	16	11	12	8	5	15	8	10	8	7	1	8	9	14	11	5	15	11	20	7	29
0	0	0	2	1	1	1	4	1	1	1	2	1	0	2	6	3	3	3	3	1	1	1	2	2	3	2	0	1	2	0	4	4	3	4	0	3	5	3	1	3	2	3	3	4	2	2	0	1	1	0	3	1	0	6	0	3	4	4	7	9	7	7	7	4	7	10	50	86	29	17	9	11	8	9	21	6	9	3	3	6	11	2	5	3	5	7	12	7	9	8	13	12	9	4	3	6	1	5	4	10	7	14	11	25	37	9	40	13	24	33	38	13	13	21	3	10	5	7	5	37	0	29	21	10	20	31	152	47	21	3	7	30	16	17	9	4	7	7	6	5	3	5	8	9	19	20	12	13	21	18	17	13	2	11	16	31	36	68	15	28	224	58	24	55	239	135	101	32	79	121	30	5	8	6	7	9	3	6	14	11	13	6	4	9	4	5	4	11	14	7	8	6	5	6	10
0	0	0	1	3	2	3	1	3	0	3	0	1	0	1	2	2	1	4	6	0	2	3	3	1	0	2	1	1	1	4	0	3	0	1	2	3	2	1	3	6	0	5	7	2	1	0	0	1	2	1	2	2	1	5	2	5	1	5	8	4	8	6	2	0	1	13	29	45	13	9	14	5	7	4	7	3	2	0	2	1	5	0	4	1	5	4	9	3	6	7	5	1	2	0	6	3	2	4	1	1	3	13	11	10	10	7	7	5	4	12	6	9	8	6	2	5	3	6	4	13	29	0	64	40	102	100	40	25	5	3	4	9	7	7	5	5	9	4	5	2	1	3	2	3	17	7	7	10	4	6	16	12	4	15	17	29	47	18	9	13	23	20	8	7	15	16	50	73	221	62	31	12	7	5	8	7	7	3	4	6	8	3	10	9	5	4	4	7	8	2	2	2	6	4	4
0	0	0	1	1	1	3	0	3	2	0	0	2	3	3	1	2	3	5	0	3	2	2	2	3	1	4	1	1	0	1	2	0	2	2	3	2	3	0	2	2	0	2	3	1	1	0	2	2	4	0	2	1	1	0	1	3	3	4	6	10	8	5	4	2	2	5	20	18	11	4	6	7	2	3	3	3	2	1	1	1	3	1	2	4	1	2	3	6	2	4	7	3	2	2	2	1	2	4	3	4	5	7	5	8	15	4	6	5	7	4	8	7	5	9	4	1	4	4	5	10	21	64	0	78	43	19	18	11	5	4	3	7	7	8	8	2	4	4	2	3	4	4	3	6	13	13	13	18	20	13	12	15	7	17	29	27	15	15	5	7	14	21	7	12	15	28	68	559	52	52	66	19	13	14	8	9	7	7	9	6	10	11	14	12	7	5	6	10	8	9	5	3	5	2	3
0	0	0	3	2	2	1	1	2	0	0	1	1	2	0	7	1	4	3	3	2	2	3	2	2	1	3	0	2	0	3	0	1	4	1	2	3	1	1	1	0	1	3	2	0	1	0	1	2	2	0	0	1	0	1	0	1	2	3	5	2	5	1	3	5	2	1	10	7	3	5	3	5	1	3	2	2	0	2	0	7	3	3	3	1	3	0	4	5	2	2	3	1	1	3	1	3	3	2	1	1	3	3	4	3	6	3	12	4	8	5	5	4	3	6	3	3	2	3	4	4	10	40	78	0	65	15	9	10	6	1	5	5	3	4	5	4	1	1	1	3	5	2	0	2	10	13	3	10	16	10	14	17	13	15	56	16	13	9	4	7	9	10	5	4	5	11	15	53	17	25	23	8	9	5	7	5	5	7	7	12	8	7	16	11	14	10	4	11	2	7	10	3	0	0	4
0	0	0	3	1	2	1	1	0	0	0	2	0	1	0	3	4	5	3	4	1	3	1	0	2	2	1	0	2	0	0	1	3	2	2	2	7	3	3	4	2	1	4	2	2	2	1	1	1	0	0	0	1	2	1	4	1	6	5	2	8	6	1	4	2	2	6	24	17	11	1	5	2	6	8	6	3	0	2	0	2	1	1	1	0	1	1	1	2	5	6	2	2	0	2	0	3	2	0	2	4	3	8	10	2	10	4	9	7	9	3	7	4	2	6	2	6	0	2	4	9	20	102	43	65	0	47	26	15	6	6	4	6	2	1	4	5	5	2	1	2	2	2	2	2	3	7	7	11	10	10	11	4	2	13	24	21	22	14	6	2	13	14	9	9	11	10	16	45	32	23	20	3	6	7	3	6	1	0	3	5	12	3	5	10	6	3	6	4	5	4	3	11	3	4	7
0	0	0	1	2	3	4	2	1	2	1	0	1	3	3	4	0	7	5	1	0	2	1	4	6	1	4	1	0	6	1	3	5	3	6	5	4	3	3	6	1	4	0	4	6	3	3	2	1	1	2	1	2	1	3	1	4	3	3	6	12	8	3	3	3	6	12	62	38	13	6	5	9	6	2	6	11	5	5	1	3	10	1	6	4	7	4	4	5	6	8	4	2	1	2	2	7	0	0	4	7	5	6	18	7	21	5	17	4	6	6	12	9	7	4	3	1	6	5	1	14	31	100	19	15	47	0	41	35	10	7	12	11	4	4	1	3	5	4	4	3	1	2	0	3	7	6	6	7	13	12	7	12	3	5	11	18	62	20	7	19	29	12	14	17	15	9	19	29	73	29	11	9	2	3	3	7	6	3	11	10	11	5	2	4	5	3	1	4	6	7	5	2	2	3	5
0	0	0	1	1	3	4	3	0	2	3	0	0	3	2	2	1	5	5	2	6	1	5	3	1	2	2	1	3	2	0	5	1	6	4	7	3	2	3	2	2	2	3	5	4	3	3	3	1	3	1	1	3	1	2	2	2	2	3	11	10	11	2	5	5	9	13	202	349	43	22	15	10	17	12	20	13	9	4	5	4	5	3	3	6	9	5	12	14	9	7	13	1	7	1	3	6	4	7	8	7	10	24	23	33	41	11	46	7	11	27	30	10	10	12	3	3	3	9	11	15	152	40	18	9	26	41	0	98	30	11	13	38	12	8	5	2	6	5	2	5	4	5	3	5	6	14	6	10	18	12	13	12	8	5	8	22	59	76	25	33	101	25	14	32	55	29	39	18	100	50	25	10	3	6	5	4	7	3	14	8	11	5	6	6	3	4	4	11	10	5	7	7	6	8	6
0	0	0	2	5	2	4	3	3	0	2	4	3	2	5	5	3	4	8	4	7	2	4	3	6	4	5	4	0	4	3	8	2	8	12	4	4	3	7	7	6	2	4	3	4	2	2	1	6	1	3	2	4	4	3	3	4	3	11	25	25	18	14	6	18	14	22	115	51	40	6	14	5	12	6	32	24	7	11	8	7	9	3	5	5	13	15	11	16	8	12	7	3	5	4	4	3	5	4	8	10	5	17	27	14	61	31	53	13	16	23	43	19	7	11	8	11	5	6	7	16	47	25	11	10	15	35	98	0	27	13	35	51	16	5	5	2	5	2	3	3	3	2	5	4	10	5	10	4	7	16	11	7	3	9	5	30	92	202	39	78	93	34	37	43	29	21	23	10	36	30	11	2	1	9	3	11	6	3	10	9	9	1	3	4	4	6	2	9	5	3	5	1	6	5	7
0	0	0	2	1	4	4	1	2	3	2	3	2	2	4	4	4	6	10	5	13	4	4	5	6	3	5	3	1	3	5	8	7	3	9	4	5	9	5	0	4	6	4	10	8	1	2	1	0	4	1	2	4	3	4	2	6	10	8	12	8	17	16	14	14	45	23	24	17	42	21	18	9	39	23	90	45	20	9	12	13	26	9	12	5	23	16	14	34	28	34	15	7	12	6	5	10	12	6	27	26	27	23	26	30	191	142	91	23	15	40	59	18	18	8	3	4	2	9	9	19	21	5	5	6	6	10	30	27	0	40	71	229	29	5	2	2	2	2	4	5	0	6	2	9	6	3	6	5	7	13	8	4	2	5	5	6	19	67	254	110	26	4	23	37	20	9	12	5	7	12	6	5	2	2	6	5	3	7	16	3	4	1	2	4	2	3	3	4	4	2	3	5	6	7	6
0	0	0	0	3	4	8	1	3	3	4	2	2	4	1	6	5	7	4	9	17	5	6	5	3	3	4	2	2	3	6	5	2	7	20	17	12	6	4	4	2	8	5	6	3	4	1	4	0	6	0	3	6	3	4	2	8	4	10	10	13	15	15	15	23	32	5	8	11	11	12	12	7	23	12	29	42	35	20	28	44	83	14	17	13	33	33	22	68	52	54	16	13	24	6	10	24	13	12	140	43	24	9	5	13	26	63	23	9	9	14	23	12	13	7	5	5	7	2	8	13	3	3	4	1	6	7	11	13	40	0	29	39	15	4	6	4	5	2	3	1	4	8	1	4	6	6	3	5	2	2	5	1	0	6	3	3	8	13	59	17	6	12	7	10	15	9	1	1	7	4	4	3	3	0	0	3	4	2	7	2	3	2	4	4	6	3	2	1	6	2	3	6	4	6	3
0	0	0	3	3	1	2	4	6	4	3	3	3	1	2	9	6	1	8	16	9	1	5	3	2	5	2	2	3	4	3	4	4	3	12	8	4	10	10	5	3	8	4	7	4	1	2	1	1	3	4	2	5	7	4	3	11	4	9	24	24	45	40	35	72	120	44	17	13	15	11	7	12	21	19	24	19	13	5	5	11	31	10	29	17	12	24	13	38	10	17	7	3	6	2	1	9	4	6	8	13	11	14	10	9	29	47	22	9	7	10	20	13	7	9	0	5	2	6	10	7	7	4	3	5	4	12	13	35	71	29	0	42	9	6	3	2	6	5	5	1	1	1	3	1	0	5	3	4	8	7	7	2	1	1	1	5	16	22	40	46	17	7	17	24	10	6	7	3	10	11	4	4	1	4	4	2	6	4	6	6	5	6	4	6	1	2	2	3	6	2	3	2	6	3	4
0	0	0	1	1	3	0	2	0	3	0	2	1	2	5	4	3	7	6	8	6	7	10	5	0	2	2	0	3	4	1	1	6	10	8	12	7	7	2	4	7	2	3	9	6	1	4	1	2	2	2	2	1	0	4	4	6	5	10	21	16	12	12	8	20	19	18	24	22	24	34	15	16	22	13	131	71	20	14	10	19	15	2	15	11	13	19	27	41	23	47	24	7	6	6	2	10	10	10	19	23	20	25	10	23	665	54	534	27	31	103	282	27	27	20	4	9	4	5	22	29	30	9	7	5	6	11	38	51	229	39	42	0	61	8	4	7	5	5	2	12	3	4	6	10	5	8	4	3	9	14	11	4	4	6	3	13	16	125	367	234	30	23	30	76	41	16	7	5	11	9	10	2	1	5	5	5	2	3	12	13	4	3	7	4	7	6	6	7	8	4	5	7	9	7	8
0	0	0	3	6	3	3	4	1	4	3	0	1	0	2	7	3	7	3	9	11	4	3	6	2	6	5	3	3	3	5	4	3	9	15	14	7	6	3	7	1	4	3	5	3	2	7	5	4	5	1	3	5	4	2	3	9	4	18	9	6	7	6	4	9	12	4	6	4	13	20	8	6	13	6	29	80	31	29	15	16	10	9	9	8	24	26	53	30	28	54	37	16	22	5	10	18	7	16	15	15	10	10	3	12	33	10	62	347	148	188	124	39	78	29	10	17	11	19	24	40	16	7	7	3	2	4	12	16	29	15	9	61	0	35	7	19	12	14	7	9	9	15	9	10	14	11	7	2	12	19	13	6	8	6	2	11	8	40	57	43	22	14	20	68	42	17	13	2	7	19	6	6	2	2	5	13	11	11	19	18	10	4	4	6	1	5	4	8	25	6	11	10	14	22	21
0	0	0	2	2	1	0	0	2	1	0	2	2	2	0	5	3	8	5	4	3	2	5	8	4	2	0	2	4	1	5	3	4	10	9	8	2	5	5	4	4	2	1	2	4	3	1	3	0	4	3	0	3	2	3	1	4	4	9	11	3	10	4	2	3	3	4	8	6	8	11	3	7	8	2	12	12	12	11	5	11	10	3	5	4	9	9	18	6	10	17	21	4	8	12	7	8	9	12	5	13	3	2	3	6	11	3	15	50	62	29	19	22	106	101	15	31	11	18	12	40	17	7	8	4	1	4	8	5	5	4	6	8	35	0	50	81	117	31	14	21	14	44	91	35	18	15	21	12	18	18	11	4	2	6	2	12	8	18	15	12	15	18	19	33	25	24	12	5	9	5	9	7	8	4	15	21	35	29	20	19	9	4	6	4	6	12	17	29	41	6	33	17	92	73	577
0	0	0	0	0	2	2	0	3	2	0	2	0	1	2	1	1	3	5	3	4	7	3	6	0	2	2	2	4	2	4	2	4	8	2	4	3	2	1	2	2	1	2	1	7	1	0	1	2	2	3	1	2	1	0	1	3	4	8	7	3	5	2	3	1	4	2	3	3	2	4	4	2	2	1	5	6	9	10	6	4	5	1	3	1	6	12	18	7	9	8	7	9	7	5	1	4	10	5	3	5	4	2	1	4	6	0	4	5	15	12	4	8	38	22	18	19	11	15	6	16	9	5	8	5	4	1	5	5	2	6	3	4	7	50	0	86	644	27	12	17	20	15	44	35	36	20	60	17	16	27	10	8	11	10	6	12	4	9	4	4	9	11	8	11	10	18	7	7	7	8	11	4	3	12	34	36	212	96	23	44	8	9	11	11	4	20	36	46	58	34	185	122	73	83	113
0	0	0	1	2	3	3	4	1	1	0	0	3	3	1	1	2	6	11	3	9	7	8	5	2	1	1	0	7	5	3	6	7	11	11	7	5	2	4	3	2	1	2	2	8	0	4	3	1	0	6	4	4	3	3	1	1	8	12	7	4	3	4	3	4	4	6	6	7	3	4	1	1	3	0	4	12	11	11	4	5	5	4	4	5	9	4	17	11	3	10	11	11	9	8	10	12	4	9	3	7	0	4	3	8	8	3	4	23	25	12	5	10	51	14	10	20	8	6	8	13	4	5	2	4	5	3	2	2	2	4	2	7	19	81	86	0	134	66	11	11	16	32	70	22	20	14	15	6	3	18	12	1	7	5	4	9	5	12	9	2	9	14	12	9	10	13	6	1	4	12	3	2	5	6	11	17	32	62	17	16	10	2	5	8	5	11	15	13	33	8	43	41	59	5438	146
0	0	0	1	1	4	2	2	2	2	0	1	1	1	0	3	3	8	4	4	2	4	3	2	3	4	2	2	3	1	5	5	2	3	8	11	1	4	4	0	1	0	2	1	4	1	2	1	2	2	7	4	1	2	1	4	5	5	7	5	4	3	2	3	3	2	1	3	8	4	9	3	4	3	4	5	9	3	9	5	5	3	0	3	5	8	5	9	12	7	11	4	4	6	6	1	10	3	3	2	9	4	3	3	2	2	7	11	15	28	16	14	17	48	32	18	21	8	16	3	9	7	9	4	1	5	5	6	5	2	5	6	5	12	117	644	134	0	41	9	14	13	36	88	39	30	19	35	22	20	29	15	8	4	8	3	8	4	9	8	11	7	12	11	10	17	20	6	2	3	7	9	9	5	11	23	40	98	70	29	33	12	10	15	11	6	18	18	40	62	18	130	86	105	122	272
0	0	0	1	4	2	0	2	1	1	1	1	2	1	3	0	2	8	0	3	2	5	7	6	3	3	7	1	2	8	2	2	1	4	6	5	3	1	1	1	0	3	1	2	1	1	2	1	2	4	2	1	4	0	3	1	3	4	8	4	5	2	0	0	3	3	2	2	5	7	5	5	2	2	5	4	7	10	6	7	9	3	1	4	2	3	4	9	4	6	5	8	9	5	11	5	5	9	4	2	3	2	3	1	5	6	9	12	14	13	6	9	7	16	20	20	30	10	11	10	13	7	4	4	1	2	4	5	2	2	2	5	5	14	31	27	66	41	0	31	36	53	45	148	18	11	12	10	3	10	6	5	7	7	1	1	1	6	8	1	5	8	3	5	0	8	4	5	1	4	3	5	3	6	3	8	9	20	22	9	7	2	5	5	0	6	4	8	4	20	5	12	74	54	60	48
0	0	0	0	1	1	0	2	1	0	2	0	2	0	0	1	0	5	1	5	1	0	6	4	1	1	4	2	0	1	6	2	2	0	6	7	5	0	1	0	0	4	1	3	2	0	2	2	0	3	5	3	3	1	1	1	3	0	4	2	1	2	3	0	0	3	3	3	3	5	9	4	2	4	4	10	3	5	12	16	3	2	4	1	1	1	5	6	2	6	6	16	16	13	11	3	10	14	8	3	7	1	2	2	3	7	2	10	15	6	10	4	3	8	15	34	39	33	15	16	9	6	5	2	1	1	4	2	3	4	3	5	2	7	14	12	11	9	31	0	73	70	46	22	11	6	6	4	3	4	3	2	2	1	2	3	3	4	5	2	7	1	5	3	9	6	1	5	5	3	3	6	2	5	8	11	10	8	7	4	2	2	4	3	2	2	2	3	4	6	0	9	18	21	17	16
0	0	0	0	2	1	1	1	0	2	0	1	1	0	2	1	5	4	1	3	2	1	2	2	3	0	0	3	1	1	1	3	1	4	7	6	2	3	2	0	1	1	0	4	0	0	0	3	3	3	1	1	1	2	0	1	1	2	4	7	0	1	2	1	1	3	3	7	4	7	9	2	7	3	5	7	3	6	11	3	6	3	3	3	2	7	4	5	2	6	11	14	16	4	5	5	5	6	11	4	4	2	5	4	6	8	5	4	14	7	6	3	5	7	37	180	254	99	50	14	19	5	2	3	3	2	3	5	3	5	1	1	12	9	21	17	11	14	36	73	0	113	275	43	17	12	4	10	2	6	6	6	2	3	9	3	4	3	5	3	5	11	6	3	9	7	10	3	0	5	3	7	2	6	9	4	14	13	5	2	3	3	6	4	2	3	4	3	9	8	6	7	22	28	21	22
0	0	0	0	1	0	2	2	0	1	0	0	1	2	0	2	2	3	2	2	2	1	3	4	2	4	1	2	2	0	3	2	2	3	2	4	0	3	0	2	1	1	3	1	2	1	3	7	5	1	4	1	2	2	1	1	2	6	3	4	4	0	1	2	2	5	4	5	0	2	7	2	3	1	4	8	4	7	10	9	4	2	1	1	1	2	2	10	3	4	5	7	5	6	4	4	1	3	9	2	5	5	2	2	2	8	4	4	14	6	10	8	4	9	19	59	51	36	22	10	9	3	1	4	5	2	1	4	3	0	4	1	3	9	14	20	16	13	53	70	113	0	144	44	19	10	14	12	5	5	1	5	6	1	3	3	4	1	8	8	5	4	10	4	3	4	9	7	2	4	3	8	4	7	7	11	10	10	10	4	9	3	2	8	4	4	5	5	7	4	7	11	40	46	18	18
0	0	0	0	0	0	1	2	1	1	2	0	1	2	3	2	0	4	0	1	3	5	1	3	3	5	0	0	6	0	2	0	4	6	6	6	2	4	5	1	1	2	0	5	0	2	1	1	1	0	1	2	2	2	3	0	5	2	1	2	1	5	3	0	2	5	4	7	5	1	3	8	5	4	3	11	13	4	5	12	5	3	2	1	3	4	5	10	4	4	7	10	12	8	3	3	2	4	6	9	9	8	5	1	5	8	5	9	12	19	15	11	6	11	51	169	283	36	42	18	18	5	3	4	2	2	2	5	2	6	8	1	4	15	44	15	32	36	45	46	275	144	0	96	47	18	9	13	8	13	9	1	3	6	3	2	4	3	9	6	6	9	8	5	8	14	9	4	4	7	7	7	8	7	20	16	25	11	12	9	8	3	2	1	4	3	3	3	15	10	8	10	31	111	26	29
0	0	0	1	1	0	3	3	2	2	2	0	1	2	1	2	3	3	3	5	1	4	2	2	2	4	4	1	3	1	2	2	4	2	5	7	3	4	1	1	4	3	2	1	3	2	2	0	4	1	1	1	2	4	1	1	5	4	6	6	4	2	3	4	5	3	0	6	5	7	4	8	4	1	5	7	6	13	11	8	3	7	5	4	4	7	7	9	4	9	8	13	12	4	9	10	11	9	8	2	9	7	8	2	3	9	1	6	25	22	13	5	10	32	47	39	49	17	18	13	23	8	2	3	0	2	0	3	5	2	1	3	6	9	91	44	70	88	148	22	43	44	96	0	21	22	13	12	5	6	7	8	5	7	4	5	9	1	3	8	5	4	11	5	7	6	15	9	6	6	10	1	6	3	8	15	22	18	21	16	8	5	8	3	4	3	3	10	15	21	8	18	55	262	103	134
0	0	0	0	2	0	2	1	1	1	1	1	0	0	2	1	1	5	3	3	2	3	4	7	2	1	0	1	2	0	1	5	2	2	0	3	0	5	1	1	3	2	1	3	5	3	3	0	0	0	2	1	1	0	0	1	2	2	4	1	3	4	4	1	3	1	1	7	10	5	12	4	2	5	0	5	2	4	4	2	3	3	1	5	2	2	2	4	3	5	7	7	9	4	8	1	2	3	2	2	3	3	5	1	8	11	4	8	7	23	6	9	11	21	65	80	36	19	17	10	25	9	3	6	2	2	3	5	4	9	4	1	10	10	35	35	22	39	18	11	17	19	47	21	0	65	39	17	10	13	19	6	7	6	7	5	15	14	9	9	8	11	20	2	10	20	25	12	8	5	15	19	15	13	48	59	147	21	12	7	15	7	0	8	6	4	7	6	23	21	18	37	24	87	15	42
0	0	0	1	0	3	2	1	1	1	0	1	1	2	0	3	3	1	2	3	1	1	2	4	2	3	1	3	2	1	3	4	1	7	3	6	5	2	1	3	2	1	3	4	1	1	4	1	2	3	1	0	6	4	3	3	3	3	6	2	3	4	1	3	2	3	2	4	15	6	8	3	4	4	0	9	4	2	10	4	3	4	3	1	4	0	4	9	5	3	2	6	8	6	2	2	2	4	5	9	5	4	5	5	7	11	6	14	13	20	14	12	15	19	28	12	15	8	9	7	20	19	17	13	10	3	7	6	10	6	6	0	5	14	18	36	20	30	11	6	12	10	18	22	65	0	178	94	28	65	49	19	13	7	12	14	16	7	6	6	16	16	33	10	21	25	46	20	14	5	20	32	22	12	17	34	143	61	26	22	35	21	16	16	11	11	9	16	124	84	30	81	22	29	14	30
0	0	0	0	3	0	1	0	1	1	2	1	1	1	0	2	3	2	3	1	4	3	1	3	0	2	0	1	2	1	2	0	2	4	3	3	2	1	1	1	0	1	2	1	0	2	3	3	1	1	1	0	2	1	3	1	4	2	6	5	2	3	6	3	2	2	6	6	10	6	6	6	2	4	2	6	5	6	8	7	2	4	2	1	3	4	6	5	5	1	7	1	5	4	1	1	3	1	4	3	3	3	7	3	6	7	3	8	3	13	7	6	12	6	16	15	10	9	9	2	15	20	7	13	13	7	6	14	5	3	6	5	8	11	15	20	14	19	12	6	4	14	9	13	39	178	0	44	34	36	27	12	14	11	24	14	20	6	7	7	7	14	28	7	13	19	29	24	17	18	26	61	27	16	39	40	58	21	11	12	20	22	6	14	14	11	13	22	61	31	16	26	14	21	11	14
0	0	0	1	1	2	3	0	2	1	1	1	1	0	2	2	1	3	2	1	4	5	3	2	3	1	1	1	4	4	3	1	5	2	3	8	2	1	3	0	1	1	3	2	3	2	2	4	1	3	2	6	2	2	1	2	4	5	1	7	4	5	2	1	0	2	8	6	8	3	6	8	2	5	2	2	6	2	8	4	4	2	1	3	4	5	4	7	6	5	1	5	2	0	7	3	6	2	4	2	1	0	3	5	6	7	6	9	7	16	10	6	9	19	9	11	10	4	9	4	12	12	7	13	3	7	6	6	10	6	3	3	4	7	21	60	15	35	10	4	10	12	13	12	17	94	44	0	54	58	58	22	20	18	26	13	14	5	12	8	4	8	17	12	12	14	22	11	6	3	14	17	8	12	14	34	42	171	44	18	76	14	18	27	12	7	42	71	1718	88	137	163	23	19	16	22
0	0	0	2	0	1	3	4	3	2	2	3	1	3	4	5	0	4	4	5	4	2	4	3	0	1	2	0	0	4	1	4	7	7	1	2	3	4	3	0	3	1	2	2	3	1	3	4	3	3	4	2	0	1	3	1	3	1	5	5	4	4	3	3	3	2	8	9	4	5	9	2	2	2	4	2	2	4	6	4	2	2	4	5	2	4	7	9	2	6	2	4	3	4	3	1	3	4	3	0	1	2	4	3	6	3	2	9	6	15	12	11	15	10	18	10	6	0	2	6	13	13	10	18	10	11	7	10	4	5	5	4	3	2	12	17	6	22	3	3	2	5	8	5	10	28	34	54	0	275	64	55	122	42	153	37	26	8	8	3	6	19	29	12	13	15	10	16	15	13	30	24	9	4	9	13	16	30	15	27	54	84	55	135	44	41	56	25	66	39	59	25	14	13	8	13
0	0	0	3	5	2	0	2	5	1	2	1	0	0	1	2	3	1	4	3	3	3	7	5	5	4	2	1	5	1	3	1	6	6	9	9	5	7	3	3	3	4	2	3	4	1	1	1	0	2	2	0	3	2	2	6	2	4	5	7	7	4	2	4	5	2	5	9	4	9	4	11	8	6	1	4	3	5	8	3	2	3	3	6	2	5	4	6	2	2	5	8	4	2	4	3	1	0	2	2	1	2	4	2	4	5	3	11	9	11	6	10	14	12	13	1	11	6	6	2	12	21	4	20	16	10	13	18	7	7	2	8	9	12	18	16	3	20	10	4	6	5	13	6	13	65	36	58	275	0	112	59	60	29	68	33	57	11	18	7	7	30	52	10	21	27	34	18	15	17	42	32	10	11	13	10	20	26	18	42	59	66	39	42	33	10	39	20	67	40	29	37	9	15	8	11
0	0	0	1	3	3	4	0	4	1	1	0	1	3	1	1	2	10	6	5	5	5	7	4	1	1	1	3	5	1	3	4	5	7	4	5	4	7	2	0	6	1	1	2	3	3	2	3	2	0	3	2	1	1	3	0	6	2	13	12	5	9	4	2	1	2	6	4	8	4	4	4	3	4	1	5	15	8	9	2	6	8	5	2	9	7	10	13	10	9	5	6	6	6	4	3	2	3	5	5	1	4	0	3	6	10	1	14	17	26	12	21	17	35	14	7	11	7	6	12	12	18	6	13	10	10	12	12	16	13	2	7	14	19	18	27	18	29	6	3	6	1	9	7	19	49	27	58	64	112	0	157	28	11	33	17	37	14	14	9	9	25	59	28	36	16	26	9	10	12	29	22	7	6	6	5	23	49	22	163	372	50	23	25	30	17	72	30	94	166	35	62	12	17	13	25
0	0	0	2	2	1	2	5	1	1	0	0	1	3	1	1	3	13	7	4	6	1	11	7	5	2	4	0	1	4	6	2	4	14	7	3	8	2	8	6	6	4	7	5	2	1	4	6	2	4	5	2	2	1	3	2	4	7	15	15	12	10	5	2	4	5	5	11	11	7	5	3	5	6	4	5	9	8	6	1	5	8	4	4	6	10	11	12	10	5	7	3	5	1	1	1	4	11	6	5	4	8	6	6	4	14	3	6	12	25	11	17	32	17	13	5	4	3	5	4	8	17	16	12	14	11	7	13	11	8	5	7	11	13	11	10	12	15	5	2	6	5	1	8	6	19	12	22	55	59	157	0	37	19	55	24	80	24	24	12	24	20	71	33	28	21	26	15	7	11	36	12	4	5	4	6	12	18	13	167	77	115	22	25	17	9	46	17	32	53	23	26	11	7	8	10
0	0	0	1	0	2	1	2	0	0	0	0	2	2	2	6	3	7	5	1	2	2	4	2	3	2	1	2	4	2	5	7	1	8	4	2	0	3	4	0	6	1	2	4	2	3	3	2	4	2	2	2	2	3	4	1	1	2	7	4	12	4	3	3	2	5	1	8	8	2	4	0	1	4	2	3	7	2	2	2	3	6	1	4	2	2	5	4	7	1	4	5	3	1	2	1	2	1	5	2	3	4	9	2	2	5	0	3	5	4	5	7	4	10	8	5	1	1	1	0	5	13	12	15	17	4	12	12	7	4	1	2	4	6	4	8	1	8	7	2	2	6	3	5	7	13	14	20	122	60	28	37	0	63	1310	91	45	11	7	3	2	24	15	8	10	4	14	12	14	15	15	19	6	7	5	5	11	9	16	13	28	129	80	112	249	71	40	18	19	12	21	11	3	3	6	9
0	0	0	1	4	1	0	4	0	0	1	1	0	2	0	5	3	5	2	3	2	2	1	3	3	2	2	2	0	2	3	1	6	4	4	3	2	0	1	3	3	1	1	3	2	3	1	3	4	3	1	3	0	2	3	3	1	2	6	4	6	0	2	5	1	3	3	4	4	7	3	2	2	7	1	4	2	0	2	0	1	1	1	2	1	4	4	3	4	0	1	2	1	2	1	1	1	4	2	3	4	2	1	2	4	1	1	4	3	4	2	2	10	7	3	4	5	2	3	1	3	2	4	7	13	2	3	8	3	2	0	1	4	8	2	11	7	4	7	1	3	1	6	7	6	7	11	18	42	29	11	19	63	0	56	19	11	6	6	4	3	6	6	5	9	3	11	5	9	9	7	6	5	10	6	3	6	9	9	6	10	27	190	317	80	97	29	17	21	17	31	13	9	6	5	4
0	0	0	0	2	0	0	3	0	1	1	1	2	3	1	0	2	5	0	2	4	2	3	2	5	4	2	1	2	3	2	0	5	4	1	2	4	4	2	0	3	1	3	3	2	0	0	5	4	3	3	2	1	0	3	4	4	7	11	6	6	5	3	7	4	1	1	6	3	8	8	2	3	2	1	4	3	4	6	1	1	4	4	3	4	5	9	4	5	4	4	2	2	0	0	1	2	2	3	3	4	2	6	4	3	8	4	6	4	11	10	4	11	10	6	1	7	1	4	3	7	11	15	17	15	13	5	5	9	5	6	1	6	6	6	10	5	8	1	2	9	3	3	4	7	12	24	26	153	68	33	55	1310	56	0	81	41	9	8	4	6	12	15	11	7	8	11	10	15	10	19	14	4	3	10	8	9	11	11	20	41	186	135	116	189	51	34	17	26	22	24	20	6	1	8	6
0	0	0	2	1	2	6	1	1	2	0	0	0	2	3	1	4	0	2	0	2	2	3	1	0	1	2	3	1	2	4	3	6	2	5	2	1	4	3	0	2	3	4	6	0	0	2	1	2	2	2	1	0	1	1	0	4	4	6	5	8	1	2	3	4	3	5	13	10	5	3	1	1	3	3	6	4	2	1	3	3	4	4	6	1	6	4	5	7	5	4	5	0	1	2	2	1	5	4	1	3	2	4	4	7	3	2	9	7	3	6	5	7	9	4	3	1	5	6	2	8	16	17	29	56	24	11	8	5	5	3	1	3	2	2	6	4	3	1	3	3	3	2	5	5	14	14	13	37	33	17	24	91	19	81	0	42	12	9	2	8	13	16	10	8	13	17	8	11	25	27	16	13	7	5	6	11	9	6	10	16	37	34	45	44	25	17	12	13	8	12	13	7	3	4	5
0	0	0	0	0	3	2	2	5	2	0	5	2	0	2	6	5	4	6	2	4	2	5	5	2	3	3	1	5	1	8	4	6	7	5	7	3	1	3	5	1	3	4	5	1	4	1	2	1	1	5	3	2	2	5	2	5	3	5	12	13	7	3	6	2	3	4	17	19	6	0	8	3	4	3	7	3	3	4	1	2	6	6	11	9	7	8	13	10	8	4	1	4	3	3	0	2	10	4	4	6	5	7	7	6	17	7	11	10	17	11	18	27	13	8	8	7	3	7	7	9	31	29	27	16	21	18	22	30	6	3	5	13	11	12	12	9	8	1	3	4	4	4	9	15	16	20	14	26	57	37	80	45	11	41	42	0	50	24	9	20	51	78	27	36	26	31	18	13	37	93	30	7	3	8	6	6	9	5	25	28	49	14	22	17	11	19	6	13	18	11	13	4	5	6	5
0	0	0	3	5	4	2	1	1	6	2	1	2	2	4	5	1	8	10	3	5	1	2	3	5	5	4	1	6	5	3	1	3	9	2	4	2	2	2	6	2	5	7	3	7	2	4	2	2	3	2	6	4	2	3	3	5	4	6	18	27	9	4	6	5	8	16	86	33	12	7	4	7	7	5	8	8	7	6	4	5	7	13	8	11	12	13	5	7	4	10	2	2	5	3	1	5	1	4	3	5	9	9	11	10	22	7	20	7	11	9	22	19	13	3	5	1	4	2	7	6	36	47	15	13	22	62	59	92	19	8	16	16	8	8	4	5	4	6	4	3	1	3	1	14	7	6	5	8	11	14	24	11	6	9	12	50	0	51	12	25	46	43	31	24	21	26	20	15	53	36	11	4	2	6	5	1	2	6	14	15	16	12	10	5	3	12	7	9	14	5	7	6	6	2	5
0	0	0	0	3	3	1	1	2	3	2	2	1	2	2	3	2	4	3	3	6	2	6	6	6	2	3	1	1	5	1	4	1	5	13	6	6	5	9	1	4	8	5	6	4	1	3	1	3	1	1	1	2	0	1	1	4	7	9	21	11	14	11	4	9	12	11	62	39	27	18	10	6	17	9	24	28	13	11	9	9	15	7	9	8	15	15	19	28	21	25	19	7	11	5	4	4	3	4	7	20	11	13	16	24	106	25	157	22	32	48	128	48	19	21	7	7	7	9	10	27	68	18	15	9	14	20	76	202	67	13	22	125	40	18	9	12	9	8	5	5	8	9	3	9	6	7	12	8	18	14	24	7	6	8	9	24	51	0	66	234	201	48	42	174	77	32	28	9	26	29	14	8	5	5	3	7	7	7	18	12	8	6	8	6	13	4	5	9	13	6	5	8	11	7	7
0	0	0	0	4	4	2	5	5	1	2	2	0	2	4	8	1	5	8	8	12	3	11	1	4	4	1	1	1	6	4	4	9	8	13	11	6	10	6	6	5	6	6	2	6	2	4	4	0	1	1	5	5	5	3	4	5	10	9	15	12	17	14	6	19	28	20	17	12	23	19	11	6	19	16	75	115	31	18	14	22	34	5	14	16	23	39	28	76	35	78	19	14	23	11	11	10	3	6	22	21	16	12	14	19	136	65	106	24	31	55	127	28	21	10	0	8	4	8	13	14	15	9	5	4	6	7	25	39	254	59	40	367	57	15	4	9	8	1	2	3	8	6	8	9	6	7	8	3	7	9	12	3	4	4	2	9	12	66	0	192	33	18	35	57	18	12	5	4	10	6	7	3	5	6	2	9	3	7	14	13	4	2	4	4	4	5	5	8	10	8	3	3	4	4	11
0	0	0	2	4	2	3	5	3	3	3	1	1	3	2	4	4	7	11	8	6	1	5	6	6	2	1	2	4	2	3	7	8	5	17	8	8	6	10	7	6	4	8	9	9	4	3	3	1	3	5	5	5	3	5	3	2	10	8	18	20	17	12	8	9	23	15	25	28	21	30	10	6	20	12	46	75	14	10	7	9	33	4	13	13	22	21	36	45	27	42	16	8	11	14	6	12	8	5	15	17	13	19	14	28	137	27	182	28	31	56	283	60	15	15	4	7	8	6	11	17	28	13	7	7	2	19	33	78	110	17	46	234	43	12	4	2	11	5	7	5	5	6	5	8	16	7	4	6	7	9	24	2	3	6	8	20	25	234	192	0	64	24	56	103	38	21	12	6	16	14	11	4	2	4	3	7	7	2	11	12	9	2	1	4	5	2	5	7	11	8	5	3	6	4	9
0	0	0	0	0	0	0	2	0	3	2	2	0	0	2	5	6	8	4	4	5	5	3	8	3	4	2	2	3	3	6	6	8	8	10	6	4	9	5	4	5	5	6	5	1	1	1	2	1	2	2	2	2	1	1	3	1	1	7	19	12	14	6	10	6	9	11	49	37	23	18	19	3	9	2	29	20	10	8	3	8	12	3	9	10	6	7	10	16	9	13	13	10	5	4	0	5	4	6	7	3	6	11	6	22	41	11	71	16	40	38	64	35	17	10	8	3	6	10	10	25	224	23	14	9	13	29	101	93	26	6	17	30	22	15	9	9	7	8	1	11	4	9	4	11	16	14	8	19	30	25	20	24	6	12	13	51	46	201	33	64	0	119	52	140	178	60	31	13	57	66	18	7	8	6	4	12	7	9	16	5	11	8	5	10	7	8	7	11	13	7	15	6	8	2	3
0	0	0	2	2	0	4	1	5	0	2	2	2	2	1	2	6	13	5	8	5	4	4	10	3	4	1	1	2	1	4	2	5	5	4	9	5	1	9	5	3	3	2	6	4	2	5	1	3	1	3	2	5	4	3	2	4	5	7	18	8	7	1	5	6	6	4	13	12	11	8	6	3	3	6	20	18	6	7	7	9	7	2	6	6	8	15	15	13	15	11	4	2	8	4	4	6	5	2	3	7	4	8	4	12	18	13	23	20	62	29	35	52	26	19	8	10	4	8	9	19	58	20	21	10	14	12	25	34	4	12	7	23	14	18	11	14	12	3	5	6	10	8	11	20	33	28	17	29	52	59	71	15	6	15	16	78	43	48	18	24	119	0	59	85	78	62	29	18	31	82	28	12	6	10	8	10	14	9	58	30	31	10	15	13	9	11	10	19	45	16	19	9	11	15	14
0	0	0	2	4	1	4	3	6	5	2	1	3	2	5	16	6	15	12	11	7	3	7	10	4	4	6	5	1	8	7	5	8	17	16	16	9	5	8	4	4	1	7	7	2	1	2	2	3	5	3	2	3	4	3	3	2	8	29	56	27	13	7	9	11	9	7	15	18	12	10	8	4	9	6	10	45	16	10	4	12	11	8	14	13	21	41	42	32	32	13	8	7	14	5	3	6	7	3	9	8	7	5	4	8	19	11	23	24	66	28	59	554	28	8	6	9	1	4	7	21	24	8	7	5	9	14	14	37	23	7	17	30	20	19	8	12	11	5	3	3	4	5	5	2	10	7	12	12	10	28	33	8	5	11	10	27	31	42	35	56	52	59	0	81	32	16	13	6	10	18	11	7	6	3	4	6	5	19	64	13	18	6	8	9	10	7	10	16	21	5	9	6	4	11	8
0	0	0	1	2	3	3	1	1	6	2	0	1	4	4	4	3	8	8	8	7	4	6	3	1	4	3	2	3	1	2	5	7	5	8	10	7	4	4	1	4	1	2	4	4	2	4	3	2	0	1	2	5	3	0	2	6	6	11	16	16	10	6	2	5	8	6	20	38	21	24	7	8	13	6	24	39	11	13	15	16	20	7	9	4	20	13	28	14	17	21	14	12	3	5	6	8	6	5	6	16	7	14	4	19	55	17	116	51	118	77	187	79	29	28	9	8	6	7	15	35	55	7	12	4	9	17	32	43	37	10	24	76	68	33	11	9	10	0	9	9	3	8	7	10	21	13	12	13	21	36	28	10	9	7	8	36	24	174	57	103	140	85	81	0	123	43	11	10	28	29	20	7	3	8	4	16	11	3	28	20	14	8	10	9	9	6	10	16	18	8	13	7	12	15	15
0	0	0	1	1	0	1	1	3	5	3	0	2	2	5	3	2	6	1	3	6	2	1	3	3	1	2	1	1	3	3	2	7	4	3	5	4	4	4	3	4	5	1	6	5	2	2	2	1	2	1	1	1	2	1	2	2	4	9	12	5	12	3	8	7	7	12	24	44	20	30	12	4	14	11	27	21	7	8	11	9	5	6	2	7	8	10	15	15	13	20	16	4	4	6	3	1	3	4	11	9	8	13	8	31	34	12	66	16	44	87	47	33	16	26	13	14	9	17	22	59	239	15	15	5	11	15	55	29	20	15	10	41	42	25	10	10	17	8	6	7	4	14	6	20	25	19	14	15	27	16	21	4	3	8	13	26	21	77	18	38	178	78	32	123	0	131	46	20	43	48	18	5	8	7	9	16	7	9	16	15	10	9	3	9	7	7	10	18	16	4	12	5	13	8	18
0	0	0	3	2	0	2	2	1	2	1	2	2	3	4	4	4	4	1	1	2	5	2	4	3	2	3	2	5	2	1	3	2	2	3	4	2	2	2	1	4	1	3	3	3	1	3	1	2	1	0	2	0	1	2	1	3	3	6	9	5	4	6	5	1	8	8	12	31	10	17	8	8	10	13	12	12	4	12	4	5	11	3	4	2	9	3	10	7	7	7	11	7	5	2	0	1	0	3	2	5	4	13	6	14	10	4	23	17	24	20	29	19	15	37	11	19	9	15	8	43	135	16	28	11	10	9	29	21	9	9	6	16	17	24	18	13	20	4	1	10	9	9	15	25	46	29	22	10	34	26	26	14	11	11	17	31	26	32	12	21	60	62	16	43	131	0	84	31	29	110	82	20	3	13	10	26	16	5	18	29	22	8	6	14	8	10	9	23	22	14	23	16	14	10	19
0	0	0	3	0	0	4	1	0	0	0	1	0	1	1	5	1	1	3	1	1	2	2	2	2	0	1	0	0	2	1	3	1	2	5	5	3	4	0	2	3	0	1	5	1	0	0	6	0	0	2	0	2	0	2	1	4	3	4	5	6	2	3	6	4	3	5	25	40	13	13	12	8	8	6	7	11	8	0	4	3	6	2	2	5	4	5	6	5	2	10	3	4	5	1	3	5	6	1	5	6	5	10	4	22	16	14	9	8	16	13	13	8	9	13	12	9	4	11	9	25	101	50	68	15	16	19	39	23	12	1	7	7	13	12	7	6	6	5	5	3	7	4	9	12	20	24	11	16	18	9	15	12	5	10	8	18	20	28	5	12	31	29	13	11	46	84	0	69	70	98	112	20	11	11	13	11	11	10	10	10	8	8	1	3	6	5	8	13	8	6	8	7	12	6	3
0	0	0	4	3	0	1	1	1	2	0	0	0	2	0	3	0	1	2	2	2	1	1	1	1	0	0	0	2	2	5	3	2	7	5	4	1	3	1	2	3	1	0	1	2	2	2	1	1	2	0	0	1	0	1	0	6	5	3	2	4	2	4	3	1	4	3	21	18	9	5	7	6	5	4	4	7	1	1	4	4	3	3	3	4	4	1	5	4	3	2	6	3	4	2	4	4	2	2	1	2	2	4	9	11	4	1	7	6	8	10	6	5	5	9	2	10	2	9	8	13	32	73	559	53	45	29	18	10	5	1	3	5	2	5	7	1	2	1	5	0	2	4	6	8	14	17	6	15	15	10	7	14	9	15	11	13	15	9	4	6	13	18	6	10	20	31	69	0	53	54	62	20	6	11	6	7	4	4	6	10	14	8	7	6	7	5	2	8	9	7	6	4	5	3	7
0	0	0	4	2	1	3	0	3	0	0	1	1	3	4	4	3	5	2	2	2	3	3	4	1	1	2	0	0	2	4	2	5	2	4	4	2	5	1	1	5	2	0	1	3	1	0	1	4	0	4	3	2	0	1	4	2	4	5	8	10	9	1	4	1	4	11	49	61	20	14	5	6	9	10	17	10	2	5	5	5	3	2	5	3	5	5	5	8	3	10	3	3	6	1	2	3	5	1	2	1	8	7	8	24	12	7	18	7	11	8	18	10	6	10	8	4	2	5	8	8	79	221	52	17	32	73	100	36	7	7	10	11	7	9	7	4	3	4	3	5	4	7	6	5	5	18	3	13	17	12	11	15	9	10	25	37	53	26	10	16	57	31	10	28	43	29	70	53	0	136	30	10	2	2	4	4	5	2	10	6	13	14	6	6	5	8	6	4	10	9	4	4	5	2	7
0	0	0	2	2	2	1	3	3	2	1	0	2	4	4	4	1	3	3	2	0	4	7	1	1	3	1	0	0	1	2	1	3	3	5	5	5	3	2	2	3	2	2	1	4	4	2	1	0	2	3	3	1	2	1	0	7	2	4	8	3	3	5	5	5	7	10	26	30	12	7	7	3	8	2	6	7	3	2	3	4	7	5	5	5	4	7	8	9	6	3	9	5	3	1	2	7	1	0	4	4	3	3	8	12	9	8	18	6	22	13	21	13	8	13	4	12	11	7	11	19	121	62	52	25	23	29	50	30	12	4	11	9	19	5	8	12	7	3	3	3	3	7	10	15	20	26	14	30	42	29	36	15	7	19	27	93	36	29	6	14	66	82	18	29	48	110	98	54	136	0	59	14	5	11	9	15	9	8	17	15	12	12	16	9	7	18	6	15	16	17	14	7	11	5	4
0	0	0	1	2	0	0	2	2	0	0	1	1	4	0	4	2	5	3	2	2	1	2	3	1	2	3	0	3	3	1	1	4	3	3	5	2	3	2	1	3	1	2	3	1	2	0	0	2	1	2	1	1	3	1	2	0	1	3	5	4	7	2	0	4	6	5	13	9	12	13	5	7	7	1	2	6	11	3	3	2	4	2	2	2	1	7	7	1	3	1	9	5	3	2	1	4	3	1	4	2	7	5	6	6	7	2	8	5	15	12	15	12	11	13	9	7	5	8	5	15	30	31	66	23	20	11	25	11	6	4	4	10	6	9	11	3	9	5	6	7	8	7	1	19	32	61	17	24	32	22	12	19	6	14	16	30	11	14	7	11	18	28	11	20	18	82	112	62	30	59	0	37	13	16	16	21	10	7	13	18	11	11	14	7	9	4	7	21	20	11	13	7	6	7	8
0	0	0	0	1	1	0	0	1	3	1	1	0	0	2	2	3	1	0	0	2	1	1	1	1	2	0	1	1	1	1	0	0	1	0	6	0	2	2	1	2	0	3	4	0	0	1	0	0	2	0	1	0	0	2	1	2	0	1	5	1	2	0	0	3	3	2	4	11	6	8	4	1	5	0	9	6	3	3	3	3	1	2	1	3	7	3	3	1	5	1	5	4	3	3	2	1	3	1	4	1	4	3	4	6	5	2	4	2	5	7	3	3	2	8	8	8	10	19	5	11	5	12	19	8	3	9	10	2	5	3	4	2	6	7	4	2	9	3	2	2	4	8	6	15	22	27	8	9	10	7	4	6	5	4	13	7	4	8	3	4	7	12	7	7	5	20	20	20	10	14	37	0	61	61	12	13	4	2	5	6	6	8	5	4	4	5	7	11	9	7	13	4	8	4	5
0	0	0	0	1	0	3	0	0	0	0	0	1	1	1	2	3	0	2	2	1	1	2	0	0	1	0	0	0	1	0	0	0	2	1	0	2	1	0	2	2	3	0	3	0	0	4	3	0	1	2	4	1	2	0	2	1	0	4	2	1	2	1	1	1	3	2	1	3	2	4	2	1	2	2	0	1	2	2	1	1	5	0	2	2	2	5	1	2	2	1	4	4	4	0	1	1	0	1	0	3	0	2	1	6	2	1	2	1	3	2	1	3	6	4	8	9	6	3	3	3	8	7	13	9	6	2	3	1	2	3	1	1	2	8	3	5	5	6	5	6	7	7	3	13	12	16	12	4	11	6	5	7	10	3	7	3	2	5	5	2	8	6	6	3	8	3	11	6	2	5	13	61	0	62	29	14	9	5	6	5	2	3	5	5	2	3	6	10	3	9	5	9	8	4	3
0	0	0	0	0	0	1	0	2	1	0	0	0	1	1	3	2	1	5	1	1	2	3	4	2	3	1	2	0	1	3	1	0	1	3	0	3	1	1	1	0	4	1	2	1	1	2	2	0	2	0	2	0	0	1	2	2	4	4	0	3	2	2	1	1	2	5	4	5	4	5	5	7	4	1	5	3	7	5	3	2	1	3	4	3	1	7	3	4	1	3	5	4	5	4	2	3	2	1	4	7	3	3	2	5	5	5	8	4	6	12	3	1	8	14	29	9	18	13	10	16	6	5	14	5	7	3	6	9	2	0	4	5	2	4	12	6	11	3	8	9	7	20	8	48	17	39	14	9	13	6	4	5	6	10	5	8	6	5	6	4	6	10	3	8	7	13	11	11	2	11	16	61	62	0	39	38	7	5	7	4	9	3	4	7	5	11	3	8	14	14	8	14	16	10	14
0	0	0	0	1	2	3	1	1	0	2	0	1	0	1	1	1	4	5	1	4	2	2	1	2	0	0	2	2	2	4	2	2	3	2	1	2	1	2	0	0	2	4	1	3	0	2	1	2	1	1	1	2	1	0	0	3	0	1	6	1	4	0	2	5	2	2	5	2	2	6	0	3	1	1	2	8	0	3	3	4	7	4	1	1	2	3	5	3	0	1	7	3	2	0	1	2	1	3	2	0	0	2	3	4	2	1	9	8	9	4	5	3	8	16	24	15	12	6	4	16	7	8	8	7	3	3	5	3	6	0	4	5	5	15	34	11	23	8	11	4	11	16	15	59	34	40	34	13	10	5	6	5	3	8	6	6	5	3	2	3	4	8	4	4	9	10	13	6	4	9	16	12	29	39	0	129	28	10	10	16	10	6	8	11	7	14	12	32	17	14	26	28	31	12	14
0	0	0	0	1	3	1	2	1	2	1	1	0	0	1	3	1	7	3	4	2	1	2	3	2	2	3	2	1	0	4	4	8	3	6	4	0	2	3	1	2	1	2	6	2	3	1	2	2	2	1	3	1	0	0	1	0	3	4	4	3	1	3	2	1	5	1	4	7	3	8	3	3	4	1	5	7	5	7	7	5	2	1	1	1	1	6	8	3	5	7	7	12	4	4	3	6	0	7	8	4	0	2	3	4	6	3	4	11	15	6	7	10	16	35	23	17	9	15	9	11	9	7	9	5	6	7	4	11	5	3	2	5	13	21	36	17	40	9	10	14	10	25	22	147	143	58	42	16	20	23	12	11	6	9	11	6	1	7	9	7	12	10	6	16	16	26	11	7	4	15	21	13	14	38	129	0	28	18	10	23	4	10	7	14	3	14	16	43	39	27	69	34	45	15	23
0	0	0	0	1	1	2	1	3	2	1	0	2	0	3	4	3	3	0	3	3	2	6	3	1	2	3	1	1	2	2	2	8	8	7	3	7	1	1	2	2	2	3	1	2	2	1	1	0	2	5	1	3	2	0	1	5	7	4	2	0	1	1	1	0	2	0	7	7	0	3	3	2	1	2	4	5	3	3	1	7	6	6	2	2	4	6	6	4	12	4	5	5	4	3	2	2	5	5	2	4	4	6	3	5	3	5	5	11	17	9	9	10	21	16	14	11	5	8	7	12	3	7	7	5	1	6	7	6	3	4	6	2	11	35	212	32	98	20	8	13	10	11	18	21	61	21	171	30	26	49	18	9	9	11	9	9	2	7	3	7	7	14	5	11	7	16	11	4	5	9	10	4	9	7	28	28	0	76	31	50	14	15	17	13	12	38	67	143	96	69	859	52	31	26	42
0	0	0	2	1	3	1	2	1	1	1	1	0	2	1	2	2	5	5	1	5	4	1	6	5	3	5	3	5	1	4	2	2	4	11	5	4	5	3	3	5	2	2	2	2	1	2	5	4	4	4	6	5	1	2	2	3	8	10	10	5	2	2	3	2	2	2	5	3	4	3	5	7	2	2	5	8	5	11	3	6	5	6	3	2	4	1	10	5	6	2	6	2	3	2	3	6	6	5	3	2	3	2	1	8	9	4	7	15	17	8	7	10	28	10	5	4	1	4	7	8	6	3	7	7	0	3	3	3	7	2	4	3	11	29	96	62	70	22	7	5	10	12	21	12	26	11	44	15	18	22	13	16	9	11	6	5	6	7	7	2	9	9	19	3	9	5	10	4	2	8	7	2	5	5	10	18	76	0	30	41	11	7	8	8	7	24	65	28	58	23	70	26	25	62	46
0	0	0	2	5	3	1	5	2	3	1	2	1	2	2	6	6	17	13	11	7	4	5	6	2	6	8	6	1	3	7	4	9	11	9	11	4	7	6	5	4	4	2	6	5	3	5	6	2	2	2	3	2	6	2	3	6	15	18	17	12	10	4	2	0	2	5	3	12	7	3	3	2	5	3	5	13	9	5	6	11	4	5	4	11	5	14	20	13	10	9	4	5	5	3	3	8	2	3	2	6	3	6	3	6	12	4	11	12	45	9	17	39	49	15	4	3	2	10	9	5	14	4	9	7	3	11	14	10	16	7	6	12	19	20	23	17	29	9	4	2	4	9	16	7	22	12	18	27	42	163	167	13	6	20	10	25	14	18	14	11	16	58	64	28	16	18	10	6	10	17	13	5	6	7	10	10	31	30	0	134	46	13	16	11	10	53	19	30	72	26	32	16	9	20	26
0	0	0	1	1	2	6	3	4	2	0	2	3	3	3	3	6	11	8	3	9	3	8	1	2	4	2	2	3	5	6	2	7	9	3	7	7	7	4	0	2	1	5	4	1	4	2	6	3	4	4	3	3	1	2	5	2	8	8	10	10	1	1	5	2	3	5	2	6	6	5	7	2	3	3	6	7	5	7	4	1	5	4	6	4	9	8	11	11	8	9	3	6	1	2	2	6	1	4	2	6	6	5	3	4	11	5	10	12	16	6	11	18	40	17	3	8	4	5	2	15	11	6	6	12	5	10	8	9	3	2	6	13	18	19	44	16	33	7	2	3	9	8	8	15	35	20	76	54	59	372	77	28	10	41	16	28	15	12	13	12	5	30	13	20	15	29	10	10	6	15	18	6	5	4	16	23	50	41	134	0	42	28	24	12	18	114	61	92	154	40	71	18	10	14	18
0	0	0	2	7	2	3	2	1	2	2	2	0	1	2	10	1	6	8	2	3	5	6	6	3	3	3	3	1	0	3	1	5	3	6	6	1	5	4	3	2	3	7	4	5	1	4	6	1	2	4	2	1	4	0	1	2	4	8	11	7	5	4	3	3	5	2	5	11	7	3	3	2	3	2	8	4	7	4	0	4	3	4	3	3	9	6	7	5	9	7	4	1	3	2	4	7	4	4	5	5	1	4	5	3	4	2	7	7	10	7	11	9	9	8	3	3	4	5	4	8	13	8	10	8	12	11	11	9	4	3	5	4	10	9	8	10	12	2	2	3	3	3	5	7	21	22	14	84	66	50	115	129	27	186	37	49	16	8	4	9	11	31	18	14	10	22	8	14	13	12	11	6	2	9	10	4	14	11	46	42	0	53	53	72	45	60	14	30	17	25	17	3	7	10	4
0	0	0	0	2	1	2	3	1	0	1	3	1	1	2	2	2	6	2	0	4	0	6	4	4	5	4	1	1	6	2	3	4	3	8	3	3	3	3	0	4	4	4	4	1	0	2	3	1	2	5	3	2	2	2	3	2	5	3	4	3	0	3	5	1	1	2	1	2	2	1	2	0	2	0	2	5	2	2	4	3	1	4	6	0	5	2	5	4	4	8	1	4	2	1	4	5	3	1	4	1	1	4	2	5	2	3	2	1	9	5	3	9	9	6	1	5	3	6	2	10	6	3	11	7	3	5	5	1	1	2	6	3	4	4	9	2	10	5	4	6	2	2	8	0	16	6	18	55	39	23	22	80	190	135	34	14	12	6	2	2	8	10	6	8	9	8	8	8	14	12	11	8	3	3	6	10	15	7	13	28	53	0	228	290	244	55	23	25	15	39	14	4	4	8	5
0	0	0	1	1	0	2	2	0	0	0	0	2	2	1	3	2	8	2	2	0	1	0	5	3	1	3	4	3	0	2	3	3	2	3	0	4	2	4	0	1	1	2	2	3	0	3	1	0	3	2	2	2	1	5	1	1	5	4	3	5	2	3	3	2	3	0	0	3	4	1	5	4	1	0	5	6	9	2	3	4	2	2	6	4	4	5	4	4	4	3	1	1	2	3	2	2	2	1	1	1	2	2	1	6	5	2	1	7	3	2	3	8	10	6	4	3	5	4	2	8	4	10	14	16	5	2	6	3	2	4	4	7	4	6	11	5	15	5	3	4	8	1	3	8	16	14	27	135	42	25	25	112	317	116	45	22	10	8	4	1	5	15	8	10	3	6	1	7	6	16	14	5	5	4	8	7	17	8	16	24	53	228	0	128	87	50	22	27	17	46	14	6	8	4	13
0	0	0	1	3	1	1	4	1	1	1	0	3	2	1	2	6	2	8	5	1	3	3	3	3	3	4	0	4	2	3	0	3	3	3	0	1	2	2	2	2	0	4	3	2	2	3	1	1	0	3	2	1	2	4	1	2	7	9	7	7	4	1	1	0	0	4	4	2	4	3	2	1	3	2	2	4	2	3	4	4	1	2	2	1	1	2	5	6	6	0	1	0	5	0	0	3	5	2	2	2	3	3	5	3	6	1	3	3	6	5	6	7	7	6	1	3	2	2	1	7	9	9	12	11	10	4	6	4	4	4	6	4	6	4	11	8	11	0	2	2	4	4	4	6	11	14	12	44	33	30	17	249	80	189	44	17	5	6	4	4	10	13	9	9	9	14	3	6	6	9	7	4	5	7	11	14	13	8	11	12	72	290	128	0	327	31	11	20	13	20	7	5	5	4	10
0	0	0	0	0	1	2	1	5	0	2	2	0	3	0	3	3	10	3	1	1	4	2	1	2	2	4	3	2	1	5	4	3	4	3	4	1	3	3	5	1	1	3	1	1	1	3	1	0	1	2	7	1	5	4	1	0	3	6	2	7	2	2	1	4	5	1	4	3	3	1	1	2	1	0	1	1	1	3	3	2	3	5	0	1	2	5	6	5	3	0	0	1	3	2	0	3	0	3	1	2	4	2	0	8	3	1	5	11	7	4	3	7	4	5	2	2	1	2	1	1	4	5	7	14	6	5	3	4	2	6	1	7	1	6	4	5	6	6	2	3	4	3	3	4	11	11	7	41	10	17	9	71	97	51	25	11	3	13	4	5	7	9	10	9	7	8	6	7	5	7	9	4	2	5	7	3	12	7	10	18	45	244	87	327	0	34	18	17	9	25	6	5	5	4	4
0	0	0	2	1	1	3	8	3	3	0	1	0	3	1	3	7	5	9	5	2	3	5	5	5	3	2	2	2	2	4	3	6	10	4	6	2	3	6	0	5	4	1	4	2	1	3	4	5	3	3	3	3	3	1	0	5	8	7	5	7	3	4	3	2	3	3	5	7	2	4	0	0	3	1	6	6	5	3	1	3	4	4	3	4	5	5	12	4	6	5	7	2	2	2	3	2	1	0	1	2	4	2	4	4	6	5	3	6	15	10	10	9	21	9	8	10	2	3	1	8	5	4	5	10	3	3	4	6	3	3	2	6	5	12	20	11	18	4	2	4	5	3	3	7	9	13	42	56	39	72	46	40	29	34	17	19	12	4	5	2	8	11	7	6	7	10	5	5	8	18	4	5	3	11	14	14	38	24	53	114	60	55	50	31	34	0	62	34	36	70	33	10	6	12	11
0	0	0	0	3	1	1	3	2	0	2	1	2	4	1	4	3	4	1	5	7	2	0	5	6	1	2	3	2	1	4	1	4	8	2	7	5	4	0	5	1	6	2	2	1	1	3	1	1	3	6	5	1	1	3	3	1	0	1	4	3	1	6	1	5	1	0	6	7	4	5	2	1	1	0	4	4	8	3	1	7	1	1	3	2	11	3	6	7	1	5	2	3	1	3	3	5	1	0	2	2	2	1	2	4	6	3	6	7	10	4	9	9	16	3	5	4	1	2	1	9	4	4	6	4	6	1	4	2	3	2	2	6	4	17	36	15	18	8	3	3	5	3	10	6	16	22	71	25	20	30	17	18	17	17	12	6	7	5	5	5	7	10	10	10	10	9	8	2	6	6	7	7	6	3	12	16	67	65	19	61	14	23	22	11	18	62	0	73	36	112	55	25	13	16	14
0	0	0	1	0	0	1	1	3	1	2	0	0	0	2	3	4	2	2	3	3	0	2	2	3	6	7	4	3	2	3	4	4	4	8	2	2	0	2	1	4	0	3	3	6	1	2	3	4	5	3	3	2	3	0	5	1	2	5	6	4	5	0	1	5	6	2	6	10	3	2	5	0	4	1	5	6	4	0	2	4	4	2	3	2	6	3	9	6	7	8	8	4	4	3	4	3	1	2	0	3	6	0	4	7	6	2	6	7	12	11	7	16	21	21	16	11	3	8	3	14	11	7	10	11	4	4	11	9	4	1	3	7	8	29	46	13	40	4	4	9	7	15	15	23	124	61	1718	66	67	94	32	19	21	26	13	13	9	9	8	7	11	19	16	16	18	23	13	8	4	15	21	11	10	8	32	43	143	28	30	92	30	25	27	20	17	34	73	0	128	130	201	17	14	13	24
0	0	0	1	3	1	2	2	0	4	0	2	0	3	3	6	2	6	2	6	2	3	3	7	3	3	2	4	1	1	4	6	6	4	10	6	5	4	2	3	3	3	1	3	5	2	1	5	6	5	3	0	2	2	5	5	3	2	11	5	12	5	1	5	5	6	2	8	7	6	10	5	2	3	3	4	18	3	4	4	8	4	2	3	3	8	8	17	6	5	13	7	8	3	4	4	1	5	11	4	3	7	7	8	3	10	6	12	14	27	12	9	24	54	27	11	10	7	11	3	11	14	8	8	2	5	6	10	5	4	6	6	8	25	41	58	33	62	20	6	8	4	10	21	21	84	31	88	39	40	166	53	12	17	22	8	18	14	13	10	11	13	45	21	18	16	22	8	9	10	16	20	9	3	14	17	39	96	58	72	154	17	15	17	13	9	36	36	128	0	34	255	24	30	33	57
0	0	0	2	1	1	2	0	0	2	2	0	1	1	0	3	6	10	5	2	2	1	1	2	1	6	2	1	0	3	2	4	2	5	2	5	2	2	1	5	2	3	0	2	3	3	2	2	4	3	0	0	2	2	1	1	3	1	4	4	3	3	2	2	4	3	3	4	1	2	5	1	1	2	1	7	9	3	4	2	4	1	2	1	4	1	9	5	5	4	3	1	1	4	4	3	6	2	2	2	5	5	3	1	5	4	2	5	5	3	4	8	3	11	6	14	6	5	3	5	5	7	2	9	7	4	7	5	3	2	2	2	4	6	6	34	8	18	5	0	6	7	8	8	18	30	16	137	59	29	35	23	21	31	24	12	11	5	6	8	8	7	16	5	8	4	14	6	7	9	17	11	7	9	14	14	27	69	23	26	40	25	39	46	20	25	70	112	130	34	0	44	15	13	14	19
0	0	0	0	2	3	1	2	0	3	1	1	2	1	4	0	0	6	7	7	2	0	4	2	2	4	2	3	1	3	1	1	5	4	5	12	4	2	2	6	3	2	2	2	4	1	1	0	4	4	0	3	2	1	2	2	5	5	6	5	5	3	1	1	3	1	3	4	4	4	4	2	1	2	6	4	6	5	5	6	3	7	2	1	3	5	9	25	5	7	3	7	2	3	2	4	8	4	3	3	6	2	5	4	7	6	5	7	12	30	8	12	9	30	17	7	7	12	7	9	15	8	2	5	10	3	5	7	5	3	3	3	5	11	33	185	43	130	12	9	7	11	10	18	37	81	26	163	25	37	62	26	11	13	20	13	13	7	5	3	5	15	19	9	13	12	23	8	6	4	14	13	13	5	8	26	69	859	70	32	71	17	14	14	7	6	33	55	201	255	44	0	43	33	35	70
0	0	0	1	0	2	1	0	1	1	2	0	2	2	3	5	3	3	3	4	4	0	4	4	4	3	1	0	0	3	2	2	1	3	2	2	2	1	2	1	0	2	2	3	1	1	0	1	1	1	3	4	1	0	0	1	3	1	4	4	5	2	5	1	7	3	3	2	4	5	7	3	3	5	5	4	10	9	3	3	0	5	1	1	1	3	3	17	7	5	9	10	11	4	10	3	4	5	6	2	3	2	3	2	5	5	1	5	16	5	7	7	4	15	12	25	29	11	9	7	11	6	2	3	3	11	2	7	1	5	6	2	7	10	17	122	41	86	74	18	22	40	31	55	24	22	14	23	14	9	12	11	3	9	6	7	4	6	8	3	3	6	9	6	7	5	16	7	4	4	7	7	4	9	14	28	34	52	26	16	18	3	4	6	5	5	10	25	17	24	15	43	0	109	55	52
0	0	0	1	0	2	1	1	0	1	2	0	2	1	1	2	1	2	5	1	8	1	2	4	2	2	2	0	3	3	2	4	4	4	6	5	2	3	3	0	5	3	3	6	2	1	1	2	0	6	2	1	4	1	1	1	2	3	7	10	2	3	1	2	2	3	3	2	5	5	9	7	2	4	4	3	11	13	6	4	9	2	5	2	2	3	6	10	5	6	9	7	8	5	4	3	7	9	2	3	2	6	7	3	3	3	2	11	18	19	17	6	8	25	67	44	81	20	18	9	20	5	6	5	0	3	2	6	6	6	4	6	9	14	92	73	59	105	54	21	28	46	111	262	87	29	21	19	13	15	17	7	3	6	1	3	5	6	11	4	6	8	11	4	12	13	14	12	5	5	11	6	8	8	16	31	45	31	25	9	10	7	4	8	5	5	6	13	14	30	13	33	109	0	64	134
0	0	0	1	5	1	0	0	1	1	1	1	0	3	4	3	3	4	3	3	6	4	2	11	5	6	3	1	3	2	3	5	4	8	4	6	8	3	8	3	3	1	1	2	6	1	4	5	4	2	2	1	6	4	1	3	3	6	9	8	3	5	4	2	1	4	4	2	4	3	7	5	7	2	2	6	12	11	19	10	8	6	2	3	3	6	5	17	3	4	6	12	8	14	8	9	9	11	6	8	8	3	3	1	5	7	5	8	24	27	18	9	10	59	25	10	30	6	13	7	7	6	4	2	0	4	3	8	5	7	6	3	7	22	73	83	5438	122	60	17	21	18	26	103	15	14	11	16	8	8	13	8	6	5	8	4	6	2	7	4	4	2	15	11	15	8	10	6	3	2	5	7	4	4	10	12	15	26	62	20	14	10	8	4	4	4	12	16	13	33	14	35	55	64	0	160
0	0	0	2	1	2	1	1	3	1	1	1	0	1	1	3	0	4	4	3	2	2	3	3	3	2	1	3	2	2	5	3	4	6	5	10	3	1	3	2	3	4	0	1	1	2	1	1	3	1	1	5	2	0	1	0	3	9	7	4	10	8	4	0	7	4	4	7	5	8	11	3	4	2	8	11	16	7	19	3	11	3	0	3	4	6	4	19	7	8	9	16	8	8	5	5	7	4	7	5	9	5	6	3	6	10	7	13	29	37	21	19	12	79	72	26	36	13	19	18	29	10	4	3	4	7	5	6	7	6	3	4	8	21	577	113	146	272	48	16	22	18	29	134	42	30	14	22	13	11	25	10	9	4	6	5	5	5	7	11	9	3	14	8	15	18	19	3	7	7	4	8	5	3	14	14	23	42	46	26	18	4	5	13	10	4	11	14	24	57	19	70	52	134	160	0
