0	0	0	0	0	0	0	0	0	0	0	0	0	0	0	0	0	0	0	0	0	0	0	0	0	0	0	0	0	0	0	0	0	0	0	0	0	0	0	0	0	0	0	0	0	0	0	0	0	0	0	0	0	0	0	0	0	0	0	0	0	0	0	0	0	0	0	0	0	0	0	0	0	0	0	0	0	0	0	0	0	0	0	0	0	0	0	0	0	0	0	0	0	0	0	0	0	0	0	0	0	0	0	0	0	0	0	0	0	0	0	0	0	0	0	0	0	0	0	0	0	0	0	0	0	0	0	0	0	0	0	0	0	0	0	0	0	0	0	0	0	0	0	0	0	0	0	0	0	0	0	0	0	0	0	0	0	0	0	0	0	0	0	0	0	0	0	0	0	0	0	0	0	0	0	0	0	0	0	0	0	0	0	0	0	0	0	0	0	0	0	0	0	0	0	0
0	0	0	0	0	0	0	0	0	0	0	0	0	0	0	0	0	0	0	0	0	0	0	0	0	0	0	0	0	0	0	0	0	0	0	0	0	0	0	0	0	0	0	0	0	0	0	0	0	0	0	0	0	0	0	0	0	0	0	0	0	0	0	0	0	0	0	0	0	0	0	0	0	0	0	0	0	0	0	0	0	0	0	0	0	0	0	0	0	0	0	0	0	0	0	0	0	0	0	0	0	0	0	0	0	0	0	0	0	0	0	0	0	0	0	0	0	0	0	0	0	0	0	0	0	0	0	0	0	0	0	0	0	0	0	0	0	0	0	0	0	0	0	0	0	0	0	0	0	0	0	0	0	0	0	0	0	0	0	0	0	0	0	0	0	0	0	0	0	0	0	0	0	0	0	0	0	0	0	0	0	0	0	0	0	0	0	0	0	0	0	0	0	0	0	0
0	0	0	0	0	0	0	0	0	0	0	0	0	0	0	0	0	0	0	0	0	0	0	0	0	0	0	0	0	0	0	0	0	0	0	0	0	0	0	0	0	0	0	0	0	0	0	0	0	0	0	0	0	0	0	0	0	0	0	0	0	0	0	0	0	0	0	0	0	0	0	0	0	0	0	0	0	0	0	0	0	0	0	0	0	0	0	0	0	0	0	0	0	0	0	0	0	0	0	0	0	0	0	0	0	0	0	0	0	0	0	0	0	0	0	0	0	0	0	0	0	0	0	0	0	0	0	0	0	0	0	0	0	0	0	0	0	0	0	0	0	0	0	0	0	0	0	0	0	0	0	0	0	0	0	0	0	0	0	0	0	0	0	0	0	0	0	0	0	0	0	0	0	0	0	0	0	0	0	0	0	0	0	0	0	0	0	0	0	0	0	0	0	0	0	0
0	0	0	0	71	18	25	37	10	27	10	4	8	10	3	5	7	4	15	7	7	8	5	10	5	8	4	8	8	10	6	7	7	4	2	5	6	0	2	2	4	2	2	2	6	7	10	12	27	14	18	28	17	14	11	11	18	9	7	1	2	3	3	4	2	2	5	7	11	10	5	3	2	7	2	3	2	7	3	12	4	4	6	5	3	6	5	6	5	5	2	10	5	3	3	4	5	3	6	12	4	2	6	6	1	4	0	2	5	3	2	4	2	3	1	7	2	4	1	5	2	6	4	1	5	1	3	0	2	1	1	1	1	1	1	3	3	4	3	3	0	3	2	1	2	2	1	1	1	4	0	1	3	0	2	0	0	1	0	0	1	0	1	2	0	3	1	2	2	0	1	0	1	2	2	1	0	0	2	0	0	0	4	1	0	0	2	0	1	0	0	0	2	0	2	1
0	0	0	71	0	75	181	302	25	46	24	14	21	13	9	12	8	9	14	24	21	9	9	14	19	18	14	10	15	24	23	10	9	4	4	6	2	3	0	5	4	2	5	8	8	6	22	30	90	45	51	35	55	9	8	18	18	25	6	8	6	6	3	5	9	2	7	10	17	15	8	5	1	1	3	3	5	7	11	14	11	5	8	6	2	7	13	10	3	6	7	5	8	2	5	3	4	5	6	4	5	7	3	5	4	3	0	3	5	3	2	2	2	4	2	2	2	2	3	2	11	1	5	2	1	1	1	3	1	0	0	2	4	0	0	1	3	1	0	2	0	3	1	1	2	0	0	0	2	3	4	4	2	1	2	1	0	0	0	1	1	1	2	1	1	3	1	1	2	2	0	1	2	0	2	1	1	2	2	0	6	1	0	1	1	0	3	0	0	0	0	4	0	1	1	1
0	0	0	18	75	0	459	149	37	64	102	46	47	26	24	16	12	24	44	70	48	28	17	28	34	12	15	12	10	13	22	7	13	8	10	8	7	5	3	3	4	8	5	11	19	11	7	43	50	68	104	30	54	15	12	27	63	37	6	8	5	7	7	5	12	4	9	12	9	10	8	4	6	5	2	2	2	5	9	17	13	4	5	4	2	3	11	23	20	9	10	6	5	8	3	4	6	4	11	12	11	3	4	6	5	3	3	4	4	3	1	3	3	1	5	3	2	3	2	2	4	8	5	2	2	2	3	1	1	2	2	3	1	4	0	6	3	2	1	0	1	2	4	2	0	3	0	1	1	0	1	4	1	4	0	1	0	2	0	0	1	0	2	1	2	2	0	0	2	0	1	1	3	0	0	1	0	1	0	1	0	1	1	1	0	0	1	2	1	3	0	1	1	2	2	2
0	0	0	25	181	459	0	404	28	46	38	29	24	18	19	16	11	21	26	44	34	25	17	27	37	21	22	14	11	31	26	12	10	14	8	10	8	5	4	6	4	10	2	6	19	24	16	33	132	124	112	34	48	13	14	22	31	18	8	5	6	13	7	13	10	17	9	8	11	6	10	5	6	2	3	3	5	4	16	17	14	6	6	6	2	3	12	25	7	3	15	7	9	5	1	3	6	3	4	10	5	7	7	6	8	4	2	1	3	6	1	4	6	1	2	6	1	2	3	3	7	5	4	5	2	3	1	1	0	2	4	0	1	0	1	1	3	4	1	1	3	2	2	3	1	1	0	2	3	2	0	1	4	0	0	1	1	0	1	0	0	4	0	3	2	0	2	2	0	3	3	4	2	0	2	1	1	1	3	1	0	1	2	0	0	1	2	1	0	0	0	0	2	2	0	0
0	0	0	37	302	149	404	0	40	39	41	20	18	18	20	14	11	10	22	39	42	17	15	12	23	12	17	9	11	27	27	18	12	5	6	5	9	1	1	2	3	5	5	11	14	9	6	22	57	68	47	29	50	11	14	15	24	16	7	6	7	6	8	9	11	9	7	7	10	11	4	4	1	1	2	3	8	9	17	13	7	10	3	6	2	1	10	16	10	5	8	12	7	1	2	2	0	5	2	6	5	4	1	5	0	2	4	2	5	5	1	6	3	1	1	2	2	2	1	2	4	7	5	1	0	1	1	0	0	2	3	2	1	0	0	0	3	1	1	1	1	1	4	1	4	1	2	0	3	1	3	3	1	1	1	0	1	3	0	0	0	0	3	3	1	1	1	1	4	0	0	0	4	0	0	1	1	1	0	0	6	0	1	0	0	0	0	2	0	1	2	0	1	1	1	0
0	0	0	10	25	37	28	40	0	54	40	24	22	10	21	15	8	10	69	41	26	8	11	5	11	12	11	8	2	7	11	10	9	2	4	6	3	0	4	3	4	5	5	5	7	9	5	12	6	15	15	13	12	9	3	13	22	7	6	3	1	9	10	7	7	5	3	6	5	7	5	4	2	1	0	3	2	6	4	9	5	3	2	1	1	2	8	13	7	4	1	5	3	6	6	1	2	2	6	3	2	4	4	7	1	1	3	0	1	1	1	3	1	1	0	2	0	3	3	3	5	3	7	2	2	1	0	2	2	0	1	1	0	1	1	3	1	1	3	2	4	1	1	1	1	0	2	2	0	4	2	2	0	1	4	0	1	2	0	0	0	1	1	1	0	1	2	2	0	1	2	1	2	0	2	0	2	1	1	1	0	0	1	0	0	0	0	0	0	2	0	0	1	0	2	0
0	0	0	27	46	64	46	39	54	0	77	22	64	27	15	4	6	12	28	23	16	9	6	9	10	11	8	6	8	4	10	7	4	4	4	3	4	7	4	6	4	4	7	6	10	2	7	23	20	19	38	28	29	10	21	33	43	20	3	4	5	2	6	5	5	1	5	11	9	3	4	4	2	1	2	7	3	4	5	14	6	5	5	0	1	4	10	19	7	5	8	9	1	4	3	4	2	2	3	10	2	5	3	3	3	2	2	2	1	1	1	2	2	1	1	6	1	4	4	3	4	2	3	3	2	0	0	1	3	1	2	3	2	1	3	2	2	1	2	4	1	1	2	0	2	1	1	0	3	1	1	1	0	1	0	0	0	0	0	0	0	2	3	0	0	0	2	0	2	2	3	1	1	2	0	0	2	1	0	4	1	1	0	1	2	0	0	1	1	1	0	2	1	0	2	1
0	0	0	10	24	102	38	41	40	77	0	140	394	96	50	20	14	29	40	63	37	9	5	30	31	12	8	3	8	11	13	9	13	3	4	6	11	4	6	2	5	7	7	15	19	13	14	20	18	21	40	17	35	13	10	34	182	28	17	5	5	12	10	6	10	5	6	8	9	5	8	3	6	2	3	6	2	12	10	14	7	6	5	1	3	3	20	57	17	8	6	10	5	4	4	1	4	4	6	3	3	5	1	6	3	3	2	0	2	2	2	3	1	3	1	4	2	1	3	2	3	3	2	5	1	0	2	1	2	3	0	0	0	0	2	1	2	1	1	1	1	2	2	3	1	3	1	3	3	4	2	2	5	0	2	1	1	1	0	3	1	1	2	3	4	2	3	0	0	3	2	1	0	1	0	2	1	0	0	0	1	1	0	0	1	2	2	0	2	0	0	2	1	0	1	1
0	0	0	4	14	46	29	20	24	22	140	0	133	84	280	29	18	62	50	109	64	23	20	26	16	15	9	5	5	9	4	7	9	5	11	19	8	5	12	3	9	7	16	22	15	11	12	21	16	22	17	13	16	12	7	16	49	17	15	10	16	20	11	12	17	7	7	8	3	2	6	5	4	2	3	5	5	5	12	7	4	6	6	2	1	3	11	58	28	10	5	8	9	8	7	3	5	0	5	3	3	2	5	1	5	5	2	4	4	4	4	1	2	5	1	6	3	0	2	4	9	2	7	1	1	1	3	1	2	2	2	0	0	0	1	3	4	3	3	6	1	2	2	2	0	0	1	1	1	0	2	1	1	1	1	2	2	0	0	0	1	0	1	1	0	2	1	1	0	1	1	0	3	0	0	1	0	0	0	3	3	1	1	0	1	4	0	1	1	1	0	2	1	0	0	0
0	0	0	8	21	47	24	18	22	64	394	133	0	304	60	16	12	23	21	42	27	19	7	9	14	9	3	6	3	9	10	6	8	6	3	9	2	3	4	2	6	7	8	15	9	7	10	22	13	16	30	17	14	14	15	42	152	27	16	3	7	12	6	7	6	2	6	6	1	3	5	3	4	8	3	14	7	5	13	13	10	3	4	0	5	4	16	58	21	10	2	7	7	4	8	1	2	5	10	7	6	4	3	1	3	1	3	2	2	0	2	3	5	3	2	0	3	3	0	3	5	4	4	0	2	0	1	0	2	2	1	2	0	0	2	1	1	2	4	3	1	2	2	4	0	1	0	2	1	3	2	2	1	1	1	1	1	0	1	1	0	1	1	0	3	2	1	1	1	2	2	4	0	0	1	0	0	1	2	3	1	2	0	1	0	2	3	0	1	2	0	1	3	1	4	2
0	0	0	10	13	26	18	18	10	27	96	84	304	0	61	16	6	20	14	20	18	14	10	12	10	5	6	6	7	6	6	7	7	5	8	18	8	3	4	4	8	11	10	24	23	17	11	14	12	11	18	8	11	13	17	39	114	15	12	13	9	10	13	3	8	7	8	6	6	2	5	2	0	3	3	3	1	4	7	11	5	3	6	6	5	2	23	65	15	10	8	12	5	9	3	2	4	4	2	5	6	2	3	2	4	3	0	3	1	2	4	6	1	6	2	2	1	2	0	7	2	9	1	3	1	0	0	1	0	2	1	3	1	5	1	2	3	5	1	3	0	3	1	2	2	4	2	1	0	3	2	2	4	1	1	0	1	0	0	1	0	3	2	0	3	0	3	1	2	1	3	0	0	1	3	0	0	3	2	0	3	1	2	1	1	2	0	0	1	0	1	0	0	1	0	0
0	0	0	3	9	24	19	20	21	15	50	280	60	61	0	56	27	97	73	55	47	21	7	25	21	16	11	4	6	5	6	8	9	6	10	15	12	5	1	9	8	11	15	22	24	7	5	14	6	16	30	12	11	3	4	8	25	12	5	14	14	27	7	11	10	6	2	7	7	5	2	3	3	3	1	5	6	5	8	18	5	5	11	2	3	2	18	17	15	3	8	10	3	9	5	7	1	4	1	3	5	1	3	6	5	1	2	2	1	1	1	2	4	1	2	6	1	2	4	2	6	7	2	3	2	1	1	5	1	3	1	0	2	1	1	2	3	0	1	3	2	1	0	1	1	1	2	1	3	1	2	1	0	0	0	3	1	2	1	0	4	1	0	1	1	0	1	0	1	2	1	2	0	0	1	2	0	1	1	2	1	1	0	0	1	0	3	3	2	2	1	0	3	0	0	0
0	0	0	5	12	16	16	14	15	4	20	29	16	16	56	0	128	246	39	41	72	51	25	47	21	15	9	7	8	5	14	6	14	8	25	44	12	7	7	12	7	23	21	26	9	6	6	11	14	17	9	5	7	10	6	6	12	6	16	7	6	112	48	31	23	9	9	10	7	6	5	4	4	5	0	3	3	7	6	11	5	4	3	4	3	1	7	14	18	7	5	10	4	9	4	4	3	1	2	1	2	7	2	2	5	2	1	2	2	3	1	3	2	6	1	1	3	1	1	2	2	6	4	2	2	1	1	2	1	2	4	1	5	1	4	3	1	2	3	1	2	2	0	0	1	1	0	2	2	2	1	2	2	3	1	0	2	0	1	0	4	2	3	2	2	3	1	1	2	3	1	0	2	1	1	2	0	1	0	1	2	0	1	3	0	2	2	1	1	0	0	0	0	0	3	0
0	0	0	7	8	12	11	11	8	6	14	18	12	6	27	128	0	134	33	33	68	130	58	55	39	15	19	12	13	6	27	26	31	7	19	38	7	3	9	7	13	16	7	16	12	6	6	9	7	23	12	11	3	7	1	8	9	9	6	8	6	86	88	40	31	10	8	7	2	3	9	6	1	1	7	7	6	17	14	10	4	4	5	4	3	2	15	10	19	6	6	12	5	7	6	3	2	4	4	6	5	3	3	5	5	0	2	2	3	2	0	1	1	1	1	3	1	2	4	2	2	4	2	2	4	1	2	1	1	0	2	0	1	1	1	1	3	0	3	1	3	3	0	2	1	1	0	1	0	2	2	1	2	3	1	0	1	0	0	1	0	2	1	1	2	0	2	1	1	2	2	0	1	0	0	0	1	0	1	1	2	1	2	1	1	0	0	1	1	1	0	0	0	1	0	2
0	0	0	4	9	24	21	10	10	12	29	62	23	20	97	246	134	0	75	99	149	83	27	36	31	15	12	8	12	16	15	19	12	14	10	38	9	7	8	7	11	11	11	8	15	8	7	7	11	25	12	9	13	6	5	7	18	8	7	10	7	51	29	22	23	11	8	13	0	4	4	5	3	3	5	10	8	13	8	11	7	5	7	5	2	0	12	26	17	11	3	4	7	13	10	1	1	1	1	6	2	3	2	4	3	0	4	1	2	1	0	1	5	3	1	4	1	2	2	2	3	2	2	2	2	2	0	1	1	3	0	1	0	1	1	4	1	0	1	0	2	2	2	1	3	1	0	0	1	3	1	2	3	2	1	0	3	0	2	0	1	1	1	1	2	3	0	1	0	0	1	3	1	0	2	0	2	1	1	0	1	4	1	1	0	1	0	0	2	0	0	0	1	0	0	2
0	0	0	15	14	44	26	22	69	28	40	50	21	14	73	39	33	75	0	155	79	34	12	32	18	12	4	4	4	9	8	14	16	8	11	12	10	7	3	3	7	5	11	11	13	7	4	12	10	25	22	9	13	11	7	9	17	10	9	7	7	20	12	6	9	5	8	10	6	2	5	7	1	3	2	0	4	9	16	14	8	5	4	6	1	2	4	13	11	6	6	4	6	7	5	2	3	1	3	6	4	2	1	3	2	0	0	4	1	2	2	1	0	2	0	4	3	0	1	3	4	3	4	1	3	1	0	1	0	0	1	1	0	1	2	0	3	2	0	1	5	3	0	3	3	0	1	1	0	1	2	2	0	0	0	0	1	0	0	0	0	1	0	0	2	1	2	2	1	2	2	1	4	0	0	0	1	1	4	0	3	1	1	0	1	0	1	0	0	0	1	3	1	0	1	1
0	0	0	7	24	70	44	39	41	23	63	109	42	20	55	41	33	99	155	0	538	67	21	50	33	14	12	10	9	17	15	15	16	7	12	20	8	5	3	2	6	13	12	15	15	11	12	25	22	39	24	21	9	11	11	7	29	18	14	9	11	19	20	10	22	4	6	13	7	7	3	3	4	4	5	1	3	2	12	17	5	3	5	8	4	3	9	21	25	11	3	9	8	8	4	0	2	3	5	5	4	0	7	5	4	6	1	2	6	0	4	5	4	5	4	3	1	2	1	3	6	2	3	1	1	2	0	1	2	1	0	3	0	1	1	1	2	5	1	0	2	0	3	1	2	1	0	2	1	4	1	0	0	0	0	0	1	1	0	0	0	1	1	6	2	1	2	1	2	2	2	3	0	0	0	2	0	0	1	1	2	2	5	0	0	0	0	2	0	0	0	0	0	2	0	0
0	0	0	7	21	48	34	42	26	16	37	64	27	18	47	72	68	149	79	538	0	103	47	93	68	17	8	11	8	14	12	23	19	8	13	39	11	4	7	4	9	9	12	15	20	17	6	20	27	60	33	17	16	17	6	17	26	11	9	5	10	28	21	16	19	9	8	15	7	8	1	5	4	5	4	9	5	11	20	15	6	5	6	6	2	0	15	26	22	6	4	11	6	7	3	4	2	0	2	5	4	4	4	5	3	2	3	2	3	2	0	6	0	1	5	3	2	1	4	3	3	6	3	3	1	2	2	1	2	2	1	1	1	1	1	1	4	2	2	1	1	0	1	2	2	3	1	4	1	5	2	3	2	1	0	1	0	3	0	1	2	2	1	0	1	4	2	1	3	4	3	1	0	2	0	3	0	0	2	1	3	3	0	0	2	0	1	0	2	2	2	2	0	1	1	0
0	0	0	8	9	28	25	17	8	9	9	23	19	14	21	51	130	83	34	67	103	0	129	49	48	21	23	12	20	14	51	44	33	12	23	32	5	7	5	6	14	8	8	20	14	6	5	11	18	48	22	9	12	4	6	1	8	6	3	4	9	26	40	45	36	12	15	16	12	3	4	8	3	2	4	6	9	21	26	15	6	7	6	4	5	0	6	12	11	11	9	4	5	8	4	3	4	2	4	5	3	7	2	5	1	4	0	2	3	0	3	4	2	3	3	7	2	1	1	8	7	6	1	1	2	1	0	0	2	1	0	1	1	5	2	0	1	2	0	1	0	2	1	1	3	0	0	0	1	1	1	1	1	2	2	0	1	0	1	1	1	1	0	1	0	2	2	1	0	4	0	3	2	0	0	1	0	0	1	2	1	0	1	1	1	1	2	0	4	2	0	1	0	0	1	2
0	0	0	5	9	17	17	15	11	6	5	20	7	10	7	25	58	27	12	21	47	129	0	90	53	30	51	28	19	23	54	149	106	25	76	57	11	13	7	13	17	12	6	11	13	13	10	14	18	35	15	16	12	11	5	4	8	9	11	11	5	31	50	83	47	29	33	16	9	12	12	12	5	2	2	6	11	45	51	25	13	5	12	10	7	5	6	9	20	21	8	7	12	20	7	4	2	4	2	4	4	3	5	9	1	1	4	5	4	2	4	3	2	4	3	1	6	2	3	7	3	3	6	2	7	1	0	1	0	3	2	2	2	2	1	2	4	2	2	0	2	4	4	0	2	0	1	0	4	0	0	1	1	2	1	2	1	2	1	1	2	2	1	1	0	2	0	2	0	0	1	1	0	1	0	1	2	0	1	3	1	0	1	1	0	1	1	1	2	2	0	1	1	2	1	0
0	0	0	10	14	28	27	12	5	9	30	26	9	12	25	47	55	36	32	50	93	49	90	0	244	52	26	18	13	17	25	21	30	7	51	165	22	14	5	13	22	16	15	26	41	21	9	32	20	47	29	13	17	10	4	13	19	11	17	12	14	55	41	25	103	19	20	18	10	4	13	6	5	7	10	10	17	26	37	35	14	9	12	4	5	5	17	23	50	21	14	14	13	18	13	7	6	2	4	5	6	7	8	9	1	2	1	3	3	2	1	1	3	3	5	4	4	1	2	7	9	4	4	4	4	2	4	0	3	2	2	1	2	3	2	2	4	2	3	2	2	1	3	1	0	2	1	1	4	2	5	2	4	0	2	1	0	1	0	0	1	2	1	3	2	2	2	2	2	3	4	2	1	0	0	2	1	0	1	1	6	1	2	1	0	3	2	2	0	2	2	2	0	1	1	0
0	0	0	5	19	34	37	23	11	10	31	16	14	10	21	21	39	31	18	33	68	48	53	244	0	132	58	25	25	45	38	33	30	20	22	76	10	5	6	7	18	5	3	19	39	45	30	38	39	66	42	20	17	10	15	9	18	21	15	19	13	28	24	20	89	28	26	40	22	11	13	8	9	9	6	26	16	14	66	68	21	12	18	4	6	9	12	24	45	23	18	17	19	12	10	3	4	1	4	17	10	11	11	7	4	2	4	1	3	6	7	2	2	3	2	6	2	3	13	6	3	10	6	4	1	1	2	2	3	1	3	2	3	0	2	1	1	1	1	1	4	3	4	1	2	0	0	0	3	3	2	4	2	3	2	0	3	0	2	2	0	2	3	1	1	4	1	2	4	1	5	2	2	1	1	0	1	1	1	4	2	1	3	1	1	2	2	0	2	1	0	1	1	1	2	2
0	0	0	8	18	12	21	12	12	11	12	15	9	5	16	15	15	15	12	14	17	21	30	52	132	0	133	56	40	43	21	22	18	27	25	39	15	7	8	9	14	7	11	4	24	59	38	40	35	40	37	27	19	16	14	4	17	13	20	18	9	17	16	19	64	49	67	134	44	28	28	25	10	7	5	33	21	27	158	142	44	20	31	12	10	12	7	17	27	39	47	26	10	26	11	8	3	8	13	16	13	23	16	19	8	6	4	5	7	9	5	4	6	6	4	8	4	3	4	7	9	12	12	5	2	2	2	1	3	6	1	2	0	0	4	4	2	6	4	0	3	4	4	2	0	1	1	1	3	3	2	0	1	1	3	2	3	0	1	0	2	4	0	2	2	0	2	1	3	3	1	2	2	2	0	3	4	0	0	1	4	4	1	2	2	0	1	1	1	0	1	1	0	0	1	0
0	0	0	4	14	15	22	17	11	8	8	9	3	6	11	9	19	12	4	12	8	23	51	26	58	133	0	311	89	78	76	59	42	67	40	39	7	2	7	8	7	7	4	7	20	17	16	18	33	40	17	15	14	8	1	5	9	16	16	11	13	14	9	21	69	53	58	53	27	34	36	27	15	10	8	20	29	59	478	47	33	22	26	11	8	4	8	12	17	21	23	11	7	24	12	4	2	4	8	16	8	15	18	23	6	3	3	7	4	5	6	4	2	6	2	4	3	4	4	2	2	8	8	3	7	2	2	2	3	3	1	2	2	3	2	2	2	3	4	3	0	3	5	2	3	2	3	0	3	9	1	1	5	1	0	0	1	1	0	0	1	2	2	0	3	3	4	4	7	2	4	3	1	3	0	0	1	0	4	1	3	1	1	0	2	1	2	2	4	0	0	0	0	0	1	0
0	0	0	8	10	12	14	9	8	6	3	5	6	6	4	7	12	8	4	10	11	12	28	18	25	56	311	0	151	43	39	59	64	82	27	21	2	6	6	6	3	3	4	2	5	20	10	10	15	14	4	16	12	4	4	3	4	7	5	5	2	6	12	15	36	46	77	45	23	43	33	35	19	8	7	10	27	74	147	28	28	28	13	8	8	2	10	11	15	9	16	10	10	8	12	3	7	3	5	8	9	15	28	22	11	4	7	6	8	5	12	5	4	4	0	3	5	2	6	7	10	5	10	4	3	1	0	3	1	2	3	0	3	1	4	2	6	5	2	0	0	1	3	1	2	3	2	2	4	5	3	7	1	0	3	0	2	0	1	0	1	1	1	2	2	3	1	2	4	2	2	0	1	0	2	1	0	0	2	0	1	2	1	0	5	1	1	0	1	3	1	0	3	1	0	1
0	0	0	8	15	10	11	11	2	8	8	5	3	7	6	8	13	12	4	9	8	20	19	13	25	40	89	151	0	119	96	52	58	34	19	16	1	2	7	1	5	6	2	10	7	14	15	6	24	26	6	10	12	13	7	9	4	8	16	8	7	7	11	11	21	19	27	19	13	35	26	18	9	8	4	9	9	32	38	30	12	19	10	6	6	2	1	4	11	8	9	11	7	6	9	9	4	4	4	10	6	18	18	18	8	6	4	4	4	7	9	5	4	2	4	2	1	5	4	9	6	9	8	6	2	1	0	1	1	4	0	1	0	2	1	2	1	2	2	3	2	1	4	1	3	0	4	2	5	1	1	3	2	0	6	2	5	1	0	1	2	2	1	0	0	0	0	2	0	3	1	1	0	0	0	2	1	0	1	2	0	2	1	0	0	0	0	1	1	2	0	0	0	1	0	2
0	0	0	10	24	13	31	27	7	4	11	9	9	6	5	5	6	16	9	17	14	14	23	17	45	43	78	43	119	0	94	38	24	25	8	19	6	5	6	6	6	4	4	5	10	10	26	30	91	52	28	26	19	11	11	8	10	10	10	4	5	6	14	14	24	13	12	27	27	26	19	7	8	11	5	7	9	13	31	43	17	21	16	4	7	10	10	11	13	5	17	3	6	6	10	5	5	5	9	11	5	11	12	8	6	3	3	3	2	3	4	5	2	2	4	1	5	5	3	3	5	4	8	2	1	4	1	3	1	3	1	0	0	1	1	2	2	1	1	2	6	0	3	1	2	1	2	2	0	5	5	3	2	2	1	1	1	2	2	0	0	1	0	4	4	2	1	2	1	2	4	1	1	0	0	2	1	0	4	1	1	1	2	1	0	0	1	0	2	1	1	0	1	0	3	0
0	0	0	6	23	22	26	27	11	10	13	4	10	6	6	14	27	15	8	15	12	51	54	25	38	21	76	39	96	94	0	127	70	17	23	24	3	3	6	8	10	3	2	6	12	6	6	15	27	84	15	14	7	6	5	7	5	12	4	8	5	12	25	16	19	18	17	19	15	21	15	12	8	6	5	9	11	29	39	18	12	10	8	8	6	6	8	8	9	9	7	6	9	6	8	0	5	6	7	4	6	1	6	13	7	3	6	7	6	1	3	2	2	3	1	3	2	2	0	2	4	2	5	3	2	0	0	2	3	1	1	1	1	2	3	2	4	5	2	4	1	1	2	3	2	1	1	1	2	1	3	3	5	0	1	1	1	0	2	3	1	0	2	0	1	3	1	1	0	1	1	2	3	1	2	0	3	2	0	2	1	1	0	0	3	0	2	1	1	0	0	1	4	1	0	1
0	0	0	7	10	7	12	18	10	7	9	7	6	7	8	6	26	19	14	15	23	44	149	21	33	22	59	59	52	38	127	0	1057	32	51	19	3	5	8	9	8	5	7	6	5	16	5	12	11	24	14	12	8	3	4	6	11	4	7	7	7	18	33	52	30	19	33	16	15	8	15	9	8	4	3	9	16	49	50	16	10	6	11	5	3	3	7	8	7	5	8	11	7	9	10	4	4	3	1	7	4	6	5	11	6	3	2	4	1	4	4	1	4	4	3	5	2	3	2	6	5	3	3	3	2	4	0	1	1	3	1	2	1	1	0	2	3	3	2	1	1	0	2	2	0	3	1	3	1	0	2	3	3	0	3	0	1	2	0	1	2	0	0	0	4	1	0	2	3	3	5	0	0	1	0	0	1	2	2	1	4	0	4	1	1	0	0	0	0	0	2	1	1	1	0	1
0	0	0	7	9	13	10	12	9	4	13	9	8	7	9	14	31	12	16	16	19	33	106	30	30	18	42	64	58	24	70	1057	0	48	53	16	10	4	5	11	7	4	7	5	13	6	7	13	15	34	6	10	6	6	4	4	5	7	5	8	4	13	25	49	31	37	24	16	6	14	18	10	5	2	6	13	15	103	59	14	15	9	12	4	6	2	6	8	9	11	9	12	10	9	6	4	7	1	3	5	10	3	9	7	3	2	0	9	7	0	5	3	2	2	2	4	3	2	4	4	3	2	6	4	4	0	2	2	1	2	0	0	0	0	0	4	0	3	3	1	1	5	1	2	2	2	3	3	4	2	1	3	2	5	0	1	0	1	3	1	2	2	0	1	1	2	0	2	3	2	2	2	0	1	0	1	1	0	0	2	3	1	0	1	0	0	1	0	1	0	2	0	0	1	1	2
0	0	0	4	4	8	14	5	2	4	3	5	6	5	6	8	7	14	8	7	8	12	25	7	20	27	67	82	34	25	17	32	48	0	45	15	4	5	4	8	8	6	12	4	6	9	8	5	5	13	6	10	4	4	4	1	3	8	8	2	6	14	12	31	50	87	74	21	9	19	23	34	18	8	6	18	58	273	76	14	7	21	12	9	9	9	2	5	12	9	14	7	13	17	16	4	3	3	4	5	4	7	21	19	12	5	5	7	4	5	9	7	4	2	4	2	6	3	7	7	3	4	4	2	2	2	1	2	3	3	2	0	2	1	5	6	2	4	3	2	3	2	0	1	1	4	3	0	3	5	4	4	7	3	0	0	2	2	3	0	0	1	2	1	3	5	3	0	1	2	1	1	1	2	1	0	1	2	1	2	0	1	1	1	2	2	0	2	0	0	0	1	1	1	0	0
0	0	0	2	4	10	8	6	4	4	4	11	3	8	10	25	19	10	11	12	13	23	76	51	22	25	40	27	19	8	23	51	53	45	0	67	15	8	8	16	23	18	8	11	19	14	11	7	12	19	8	4	4	7	3	5	6	3	7	10	12	24	41	104	164	83	46	23	7	6	12	17	14	6	7	20	51	129	59	12	18	17	11	6	5	5	8	8	16	10	9	7	15	30	12	5	2	4	6	5	4	6	10	6	6	2	5	8	9	3	6	7	5	2	4	2	1	2	1	3	4	5	7	5	1	2	2	1	2	1	1	2	0	1	4	0	8	4	4	1	2	2	3	4	0	0	3	2	3	2	2	3	3	4	2	2	0	1	1	1	2	1	1	2	2	4	5	1	0	2	4	2	1	0	0	0	1	1	1	1	3	4	1	3	1	0	1	2	3	1	0	1	1	0	1	2
0	0	0	5	6	8	10	5	6	3	6	19	9	18	15	44	38	38	12	20	39	32	57	165	76	39	39	21	16	19	24	19	16	15	67	0	22	14	9	26	42	27	15	27	37	17	9	15	16	22	18	13	11	8	4	7	12	13	15	14	20	72	44	38	256	27	24	19	11	9	12	9	11	5	6	14	21	43	41	15	14	7	12	6	6	9	10	22	54	20	15	16	27	30	15	4	3	5	4	3	4	3	9	6	4	4	4	3	1	5	4	6	4	5	1	4	1	0	2	2	7	8	3	3	3	3	0	2	4	0	1	2	1	1	2	1	2	3	4	1	3	2	2	6	2	2	1	1	3	5	5	4	3	1	2	5	4	3	1	1	1	1	4	2	2	2	5	2	1	2	1	1	3	2	0	0	1	0	2	3	1	2	3	0	0	2	3	1	0	1	0	1	3	1	1	1
0	0	0	6	2	7	8	9	3	4	11	8	2	8	12	12	7	9	10	8	11	5	11	22	10	15	7	2	1	6	3	3	10	4	15	22	0	46	52	14	64	90	55	85	59	16	12	8	8	8	9	8	10	8	3	6	15	10	12	31	124	30	16	9	36	12	9	14	9	3	4	11	7	11	11	20	16	9	8	8	8	4	8	7	8	8	16	23	121	26	21	24	54	46	10	6	4	5	5	7	6	2	6	3	6	2	3	4	0	4	4	4	7	4	5	6	1	8	4	1	2	10	7	2	1	2	1	0	3	6	2	3	3	2	6	3	5	4	4	1	2	7	3	2	0	3	0	1	3	8	1	3	4	4	4	4	2	0	0	0	1	2	2	2	4	2	1	1	2	0	4	1	3	2	1	1	3	1	1	4	3	1	4	2	2	1	1	2	2	1	0	0	1	1	1	0
0	0	0	0	3	5	5	1	0	7	4	5	3	3	5	7	3	7	7	5	4	7	13	14	5	7	2	6	2	5	3	5	4	5	8	14	46	0	509	23	26	12	6	19	19	12	13	7	7	3	11	4	5	7	11	6	7	7	13	27	110	15	9	6	10	11	15	9	8	3	6	5	6	6	19	29	9	5	6	6	14	8	10	15	10	16	11	8	20	36	19	33	95	41	22	5	5	5	7	5	6	4	4	5	8	6	7	6	1	2	6	7	5	4	5	6	8	6	1	6	9	14	13	7	5	3	0	6	1	3	4	3	4	6	6	8	12	7	5	6	4	3	1	6	4	4	2	1	0	8	10	6	9	3	5	2	4	1	3	1	3	6	4	2	2	1	2	3	3	5	1	9	3	3	2	4	5	2	4	6	10	6	5	3	4	2	2	2	5	2	0	0	2	2	2	1
0	0	0	2	0	3	4	1	4	4	6	12	4	4	1	7	9	8	3	3	7	5	7	5	6	8	7	6	7	6	6	8	5	4	8	9	52	509	0	22	40	24	13	23	18	12	9	7	4	3	9	5	4	5	3	6	7	2	11	18	64	8	6	8	9	10	7	7	4	2	8	3	10	14	13	28	11	10	10	2	7	6	5	7	12	19	7	9	24	31	13	18	94	44	35	5	2	6	6	1	5	3	5	9	6	3	10	5	6	4	3	9	3	4	1	0	7	7	2	10	12	10	5	3	11	0	4	3	4	5	6	1	4	5	8	7	11	9	6	3	4	4	2	3	3	4	5	0	5	2	12	4	8	1	1	1	2	3	0	2	1	4	4	5	3	8	2	4	4	3	0	2	5	1	2	3	5	1	2	6	8	4	5	0	4	1	0	5	5	3	2	4	1	0	2	2
0	0	0	2	5	3	6	2	3	6	2	3	2	4	9	12	7	7	3	2	4	6	13	13	7	9	8	6	1	6	8	9	11	8	16	26	14	23	22	0	136	51	10	11	14	7	3	8	2	7	9	3	3	6	6	6	6	3	9	6	18	9	9	10	19	23	14	11	6	4	5	6	13	17	7	25	31	16	13	4	4	7	9	10	8	11	6	6	9	10	9	15	31	72	25	3	6	2	4	6	3	5	4	2	4	6	9	3	3	5	10	3	2	5	2	3	4	5	2	2	5	7	5	6	3	1	4	2	2	5	3	1	3	4	4	8	6	5	0	4	2	7	4	2	2	1	2	3	3	2	4	5	11	3	3	3	2	0	0	0	0	3	1	2	0	0	3	4	1	0	5	1	1	3	1	1	1	2	2	1	7	2	1	1	2	1	2	3	0	4	2	1	1	0	1	3
0	0	0	4	4	4	4	3	4	4	5	9	6	8	8	7	13	11	7	6	9	14	17	22	18	14	7	3	5	6	10	8	7	8	23	42	64	26	40	136	0	131	20	21	23	19	10	7	4	6	2	8	4	3	3	1	6	11	11	16	34	35	19	21	25	23	11	11	9	6	5	12	4	7	8	25	32	13	18	17	5	4	11	8	10	8	5	9	31	24	11	19	56	117	20	4	1	2	5	8	8	6	8	13	3	2	5	4	4	6	6	9	4	5	3	6	4	5	3	2	6	9	2	3	3	1	3	3	3	4	6	2	7	2	4	6	4	2	1	3	3	2	3	3	2	1	2	5	3	2	2	5	5	3	3	0	2	0	0	3	2	1	2	1	2	0	2	1	0	1	1	3	1	1	2	1	1	1	1	3	2	0	4	1	1	1	2	3	2	0	3	0	0	0	2	3
0	0	0	2	2	8	10	5	5	4	7	7	7	11	11	23	16	11	5	13	9	8	12	16	5	7	7	3	6	4	3	5	4	6	18	27	90	12	24	51	131	0	57	47	22	9	6	5	6	4	4	4	4	2	2	4	4	7	11	7	17	35	23	20	20	9	5	8	9	7	3	6	6	6	11	14	19	10	6	3	4	4	7	5	6	4	8	14	34	11	4	10	21	31	11	6	2	4	2	2	6	2	4	4	1	2	4	2	2	3	5	6	3	3	3	1	6	2	1	0	1	3	6	3	1	0	1	1	3	2	3	2	0	0	3	2	4	0	3	1	2	4	3	1	3	2	2	1	2	3	0	2	4	3	3	0	1	1	0	0	1	2	2	0	0	0	1	4	1	2	3	3	2	0	1	1	0	5	0	4	2	2	3	0	2	2	3	2	2	2	2	2	1	3	2	3
0	0	0	2	5	5	2	5	5	7	7	16	8	10	15	21	7	11	11	12	12	8	6	15	3	11	4	4	2	4	2	7	7	12	8	15	55	6	13	10	20	57	0	66	21	8	7	7	7	6	7	5	7	7	4	5	10	10	9	9	25	22	7	7	8	7	5	4	4	4	3	11	5	3	7	11	7	4	6	3	1	3	6	2	2	4	9	16	20	6	2	11	10	10	2	3	5	5	3	2	7	1	0	1	1	3	2	2	2	1	2	2	0	0	3	4	1	1	1	3	1	6	1	0	3	1	0	0	0	2	4	2	1	1	2	3	3	4	1	1	3	1	1	2	0	1	2	1	1	4	4	1	0	2	4	0	0	1	0	0	2	5	1	4	1	2	1	2	0	3	2	0	3	0	2	0	4	1	1	2	2	1	2	1	2	0	1	2	0	1	0	1	0	1	0	1
0	0	0	2	8	11	6	11	5	6	15	22	15	24	22	26	16	8	11	15	15	20	11	26	19	4	7	2	10	5	6	6	5	4	11	27	85	19	23	11	21	47	66	0	42	14	16	12	10	7	16	8	3	9	9	13	17	8	13	23	37	31	19	12	15	7	11	7	4	2	6	3	4	4	6	15	6	4	10	5	10	5	7	6	4	5	18	38	97	15	7	16	26	15	9	4	4	3	4	2	1	4	6	2	4	3	4	1	3	1	3	8	3	3	0	2	0	2	2	5	2	6	5	3	1	1	2	1	2	1	2	0	3	3	4	2	2	0	2	1	5	3	3	0	4	4	1	0	4	5	3	2	1	0	3	3	3	2	0	1	1	1	4	2	3	2	1	0	0	3	1	2	1	1	1	1	3	1	2	0	0	6	2	2	1	3	2	1	3	5	1	1	3	3	0	0
0	0	0	6	8	19	19	14	7	10	19	15	9	23	24	9	12	15	13	15	20	14	13	41	39	24	20	5	7	10	12	5	13	6	19	37	59	19	18	14	23	22	21	42	0	53	31	37	15	13	26	22	14	18	24	21	35	38	55	54	71	18	16	8	24	10	12	24	15	7	11	6	7	4	7	22	10	12	18	29	14	9	17	13	5	10	53	92	398	70	26	43	39	23	20	8	7	2	10	6	10	6	4	11	2	3	1	5	9	10	3	7	9	4	4	7	4	5	3	8	8	8	3	5	5	3	1	2	6	4	2	5	6	5	2	4	5	5	3	3	3	0	6	3	4	2	0	1	1	4	3	5	3	4	1	1	4	1	1	0	4	1	3	1	8	2	0	1	0	3	4	4	2	2	1	2	2	2	2	0	5	4	1	0	2	1	2	0	7	2	1	1	1	1	1	1
0	0	0	7	6	11	24	9	9	2	13	11	7	17	7	6	6	8	7	11	17	6	13	21	45	59	17	20	14	10	6	16	6	9	14	17	16	12	12	7	19	9	8	14	53	0	127	53	10	14	34	21	23	25	21	15	11	27	86	62	25	7	7	13	22	25	30	123	39	14	16	20	14	18	20	40	20	12	25	75	81	19	62	26	14	23	37	23	31	197	152	141	45	23	35	10	22	9	16	26	24	19	17	18	12	2	4	8	11	5	7	10	14	11	4	6	12	9	2	10	24	29	13	3	2	2	2	2	3	5	3	2	2	1	5	11	10	9	6	0	5	8	7	6	6	2	0	1	8	8	9	7	3	3	2	4	1	4	2	1	2	4	4	3	1	1	4	2	5	3	1	1	1	0	0	5	2	0	3	3	2	4	1	1	4	1	4	4	1	3	1	3	0	2	2	1
0	0	0	10	22	7	16	6	5	7	14	12	10	11	5	6	6	7	4	12	6	5	10	9	30	38	16	10	15	26	6	5	7	8	11	9	12	13	9	3	10	6	7	16	31	127	0	139	20	11	50	102	40	73	26	19	19	52	71	23	10	5	10	4	19	15	11	49	62	22	11	7	5	6	9	14	15	8	16	76	54	18	26	14	7	16	21	19	12	41	52	31	11	10	19	9	16	12	24	49	27	29	12	15	9	1	9	5	8	7	5	10	13	8	9	11	7	9	4	10	21	19	19	7	5	1	3	1	2	0	3	2	4	2	6	4	5	9	5	1	5	3	5	4	4	1	2	1	3	7	5	3	4	4	1	2	2	2	1	1	1	3	1	1	2	2	2	4	2	4	1	1	0	0	1	1	1	3	3	0	3	2	3	3	2	0	2	1	2	1	1	1	2	0	2	0
0	0	0	12	30	43	33	22	12	23	20	21	22	14	14	11	9	7	12	25	20	11	14	32	38	40	18	10	6	30	15	12	13	5	7	15	8	7	7	8	7	5	7	12	37	53	139	0	55	26	279	165	158	71	34	45	48	150	38	29	13	3	12	8	18	12	8	36	22	14	12	5	6	6	5	7	3	14	11	64	31	5	12	7	3	9	36	36	17	21	28	20	13	13	13	7	7	19	11	21	21	11	8	8	6	2	2	5	6	4	3	7	7	7	2	2	5	6	7	4	12	10	8	3	2	4	3	5	2	2	3	3	2	4	2	2	2	1	2	4	2	2	8	2	6	4	1	1	1	3	4	1	1	1	1	0	0	1	3	1	2	1	1	1	3	5	3	4	3	6	1	1	2	3	1	2	1	2	0	0	2	2	0	3	0	4	1	0	0	0	1	0	0	0	1	1
0	0	0	27	90	50	132	57	6	20	18	16	13	12	6	14	7	11	10	22	27	18	18	20	39	35	33	15	24	91	27	11	15	5	12	16	8	7	4	2	4	6	7	10	15	10	20	55	0	95	101	71	59	17	9	15	20	23	7	9	7	5	15	10	16	10	14	23	16	19	8	3	5	4	5	10	14	8	24	68	13	12	13	4	3	4	9	15	11	12	17	7	5	12	11	3	3	11	8	8	6	9	13	7	6	3	3	5	7	5	5	8	5	4	6	5	0	4	3	5	5	4	6	3	0	3	0	0	2	5	1	1	1	2	5	1	1	4	4	5	2	2	1	4	2	2	1	4	1	3	3	2	3	1	1	0	1	1	1	0	0	1	1	0	0	1	0	2	3	4	4	4	0	0	1	0	1	1	0	0	1	6	1	1	1	0	1	0	1	0	1	0	0	0	1	2
0	0	0	14	45	68	124	68	15	19	21	22	16	11	16	17	23	25	25	39	60	48	35	47	66	40	40	14	26	52	84	24	34	13	19	22	8	3	3	7	6	4	6	7	13	14	11	26	95	0	43	18	15	9	6	5	14	20	8	5	8	14	13	7	18	12	19	16	17	14	14	6	2	2	4	11	3	16	29	26	15	14	7	7	4	5	13	13	10	4	12	9	12	8	5	3	3	2	5	4	8	6	4	9	3	2	7	6	3	3	4	4	2	4	4	4	4	5	2	4	1	4	6	2	0	2	1	3	2	4	2	1	2	3	1	1	9	1	2	2	1	2	2	4	3	2	2	2	1	1	1	0	0	2	2	0	0	1	0	2	1	0	1	2	1	2	3	0	3	0	4	0	1	1	1	0	0	1	1	2	1	1	0	0	1	2	0	1	1	1	0	2	1	0	2	1
0	0	0	18	51	104	112	47	15	38	40	17	30	18	30	9	12	12	22	24	33	22	15	29	42	37	17	4	6	28	15	14	6	6	8	18	9	11	9	9	2	4	7	16	26	34	50	279	101	43	0	102	179	31	34	33	53	72	25	15	5	9	8	6	20	8	10	19	26	12	7	5	10	6	4	7	6	14	11	42	16	8	18	6	4	6	23	44	17	11	12	12	6	10	7	2	7	7	13	10	11	9	2	6	7	0	4	2	5	6	4	5	7	2	4	3	3	5	4	5	11	12	4	0	1	3	0	3	1	2	1	1	0	2	2	4	3	3	4	4	2	3	4	0	1	4	2	0	3	2	1	3	3	1	1	0	2	1	1	0	0	1	4	3	3	5	3	3	1	2	0	4	0	1	0	0	2	1	0	1	3	1	2	0	1	5	1	3	1	1	1	2	1	1	1	0
0	0	0	28	35	30	34	29	13	28	17	13	17	8	12	5	11	9	9	21	17	9	16	13	20	27	15	16	10	26	14	12	10	10	4	13	8	4	5	3	8	4	5	8	22	21	102	165	71	18	102	0	242	63	30	18	24	76	28	15	7	7	2	6	10	11	9	18	29	18	9	3	5	6	5	10	5	8	21	49	26	12	14	7	4	9	29	9	10	29	17	9	8	5	9	11	7	12	26	21	18	7	8	9	6	2	2	7	3	3	5	4	3	4	5	3	5	8	2	13	10	12	10	2	1	4	1	1	0	4	4	1	3	2	4	1	3	4	2	1	4	1	4	4	4	1	3	1	5	2	4	2	0	0	1	3	0	0	2	1	1	0	2	3	1	3	4	3	0	2	1	4	1	2	2	2	0	1	3	1	2	1	2	1	2	0	3	1	2	0	0	0	1	1	1	0
0	0	0	17	55	54	48	50	12	29	35	16	14	11	11	7	3	13	13	9	16	12	12	17	17	19	14	12	12	19	7	8	6	4	4	11	10	5	4	3	4	4	7	3	14	23	40	158	59	15	179	242	0	48	46	55	38	124	27	14	7	3	4	5	11	13	10	19	15	9	5	4	2	1	3	7	7	7	11	32	16	11	15	7	3	8	26	26	17	8	10	10	5	4	7	4	10	8	15	15	3	7	3	4	4	6	5	0	3	5	2	1	4	3	8	4	8	2	3	2	10	10	6	6	2	3	1	2	0	2	2	2	1	2	1	1	2	6	0	3	2	3	8	1	0	0	0	2	3	4	4	1	1	2	0	2	3	0	0	3	1	3	4	4	2	2	2	3	1	4	2	0	1	0	1	3	1	1	1	0	4	4	0	1	2	1	1	0	2	2	4	2	0	1	0	1
0	0	0	14	9	15	13	11	9	10	13	12	14	13	3	10	7	6	11	11	17	4	11	10	10	16	8	4	13	11	6	3	6	4	7	8	8	7	5	6	3	2	7	9	18	25	73	71	17	9	31	63	48	0	152	37	35	145	80	29	4	6	5	7	10	5	7	13	14	11	9	3	5	4	6	3	7	4	8	22	18	8	8	9	9	8	54	28	10	8	24	13	5	6	12	14	20	15	47	44	14	4	4	9	0	4	3	4	3	2	3	7	9	9	9	4	4	8	4	7	18	19	14	5	3	2	1	2	4	4	2	4	0	1	5	2	4	6	5	5	4	2	3	3	2	3	0	2	4	6	3	6	4	2	2	1	1	2	5	2	2	1	0	2	3	5	2	3	1	5	2	3	5	2	0	0	1	2	0	2	2	3	1	2	0	1	4	0	4	3	1	0	0	0	3	4
0	0	0	11	8	12	14	14	3	21	10	7	15	17	4	6	1	5	7	11	6	6	5	4	15	14	1	4	7	11	5	4	4	4	3	4	3	11	3	6	3	2	4	9	24	21	26	34	9	6	34	30	46	152	0	135	24	91	49	17	5	5	5	1	7	5	6	16	8	11	8	3	4	4	8	4	5	1	6	11	12	2	3	9	1	4	59	20	8	8	12	15	5	10	8	11	8	16	21	15	8	6	8	3	5	6	4	2	1	1	2	2	8	7	5	6	4	9	1	0	7	11	13	6	3	2	3	1	0	3	2	4	2	6	2	2	3	5	2	3	0	0	2	4	3	1	0	4	3	2	0	3	2	1	1	2	2	4	0	0	3	2	2	0	3	0	2	6	3	4	0	5	1	0	0	0	0	1	2	1	2	1	2	2	2	0	3	2	4	2	1	1	0	0	1	1
0	0	0	11	18	27	22	15	13	33	34	16	42	39	8	6	8	7	9	7	17	1	4	13	9	4	5	3	9	8	7	6	4	1	5	7	6	6	6	6	1	4	5	13	21	15	19	45	15	5	33	18	55	37	135	0	93	114	28	16	15	6	4	2	4	5	3	12	13	3	6	0	2	4	1	7	8	2	5	12	4	2	5	3	3	5	53	37	14	6	16	5	10	7	2	7	7	7	11	12	6	6	5	5	5	3	3	4	2	3	4	1	1	6	2	5	5	2	1	2	10	9	4	5	2	1	0	4	2	0	3	2	2	4	1	3	3	5	4	1	2	3	2	2	4	3	2	3	3	2	3	2	2	2	1	1	0	1	1	0	0	5	2	1	0	2	4	0	1	1	0	2	2	2	0	0	1	2	4	3	5	4	1	0	1	1	3	2	2	0	1	1	0	1	1	2
0	0	0	18	18	63	31	24	22	43	182	49	152	114	25	12	9	18	17	29	26	8	8	19	18	17	9	4	4	10	5	11	5	3	6	12	15	7	7	6	6	4	10	17	35	11	19	48	20	14	53	24	38	35	24	93	0	74	30	11	16	10	10	2	4	5	7	8	9	8	4	7	3	3	4	7	7	7	6	11	6	4	10	3	5	2	49	84	22	10	8	9	3	6	5	5	4	11	8	8	5	2	2	4	3	7	2	2	0	1	1	6	0	2	3	1	4	2	3	6	5	9	5	3	2	2	2	2	1	0	1	2	0	1	1	1	6	2	0	2	3	2	1	2	0	0	0	1	3	7	2	3	2	2	1	0	0	1	2	1	1	1	1	1	3	2	0	1	2	4	2	0	3	1	2	1	1	3	0	1	3	4	1	2	1	2	2	2	2	0	1	0	0	2	2	0
0	0	0	9	25	37	18	16	7	20	28	17	27	15	12	6	9	8	10	18	11	6	9	11	21	13	16	7	8	10	12	4	7	8	3	13	10	7	2	3	11	7	10	8	38	27	52	150	23	20	72	76	124	145	91	114	74	0	81	19	10	7	8	6	12	5	6	13	18	7	14	5	2	4	4	11	5	8	5	23	26	7	9	6	5	8	88	50	12	17	12	15	9	7	12	10	14	15	27	12	11	8	3	7	7	4	4	5	4	0	6	3	4	7	3	6	3	10	6	6	5	12	6	3	2	1	1	3	4	0	5	1	7	2	2	5	2	10	5	1	1	1	7	2	3	5	1	1	3	6	1	2	1	3	5	1	0	0	1	0	0	1	6	2	5	2	5	5	4	5	0	3	1	3	1	2	4	2	1	4	4	1	1	1	1	0	3	3	0	1	0	0	1	0	1	0
0	0	0	7	6	6	8	7	6	3	17	15	16	12	5	16	6	7	9	14	9	3	11	17	15	20	16	5	16	10	4	7	5	8	7	15	12	13	11	9	11	11	9	13	55	86	71	38	7	8	25	28	27	80	49	28	30	81	0	115	24	12	4	6	11	8	17	25	23	7	9	4	10	8	11	19	5	8	6	19	21	15	23	22	16	19	156	26	31	60	26	51	16	16	20	13	24	20	22	23	18	7	2	8	5	8	6	8	6	3	5	5	13	14	5	12	6	8	12	8	14	24	19	9	5	4	3	2	1	5	4	3	1	0	6	3	8	7	7	4	2	3	4	2	7	2	3	5	0	7	6	4	1	0	0	1	2	2	1	0	0	3	0	4	0	2	2	1	3	7	2	3	2	1	0	0	1	2	5	1	3	3	3	4	0	5	1	2	1	3	5	0	1	2	4	0
0	0	0	1	8	8	5	6	3	4	5	10	3	13	14	7	8	10	7	9	5	4	11	12	19	18	11	5	8	4	8	7	8	2	10	14	31	27	18	6	16	7	9	23	54	62	23	29	9	5	15	15	14	29	17	16	11	19	115	0	62	7	3	7	13	8	11	20	21	9	9	7	9	12	17	30	6	6	11	24	17	13	24	32	11	19	56	27	30	133	41	158	43	24	28	8	16	9	21	12	12	7	8	10	8	3	3	8	3	6	4	8	10	3	6	17	8	6	8	11	12	27	16	8	5	7	5	3	5	7	5	3	4	8	6	1	13	10	9	2	4	5	4	4	6	0	5	5	1	4	3	4	9	3	4	2	0	2	4	1	1	3	3	3	4	4	4	3	4	4	2	4	4	2	1	2	3	3	4	5	8	2	2	1	0	1	4	2	5	1	1	2	0	2	1	1
0	0	0	2	6	5	6	7	1	5	5	16	7	9	14	6	6	7	7	11	10	9	5	14	13	9	13	2	7	5	5	7	4	6	12	20	124	110	64	18	34	17	25	37	71	25	10	13	7	8	5	7	7	4	5	15	16	10	24	62	0	14	11	6	14	11	10	11	13	6	6	12	6	14	16	26	17	3	7	8	9	4	13	12	11	12	14	25	83	47	27	32	80	29	30	7	6	7	12	9	9	7	4	11	8	2	3	5	3	4	5	7	7	1	3	8	3	4	5	5	5	12	12	3	6	2	2	3	4	3	1	2	6	2	4	8	9	4	7	3	1	6	5	3	8	5	2	1	3	5	4	3	4	4	4	4	3	1	0	0	5	4	6	0	2	1	3	3	2	8	2	4	4	2	2	3	2	0	3	5	6	2	0	4	1	1	3	1	0	2	3	1	2	1	2	5
0	0	0	3	6	7	13	6	9	2	12	20	12	10	27	112	86	51	20	19	28	26	31	55	28	17	14	6	7	6	12	18	13	14	24	72	30	15	8	9	35	35	22	31	18	7	5	3	5	14	9	7	3	6	5	6	10	7	12	7	14	0	120	51	38	11	18	5	5	6	7	6	4	5	4	13	12	21	15	6	6	6	6	7	5	5	10	14	28	6	3	9	13	18	5	2	2	3	3	6	1	5	6	5	2	4	1	1	3	3	2	3	3	3	1	2	2	4	1	6	5	4	1	2	0	0	2	2	2	0	1	1	1	2	2	1	4	1	2	3	3	0	1	1	2	2	1	1	1	2	5	0	1	3	0	2	2	0	1	2	0	1	0	2	1	3	0	0	1	1	1	2	1	0	1	1	0	0	0	1	4	3	1	0	1	1	0	3	1	1	1	0	2	0	2	1
0	0	0	3	3	7	7	8	10	6	10	11	6	13	7	48	88	29	12	20	21	40	50	41	24	16	9	12	11	14	25	33	25	12	41	44	16	9	6	9	19	23	7	19	16	7	10	12	15	13	8	2	4	5	5	4	10	8	4	3	11	120	0	225	30	18	16	6	5	8	8	6	4	4	6	7	8	18	14	8	4	7	5	1	4	5	7	11	10	5	5	6	12	12	1	1	1	3	2	2	4	8	6	7	6	1	3	1	1	1	2	4	2	4	2	3	3	1	1	2	2	1	2	4	1	2	1	1	4	1	1	1	1	1	0	4	4	4	1	4	0	1	0	1	1	1	1	0	3	3	3	2	3	0	3	3	0	0	1	0	0	1	3	2	1	1	0	2	6	0	0	2	3	0	0	0	1	1	0	3	1	1	1	0	0	3	1	0	1	0	0	0	1	2	1	2
0	0	0	4	5	5	13	9	7	5	6	12	7	3	11	31	40	22	6	10	16	45	83	25	20	19	21	15	11	14	16	52	49	31	104	38	9	6	8	10	21	20	7	12	8	13	4	8	10	7	6	6	5	7	1	2	2	6	6	7	6	51	225	0	33	23	14	12	4	5	7	8	4	6	4	3	17	48	21	11	5	12	5	3	4	3	2	5	17	10	6	5	7	9	5	1	4	1	2	3	3	2	5	4	4	3	3	3	4	3	8	3	2	2	1	2	2	2	0	0	5	6	5	4	0	1	2	0	3	2	3	1	1	1	1	3	3	4	0	3	2	1	1	0	2	1	3	0	2	2	2	4	3	3	1	1	1	1	2	1	5	1	3	2	2	2	2	1	2	1	1	1	2	2	0	0	3	3	2	0	1	0	0	0	1	1	1	1	0	3	2	0	1	0	0	1
0	0	0	2	9	12	10	11	7	5	10	17	6	8	10	23	31	23	9	22	19	36	47	103	89	64	69	36	21	24	19	30	31	50	164	256	36	10	9	19	25	20	8	15	24	22	19	18	16	18	20	10	11	10	7	4	4	12	11	13	14	38	30	33	0	89	53	32	14	15	14	12	10	6	7	23	48	57	103	28	12	13	24	11	7	11	8	14	25	13	14	22	28	47	22	4	3	5	7	9	9	6	8	12	3	4	5	1	6	8	5	5	5	2	5	3	6	5	2	4	7	5	3	8	4	2	4	3	3	3	3	2	3	2	1	2	3	5	3	3	1	1	4	1	4	3	3	1	1	5	2	5	4	2	1	0	1	3	1	1	2	0	0	1	1	2	2	3	2	5	3	2	1	0	0	1	1	2	3	2	1	1	1	1	0	2	2	0	1	1	0	1	1	1	3	0
0	0	0	2	2	4	17	9	5	1	5	7	2	7	6	9	10	11	5	4	9	12	29	19	28	49	53	46	19	13	18	19	37	87	83	27	12	11	10	23	23	9	7	7	10	25	15	12	10	12	8	11	13	5	5	5	5	5	8	8	11	11	18	23	89	0	276	35	15	20	32	44	33	12	19	47	369	117	88	26	23	23	18	15	10	11	12	6	16	20	25	21	25	43	29	3	6	5	4	10	6	14	21	22	16	5	3	8	8	6	8	9	7	3	2	6	4	5	1	7	5	11	8	2	3	3	1	2	4	3	3	0	2	3	3	4	6	3	1	3	4	4	3	6	2	2	4	2	4	6	5	3	3	5	1	5	1	1	1	1	0	2	1	2	3	2	4	3	2	5	1	2	1	1	0	0	1	1	2	2	0	4	2	0	1	2	0	2	4	2	0	1	1	3	1	2
0	0	0	5	7	9	9	7	3	5	6	7	6	8	2	9	8	8	8	6	8	15	33	20	26	67	58	77	27	12	17	33	24	74	46	24	9	15	7	14	11	5	5	11	12	30	11	8	14	19	10	9	10	7	6	3	7	6	17	11	10	18	16	14	53	276	0	58	24	35	72	64	35	12	13	48	126	86	130	23	30	40	42	13	11	7	5	4	11	20	38	16	18	28	23	3	7	6	12	7	12	13	29	49	23	8	4	6	5	6	7	14	10	6	4	7	7	6	7	15	10	7	12	5	2	5	1	4	2	1	4	2	4	0	2	2	7	6	0	2	5	6	1	2	5	1	4	1	3	1	4	4	3	3	2	1	2	3	1	1	1	2	3	1	6	9	6	3	7	3	3	2	3	1	1	2	2	1	6	3	1	1	3	2	0	1	2	3	0	0	3	1	0	0	1	0
0	0	0	7	10	12	8	7	6	11	8	8	6	6	7	10	7	13	10	13	15	16	16	18	40	134	53	45	19	27	19	16	16	21	23	19	14	9	7	11	11	8	4	7	24	123	49	36	23	16	19	18	19	13	16	12	8	13	25	20	11	5	6	12	32	35	58	0	78	42	39	24	19	28	20	50	24	19	65	150	155	43	106	26	11	11	13	18	33	70	123	38	22	28	20	4	15	4	6	15	22	26	25	43	11	6	5	11	7	8	9	10	8	6	5	11	5	6	6	17	17	21	14	9	7	1	4	2	2	1	2	2	1	4	4	6	8	5	4	1	4	6	14	3	9	1	2	3	4	6	4	9	2	2	3	2	1	2	1	0	2	0	4	1	3	4	0	0	3	3	0	0	4	3	2	1	1	0	3	4	3	1	2	4	2	1	5	2	2	2	1	0	1	0	3	2
0	0	0	11	17	9	11	10	5	9	9	3	1	6	7	7	2	0	6	7	7	12	9	10	22	44	27	23	13	27	15	15	6	9	7	11	9	8	4	6	9	9	4	4	15	39	62	22	16	17	26	29	15	14	8	13	9	18	23	21	13	5	5	4	14	15	24	78	0	126	53	17	19	13	9	14	11	12	21	114	211	72	81	17	4	21	13	3	11	20	57	22	10	8	15	8	20	11	22	33	53	47	23	38	18	8	10	13	18	9	11	10	9	6	9	9	10	7	12	21	24	24	29	9	5	6	5	3	5	5	2	0	3	3	4	6	1	6	4	2	6	5	5	4	3	5	3	2	5	6	2	5	4	2	1	2	1	3	0	2	2	0	3	2	4	2	4	2	7	3	2	0	0	2	0	1	4	1	6	1	2	1	0	1	2	2	0	2	2	1	2	1	1	2	4	4
0	0	0	10	15	10	6	11	7	3	5	2	3	2	5	6	3	4	2	7	8	3	12	4	11	28	34	43	35	26	21	8	14	19	6	9	3	3	2	4	6	7	4	2	7	14	22	14	19	14	12	18	9	11	11	3	8	7	7	9	6	6	8	5	15	20	35	42	126	0	98	17	13	7	7	12	11	16	32	39	68	144	26	17	11	10	5	4	6	8	25	12	8	9	12	2	11	8	9	11	28	52	48	48	25	9	4	10	17	10	7	11	18	12	10	10	2	2	8	14	13	5	14	12	5	0	1	1	5	1	1	0	1	3	1	4	1	3	7	4	4	6	7	2	8	1	0	4	3	3	3	7	7	4	1	0	2	2	1	1	0	2	4	1	4	3	3	6	4	0	2	2	2	2	1	3	1	1	4	0	1	2	1	0	1	3	0	1	4	1	0	2	0	1	1	0
0	0	0	5	8	8	10	4	5	4	8	6	5	5	2	5	9	4	5	3	1	4	12	13	13	28	36	33	26	19	15	15	18	23	12	12	4	6	8	5	5	3	3	6	11	16	11	12	8	14	7	9	5	9	8	6	4	14	9	9	6	7	8	7	14	32	72	39	53	98	0	88	34	23	11	20	24	23	35	19	52	267	61	26	15	12	9	8	6	16	33	10	9	9	13	7	5	8	6	12	19	36	163	220	43	9	13	14	19	16	12	15	12	6	2	5	7	2	7	13	14	2	12	14	3	3	3	0	2	5	4	3	3	2	6	4	4	5	0	3	2	1	8	6	3	2	1	1	6	5	7	5	6	6	2	2	2	3	2	3	0	2	3	2	3	3	7	6	5	3	1	4	1	1	1	1	3	3	4	4	1	0	0	0	0	2	0	0	3	3	1	1	3	2	1	4
0	0	0	3	5	4	5	4	4	4	3	5	3	2	3	4	6	5	7	3	5	8	12	6	8	25	27	35	18	7	12	9	10	34	17	9	11	5	3	6	12	6	11	3	6	20	7	5	3	6	5	3	4	3	3	0	7	5	4	7	12	6	6	8	12	44	64	24	17	17	88	0	81	25	14	26	44	26	23	18	27	46	25	20	12	15	7	4	9	18	22	16	7	16	21	4	3	4	6	4	7	22	100	88	27	12	16	17	23	18	16	14	6	6	5	6	7	4	4	8	6	10	9	4	8	4	1	1	7	3	3	4	0	4	1	5	5	6	5	1	1	9	5	2	3	4	1	4	3	4	3	6	3	2	2	3	0	0	3	1	1	3	1	4	4	3	5	5	3	1	4	2	4	4	2	2	1	1	2	2	1	1	3	1	1	2	2	2	1	2	0	0	4	3	0	2
0	0	0	2	1	6	6	1	2	2	6	4	4	0	3	4	1	3	1	4	4	3	5	5	9	10	15	19	9	8	8	8	5	18	14	11	7	6	10	13	4	6	5	4	7	14	5	6	5	2	10	5	2	5	4	2	3	2	10	9	6	4	4	4	10	33	35	19	19	13	34	81	0	59	39	28	43	16	24	15	14	24	28	19	24	16	3	4	4	7	16	17	12	19	28	7	5	6	3	7	13	18	35	55	20	16	20	26	17	13	55	22	19	6	6	7	11	8	5	12	9	9	15	6	11	6	1	6	5	7	4	1	2	7	3	4	5	3	6	3	1	8	9	2	7	2	5	2	4	14	10	15	10	10	3	3	1	2	3	5	3	3	4	3	2	5	3	11	8	5	2	4	4	2	3	2	3	4	2	2	7	2	4	4	3	1	2	2	1	2	0	2	4	3	3	1
0	0	0	7	1	5	2	1	1	1	2	2	8	3	3	5	1	3	3	4	5	2	2	7	9	7	10	8	8	11	6	4	2	8	6	5	11	6	14	17	7	6	3	4	4	18	6	6	4	2	6	6	1	4	4	4	3	4	8	12	14	5	4	6	6	12	12	28	13	7	23	25	59	0	209	36	17	18	8	12	17	20	31	106	63	70	7	2	5	22	19	19	14	14	54	6	13	4	4	10	15	19	25	32	39	11	39	54	28	26	65	99	33	12	8	16	28	10	9	20	18	12	20	22	9	4	3	6	8	8	4	3	2	2	2	11	14	7	13	13	8	8	10	4	8	3	4	5	6	24	12	27	24	3	5	3	0	2	0	3	4	8	7	3	7	8	13	8	12	5	3	7	2	2	1	7	1	3	3	8	15	8	2	3	4	2	6	1	5	1	0	3	2	5	2	9
0	0	0	2	3	2	3	2	0	2	3	3	3	3	1	0	7	5	2	5	4	4	2	10	6	5	8	7	4	5	5	3	6	6	7	6	11	19	13	7	8	11	7	6	7	20	9	5	5	4	4	5	3	6	8	1	4	4	11	17	16	4	6	4	7	19	13	20	9	7	11	14	39	209	0	40	20	5	13	9	14	16	25	99	79	102	7	7	9	29	27	21	28	21	125	17	8	2	9	10	9	19	11	23	11	16	18	28	13	14	30	45	23	19	8	14	24	11	10	17	18	18	8	16	3	6	4	10	7	13	9	6	4	5	4	10	15	17	10	6	7	14	10	5	7	3	2	6	7	26	18	30	19	16	5	4	5	2	0	2	3	6	5	3	6	9	4	7	8	7	2	6	5	2	1	4	2	6	3	3	7	8	4	2	1	2	3	2	4	2	3	1	5	3	2	3
0	0	0	3	3	2	3	3	3	7	6	5	14	3	5	3	7	10	0	1	9	6	6	10	26	33	20	10	9	7	9	9	13	18	20	14	20	29	28	25	25	14	11	15	22	40	14	7	10	11	7	10	7	3	4	7	7	11	19	30	26	13	7	3	23	47	48	50	14	12	20	26	28	36	40	0	49	15	35	23	30	26	42	52	10	28	14	6	18	97	68	93	71	86	271	13	12	7	6	14	16	24	12	32	20	8	3	17	10	8	13	17	20	4	6	12	13	5	5	17	14	21	4	7	2	5	2	0	5	5	4	4	5	6	7	8	10	9	2	10	4	6	8	4	4	3	3	7	6	7	7	11	6	10	5	1	3	3	0	1	1	4	2	4	2	1	1	6	5	3	4	0	5	3	0	0	3	4	2	6	6	7	3	1	2	3	0	3	1	0	2	2	4	0	0	2
0	0	0	2	5	2	5	8	2	3	2	5	7	1	6	3	6	8	4	3	5	9	11	17	16	21	29	27	9	9	11	16	15	58	51	21	16	9	11	31	32	19	7	6	10	20	15	3	14	3	6	5	7	7	5	8	7	5	5	6	17	12	8	17	48	369	126	24	11	11	24	44	43	17	20	49	0	50	55	17	14	16	23	17	9	8	5	6	13	17	20	29	20	42	27	6	6	4	4	5	7	9	16	25	15	1	3	16	6	6	13	13	1	6	2	4	4	4	2	7	5	10	10	6	6	2	7	3	3	3	2	2	2	1	3	3	6	5	2	1	4	3	4	6	3	4	4	1	5	2	8	5	3	4	1	2	1	2	2	1	1	2	5	2	1	3	4	3	4	2	4	3	2	4	2	0	0	2	2	3	5	3	4	0	3	2	2	2	2	1	2	3	1	1	0	2
0	0	0	7	7	5	4	9	6	4	12	5	5	4	5	7	17	13	9	2	11	21	45	26	14	27	59	74	32	13	29	49	103	273	129	43	9	5	10	16	13	10	4	4	12	12	8	14	8	16	14	8	7	4	1	2	7	8	8	6	3	21	18	48	57	117	86	19	12	16	23	26	16	18	5	15	50	0	114	19	15	19	8	5	5	6	5	12	12	15	16	11	11	16	6	4	3	8	5	2	5	7	11	19	6	4	2	12	4	5	7	3	9	2	6	4	3	5	4	3	3	8	7	2	0	1	1	3	2	0	0	0	1	1	0	3	4	1	4	0	3	2	7	1	5	2	1	0	5	2	1	5	3	2	2	3	1	2	0	1	2	0	2	1	1	1	3	2	2	2	0	0	5	2	1	1	0	3	2	6	4	2	3	2	2	1	1	1	4	1	1	1	2	2	1	1
0	0	0	3	11	9	16	17	4	5	10	12	13	7	8	6	14	8	16	12	20	26	51	37	66	158	478	147	38	31	39	50	59	76	59	41	8	6	10	13	18	6	6	10	18	25	16	11	24	29	11	21	11	8	6	5	6	5	6	11	7	15	14	21	103	88	130	65	21	32	35	23	24	8	13	35	55	114	0	46	35	22	21	13	8	7	6	11	19	18	29	16	19	14	15	9	6	2	6	11	11	16	13	17	4	5	7	3	3	7	7	7	9	5	3	2	5	2	1	4	10	6	3	8	3	1	1	2	2	3	3	2	4	2	2	1	0	3	3	4	5	2	6	2	1	0	3	3	2	7	4	2	1	3	1	3	2	0	0	1	1	0	0	3	2	3	3	2	4	2	0	3	3	1	1	1	2	2	5	1	4	2	3	3	1	0	3	1	0	1	2	1	1	1	2	1
0	0	0	12	14	17	17	13	9	14	14	7	13	11	18	11	10	11	14	17	15	15	25	35	68	142	47	28	30	43	18	16	14	14	12	15	8	6	2	4	17	3	3	5	29	75	76	64	68	26	42	49	32	22	11	12	11	23	19	24	8	6	8	11	28	26	23	150	114	39	19	18	15	12	9	23	17	19	46	0	59	36	41	16	7	9	12	11	21	34	53	26	11	20	17	7	11	7	19	28	19	23	15	15	12	8	2	7	4	5	10	3	7	4	3	7	5	6	11	9	13	11	22	6	9	0	2	1	4	0	3	2	2	0	1	6	7	6	8	2	2	3	9	3	5	3	3	4	1	3	5	4	2	2	4	3	0	1	2	0	1	1	2	0	0	1	2	4	3	1	1	1	0	3	1	1	0	3	1	4	0	1	2	4	0	1	2	3	1	2	1	1	1	2	2	1
0	0	0	4	11	13	14	7	5	6	7	4	10	5	5	5	4	7	8	5	6	6	13	14	21	44	33	28	12	17	12	10	15	7	18	14	8	14	7	4	5	4	1	10	14	81	54	31	13	15	16	26	16	18	12	4	6	26	21	17	9	6	4	5	12	23	30	155	211	68	52	27	14	17	14	30	14	15	35	59	0	115	362	37	11	13	15	13	8	39	178	41	13	9	14	17	18	11	24	27	50	59	26	43	23	14	5	14	18	8	15	19	16	15	4	14	14	9	8	20	22	27	24	11	10	3	5	0	5	5	10	2	1	2	6	3	5	9	3	6	2	3	8	5	5	4	3	5	2	4	7	3	2	1	0	4	0	3	0	0	4	3	2	3	3	0	4	2	2	2	3	2	4	3	1	2	4	5	1	5	1	3	1	4	3	2	2	1	3	1	1	2	0	2	0	3
0	0	0	4	5	4	6	10	3	5	6	6	3	3	5	4	4	5	5	3	5	7	5	9	12	20	22	28	19	21	10	6	9	21	17	7	4	8	6	7	4	4	3	5	9	19	18	5	12	14	8	12	11	8	2	2	4	7	15	13	4	6	7	12	13	23	40	43	72	144	267	46	24	20	16	26	16	19	22	36	115	0	108	15	7	18	5	5	7	18	46	24	9	12	22	8	7	3	17	11	27	125	112	170	63	5	12	19	21	16	23	14	19	7	6	11	8	8	18	24	12	22	19	10	12	3	2	1	5	3	3	1	1	4	5	7	8	7	6	4	5	6	6	8	8	4	2	1	6	10	9	7	5	6	3	3	3	0	0	3	0	1	3	2	2	3	3	5	7	5	2	2	4	1	0	1	2	1	2	2	4	2	1	0	2	3	3	2	5	1	1	1	4	2	0	0
0	0	0	6	8	5	6	3	2	5	5	6	4	6	11	3	5	7	4	5	6	6	12	12	18	31	26	13	10	16	8	11	12	12	11	12	8	10	5	9	11	7	6	7	17	62	26	12	13	7	18	14	15	8	3	5	10	9	23	24	13	6	5	5	24	18	42	106	81	26	61	25	28	31	25	42	23	8	21	41	362	108	0	68	18	28	16	9	9	38	309	54	23	20	47	19	16	9	18	25	42	60	33	88	22	14	7	14	14	14	15	27	23	18	8	11	20	9	11	26	29	30	33	6	8	4	0	3	2	1	2	1	0	5	5	6	10	13	3	5	2	8	11	10	6	3	5	5	5	13	10	5	5	6	1	1	5	2	2	1	3	2	3	9	1	5	5	7	4	4	3	4	2	0	3	0	1	0	0	3	7	3	1	1	3	3	4	2	1	2	1	2	2	0	0	2
0	0	0	5	6	4	6	6	1	0	1	2	0	6	2	4	4	5	6	8	6	4	10	4	4	12	11	8	6	4	8	5	4	9	6	6	7	15	7	10	8	5	2	6	13	26	14	7	4	7	6	7	7	9	9	3	3	6	22	32	12	7	1	3	11	15	13	26	17	17	26	20	19	106	99	52	17	5	13	16	37	15	68	0	83	246	7	9	13	29	74	39	17	17	57	17	23	8	17	13	23	42	13	40	33	18	12	35	21	19	23	62	54	22	9	29	22	23	22	33	57	49	48	31	18	5	2	5	9	13	5	2	3	8	5	11	19	12	13	11	11	9	20	7	8	7	4	5	12	11	15	18	13	14	6	3	2	3	2	1	4	4	8	5	3	4	6	9	7	4	7	8	2	2	2	3	2	2	2	7	5	3	4	4	3	3	4	1	3	3	0	1	2	1	6	3
0	0	0	3	2	2	2	2	1	1	3	1	5	5	3	3	3	2	1	4	2	5	7	5	6	10	8	8	6	7	6	3	6	9	5	6	8	10	12	8	10	6	2	4	5	14	7	3	3	4	4	4	3	9	1	3	5	5	16	11	11	5	4	4	7	10	11	11	4	11	15	12	24	63	79	10	9	5	8	7	11	7	18	83	0	158	7	8	7	9	25	13	14	6	26	27	16	6	10	14	18	9	11	11	18	22	28	52	13	28	33	137	71	21	13	33	92	25	20	38	18	17	39	39	14	9	8	4	11	14	14	7	5	2	8	19	29	27	20	25	17	24	35	15	25	11	8	7	8	84	56	41	26	19	11	7	5	3	3	1	3	4	11	6	7	12	16	20	12	7	5	7	10	5	1	1	6	5	10	12	9	4	5	4	3	2	9	0	5	6	3	2	2	1	4	5
0	0	0	6	7	3	3	1	2	4	3	3	4	2	2	1	2	0	2	3	0	0	5	5	9	12	4	2	2	10	6	3	2	9	5	9	8	16	19	11	8	4	4	5	10	23	16	9	4	5	6	9	8	8	4	5	2	8	19	19	12	5	5	3	11	11	7	11	21	10	12	15	16	70	102	28	8	6	7	9	13	18	28	246	158	0	10	6	7	25	42	49	22	16	44	38	18	12	21	10	22	29	10	20	15	14	12	24	13	13	20	42	51	24	17	36	40	20	13	40	39	41	29	18	8	6	3	4	15	10	8	5	6	8	14	15	13	19	15	10	12	23	17	16	9	7	7	5	11	46	18	12	18	6	8	4	3	2	1	1	4	4	6	4	12	11	5	12	16	11	5	6	5	4	2	0	1	4	2	7	13	4	5	4	3	1	4	3	3	3	4	2	5	4	3	5
0	0	0	5	13	11	12	10	8	10	20	11	16	23	18	7	15	12	4	9	15	6	6	17	12	7	8	10	1	10	8	7	6	2	8	10	16	11	7	6	5	8	9	18	53	37	21	36	9	13	23	29	26	54	59	53	49	88	156	56	14	10	7	2	8	12	5	13	13	5	9	7	3	7	7	14	5	5	6	12	15	5	16	7	7	10	0	88	35	21	15	22	11	13	6	6	7	13	17	19	14	3	3	3	7	3	4	1	4	2	7	1	9	2	6	9	6	6	4	6	12	20	9	5	3	0	2	3	1	3	6	4	1	5	5	2	6	6	8	3	2	3	3	4	4	3	1	4	2	4	1	5	2	4	2	0	4	2	1	0	0	0	2	4	3	1	2	7	1	0	1	1	1	3	2	1	1	1	4	4	3	1	1	2	0	2	2	0	2	2	3	0	2	0	2	0
0	0	0	6	10	23	25	16	13	19	57	58	58	65	17	14	10	26	13	21	26	12	9	23	24	17	12	11	4	11	8	8	8	5	8	22	23	8	9	6	9	14	16	38	92	23	19	36	15	13	44	9	26	28	20	37	84	50	26	27	25	14	11	5	14	6	4	18	3	4	8	4	4	2	7	6	6	12	11	11	13	5	9	9	8	6	88	0	65	24	16	26	13	10	6	6	5	2	8	10	7	1	3	3	2	4	1	3	5	4	1	3	3	0	3	4	3	6	4	5	6	8	5	2	4	2	2	3	1	2	4	1	1	3	1	7	3	1	1	3	1	3	4	4	4	2	1	1	3	3	0	4	2	4	2	2	3	2	2	0	0	3	2	0	1	1	3	5	1	3	0	3	3	2	0	2	2	1	2	2	1	0	2	2	2	3	3	1	2	2	0	0	0	0	2	1
0	0	0	5	3	20	7	10	7	7	17	28	21	15	15	18	19	17	11	25	22	11	20	50	45	27	17	15	11	13	9	7	9	12	16	54	121	20	24	9	31	34	20	97	398	31	12	17	11	10	17	10	17	10	8	14	22	12	31	30	83	28	10	17	25	16	11	33	11	6	6	9	4	5	9	18	13	12	19	21	8	7	9	13	7	7	35	65	0	45	23	33	31	28	20	6	4	5	5	10	7	14	6	7	1	2	1	2	7	2	4	8	2	2	2	5	3	3	4	6	4	8	9	3	3	3	2	2	0	0	2	1	1	3	5	3	8	3	6	3	1	3	2	4	7	3	2	4	2	1	6	3	2	2	0	4	1	2	2	1	1	4	1	3	3	3	1	8	2	2	3	1	2	0	2	2	0	0	3	1	1	3	2	3	2	2	2	0	3	0	1	1	2	2	2	0
0	0	0	5	6	9	3	5	4	5	8	10	10	10	3	7	6	11	6	11	6	11	21	21	23	39	21	9	8	5	9	5	11	9	10	20	26	36	31	10	24	11	6	15	70	197	41	21	12	4	11	29	8	8	8	6	10	17	60	133	47	6	5	10	13	20	20	70	20	8	16	18	7	22	29	97	17	15	18	34	39	18	38	29	9	25	21	24	45	0	105	1000	61	49	56	11	8	17	12	22	21	12	10	17	8	6	8	7	8	5	12	10	10	8	1	5	10	2	7	18	13	21	13	11	5	4	3	2	2	4	1	0	2	2	7	12	5	13	8	5	6	8	6	3	5	5	4	1	3	10	6	8	4	2	3	0	3	5	2	1	1	1	9	4	2	4	3	5	0	6	1	4	0	0	1	1	1	2	1	4	6	4	7	3	0	1	3	2	7	3	1	5	2	1	1	0
0	0	0	2	7	10	15	8	1	8	6	5	2	8	8	5	6	3	6	3	4	9	8	14	18	47	23	16	9	17	7	8	9	14	9	15	21	19	13	9	11	4	2	7	26	152	52	28	17	12	12	17	10	24	12	16	8	12	26	41	27	3	5	6	14	25	38	123	57	25	33	22	16	19	27	68	20	16	29	53	178	46	309	74	25	42	15	16	23	105	0	130	30	29	48	14	10	10	23	25	56	41	33	30	19	10	9	11	16	9	12	23	19	8	3	6	13	7	12	17	31	39	28	8	7	4	2	2	5	9	2	3	2	4	4	5	12	11	8	4	4	10	11	7	12	1	1	2	8	10	5	7	10	3	1	4	1	1	1	2	4	3	3	2	6	5	6	1	3	1	2	4	0	2	2	1	1	3	3	5	2	3	0	2	2	1	4	4	3	1	3	0	0	2	3	0
0	0	0	10	5	6	7	12	5	9	10	8	7	12	10	10	12	4	4	9	11	4	7	14	17	26	11	10	11	3	6	11	12	7	7	16	24	33	18	15	19	10	11	16	43	141	31	20	7	9	12	9	10	13	15	5	9	15	51	158	32	9	6	5	22	21	16	38	22	12	10	16	17	19	21	93	29	11	16	26	41	24	54	39	13	49	22	26	33	1000	130	0	50	45	63	19	13	5	16	15	19	23	9	11	15	7	6	14	6	4	9	15	12	8	12	14	5	5	5	20	14	41	23	4	6	6	0	3	1	4	2	3	5	5	4	4	15	7	3	3	4	9	7	5	6	3	1	2	5	12	8	7	3	4	3	1	1	2	1	1	2	6	4	1	5	3	2	3	4	7	3	1	5	2	1	1	2	5	4	5	3	6	2	3	1	3	4	1	2	7	0	6	1	2	2	1
0	0	0	5	8	5	9	7	3	1	5	9	7	5	3	4	5	7	6	8	6	5	12	13	19	10	7	10	7	6	9	7	10	13	15	27	54	95	94	31	56	21	10	26	39	45	11	13	5	12	6	8	5	5	5	10	3	9	16	43	80	13	12	7	28	25	18	22	10	8	9	7	12	14	28	71	20	11	19	11	13	9	23	17	14	22	11	13	31	61	30	50	0	247	77	4	5	3	3	4	11	6	10	8	12	7	4	8	3	6	6	8	1	1	2	2	5	1	0	2	11	11	6	4	5	3	2	2	4	2	6	5	2	4	3	6	6	7	9	9	3	3	3	4	4	2	1	3	4	4	10	6	5	3	1	5	3	0	1	1	3	3	3	2	1	4	2	2	3	7	4	1	3	3	0	0	0	1	4	2	8	1	1	2	1	0	2	1	1	1	2	2	1	5	0	2
0	0	0	3	2	8	5	1	6	4	4	8	4	9	9	9	7	13	7	8	7	8	20	18	12	26	24	8	6	6	6	9	9	17	30	30	46	41	44	72	117	31	10	15	23	23	10	13	12	8	10	5	4	6	10	7	6	7	16	24	29	18	12	9	47	43	28	28	8	9	9	16	19	14	21	86	42	16	14	20	9	12	20	17	6	16	13	10	28	49	29	45	247	0	82	6	6	4	6	7	10	12	15	14	7	3	4	7	7	5	7	8	13	2	5	8	4	4	5	7	13	8	5	5	1	3	2	4	2	4	3	2	1	4	4	2	9	3	0	2	2	4	7	3	5	2	2	5	6	6	3	6	6	4	1	1	1	2	3	2	2	2	4	4	3	0	5	2	3	5	0	1	1	3	1	1	1	3	1	2	7	1	4	0	0	1	2	1	3	1	0	1	2	1	3	3
0	0	0	3	5	3	1	2	6	3	4	7	8	3	5	4	6	10	5	4	3	4	7	13	10	11	12	12	9	10	8	10	6	16	12	15	10	22	35	25	20	11	2	9	20	35	19	13	11	5	7	9	7	12	8	2	5	12	20	28	30	5	1	5	22	29	23	20	15	12	13	21	28	54	125	271	27	6	15	17	14	22	47	57	26	44	6	6	20	56	48	63	77	82	0	12	11	8	11	7	12	19	14	26	12	8	5	8	9	8	21	26	13	7	1	13	17	10	11	9	18	15	19	6	6	4	2	5	4	7	4	1	8	2	5	6	13	14	12	9	2	7	6	5	6	1	3	2	5	18	15	12	12	3	4	2	2	3	0	2	2	4	7	4	2	4	5	7	6	2	4	5	4	2	2	3	4	2	0	3	6	2	4	4	2	1	4	4	3	3	4	1	1	2	1	4
0	0	0	4	3	4	3	2	1	4	1	3	1	2	7	4	3	1	2	0	4	3	4	7	3	8	4	3	9	5	0	4	4	4	5	4	6	5	5	3	4	6	3	4	8	10	9	7	3	3	2	11	4	14	11	7	5	10	13	8	7	2	1	1	4	3	3	4	8	2	7	4	7	6	17	13	6	4	9	7	17	8	19	17	27	38	6	6	6	11	14	19	4	6	12	0	74	28	30	25	20	10	6	6	9	10	7	10	8	5	5	18	18	19	43	58	20	46	21	28	38	71	42	15	6	8	7	8	7	14	8	4	3	12	11	11	74	86	29	7	12	15	20	37	35	12	11	3	6	39	16	9	5	1	3	0	3	1	3	4	9	4	8	6	14	9	6	12	9	21	5	5	9	1	3	3	6	2	4	4	11	8	7	4	5	5	13	5	6	3	3	2	6	3	0	1
0	0	0	5	4	6	6	0	2	2	4	5	2	4	1	3	2	1	3	2	2	4	2	6	4	3	2	7	4	5	5	4	7	3	2	3	4	5	2	6	1	2	5	4	7	22	16	7	3	3	7	7	10	20	8	7	4	14	24	16	6	2	1	4	3	6	7	15	20	11	5	3	5	13	8	12	6	3	6	11	18	7	16	23	16	18	7	5	4	8	10	13	5	6	11	74	0	146	98	80	59	18	7	10	17	14	6	14	15	12	7	8	23	27	42	66	15	32	37	54	136	88	60	19	6	5	6	4	7	8	12	4	3	4	4	6	16	29	5	1	7	13	21	17	20	6	5	4	14	16	14	7	6	4	2	2	3	1	1	3	3	5	4	5	9	5	5	13	3	12	3	3	3	4	1	2	1	3	4	5	7	2	4	4	3	3	4	2	9	4	1	2	2	3	4	4
0	0	0	3	5	4	3	5	2	2	4	0	5	4	4	1	4	1	1	3	0	2	4	2	1	8	4	3	4	5	6	3	1	3	4	5	5	5	6	2	2	4	5	3	2	9	12	19	11	2	7	12	8	15	16	7	11	15	20	9	7	3	3	1	5	5	6	4	11	8	8	4	6	4	2	7	4	8	2	7	11	3	9	8	6	12	13	2	5	17	10	5	3	4	8	28	146	0	125	84	43	12	5	5	7	4	3	11	10	3	4	4	13	19	20	23	9	14	19	17	36	40	28	16	8	3	6	4	3	1	3	3	2	4	5	3	8	11	4	6	7	9	7	11	8	1	3	2	12	7	4	5	2	5	3	1	2	1	2	0	0	5	3	5	5	0	3	8	4	7	3	3	3	3	0	1	1	2	0	3	5	8	1	0	2	3	4	2	4	4	0	1	0	1	1	2
0	0	0	6	6	11	4	2	6	3	6	5	10	2	1	2	4	1	3	5	2	4	2	4	4	13	8	5	4	9	7	1	3	4	6	4	5	7	6	4	5	2	3	4	10	16	24	11	8	5	13	26	15	47	21	11	8	27	22	21	12	3	2	2	7	4	12	6	22	9	6	6	3	4	9	6	4	5	6	19	24	17	18	17	10	21	17	8	5	12	23	16	3	6	11	30	98	125	0	555	52	18	3	5	4	6	3	9	7	5	8	8	16	14	23	29	8	8	15	18	58	80	18	18	4	2	5	3	3	2	2	1	2	6	6	5	12	10	2	5	2	7	6	6	13	3	3	5	8	7	0	2	4	2	1	3	4	1	0	0	1	4	2	1	3	4	3	3	3	4	5	4	4	3	2	3	1	1	4	2	2	2	2	5	1	3	2	5	1	0	1	0	1	0	0	0
0	0	0	12	4	12	10	6	3	10	3	3	7	5	3	1	6	6	6	5	5	5	4	5	17	16	16	8	10	11	4	7	5	5	5	3	7	5	1	6	8	2	2	2	6	26	49	21	8	4	10	21	15	44	15	12	8	12	23	12	9	6	2	3	9	10	7	15	33	11	12	4	7	10	10	14	5	2	11	28	27	11	25	13	14	10	19	10	10	22	25	15	4	7	7	25	80	84	555	0	80	17	12	7	8	5	4	7	5	8	4	15	18	8	9	28	14	13	25	25	60	80	48	5	7	5	0	2	5	1	4	5	4	6	8	8	7	11	11	3	3	9	13	9	7	3	1	5	8	14	7	4	3	4	6	3	0	2	1	1	1	3	2	2	2	6	6	9	1	6	2	11	6	2	1	2	0	0	2	3	3	2	4	0	4	0	2	4	1	1	1	3	3	3	3	0
0	0	0	4	5	11	5	5	2	2	3	3	6	6	5	2	5	2	4	4	4	3	4	6	10	13	8	9	6	5	6	4	10	4	4	4	6	6	5	3	8	6	7	1	10	24	27	21	6	8	11	18	3	14	8	6	5	11	18	12	9	1	4	3	9	6	12	22	53	28	19	7	13	15	9	16	7	5	11	19	50	27	42	23	18	22	14	7	7	21	56	19	11	10	12	20	59	43	52	80	0	66	19	24	24	9	14	19	28	12	10	17	42	29	31	46	23	18	27	69	172	102	187	20	7	10	2	6	2	6	5	5	2	1	5	5	5	11	14	6	6	8	23	15	8	7	0	3	13	11	6	7	6	6	5	0	1	1	0	3	2	4	2	3	7	5	5	7	4	5	4	2	5	2	2	1	6	3	5	7	4	2	2	1	1	2	1	1	3	4	3	4	0	2	1	1
0	0	0	2	7	3	7	4	4	5	5	2	4	2	1	7	3	3	2	0	4	7	3	7	11	23	15	15	18	11	1	6	3	7	6	3	2	4	3	5	6	2	1	4	6	19	29	11	9	6	9	7	7	4	6	6	2	8	7	7	7	5	8	2	6	14	13	26	47	52	36	22	18	19	19	24	9	7	16	23	59	125	60	42	9	29	3	1	14	12	41	23	6	12	19	10	18	12	18	17	66	0	47	57	117	24	8	31	49	23	23	33	42	25	11	21	19	11	28	57	44	33	65	22	7	5	4	4	6	4	1	3	2	5	1	8	11	11	6	7	11	10	11	10	10	3	2	7	10	13	9	9	3	8	1	4	2	2	3	2	3	4	5	4	2	8	7	2	3	7	5	3	7	5	1	3	1	3	2	5	4	1	3	5	3	1	1	3	4	1	0	4	3	0	6	3
0	0	0	6	3	4	7	1	4	3	1	5	3	3	3	2	3	2	1	7	4	2	5	8	11	16	18	28	18	12	6	5	9	21	10	9	6	4	5	4	8	4	0	6	4	17	12	8	13	4	2	8	3	4	8	5	2	3	2	8	4	6	6	5	8	21	29	25	23	48	163	100	35	25	11	12	16	11	13	15	26	112	33	13	11	10	3	3	6	10	33	9	10	15	14	6	7	5	3	12	19	47	0	317	127	21	18	17	27	31	21	18	18	7	10	10	10	2	8	21	14	6	19	10	14	5	2	3	0	3	4	1	2	2	1	4	3	2	6	5	1	6	5	5	3	3	2	1	3	1	10	7	5	6	3	1	2	3	3	0	0	1	2	0	2	4	3	4	1	3	2	2	0	0	0	2	0	2	2	0	1	2	3	1	3	4	2	1	1	1	0	2	1	2	2	0
0	0	0	6	5	6	6	5	7	3	6	1	1	2	6	2	5	4	3	5	5	5	9	9	7	19	23	22	18	8	13	11	7	19	6	6	3	5	9	2	13	4	1	2	11	18	15	8	7	9	6	9	4	9	3	5	4	7	8	10	11	5	7	4	12	22	49	43	38	48	220	88	55	32	23	32	25	19	17	15	43	170	88	40	11	20	3	3	7	17	30	11	8	14	26	6	10	5	5	7	24	57	317	0	83	15	14	26	19	24	29	29	24	12	7	10	15	10	8	26	6	19	17	13	11	3	0	2	5	2	4	4	0	5	6	8	7	5	5	5	4	3	6	8	6	3	3	3	5	14	3	8	7	6	5	1	0	1	2	1	0	5	1	3	2	0	2	5	5	3	3	1	3	3	0	1	0	1	3	1	3	3	0	2	0	3	1	0	3	1	0	1	4	3	0	3
0	0	0	1	4	5	8	0	1	3	3	5	3	4	5	5	5	3	2	4	3	1	1	1	4	8	6	11	8	6	7	6	3	12	6	4	6	8	6	4	3	1	1	4	2	12	9	6	6	3	7	6	4	0	5	5	3	7	5	8	8	2	6	4	3	16	23	11	18	25	43	27	20	39	11	20	15	6	4	12	23	63	22	33	18	15	7	2	1	8	19	15	12	7	12	9	17	7	4	8	24	117	127	83	0	42	25	54	95	77	53	35	35	16	8	25	21	14	20	34	21	13	31	20	10	4	3	6	4	3	3	4	3	4	3	1	9	10	8	6	4	10	15	6	9	3	6	2	8	15	10	12	9	13	6	2	2	2	1	0	1	3	3	4	3	7	7	7	6	4	2	1	2	2	1	4	0	0	1	4	6	3	3	0	0	1	5	3	3	5	2	4	1	5	1	2
0	0	0	4	3	3	4	2	1	2	3	5	1	3	1	2	0	0	0	6	2	4	1	2	2	6	3	4	6	3	3	3	2	5	2	4	2	6	3	6	2	2	3	3	3	2	1	2	3	2	0	2	6	4	6	3	7	4	8	3	2	4	1	3	4	5	8	6	8	9	9	12	16	11	16	8	1	4	5	8	14	5	14	18	22	14	3	4	2	6	10	7	7	3	8	10	14	4	6	5	9	24	21	15	42	0	133	230	126	240	56	76	48	31	10	20	35	18	36	26	11	7	15	160	48	19	6	9	6	7	7	1	2	5	3	7	3	12	15	14	17	20	42	11	11	10	7	11	20	9	18	16	11	5	6	7	6	2	1	0	4	1	10	4	8	9	11	19	10	5	3	4	2	5	1	7	3	5	5	5	4	4	3	3	3	5	6	2	2	3	0	1	4	5	3	2
0	0	0	0	0	3	2	4	3	2	2	2	3	0	2	1	2	4	0	1	3	0	4	1	4	4	3	7	4	3	6	2	0	5	5	4	3	7	10	9	5	4	2	4	1	4	9	2	3	7	4	2	5	3	4	3	2	4	6	3	3	1	3	3	5	3	4	5	10	4	13	16	20	39	18	3	3	2	7	2	5	12	7	12	28	12	4	1	1	8	9	6	4	4	5	7	6	3	3	4	14	8	18	14	25	133	0	110	38	95	80	62	28	14	16	16	45	16	16	25	9	10	17	95	56	16	7	6	8	8	8	2	5	8	4	9	7	7	3	21	19	20	38	7	8	8	4	10	16	23	34	39	43	14	12	3	2	4	3	5	0	7	9	6	4	13	14	29	25	6	5	4	12	3	3	4	5	4	6	7	5	2	3	3	2	4	6	6	2	5	3	5	1	0	1	9
0	0	0	2	3	4	1	2	0	2	0	4	2	3	2	2	2	1	4	2	2	2	5	3	1	5	7	6	4	3	7	4	9	7	8	3	4	6	5	3	4	2	2	1	5	8	5	5	5	6	2	7	0	4	2	4	2	5	8	8	5	1	1	3	1	8	6	11	13	10	14	17	26	54	28	17	16	12	3	7	14	19	14	35	52	24	1	3	2	7	11	14	8	7	8	10	14	11	9	7	19	31	17	26	54	230	110	0	94	121	95	331	95	33	9	28	93	16	27	55	19	13	33	142	35	13	8	8	15	10	7	3	2	4	7	7	12	9	13	12	16	27	39	8	12	15	7	5	21	23	18	26	13	13	8	3	2	5	0	3	2	9	7	6	9	8	13	15	13	8	3	5	0	2	0	2	3	2	7	8	7	2	3	0	2	0	2	6	2	2	2	3	3	0	5	2
0	0	0	5	5	4	3	5	1	1	2	4	2	1	1	2	3	2	1	6	3	3	4	3	3	7	4	8	4	2	6	1	7	4	9	1	0	1	6	3	4	2	2	3	9	11	8	6	7	3	5	3	3	3	1	2	0	4	6	3	3	3	1	4	6	8	5	7	18	17	19	23	17	28	13	10	6	4	3	4	18	21	14	21	13	13	4	5	7	8	16	6	3	7	9	8	15	10	7	5	28	49	27	19	95	126	38	94	0	126	32	44	62	37	12	30	30	14	36	63	18	12	29	51	22	11	7	5	5	0	4	0	2	3	0	3	5	10	8	13	8	15	24	12	11	5	4	11	9	21	12	17	11	8	4	3	2	4	1	1	2	6	5	6	3	3	5	8	11	6	2	3	3	3	1	1	1	4	2	5	4	3	4	3	2	2	3	1	2	5	4	2	4	2	4	9
0	0	0	3	3	3	6	5	1	1	2	4	0	2	1	3	2	1	2	0	2	0	2	2	6	9	5	5	7	3	1	4	0	5	3	5	4	2	4	5	6	3	1	1	10	5	7	4	5	3	6	3	5	2	1	3	1	0	3	6	4	3	1	3	8	6	6	8	9	10	16	18	13	26	14	8	6	5	7	5	8	16	14	19	28	13	2	4	2	5	9	4	6	5	8	5	12	3	5	8	12	23	31	24	77	240	95	121	126	0	84	56	36	11	5	14	31	13	13	23	9	9	15	45	19	8	3	2	4	5	3	4	1	1	1	4	6	7	10	5	10	10	23	3	5	14	4	6	20	17	12	16	8	14	6	4	1	1	3	1	3	3	8	1	6	6	9	10	16	8	3	7	0	1	2	4	1	1	5	8	5	4	3	2	2	3	4	2	2	2	1	3	4	2	2	0
0	0	0	2	2	1	1	1	1	1	2	4	2	4	1	1	0	0	2	4	0	3	4	1	7	5	6	12	9	4	3	4	5	9	6	4	4	6	3	10	6	5	2	3	3	7	5	3	5	4	4	5	2	3	2	4	1	6	5	4	5	2	2	8	5	8	7	9	11	7	12	16	55	65	30	13	13	7	7	10	15	23	15	23	33	20	7	1	4	12	12	9	6	7	21	5	7	4	8	4	10	23	21	29	53	56	80	95	32	84	0	83	22	17	1	17	27	11	15	17	12	5	13	28	15	7	0	5	7	3	2	1	5	5	6	4	4	17	8	10	7	16	19	10	6	7	4	5	10	20	15	26	22	10	7	4	2	0	1	1	3	6	2	6	3	7	10	14	16	6	2	7	0	4	4	5	0	6	6	8	7	6	2	4	1	2	3	0	2	1	2	3	2	1	2	4
0	0	0	4	2	3	4	6	3	2	3	1	3	6	2	3	1	1	1	5	6	4	3	1	2	4	4	5	5	5	2	1	3	7	7	6	4	7	9	3	9	6	2	8	7	10	10	7	8	4	5	4	1	7	2	1	6	3	5	8	7	3	4	3	5	9	14	10	10	11	15	14	22	99	45	17	13	3	7	3	19	14	27	62	137	42	1	3	8	10	23	15	8	8	26	18	8	4	8	15	17	33	18	29	35	76	62	331	44	56	83	0	123	36	13	31	110	21	14	61	21	15	28	88	28	16	8	10	16	8	3	9	1	10	6	11	15	11	19	20	22	23	28	12	19	13	7	7	22	46	24	33	21	11	4	4	3	4	0	1	1	9	5	6	3	6	11	16	11	5	2	7	7	3	2	4	4	2	6	5	5	1	2	3	3	5	4	6	3	4	3	0	4	1	4	7
0	0	0	2	2	3	6	3	1	2	1	2	5	1	4	2	1	5	0	4	0	2	2	3	2	6	2	4	4	2	2	4	2	4	5	4	7	5	3	2	4	3	0	3	9	14	13	7	5	2	7	3	4	9	8	1	0	4	13	10	7	3	2	2	5	7	10	8	9	18	12	6	19	33	23	20	1	9	9	7	16	19	23	54	71	51	9	3	2	10	19	12	1	13	13	18	23	13	16	18	42	42	18	24	35	48	28	95	62	36	22	123	0	94	22	92	157	49	47	272	52	37	99	103	32	10	12	5	6	11	9	3	5	7	5	12	9	27	18	15	22	27	55	17	12	8	9	6	27	32	19	24	18	6	4	2	2	3	2	3	2	9	6	6	13	10	11	17	15	11	7	3	5	6	1	3	3	8	6	5	10	4	2	1	2	5	5	1	3	4	4	3	3	2	1	3
0	0	0	3	4	1	1	1	1	1	3	5	3	6	1	6	1	3	2	5	1	3	4	3	3	6	6	4	2	2	3	4	2	2	2	5	4	4	4	5	5	3	0	3	4	11	8	7	4	4	2	4	3	9	7	6	2	7	14	3	1	3	4	2	2	3	6	6	6	12	6	6	6	12	19	4	6	2	5	4	15	7	18	22	21	24	2	0	2	8	8	8	1	2	7	19	27	19	14	8	29	25	7	12	16	31	14	33	37	11	17	36	94	0	60	195	62	91	546	164	55	27	74	67	31	17	8	7	14	3	10	5	3	3	8	8	13	35	22	11	16	34	95	18	19	8	13	14	66	23	18	12	6	4	2	2	4	1	1	1	3	2	6	3	7	12	13	16	14	7	5	7	3	2	2	3	6	6	6	6	8	0	6	2	4	6	3	3	3	5	1	1	1	5	2	5
0	0	0	1	2	5	2	1	0	1	1	1	2	2	2	1	1	1	0	4	5	3	3	5	2	4	2	0	4	4	1	3	2	4	4	1	5	5	1	2	3	3	3	0	4	4	9	2	6	4	4	5	8	9	5	2	3	3	5	6	3	1	2	1	5	2	4	5	9	10	2	5	6	8	8	6	2	6	3	3	4	6	8	9	13	17	6	3	2	1	3	12	2	5	1	43	42	20	23	9	31	11	10	7	8	10	16	9	12	5	1	13	22	60	0	86	22	181	57	37	24	11	31	16	12	20	10	15	11	6	15	7	6	5	10	8	9	61	38	9	15	35	41	86	35	20	7	11	40	28	9	4	10	5	7	5	1	1	3	3	2	10	4	7	9	18	13	8	7	24	16	16	8	7	1	3	3	6	4	2	10	4	7	6	3	7	9	8	6	4	2	4	5	1	5	5
0	0	0	7	2	3	6	2	2	6	4	6	0	2	6	1	3	4	4	3	3	7	1	4	6	8	4	3	2	1	3	5	4	2	2	4	6	6	0	3	6	1	4	2	7	6	11	2	5	4	3	3	4	4	6	5	1	6	12	17	8	2	3	2	3	6	7	11	9	10	5	6	7	16	14	12	4	4	2	7	14	11	11	29	33	36	9	4	5	5	6	14	2	8	13	58	66	23	29	28	46	21	10	10	25	20	16	28	30	14	17	31	92	195	86	0	65	119	106	156	125	62	124	43	22	15	8	7	11	12	13	9	3	6	6	9	22	55	29	9	16	33	60	35	32	20	8	13	33	42	15	11	8	9	1	5	1	2	1	3	3	4	7	8	6	8	16	17	10	14	9	7	7	3	3	5	8	6	4	5	8	5	2	1	3	5	6	7	2	4	2	2	9	4	6	2
0	0	0	2	2	2	1	2	0	1	2	3	3	1	1	3	1	1	3	1	2	2	6	4	2	4	3	5	1	5	2	2	3	6	1	1	1	8	7	4	4	6	1	0	4	12	7	5	0	4	3	5	8	4	4	5	4	3	6	8	3	2	3	2	6	4	7	5	10	2	7	7	11	28	24	13	4	3	5	5	14	8	20	22	92	40	6	3	3	10	13	5	5	4	17	20	15	9	8	14	23	19	10	15	21	35	45	93	30	31	27	110	157	62	22	65	0	55	26	76	29	32	29	175	55	19	9	7	21	13	11	4	4	5	14	7	23	39	47	39	36	80	166	22	24	15	16	10	58	117	55	40	18	15	5	5	3	4	1	2	4	9	8	8	14	31	20	24	28	30	5	6	10	4	4	4	5	13	6	9	9	9	2	4	10	1	7	3	5	2	1	2	3	6	10	8
0	0	0	4	2	3	2	2	3	4	1	0	3	2	2	1	2	2	0	2	1	1	2	1	3	3	4	2	5	5	2	3	2	3	2	0	8	6	7	5	5	2	1	2	5	9	9	6	4	5	5	8	2	8	9	2	2	10	8	6	4	4	1	2	5	5	6	6	7	2	2	4	8	10	11	5	4	5	2	6	9	8	9	23	25	20	6	6	3	2	7	5	1	4	10	46	32	14	8	13	18	11	2	10	14	18	16	16	14	13	11	21	49	91	181	119	55	0	65	49	29	17	34	44	29	26	14	13	16	22	12	9	6	11	14	6	22	114	80	23	22	69	123	116	60	27	17	14	89	52	27	17	5	9	7	7	2	5	1	0	3	12	12	7	22	27	11	16	18	18	17	16	16	3	6	3	5	8	9	6	11	2	3	8	1	7	7	9	7	2	0	2	2	0	3	0
0	0	0	1	3	2	3	1	3	4	3	2	0	0	4	1	4	2	1	1	4	1	3	2	13	4	4	6	4	3	0	2	4	7	1	2	4	1	2	2	3	1	1	2	3	2	4	7	3	2	4	2	3	4	1	1	3	6	12	8	5	1	1	0	2	1	7	6	12	8	7	4	5	9	10	5	2	4	1	11	8	18	11	22	20	13	4	4	4	7	12	5	0	5	11	21	37	19	15	25	27	28	8	8	20	36	16	27	36	13	15	14	47	546	57	106	26	65	0	108	41	22	54	40	18	13	10	4	7	3	8	4	4	6	8	13	12	23	8	7	16	26	54	24	24	13	15	16	41	21	7	5	4	8	5	5	2	4	4	4	2	3	11	3	5	9	5	10	9	9	2	4	1	3	1	2	3	7	3	5	3	2	3	4	4	3	4	7	1	2	0	0	5	7	2	0
0	0	0	5	2	2	3	2	3	3	2	4	3	7	2	2	2	2	3	3	3	8	7	7	6	7	2	7	9	3	2	6	4	7	3	2	1	6	10	2	2	0	3	5	8	10	10	4	5	4	5	13	2	7	0	2	6	6	8	11	5	6	2	0	4	7	15	17	21	14	13	8	12	20	17	17	7	3	4	9	20	24	26	33	38	40	6	5	6	18	17	20	2	7	9	28	54	17	18	25	69	57	21	26	34	26	25	55	63	23	17	61	272	164	37	156	76	49	108	0	148	52	332	46	25	10	4	4	8	6	3	6	4	4	4	11	7	19	23	8	17	24	58	11	13	10	10	15	27	20	16	12	8	7	6	3	2	4	2	1	5	5	1	3	14	7	7	14	9	10	4	5	9	2	1	4	4	4	5	4	10	9	3	3	3	3	6	5	1	5	2	2	1	2	2	1
0	0	0	2	11	4	7	4	5	4	3	9	5	2	6	2	2	3	4	6	3	7	3	9	3	9	2	10	6	5	4	5	3	3	4	7	2	9	12	5	6	1	1	2	8	24	21	12	5	1	11	10	10	18	7	10	5	5	14	12	5	5	2	5	7	5	10	17	24	13	14	6	9	18	18	14	5	3	10	13	22	12	29	57	18	39	12	6	4	13	31	14	11	13	18	38	136	36	58	60	172	44	14	6	21	11	9	19	18	9	12	21	52	55	24	125	29	29	41	148	0	226	580	10	5	6	5	6	7	6	7	1	5	4	4	9	16	31	22	12	5	16	19	24	11	5	3	13	7	21	14	8	7	8	4	7	1	0	3	1	0	0	2	5	8	9	6	11	4	8	5	5	4	1	2	0	1	7	3	6	7	4	2	3	1	1	7	4	1	4	1	4	2	1	0	3
0	0	0	6	1	8	5	7	3	2	3	2	4	9	7	6	4	2	3	2	6	6	3	4	10	12	8	5	9	4	2	3	2	4	5	8	10	14	10	7	9	3	6	6	8	29	19	10	4	4	12	12	10	19	11	9	9	12	24	27	12	4	1	6	5	11	7	21	24	5	2	10	9	12	18	21	10	8	6	11	27	22	30	49	17	41	20	8	8	21	39	41	11	8	15	71	88	40	80	80	102	33	6	19	13	7	10	13	12	9	5	15	37	27	11	62	32	17	22	52	226	0	125	11	6	10	3	6	8	7	9	3	2	4	4	8	18	33	13	9	6	14	10	8	10	11	5	5	9	11	12	7	5	3	6	6	2	3	4	2	3	7	4	9	5	11	4	4	7	8	5	8	3	5	2	0	1	3	1	8	7	7	4	4	2	3	9	4	1	5	1	3	1	2	1	1
0	0	0	4	5	5	4	5	7	3	2	7	4	1	2	4	2	2	4	3	3	1	6	4	6	12	8	10	8	8	5	3	6	4	7	3	7	13	5	5	2	6	1	5	3	13	19	8	6	6	4	10	6	14	13	4	5	6	19	16	12	1	2	5	3	8	12	14	29	14	12	9	15	20	8	4	10	7	3	22	24	19	33	48	39	29	9	5	9	13	28	23	6	5	19	42	60	28	18	48	187	65	19	17	31	15	17	33	29	15	13	28	99	74	31	124	29	34	54	332	580	125	0	24	12	6	5	4	6	5	6	3	0	5	6	8	19	22	18	11	11	16	28	13	14	10	5	2	16	18	10	13	8	7	4	0	1	1	2	3	0	1	4	9	6	7	6	6	8	7	7	4	5	3	1	1	2	4	12	6	5	6	4	0	3	1	2	6	2	2	3	5	3	1	1	7
0	0	0	1	2	2	5	1	2	3	5	1	0	3	3	2	2	2	1	1	3	1	2	4	4	5	3	4	6	2	3	3	4	2	5	3	2	7	3	6	3	3	0	3	5	3	7	3	3	2	0	2	6	5	6	5	3	3	9	8	3	2	4	4	8	2	5	9	9	12	14	4	6	22	16	7	6	2	8	6	11	10	6	31	39	18	5	2	3	11	8	4	4	5	6	15	19	16	18	5	20	22	10	13	20	160	95	142	51	45	28	88	103	67	16	43	175	44	40	46	10	11	24	0	95	22	16	8	9	16	13	8	6	6	4	10	11	11	22	26	38	40	156	24	16	13	12	8	49	43	29	34	19	17	6	7	4	4	2	1	6	8	12	5	10	16	21	19	27	7	6	6	6	1	2	5	5	7	12	11	9	8	4	5	2	7	3	3	5	3	1	3	3	4	3	3
0	0	0	5	1	2	2	0	2	2	1	1	2	1	2	2	4	2	3	1	1	2	7	4	1	2	7	3	2	1	2	2	4	2	1	3	1	5	11	3	3	1	3	1	5	2	5	2	0	0	1	1	2	3	3	2	2	2	5	5	6	0	1	0	4	3	2	7	5	5	3	8	11	9	3	2	6	0	3	9	10	12	8	18	14	8	3	4	3	5	7	6	5	1	6	6	6	8	4	7	7	7	14	11	10	48	56	35	22	19	15	28	32	31	12	22	55	29	18	25	5	6	12	95	0	49	14	16	21	17	20	9	3	6	8	11	15	8	27	67	96	52	79	12	20	18	10	24	67	39	34	37	18	25	14	8	5	1	2	8	3	8	16	10	12	30	56	82	82	23	5	8	2	8	3	7	4	4	15	15	9	4	2	2	4	12	6	5	7	7	2	7	10	6	2	4
0	0	0	1	1	2	3	1	1	0	0	1	0	0	1	1	1	2	1	2	2	1	1	2	1	2	2	1	1	4	0	4	0	2	2	3	2	3	0	1	1	0	1	1	3	2	1	4	3	2	3	4	3	2	2	1	2	1	4	7	2	0	2	1	2	3	5	1	6	0	3	4	6	4	6	5	2	1	1	0	3	3	4	5	9	6	0	2	3	4	4	6	3	3	4	8	5	3	2	5	10	5	5	3	4	19	16	13	11	8	7	16	10	17	20	15	19	26	13	10	6	10	6	22	49	0	65	78	31	13	27	11	5	7	9	8	10	15	43	69	432	57	43	30	22	78	205	185	79	21	24	14	7	19	18	12	12	8	2	4	4	12	26	18	13	83	70	141	90	39	19	18	15	5	6	14	14	26	38	14	8	5	5	8	11	8	18	19	15	8	3	6	5	7	14	4
0	0	0	3	1	3	1	1	0	0	2	3	1	0	1	1	2	0	0	0	2	0	0	4	2	2	2	0	0	1	0	0	2	1	2	0	1	0	4	4	3	1	0	2	1	2	3	3	0	1	0	1	1	1	3	0	2	1	3	5	2	2	1	2	4	1	1	4	5	1	3	1	1	3	4	2	7	1	1	2	5	2	0	2	8	3	2	2	2	3	2	0	2	2	2	7	6	6	5	0	2	4	2	0	3	6	7	8	7	3	0	8	12	8	10	8	9	14	10	4	5	3	5	16	14	65	0	449	22	14	42	12	9	9	12	15	6	7	25	26	36	28	7	32	24	131	183	87	22	21	5	11	15	18	23	22	11	10	5	2	14	16	34	31	42	74	35	27	24	40	63	29	16	23	10	23	24	61	84	13	12	7	6	14	33	26	77	20	32	11	8	15	10	11	18	19
0	0	0	0	3	1	1	0	2	1	1	1	0	1	5	2	1	1	1	1	1	0	1	0	2	1	2	3	1	3	2	1	2	2	1	2	0	6	3	2	3	1	0	1	2	2	1	5	0	3	3	1	2	2	1	4	2	3	2	3	3	2	1	0	3	2	4	2	3	1	0	1	6	6	10	0	3	3	2	1	0	1	3	5	4	4	3	3	2	2	2	3	2	4	5	8	4	4	3	2	6	4	3	2	6	9	6	8	5	2	5	10	5	7	15	7	7	13	4	4	6	6	4	8	16	78	449	0	43	21	77	17	10	10	12	16	10	12	44	33	57	39	23	30	26	384	158	66	17	17	16	10	10	13	23	31	15	3	3	9	22	20	48	36	63	162	40	51	29	98	80	24	26	10	9	19	31	48	98	26	17	13	3	21	19	19	81	25	30	16	10	13	14	5	20	16
0	0	0	2	1	1	0	0	2	3	2	2	2	0	1	1	1	1	0	2	2	2	0	3	3	3	3	1	1	1	3	1	1	3	2	4	3	1	4	2	3	3	0	2	6	3	2	2	2	2	1	0	0	4	0	2	1	4	1	5	4	2	4	3	3	4	2	2	5	5	2	7	5	8	7	5	3	2	2	4	5	5	2	9	11	15	1	1	0	2	5	1	4	2	4	7	7	3	3	5	2	6	0	5	4	6	8	15	5	4	7	16	6	14	11	11	21	16	7	8	7	8	6	9	21	31	22	43	0	111	77	26	14	26	29	55	19	22	45	118	37	36	15	18	31	36	30	20	19	45	67	38	27	66	59	21	14	8	4	7	18	66	123	66	45	117	79	89	86	50	21	14	38	11	12	13	14	20	42	101	45	24	13	9	10	10	31	22	12	11	8	7	9	11	16	8
0	0	0	1	0	2	2	2	0	1	3	2	2	2	3	2	0	3	0	1	2	1	3	2	1	6	3	2	4	3	1	3	2	3	1	0	6	3	5	5	4	2	2	1	4	5	0	2	5	4	2	4	2	4	3	0	0	0	5	7	3	0	1	2	3	3	1	1	5	1	5	3	7	8	13	5	3	0	3	0	5	3	1	13	14	10	3	2	0	4	9	4	2	4	7	14	8	1	2	1	6	4	3	2	3	7	8	10	0	5	3	8	11	3	6	12	13	22	3	6	6	7	5	16	17	13	14	21	111	0	70	41	21	38	77	200	36	24	33	38	16	17	15	19	32	22	19	12	12	26	50	16	13	25	44	18	11	13	2	2	11	78	55	64	69	41	27	23	28	54	28	27	37	14	9	6	8	8	16	172	193	44	19	17	15	12	28	31	21	14	8	14	8	11	13	7
0	0	0	1	0	2	4	3	1	2	0	2	1	1	1	4	2	0	1	0	1	0	2	2	3	1	1	3	0	1	1	1	0	2	1	1	2	4	6	3	6	3	4	2	2	3	3	3	1	2	1	4	2	2	2	3	1	5	4	5	1	1	1	3	3	3	4	2	2	1	4	3	4	4	9	4	2	0	3	3	10	3	2	5	14	8	6	4	2	1	2	2	6	3	4	8	12	3	2	4	5	1	4	4	3	7	8	7	4	3	2	3	9	10	15	13	11	12	8	3	7	9	6	13	20	27	42	77	77	70	0	44	17	34	41	33	18	23	47	45	19	30	6	22	47	75	23	25	18	20	7	9	16	14	38	20	16	12	8	13	19	77	124	155	322	152	27	36	24	172	98	66	97	21	9	16	14	19	38	74	37	23	22	20	28	26	102	62	27	24	9	13	14	11	15	17
0	0	0	1	2	3	0	2	1	3	0	0	2	3	0	1	0	1	1	3	1	1	2	1	2	2	2	0	1	0	1	2	0	0	2	2	3	3	1	1	2	2	2	0	5	2	2	3	1	1	1	1	2	4	4	2	2	1	3	3	2	1	1	1	2	0	2	2	0	0	3	4	1	3	6	4	2	0	2	2	2	1	1	2	7	5	4	1	1	0	3	3	5	2	1	4	4	3	1	5	5	3	1	4	4	1	2	3	0	4	1	9	3	5	7	9	4	9	4	6	1	3	3	8	9	11	12	17	26	41	44	0	151	148	67	20	13	11	12	12	4	9	7	13	14	11	7	9	4	7	11	10	7	8	6	7	19	12	18	8	24	69	33	73	35	17	13	4	7	18	31	34	100	28	13	10	9	12	12	64	62	128	211	36	24	21	33	79	40	40	8	8	15	16	20	13
0	0	0	1	4	1	1	1	0	2	0	0	0	1	2	5	1	0	0	0	1	1	2	2	3	0	2	3	0	0	1	1	0	2	0	1	3	4	4	3	7	0	1	3	6	2	4	2	1	2	0	3	1	0	2	2	0	7	1	4	6	1	1	1	3	2	4	1	3	1	3	0	2	2	4	5	2	1	4	2	1	1	0	3	5	6	1	1	1	2	2	5	2	1	8	3	3	2	2	4	2	2	2	0	3	2	5	2	2	1	5	1	5	3	6	3	4	6	4	4	5	2	0	6	3	5	9	10	14	21	17	151	0	64	42	16	5	4	8	9	5	5	2	9	6	7	5	5	3	7	11	8	5	5	12	4	13	21	12	12	27	29	15	20	8	10	6	9	11	18	13	16	29	15	6	5	6	7	5	28	21	153	124	24	15	12	18	21	17	23	8	9	17	8	12	7
0	0	0	1	0	4	0	0	1	1	0	0	0	5	1	1	1	1	1	1	1	5	2	3	0	0	3	1	2	1	2	1	0	1	1	1	2	6	5	4	2	0	1	3	5	1	2	4	2	3	2	2	2	1	6	4	1	2	0	8	2	2	1	1	2	3	0	4	3	3	2	4	7	2	5	6	1	1	2	0	2	4	5	8	2	8	5	3	3	2	4	5	4	4	2	12	4	4	6	6	1	5	2	5	4	5	8	4	3	1	5	10	7	3	5	6	5	11	6	4	4	4	5	6	6	7	9	10	26	38	34	148	64	0	179	24	24	18	10	14	8	10	7	12	21	15	9	7	3	10	11	6	5	13	10	12	7	11	14	15	18	21	14	38	28	16	8	9	7	21	20	25	63	14	7	6	7	7	7	33	70	129	69	33	20	9	26	21	24	15	5	11	14	9	4	7
0	0	0	1	0	0	1	0	1	3	2	1	2	1	1	4	1	1	2	1	1	2	1	2	2	4	2	4	1	1	3	0	0	5	4	2	6	6	8	4	4	3	2	4	2	5	6	2	5	1	2	4	1	5	2	1	1	2	6	6	4	2	0	1	1	3	2	4	4	1	6	1	3	2	4	7	3	0	2	1	6	5	5	5	8	14	5	1	5	7	4	4	3	4	5	11	4	5	6	8	5	1	1	6	3	3	4	7	0	1	6	6	5	8	10	6	14	14	8	4	4	4	6	4	8	9	12	12	29	77	41	67	42	179	0	106	36	8	16	16	13	14	7	14	31	14	5	7	11	10	20	10	17	16	10	7	6	10	7	8	5	30	16	42	27	20	11	5	9	28	20	28	42	7	5	3	5	4	11	51	487	120	38	17	6	9	19	23	26	15	7	6	10	5	6	6
0	0	0	3	1	6	1	0	3	2	1	3	1	2	2	3	1	4	0	1	1	0	2	2	1	4	2	2	2	2	2	2	4	6	0	1	3	8	7	8	6	2	3	2	4	11	4	2	1	1	4	1	1	2	2	3	1	5	3	1	8	1	4	3	2	4	2	6	6	4	4	5	4	11	10	8	3	3	1	6	3	7	6	11	19	15	2	7	3	12	5	4	6	2	6	11	6	3	5	8	5	8	4	8	1	7	9	7	3	4	4	11	12	8	8	9	7	6	13	11	9	8	8	10	11	8	15	16	55	200	33	20	16	24	106	0	51	14	24	21	9	16	6	18	30	18	4	14	11	38	38	30	26	19	12	5	11	7	7	5	13	48	24	27	32	20	15	23	23	24	8	19	29	9	7	6	8	7	10	61	391	54	16	11	5	6	14	19	13	13	4	5	7	4	7	9
0	0	0	3	3	3	3	3	1	2	2	4	1	3	3	1	3	1	3	2	4	1	4	4	1	2	2	6	1	2	4	3	0	2	8	2	5	12	11	6	4	4	3	2	5	10	5	2	1	9	3	3	2	4	3	3	6	2	8	13	9	4	4	3	3	6	7	8	1	1	4	5	5	14	15	10	6	4	0	7	5	8	10	19	29	13	6	3	8	5	12	15	6	9	13	74	16	8	12	7	5	11	3	7	9	3	7	12	5	6	4	15	9	13	9	22	23	22	12	7	16	18	19	11	15	10	6	10	19	36	18	13	5	24	36	51	0	93	49	14	16	22	23	25	76	11	12	3	14	45	31	11	11	15	11	7	6	9	3	10	7	13	16	15	26	14	8	14	13	28	8	14	10	7	0	5	1	5	3	9	37	16	10	6	11	4	12	7	12	5	1	4	7	5	4	4
0	0	0	4	1	2	4	1	1	1	1	3	2	5	0	2	0	0	2	5	2	2	2	2	1	6	3	5	2	1	5	3	3	4	4	3	4	7	9	5	2	0	4	0	5	9	9	1	4	1	3	4	6	6	5	5	2	10	7	10	4	1	4	4	5	3	6	5	6	3	5	6	3	7	17	9	5	1	3	6	9	7	13	12	27	19	6	1	3	13	11	7	7	3	14	86	29	11	10	11	11	11	2	5	10	12	7	9	10	7	17	11	27	35	61	55	39	114	23	19	31	33	22	11	8	15	7	12	22	24	23	11	4	18	8	14	93	0	105	15	17	39	36	116	174	22	16	14	34	61	15	15	7	7	9	2	5	3	4	2	8	13	13	8	20	17	8	16	9	44	14	21	13	7	1	8	2	5	12	17	25	14	7	5	7	7	8	6	6	4	2	2	6	3	3	2
0	0	0	3	0	1	1	1	3	2	1	3	4	1	1	3	3	1	0	1	2	0	2	3	1	4	4	2	2	1	2	2	3	3	4	4	4	5	6	0	1	3	1	2	3	6	5	2	4	2	4	2	0	5	2	4	0	5	7	9	7	2	1	0	3	1	0	4	4	7	0	5	6	13	10	2	2	4	3	8	3	6	3	13	20	15	8	1	6	8	8	3	9	0	12	29	5	4	2	11	14	6	6	5	8	15	3	13	8	10	8	19	18	22	38	29	47	80	8	23	22	13	18	22	27	43	25	44	45	33	47	12	8	10	16	24	49	105	0	47	55	221	49	143	196	75	26	21	54	98	37	23	15	22	13	20	3	5	1	0	10	12	17	20	42	82	33	63	39	147	36	22	24	9	6	14	11	10	20	23	26	10	7	4	10	11	18	16	9	11	5	4	3	5	6	9
0	0	0	3	2	0	1	1	2	4	1	6	3	3	3	1	1	0	1	0	1	1	0	2	1	0	3	0	3	2	4	1	1	2	1	1	1	6	3	4	3	1	1	1	3	0	1	4	5	2	4	1	3	5	3	1	2	1	4	2	3	3	4	3	3	3	2	1	2	4	3	1	3	13	6	10	1	0	4	2	6	4	5	11	25	10	3	3	3	5	4	3	9	2	9	7	1	6	5	3	6	7	5	5	6	14	21	12	13	5	10	20	15	11	9	9	39	23	7	8	12	9	11	26	67	69	26	33	118	38	45	12	9	14	16	21	14	15	47	0	125	73	32	22	18	40	28	29	41	55	79	54	43	121	43	22	18	9	5	5	15	21	50	17	29	91	185	551	642	46	16	14	11	8	6	11	12	8	27	33	16	6	6	9	8	10	21	10	13	10	4	6	12	11	10	13
0	0	0	0	0	1	3	1	4	1	1	1	1	0	2	2	3	2	5	2	1	0	2	2	4	3	0	0	2	6	1	1	1	3	2	3	2	4	4	2	3	2	3	5	3	5	5	2	2	1	2	4	2	4	0	2	3	1	2	4	1	3	0	2	1	4	5	4	6	4	2	1	1	8	7	4	4	3	5	2	2	5	2	11	17	12	2	1	1	6	4	4	3	2	2	12	7	7	2	3	6	11	1	4	4	17	19	16	8	10	7	22	22	16	15	16	36	22	16	17	5	6	11	38	96	432	36	57	37	16	19	4	5	8	13	9	16	17	55	125	0	113	40	25	32	62	89	87	81	30	27	14	18	33	36	13	16	6	3	5	8	12	17	20	25	67	160	438	228	27	20	7	10	10	7	9	7	19	31	19	12	8	10	7	11	9	17	7	7	10	1	7	12	6	14	8
0	0	0	3	3	2	2	1	1	1	2	2	2	3	1	2	3	2	3	0	0	2	4	1	3	4	3	1	1	0	1	0	5	2	2	2	7	3	4	7	2	4	1	3	0	8	3	2	2	2	3	1	3	2	0	3	2	1	3	5	6	0	1	1	1	4	6	6	5	6	1	9	8	8	14	6	3	2	2	3	3	6	8	9	24	23	3	3	3	8	10	9	3	4	7	15	13	9	7	9	8	10	6	3	10	20	20	27	15	10	16	23	27	34	35	33	80	69	26	24	16	14	16	40	52	57	28	39	36	17	30	9	5	10	14	16	22	39	221	73	113	0	148	80	43	58	27	19	157	105	40	18	14	22	16	10	5	9	2	3	9	13	16	13	26	68	37	73	54	61	27	16	15	9	6	12	1	9	19	13	10	12	5	15	7	11	13	6	11	5	1	6	5	4	9	6
0	0	0	2	1	4	2	4	1	2	2	2	2	1	0	0	0	2	0	3	1	1	4	3	4	4	5	3	4	3	2	2	1	0	3	2	3	1	2	4	3	3	1	3	6	7	5	8	1	2	4	4	8	3	2	2	1	7	4	4	5	1	0	1	4	3	1	14	5	7	8	5	9	10	10	8	4	7	6	9	8	6	11	20	35	17	3	4	2	6	11	7	3	7	6	20	21	7	6	13	23	11	5	6	15	42	38	39	24	23	19	28	55	95	41	60	166	123	54	58	19	10	28	156	79	43	7	23	15	15	6	7	2	7	7	6	23	36	49	32	40	148	0	48	25	22	23	16	227	58	28	17	16	12	7	6	3	4	1	3	2	7	11	7	11	23	29	45	20	11	15	11	6	3	2	4	5	11	11	19	8	1	6	7	2	5	5	4	5	2	1	4	4	4	6	6
0	0	0	1	1	2	3	1	1	0	3	2	4	2	1	0	2	1	3	1	2	1	0	1	1	2	2	1	1	1	3	2	2	1	4	6	2	6	3	2	3	1	2	0	3	6	4	2	4	4	0	4	1	3	4	2	2	2	2	4	3	1	1	0	1	6	2	3	4	2	6	2	2	4	5	4	6	1	2	3	5	8	10	7	15	16	4	4	4	3	7	5	4	3	5	37	17	11	6	9	15	10	5	8	6	11	7	8	12	3	10	12	17	18	86	35	22	116	24	11	24	8	13	24	12	30	32	30	18	19	22	13	9	12	14	18	25	116	143	22	25	80	48	0	199	54	23	28	52	31	8	8	8	17	6	5	8	5	2	5	5	14	11	20	37	37	12	27	15	75	24	27	15	11	6	8	5	8	12	15	18	9	2	16	4	9	16	16	8	11	7	5	9	5	1	9
0	0	0	2	2	0	1	4	1	2	1	0	0	2	1	1	1	3	3	2	2	3	2	0	2	0	3	2	3	2	2	0	2	1	0	2	0	4	3	2	2	3	0	4	4	6	4	6	2	3	1	4	0	2	3	4	0	3	7	6	8	2	1	2	4	2	5	9	3	8	3	3	7	8	7	4	3	5	1	5	5	8	6	8	25	9	4	4	7	5	12	6	4	5	6	35	20	8	13	7	8	10	3	6	9	11	8	12	11	5	6	19	12	19	35	32	24	60	24	13	11	10	14	16	20	22	24	26	31	32	47	14	6	21	31	30	76	174	196	18	32	43	25	199	0	44	14	12	27	62	25	16	10	8	11	13	6	7	5	5	4	7	26	10	45	39	16	21	26	121	21	31	21	7	5	6	7	8	13	15	29	18	10	14	14	5	22	15	13	11	1	5	6	6	7	12
0	0	0	2	0	3	1	1	0	1	3	0	1	4	1	1	1	1	0	1	3	0	0	2	0	1	2	3	0	1	1	3	2	4	0	2	3	4	4	1	1	2	1	4	2	2	1	4	2	2	4	1	0	3	1	3	0	5	2	0	5	2	1	1	3	2	1	1	5	1	2	4	2	3	3	3	4	2	0	3	4	4	3	7	11	7	3	2	3	5	1	3	2	2	1	12	6	1	3	3	7	3	3	3	3	10	8	15	5	14	7	13	8	8	20	20	15	27	13	10	5	11	10	13	18	78	131	384	36	22	75	11	7	15	14	18	11	22	75	40	62	58	22	54	44	0	87	59	29	26	15	7	11	18	20	12	11	9	6	3	10	17	36	28	83	262	34	52	39	187	59	45	33	13	6	11	18	28	52	16	11	16	11	16	22	17	35	18	41	13	2	5	6	5	12	11
0	0	0	1	0	0	0	2	2	1	1	1	0	2	2	0	0	0	1	0	1	0	1	1	0	1	3	2	4	2	1	1	3	3	3	1	0	2	5	2	2	2	2	1	0	0	2	1	1	2	2	3	0	0	0	2	0	1	3	5	2	1	1	3	3	4	4	2	3	0	1	1	5	4	2	3	4	1	3	3	3	2	5	4	8	7	1	1	2	4	1	1	1	2	3	11	5	3	3	1	0	2	2	3	6	7	4	7	4	4	4	7	9	13	7	8	16	17	15	10	3	5	5	12	10	205	183	158	30	19	23	7	5	9	5	4	12	16	26	28	89	27	23	23	14	87	0	525	34	14	18	15	6	20	20	24	14	8	4	5	8	9	29	24	21	66	54	52	55	29	37	26	14	12	9	19	28	50	71	18	11	5	10	7	14	18	33	14	25	11	13	3	7	6	18	10
0	0	0	1	0	1	2	0	2	0	3	1	2	1	1	2	1	0	1	2	4	0	0	1	0	1	0	2	2	2	1	3	3	0	2	1	1	1	0	3	5	1	1	0	1	1	1	1	4	2	0	1	2	2	4	3	1	1	5	5	1	1	0	0	1	2	1	3	2	4	1	4	2	5	6	7	1	0	3	4	5	1	5	5	7	5	4	1	4	1	2	2	3	5	2	3	4	2	5	5	3	7	1	3	2	11	10	5	11	6	5	7	6	14	11	13	10	14	16	15	13	5	2	8	24	185	87	66	20	12	25	9	5	7	7	14	3	14	21	29	87	19	16	28	12	59	525	0	35	11	7	10	5	13	13	19	9	7	4	5	10	9	20	10	21	35	51	48	49	28	19	17	8	6	5	19	26	44	46	7	8	6	4	6	10	13	16	10	12	4	4	6	9	6	9	14
0	0	0	1	2	1	3	3	0	3	3	1	1	0	3	2	0	1	0	1	1	1	4	4	3	3	3	4	5	0	2	1	4	3	3	3	3	0	5	3	3	2	1	4	1	8	3	1	1	1	3	5	3	4	3	3	3	3	0	1	3	1	3	2	1	4	3	4	5	3	6	3	4	6	7	6	5	5	2	1	2	6	5	12	8	11	2	3	2	3	8	5	4	6	5	6	14	12	8	8	13	10	3	5	8	20	16	21	9	20	10	22	27	66	40	33	58	89	41	27	7	9	16	49	67	79	22	17	19	12	18	4	3	3	11	11	14	34	54	41	81	157	227	52	27	29	34	35	0	41	26	18	12	10	9	9	4	2	1	4	4	10	19	8	11	34	24	47	38	32	18	12	7	7	5	4	7	8	19	8	12	16	5	6	7	6	12	4	5	3	2	6	5	8	1	11
0	0	0	4	3	0	2	1	4	1	4	0	3	3	1	2	2	3	1	4	5	1	0	2	3	3	9	5	1	5	1	0	2	5	2	5	8	8	2	2	2	3	4	5	4	8	7	3	3	1	2	2	4	6	2	2	7	6	7	4	5	2	3	2	5	6	1	6	6	3	5	4	14	24	26	7	2	2	7	3	4	10	13	11	84	46	4	3	1	10	10	12	4	6	18	39	16	7	7	14	11	13	1	14	15	9	23	23	21	17	20	46	32	23	28	42	117	52	21	20	21	11	18	43	39	21	21	17	45	26	20	7	7	10	10	38	45	61	98	55	30	105	58	31	62	26	14	11	41	0	111	51	19	24	16	10	9	2	3	1	4	20	14	12	29	38	23	40	31	36	9	14	8	5	3	6	5	8	17	20	35	9	9	3	5	6	11	4	13	3	3	4	5	6	8	4
0	0	0	0	4	1	0	3	2	1	2	2	2	2	2	1	2	1	2	1	2	1	0	5	2	2	1	3	1	5	3	2	1	4	2	5	1	10	12	4	2	0	4	3	3	9	5	4	3	1	1	4	4	3	0	3	2	1	6	3	4	5	3	2	2	5	4	4	2	3	7	3	10	12	18	7	8	1	4	5	7	9	10	15	56	18	1	0	6	6	5	8	10	3	15	16	14	4	0	7	6	9	10	3	10	18	34	18	12	12	15	24	19	18	9	15	55	27	7	16	14	12	10	29	34	24	5	16	67	50	7	11	11	11	20	38	31	15	37	79	27	40	28	8	25	15	18	7	26	111	0	174	50	66	14	8	5	1	4	4	7	22	23	10	24	37	23	44	59	34	10	8	9	6	4	6	6	6	11	29	29	12	10	3	7	5	15	10	9	4	2	7	11	6	6	9
0	0	0	1	4	4	1	3	2	1	2	1	2	2	1	2	1	2	2	0	3	1	1	2	4	0	1	7	3	3	3	3	3	4	3	4	3	6	4	5	5	2	1	2	5	7	3	1	2	0	3	2	1	6	3	2	3	2	4	4	3	0	2	4	5	3	4	9	5	7	5	6	15	27	30	11	5	5	2	4	3	7	5	18	41	12	5	4	3	8	7	7	6	6	12	9	7	5	2	4	7	9	7	8	12	16	39	26	17	16	26	33	24	12	4	11	40	17	5	12	8	7	13	34	37	14	11	10	38	16	9	10	8	6	10	30	11	15	23	54	14	18	17	8	16	7	15	10	18	51	174	0	286	67	7	11	6	9	5	5	1	14	15	12	9	24	21	37	29	12	8	3	3	4	5	7	5	9	8	16	15	8	5	2	5	6	7	8	6	4	0	2	10	5	1	5
0	0	0	3	2	1	4	1	0	0	5	1	1	4	0	2	2	3	0	0	2	1	1	4	2	1	5	1	2	2	5	3	2	7	3	3	4	9	8	11	5	4	0	1	3	3	4	1	3	0	3	0	1	4	2	2	2	1	1	9	4	1	3	3	4	3	3	2	4	7	6	3	10	24	19	6	3	3	1	2	2	5	5	13	26	18	2	2	2	4	10	3	5	6	12	5	6	2	4	3	6	3	5	7	9	11	43	13	11	8	22	21	18	6	10	8	18	5	4	8	7	5	8	19	18	7	15	10	27	13	16	7	5	5	17	26	11	7	15	43	18	14	16	8	10	11	6	5	12	19	50	286	0	95	12	11	9	7	4	3	7	14	19	14	10	18	17	24	25	13	6	4	9	7	5	5	6	0	8	12	14	10	4	1	8	1	7	6	6	2	7	2	8	5	5	5
0	0	0	0	1	4	0	1	1	1	0	1	1	1	0	3	3	2	0	0	1	2	2	0	3	1	1	0	0	2	0	0	5	3	4	1	4	3	1	3	3	3	2	0	4	3	4	1	1	2	1	0	2	2	1	2	2	3	0	3	4	3	0	3	2	5	3	2	2	4	6	2	10	3	16	10	4	2	3	2	1	6	6	14	19	6	4	4	2	2	3	4	3	4	3	1	4	5	2	4	6	8	6	6	13	5	14	13	8	14	10	11	6	4	5	9	15	9	8	7	8	3	7	17	25	19	18	13	66	25	14	8	5	13	16	19	15	7	22	121	33	22	12	17	8	18	20	13	10	24	66	67	95	0	41	30	22	7	0	7	4	23	41	14	18	28	66	47	69	19	7	7	10	11	5	11	9	13	19	32	18	7	14	5	6	8	10	8	11	6	11	12	12	9	18	8
0	0	0	2	2	0	0	1	4	0	2	1	1	1	0	1	1	1	0	0	0	2	1	2	2	3	0	3	6	1	1	3	0	0	2	2	4	5	1	3	3	3	4	3	1	2	1	1	1	2	1	1	0	2	1	1	1	5	0	4	4	0	3	1	1	1	2	3	1	1	2	2	3	5	5	5	1	2	1	4	0	3	1	6	11	8	2	2	0	3	1	3	1	1	4	3	2	3	1	6	5	1	3	5	6	6	12	8	4	6	7	4	4	2	7	1	5	7	5	6	4	6	4	6	14	18	23	23	59	44	38	6	12	10	10	12	11	9	13	43	36	16	7	6	11	20	20	13	9	16	14	7	12	41	0	112	72	17	8	12	27	63	143	64	25	41	41	25	37	24	16	11	27	22	11	28	31	35	59	56	16	23	14	7	15	9	29	29	16	13	14	20	63	24	46	26
0	0	0	0	1	1	1	0	0	0	1	2	1	0	3	0	0	0	0	0	1	0	2	1	0	2	0	0	2	1	1	0	1	0	2	5	4	2	1	3	0	0	0	3	1	4	2	0	0	0	0	3	2	1	2	1	0	1	1	2	4	2	3	1	0	5	1	2	2	0	2	3	3	3	4	1	2	3	3	3	4	3	1	3	7	4	0	2	4	0	4	1	5	1	2	0	2	1	3	3	0	4	1	1	2	7	3	3	3	4	4	4	2	2	5	5	5	7	5	3	7	6	0	7	8	12	22	31	21	18	20	7	4	12	7	5	7	2	20	22	13	10	6	5	13	12	24	19	9	10	8	11	11	30	112	0	79	17	8	21	23	27	71	45	9	25	26	24	23	13	21	14	14	25	19	47	123	99	97	20	11	11	8	10	21	23	20	21	19	13	8	24	64	26	105	57
0	0	0	0	0	0	1	1	1	0	1	2	1	1	1	2	1	3	1	1	0	1	1	0	3	3	1	2	5	1	1	1	0	2	0	4	2	4	2	2	2	1	0	3	4	1	2	0	1	0	2	0	3	1	2	0	0	0	2	0	3	2	0	1	1	1	2	1	1	2	2	0	1	0	5	3	1	1	2	0	0	3	5	2	5	3	4	3	1	3	1	1	3	1	2	3	3	2	4	0	1	2	2	0	2	6	2	2	2	1	2	3	2	4	1	1	3	2	2	2	1	2	1	4	5	12	11	15	14	11	16	19	13	7	6	11	6	5	3	18	16	5	3	8	6	11	14	9	4	9	5	6	9	22	72	79	0	50	29	23	126	52	52	43	15	17	15	5	16	7	10	14	15	45	35	26	26	31	35	20	10	15	11	13	15	20	26	30	23	29	50	109	600	130	348	55
0	0	0	1	0	2	0	3	2	0	1	0	0	0	2	0	0	0	0	1	3	0	2	1	0	0	1	0	1	2	0	2	1	2	1	3	0	1	3	0	0	1	1	2	1	4	2	1	1	1	1	0	0	2	4	1	1	0	2	2	1	0	0	1	3	1	3	2	3	2	3	0	2	2	2	3	2	2	0	1	3	0	2	3	3	2	2	2	2	5	1	2	0	2	3	1	1	1	1	2	1	2	3	1	2	2	4	5	4	1	0	4	3	1	1	2	4	5	4	4	0	3	1	4	1	8	10	3	8	13	12	12	21	11	10	7	9	3	5	9	6	9	4	5	7	9	8	7	2	2	1	9	7	7	17	17	50	0	132	74	242	30	16	29	13	10	12	9	11	5	11	7	15	68	43	15	18	6	11	23	5	15	25	18	18	11	16	34	22	40	40	73	35	59	37	24
0	0	0	0	0	0	1	0	0	0	0	0	1	0	1	1	0	2	0	0	0	1	1	0	2	1	0	1	0	2	2	0	3	3	1	1	0	3	0	0	0	0	0	0	1	2	1	3	1	0	1	2	0	5	0	1	2	1	1	4	0	1	1	2	1	1	1	1	0	1	2	3	3	0	0	0	2	0	0	2	0	0	2	2	3	1	1	2	2	2	1	1	1	3	0	3	1	2	0	1	0	3	3	2	1	1	3	0	1	3	1	0	2	1	3	1	1	1	4	2	3	4	2	2	2	2	5	3	4	2	8	18	12	14	7	7	3	4	1	5	3	2	1	2	5	6	4	4	1	3	4	5	4	0	8	8	29	132	0	392	64	13	7	13	7	8	5	6	4	4	11	9	13	28	29	12	11	7	6	8	6	8	9	14	12	8	7	12	17	25	64	45	20	45	26	14
0	0	0	0	1	0	0	0	0	0	3	0	1	1	0	0	1	0	0	0	1	1	1	0	2	0	0	0	1	0	3	1	1	0	1	1	0	1	2	0	3	0	0	1	0	1	1	1	0	2	0	1	3	2	0	0	1	0	0	1	0	2	0	1	1	1	1	0	2	1	3	1	5	3	2	1	1	1	1	0	0	3	1	1	1	1	0	0	1	1	2	1	1	2	2	4	3	0	0	1	3	2	0	1	0	0	5	3	1	1	1	1	3	1	3	3	2	0	4	1	1	2	3	1	8	4	2	9	7	2	13	8	12	15	8	5	10	2	0	5	5	3	3	5	5	3	5	5	4	1	4	5	3	7	12	21	23	74	392	0	55	13	9	13	7	3	6	4	8	6	6	8	13	42	91	11	14	8	12	10	5	11	14	15	16	20	4	15	14	42	68	101	27	75	24	22
0	0	0	1	1	1	0	0	0	0	1	1	0	0	4	4	0	1	0	0	2	1	2	1	0	2	1	1	2	0	1	2	2	0	2	1	1	3	1	0	2	1	2	1	4	2	1	2	0	1	0	1	1	2	3	0	1	0	0	1	5	0	0	5	2	0	1	2	2	0	0	1	3	4	3	1	1	2	1	1	4	0	3	4	3	4	0	0	1	1	4	2	3	2	2	9	3	0	1	1	2	3	0	0	1	4	0	2	2	3	3	1	2	3	2	3	4	3	2	5	0	3	0	6	3	4	14	22	18	11	19	24	27	18	5	13	7	8	10	15	8	9	2	5	4	10	8	10	4	4	7	1	7	4	27	23	126	242	64	55	0	41	25	55	18	6	8	7	9	10	16	8	25	152	42	27	19	17	21	31	17	14	29	26	23	31	27	60	40	57	29	119	57	98	80	46
0	0	0	0	1	0	4	0	1	2	1	0	1	3	1	2	2	1	1	1	2	1	2	2	2	4	2	1	2	1	0	0	2	1	1	1	2	6	4	3	1	2	5	1	1	4	3	1	1	0	1	0	3	1	2	5	1	1	3	3	4	1	1	1	0	2	2	0	0	2	2	3	3	8	6	4	2	0	0	1	3	1	2	4	4	4	0	3	4	1	3	6	3	2	4	4	5	5	4	3	4	4	1	5	3	1	7	9	6	3	6	9	9	2	10	4	9	12	3	5	0	7	1	8	8	12	16	20	66	78	77	69	29	21	30	48	13	13	12	21	12	13	7	14	7	17	9	9	10	20	22	14	14	23	63	27	52	30	13	13	41	0	178	257	26	30	29	23	22	27	21	20	36	27	8	11	14	19	29	937	51	45	32	19	18	16	55	52	21	26	10	20	26	16	31	22
0	0	0	1	2	2	0	3	1	3	2	1	1	2	0	3	1	1	0	1	1	0	1	1	3	0	2	1	1	0	2	0	0	2	1	4	2	4	4	1	2	2	1	4	3	4	1	1	1	1	4	2	4	0	2	2	1	6	0	3	6	0	3	3	0	1	3	4	3	4	3	1	4	7	5	2	5	2	0	2	2	3	3	8	11	6	2	2	1	9	3	4	3	4	7	8	4	3	2	2	2	5	2	1	3	10	9	7	5	8	2	5	6	6	4	7	8	12	11	1	2	4	4	12	16	26	34	48	123	55	124	33	15	14	16	24	16	13	17	50	17	16	11	11	26	36	29	20	19	14	23	15	19	41	143	71	52	16	7	9	25	178	0	242	43	67	46	37	33	27	31	26	33	44	14	30	26	45	93	124	27	17	24	18	25	24	59	37	35	30	9	20	36	17	41	23
0	0	0	2	1	1	3	3	1	0	3	1	0	0	1	2	1	1	0	6	0	1	1	3	1	2	0	2	0	4	0	0	1	1	2	2	2	2	5	2	1	0	4	2	1	3	1	1	0	2	3	3	4	2	0	1	1	2	4	3	0	2	2	2	1	2	1	1	2	1	2	4	3	3	3	4	2	1	3	0	3	2	9	5	6	4	4	0	3	4	2	1	2	4	4	6	5	5	1	2	3	4	0	3	4	4	6	6	6	1	6	6	6	3	7	8	8	7	3	3	5	9	9	5	10	18	31	36	66	64	155	73	20	38	42	27	15	8	20	17	20	13	7	20	10	28	24	10	8	12	10	12	14	14	64	45	43	29	13	13	55	257	242	0	72	34	19	18	19	37	64	44	66	49	18	24	13	27	44	178	34	34	27	27	40	22	105	91	70	39	8	27	27	19	38	24
0	0	0	0	1	2	2	1	0	0	4	0	3	3	1	2	2	2	2	2	1	0	0	2	1	2	3	2	0	4	1	4	1	3	2	2	4	2	3	0	2	0	1	3	8	1	2	3	0	1	3	1	2	3	3	0	3	5	0	4	2	1	1	2	1	3	6	3	4	4	3	4	2	7	6	2	1	1	2	0	3	2	1	3	7	12	3	1	3	2	6	5	1	3	2	14	9	5	3	2	7	2	2	2	3	8	4	9	3	6	3	3	13	7	9	6	14	22	5	14	8	5	6	10	12	13	42	63	45	69	322	35	8	28	27	32	26	20	42	29	25	26	11	37	45	83	21	21	11	29	24	9	10	18	25	9	15	13	7	7	18	26	43	72	0	87	21	26	21	349	157	162	133	24	9	11	7	18	24	48	34	17	17	31	25	22	95	48	40	21	11	4	4	8	10	15
0	0	0	3	3	2	0	1	1	0	2	2	2	0	0	3	0	3	1	1	4	2	2	2	4	0	3	3	0	2	3	1	2	5	4	2	2	1	8	0	0	0	2	2	2	1	2	5	1	2	5	3	2	5	0	2	2	2	2	4	1	3	1	2	2	2	9	4	2	3	3	3	5	8	9	1	3	1	3	1	0	3	5	4	12	11	1	1	3	4	5	3	4	0	4	9	5	0	4	6	5	8	4	0	7	9	13	8	3	6	7	6	10	12	18	8	31	27	9	7	9	11	7	16	30	83	74	162	117	41	152	17	10	16	20	20	14	17	82	91	67	68	23	37	39	262	66	35	34	38	37	24	18	28	41	25	17	10	8	3	6	30	67	34	87	0	78	127	86	163	52	31	29	8	10	23	12	25	58	43	26	20	9	13	14	16	48	25	18	11	8	7	7	6	16	11
0	0	0	1	1	0	2	1	2	2	3	1	1	3	1	1	2	0	2	2	2	2	0	2	1	2	4	1	0	1	1	0	0	3	5	5	1	2	2	3	2	1	1	1	0	4	2	3	0	3	3	4	2	2	2	4	0	5	2	4	3	0	0	2	2	4	6	0	4	3	7	5	3	13	4	1	4	3	3	2	4	3	5	6	16	5	2	3	1	3	6	2	2	5	5	6	5	3	3	6	5	7	3	2	7	11	14	13	5	9	10	11	11	13	13	16	20	11	5	7	6	4	6	21	56	70	35	40	79	27	27	13	6	8	11	15	8	8	33	185	160	37	29	12	16	34	54	51	24	23	23	21	17	66	41	26	15	12	5	6	8	29	46	19	21	78	0	296	719	31	11	16	18	3	4	12	18	32	44	26	3	6	6	5	14	8	15	13	8	9	9	14	18	9	10	9
0	0	0	2	1	0	2	1	2	0	0	1	1	1	0	1	1	1	2	1	1	1	2	2	2	1	4	2	2	2	1	2	2	0	1	2	1	3	4	4	1	4	2	0	1	2	4	4	2	0	3	3	3	3	6	0	1	5	1	3	3	0	2	1	3	3	3	0	2	6	6	5	11	8	7	6	3	2	2	4	2	5	7	9	20	12	7	5	8	5	1	3	2	2	7	12	13	8	3	9	7	2	4	5	7	19	29	15	8	10	14	16	17	16	8	17	24	16	10	14	11	4	6	19	82	141	27	51	89	23	36	4	9	9	5	23	14	16	63	551	438	73	45	27	21	52	52	48	47	40	44	37	24	47	25	24	5	9	6	4	7	23	37	18	26	127	296	0	728	43	19	17	12	4	3	11	19	19	37	29	19	11	14	8	16	11	25	11	11	11	6	5	12	8	10	13
0	0	0	2	2	2	0	4	0	2	0	0	1	2	1	2	1	0	1	2	3	0	0	2	4	3	7	4	0	1	0	3	3	1	0	1	2	3	4	1	0	1	0	0	0	5	2	3	3	3	1	0	1	1	3	1	2	4	3	4	2	1	6	2	2	2	7	3	7	4	5	3	8	12	8	5	4	2	4	3	2	7	4	7	12	16	1	1	2	0	3	4	3	3	6	9	3	4	3	1	4	3	1	5	6	10	25	13	11	16	16	11	15	14	7	10	28	18	9	9	4	7	8	27	82	90	24	29	86	28	24	7	11	7	9	23	13	9	39	642	228	54	20	15	26	39	55	49	38	31	59	29	25	69	37	23	16	11	4	8	9	22	33	19	21	86	719	728	0	25	15	10	15	5	6	15	15	25	38	30	17	3	8	7	7	16	23	11	16	4	3	9	9	5	5	12
0	0	0	0	2	0	3	0	1	2	3	1	2	1	2	3	2	0	2	2	4	4	0	3	1	3	2	2	3	2	1	3	2	2	2	2	0	5	3	0	1	2	3	3	3	3	4	6	4	0	2	2	4	5	4	1	4	5	7	4	8	1	0	1	5	5	3	3	3	0	3	1	5	5	7	3	2	2	2	1	2	5	4	4	7	11	0	3	2	6	1	7	7	5	2	21	12	7	4	6	5	7	3	3	4	5	6	8	6	8	6	5	11	7	24	14	30	18	9	10	8	8	7	7	23	39	40	98	50	54	172	18	18	21	28	24	28	44	147	46	27	61	11	75	121	187	29	28	32	36	34	12	13	19	24	13	7	5	4	6	10	27	27	37	349	163	31	43	25	0	75	68	36	9	12	12	11	18	17	33	38	15	18	12	18	18	49	27	27	18	3	6	6	7	8	17
0	0	0	1	0	1	3	0	2	3	2	1	2	3	1	1	2	1	2	2	3	0	1	4	5	1	4	2	1	4	1	5	2	1	4	1	4	1	0	5	1	3	2	1	4	1	1	1	4	4	0	1	2	2	0	0	2	0	2	2	2	1	0	1	3	1	3	0	2	2	1	4	2	3	2	4	4	0	0	1	3	2	3	7	5	5	1	0	3	1	2	3	4	0	4	5	3	3	5	2	4	5	2	3	2	3	5	3	2	3	2	2	7	5	16	9	5	17	2	4	5	5	7	6	5	19	63	80	21	28	98	31	13	20	20	8	8	14	36	16	20	27	15	24	21	59	37	19	18	9	10	8	6	7	16	21	10	11	11	6	16	21	31	64	157	52	11	19	15	75	0	310	109	22	6	20	8	24	28	28	18	13	19	54	55	47	210	60	76	29	3	7	13	3	14	24
0	0	0	0	1	1	4	0	1	1	1	0	4	0	2	0	0	3	1	3	1	3	1	2	2	2	3	0	1	1	2	0	2	1	2	1	1	9	2	1	3	3	0	2	4	1	1	1	4	0	4	4	0	3	5	2	0	3	3	4	4	2	2	1	2	2	2	0	0	2	4	2	4	7	6	0	3	0	3	1	2	2	4	8	7	6	1	3	1	4	4	1	1	1	5	5	3	3	4	11	2	3	2	1	1	4	4	5	3	7	7	7	3	7	16	7	6	16	4	5	5	8	4	6	8	18	29	24	14	27	66	34	16	25	28	19	14	21	22	14	7	16	11	27	31	45	26	17	12	14	8	3	4	7	11	14	14	7	9	8	8	20	26	44	162	31	16	17	10	68	310	0	171	20	12	10	13	16	24	25	16	15	37	41	49	29	85	59	67	26	8	8	10	7	15	10
0	0	0	1	2	3	2	4	2	1	0	3	0	0	0	2	1	1	4	0	0	2	0	1	2	2	1	1	0	1	3	0	0	1	1	3	3	3	5	1	1	2	3	1	2	1	0	2	0	1	0	1	1	5	1	2	3	1	2	4	4	1	3	2	1	1	3	4	0	2	1	4	4	2	5	5	2	5	3	0	4	4	2	2	10	5	1	3	2	0	0	5	3	1	4	9	3	3	4	6	5	7	0	3	2	2	12	0	3	0	0	7	5	3	8	7	10	16	1	9	4	3	5	6	2	15	16	26	38	37	97	100	29	63	42	29	10	13	24	11	10	15	6	15	21	33	14	8	7	8	9	3	9	10	27	14	15	15	13	13	25	36	33	66	133	29	18	12	15	36	109	171	0	26	13	17	18	13	18	36	40	36	72	93	44	45	104	189	119	40	9	8	12	17	17	22
0	0	0	2	0	0	0	0	0	2	1	0	0	1	0	1	0	0	0	0	2	0	1	0	1	2	3	0	0	0	1	1	1	2	0	2	2	3	1	3	1	0	0	1	2	0	0	3	0	1	1	2	0	2	0	2	1	3	1	2	2	0	0	2	0	1	1	3	2	2	1	4	2	2	2	3	4	2	1	3	3	1	0	2	5	4	3	2	0	0	2	2	3	3	2	1	4	3	3	2	2	5	0	3	2	5	3	2	3	1	4	3	6	2	7	3	4	3	3	2	1	5	3	1	8	5	23	10	11	14	21	28	15	14	7	9	7	7	9	8	10	9	3	11	7	13	12	6	7	5	6	4	7	11	22	25	45	68	28	42	152	27	44	49	24	8	3	4	5	9	22	20	26	0	79	57	16	29	35	25	14	15	33	50	64	58	59	97	88	276	26	131	35	54	60	65
0	0	0	2	2	0	2	0	2	0	0	0	1	3	1	1	0	2	0	0	0	0	0	0	1	0	0	2	0	0	2	0	0	1	0	0	1	2	2	1	2	1	2	1	1	0	1	1	1	1	0	2	1	0	0	0	2	1	0	1	2	1	0	0	0	0	1	2	0	1	1	2	3	1	1	0	2	1	1	1	1	0	3	2	1	2	2	0	2	1	2	1	0	1	2	3	1	0	2	1	2	1	0	0	1	1	3	0	1	2	4	2	1	2	1	3	4	6	1	1	2	2	1	2	3	6	10	9	12	9	9	13	6	7	5	7	0	1	6	6	7	6	2	6	5	6	9	5	5	3	4	5	5	5	11	19	35	43	29	91	42	8	14	18	9	10	4	3	6	12	6	12	13	79	0	53	23	25	20	8	11	3	17	13	44	52	26	28	29	54	39	120	20	47	49	63
0	0	0	1	1	1	1	1	0	0	2	1	0	0	2	2	0	0	0	2	3	1	1	2	0	3	0	1	2	2	0	0	1	0	0	0	1	4	3	1	1	1	0	1	2	5	1	2	0	0	0	2	3	0	0	0	1	2	0	2	3	1	0	0	1	0	2	1	1	3	1	2	2	7	4	0	0	1	1	1	2	1	0	3	1	0	1	2	2	1	1	1	0	1	3	3	2	1	3	2	1	3	2	1	4	7	4	2	1	4	5	4	3	3	3	5	4	3	2	4	0	0	1	5	7	14	23	19	13	6	16	10	5	6	3	6	5	8	14	11	9	12	4	8	6	11	19	19	4	6	6	7	5	11	28	47	26	15	12	11	27	11	30	24	11	23	12	11	15	12	20	10	17	57	53	0	146	108	58	16	9	8	10	21	32	64	34	29	29	41	21	46	26	24	84	366
0	0	0	0	1	0	1	1	2	2	1	0	0	0	0	0	1	2	1	0	0	0	2	1	1	4	1	0	1	1	3	1	1	1	1	1	3	5	5	1	1	0	4	3	2	2	1	1	1	0	2	0	1	1	0	1	1	4	1	3	2	0	1	3	1	1	2	1	4	1	3	1	3	1	2	3	0	0	2	0	4	2	1	2	6	1	1	2	0	1	1	2	0	1	4	6	1	1	1	0	6	1	0	0	0	3	5	3	1	1	0	4	3	6	3	8	5	5	3	4	1	1	2	5	4	14	24	31	14	8	14	9	6	7	5	8	1	2	11	12	7	1	5	5	7	18	28	26	7	5	6	5	6	9	31	123	26	18	11	14	19	14	26	13	7	12	18	19	15	11	8	13	18	16	23	146	0	165	58	11	5	10	9	11	22	23	22	19	24	19	17	26	28	22	72	133
0	0	0	0	2	1	1	1	1	1	0	0	1	3	1	1	0	1	1	0	0	0	0	0	1	0	0	0	0	0	2	2	0	2	1	0	1	2	1	2	1	5	1	1	2	0	3	2	1	1	1	1	1	2	1	2	3	2	2	3	0	0	1	3	2	1	1	0	1	1	3	1	4	3	6	4	2	3	2	3	5	1	0	2	5	4	1	1	0	2	3	5	1	3	2	2	3	2	1	0	3	3	2	1	0	5	4	2	4	1	6	2	8	6	6	6	13	8	7	4	7	3	4	7	4	26	61	48	20	8	19	12	7	7	4	7	5	5	10	8	19	9	11	8	8	28	50	44	8	8	6	9	0	13	35	99	31	6	7	8	17	19	45	27	18	25	32	19	25	18	24	16	13	29	25	108	165	0	315	11	5	9	6	10	27	42	39	18	37	27	13	18	21	21	44	74
0	0	0	2	2	0	3	0	1	0	0	0	2	2	1	0	1	1	4	1	2	1	1	1	1	0	4	2	1	4	0	2	0	1	1	2	1	4	2	2	1	0	1	2	2	3	3	0	0	1	0	3	1	0	2	4	0	1	5	4	3	0	0	2	3	2	6	3	6	4	4	2	2	3	3	2	2	2	5	1	1	2	0	2	10	2	4	2	3	1	3	4	4	1	0	4	4	0	4	2	5	2	2	3	1	5	6	7	2	5	6	6	6	6	4	4	6	9	3	5	3	1	12	12	15	38	84	98	42	16	38	12	5	7	11	10	3	12	20	27	31	19	11	12	13	52	71	46	19	17	11	8	8	19	59	97	35	11	6	12	21	29	93	44	24	58	44	37	38	17	28	24	18	35	20	58	58	315	0	34	9	4	10	11	33	41	57	37	32	19	15	21	24	12	37	45
0	0	0	0	0	1	1	0	1	4	0	3	3	0	2	1	1	0	0	1	1	2	3	1	4	1	1	0	2	1	2	1	2	2	1	3	4	6	6	1	3	4	2	0	0	3	0	0	0	2	1	1	0	2	1	3	1	4	1	5	5	1	3	0	2	2	3	4	1	0	4	2	2	8	3	6	3	6	1	4	5	2	3	7	12	7	4	2	1	4	5	5	2	2	3	4	5	3	2	3	7	5	0	1	4	5	7	8	5	8	8	5	5	6	2	5	9	6	5	4	6	8	6	11	15	14	13	26	101	172	74	64	28	33	51	61	9	17	23	33	19	13	19	15	15	16	18	7	8	20	29	16	12	32	56	20	20	23	8	10	31	937	124	178	48	43	26	29	30	33	28	25	36	25	8	16	11	11	34	0	85	49	33	18	15	15	27	39	33	14	5	24	31	11	25	13
0	0	0	0	6	0	0	6	0	1	1	3	1	3	1	2	2	1	3	2	3	1	1	6	2	4	3	1	0	1	1	4	3	0	3	1	3	10	8	7	2	2	2	0	5	2	3	2	1	1	3	2	4	2	2	5	3	4	3	8	6	4	1	1	1	0	1	3	2	1	1	1	7	15	7	6	5	4	4	0	1	4	7	5	9	13	3	1	1	6	2	3	8	7	6	11	7	5	2	3	4	4	1	3	6	4	5	7	4	5	7	5	10	8	10	8	9	11	3	10	7	7	5	9	9	8	12	17	45	193	37	62	21	70	487	391	37	25	26	16	12	10	8	18	29	11	11	8	12	35	29	15	14	18	16	11	10	5	6	5	17	51	27	34	34	26	3	19	17	38	18	16	40	14	11	9	5	5	9	85	0	94	21	18	7	10	19	26	13	15	6	9	11	5	8	7
0	0	0	0	1	1	1	0	0	1	1	1	2	1	1	0	1	4	1	2	3	0	0	1	1	4	1	2	2	1	1	0	1	1	4	2	1	6	4	2	0	2	1	6	4	4	2	2	6	1	1	1	4	3	1	4	4	1	3	2	2	3	1	0	1	4	1	1	1	2	0	1	2	8	8	7	3	2	2	1	3	2	3	3	4	4	1	0	3	4	3	6	1	1	2	8	2	8	2	2	2	1	2	3	3	4	2	2	3	4	6	1	4	0	4	5	9	2	2	9	4	7	6	8	4	5	7	13	24	44	23	128	153	129	120	54	16	14	10	6	8	12	1	9	18	16	5	6	16	9	12	8	10	7	23	11	15	15	8	11	14	45	17	34	17	20	6	11	3	15	13	15	36	15	3	8	10	9	4	49	94	0	57	19	9	15	21	26	14	14	8	7	10	8	9	7
0	0	0	4	0	1	2	1	1	0	0	1	0	2	0	1	2	1	1	5	0	1	1	2	3	1	1	1	1	2	0	4	0	1	1	3	4	5	5	1	4	3	2	2	1	1	3	0	1	0	2	2	0	1	2	1	1	1	3	2	0	1	1	0	1	2	3	2	0	1	0	3	4	2	4	3	4	3	3	2	1	1	1	4	5	5	1	2	2	7	0	2	1	4	4	7	4	1	2	4	2	3	3	0	3	3	3	3	4	3	2	2	2	6	7	2	2	3	3	3	2	4	4	4	2	5	6	3	13	19	22	211	124	69	38	16	10	7	7	6	10	5	6	2	10	11	10	4	5	9	10	5	4	14	14	8	11	25	9	14	29	32	24	27	17	9	6	14	8	18	19	37	72	33	17	10	9	6	10	33	21	57	0	76	32	24	19	80	41	33	5	12	14	10	13	13
0	0	0	1	1	1	0	0	0	1	0	0	1	1	0	3	1	1	0	0	0	1	1	1	1	2	0	0	0	1	0	1	1	1	3	0	2	3	0	1	1	0	1	2	0	1	3	3	1	0	0	1	1	2	2	0	2	1	4	1	4	0	0	0	1	0	2	4	1	0	0	1	4	3	2	1	0	2	3	4	4	0	1	4	4	4	2	2	3	3	2	3	2	0	4	4	4	0	5	0	1	5	1	2	0	3	3	0	3	2	4	3	1	2	6	1	4	8	4	3	3	4	0	5	2	8	14	21	9	17	20	36	24	33	17	11	6	5	4	9	7	15	7	16	14	16	7	6	6	3	3	2	1	5	7	10	13	18	14	15	26	19	18	27	31	13	5	8	7	12	54	41	93	50	13	21	11	10	11	18	18	19	76	0	92	45	40	106	122	107	10	11	8	9	8	23
0	0	0	0	1	0	0	0	0	2	1	1	0	1	1	0	1	0	1	0	2	1	0	0	1	2	2	5	0	0	3	1	0	2	1	0	2	4	4	2	1	2	2	1	2	4	2	0	1	1	1	2	2	0	2	1	1	1	0	0	1	1	0	1	0	1	0	2	2	1	0	1	3	4	1	2	3	2	1	0	3	2	3	3	3	3	0	2	2	0	2	1	1	0	2	5	3	2	1	4	1	3	3	0	0	3	2	2	2	2	1	3	2	4	3	3	10	1	4	3	1	2	3	2	4	11	33	19	10	15	28	24	15	20	6	5	11	7	10	8	11	7	2	4	14	22	14	10	7	5	7	5	8	6	15	21	15	18	12	16	23	18	25	40	25	14	14	16	7	18	55	49	44	64	44	32	22	27	33	15	7	9	32	92	0	542	82	93	215	155	8	22	9	23	19	35
0	0	0	0	0	0	1	0	0	0	2	4	2	2	0	2	0	1	0	0	0	1	1	3	2	0	1	1	0	0	0	0	0	2	0	2	1	2	1	1	1	2	0	3	1	1	0	4	0	2	5	0	1	1	0	1	2	0	5	1	1	1	3	1	2	2	1	1	2	3	2	2	1	2	2	3	2	1	0	1	2	3	3	3	2	1	2	3	2	1	1	3	0	1	1	5	3	3	3	0	2	1	4	3	1	5	4	0	2	3	2	5	5	6	7	5	1	7	3	3	1	3	1	7	12	8	26	19	10	12	26	21	12	9	9	6	4	7	11	10	9	11	5	9	5	17	18	13	6	6	5	6	1	8	9	23	20	11	8	20	31	16	24	22	22	16	8	11	16	18	47	29	45	58	52	64	23	42	41	15	10	15	24	45	542	0	75	63	131	122	16	31	10	20	24	51
0	0	0	2	3	1	2	0	0	0	2	0	3	0	3	2	0	0	1	0	1	2	1	2	2	1	2	1	0	1	2	0	1	0	1	3	1	2	0	2	2	3	1	2	2	4	2	1	1	0	1	3	1	4	3	3	2	3	1	4	3	0	1	1	2	0	2	5	0	0	0	2	2	6	3	0	2	1	3	2	2	3	4	4	9	4	2	3	2	3	4	4	2	2	4	13	4	4	2	2	1	1	2	1	5	6	6	2	3	4	3	4	5	3	9	6	7	7	4	6	7	9	2	3	6	18	77	81	31	28	102	33	18	26	19	14	12	8	18	21	17	13	5	16	22	35	33	16	12	11	15	7	7	10	29	20	26	16	7	4	27	55	59	105	95	48	15	25	23	49	210	85	104	59	26	34	22	39	57	27	19	21	19	40	82	75	0	130	196	58	5	20	18	12	31	28
0	0	0	0	0	2	1	2	0	1	0	1	0	0	3	1	1	0	0	2	0	0	1	2	0	1	2	0	1	0	1	0	0	2	2	1	2	2	5	3	3	2	2	1	0	4	1	0	0	1	3	1	0	0	2	2	2	3	2	2	1	3	0	1	0	2	3	2	2	1	0	2	2	1	2	3	2	1	1	3	1	2	2	1	0	3	0	1	0	2	4	1	1	1	4	5	2	2	5	4	1	3	1	0	3	2	6	6	1	2	0	6	1	3	8	7	3	9	7	5	4	4	6	3	5	19	20	25	22	31	62	79	21	21	23	19	7	6	16	10	7	6	4	16	15	18	14	10	4	4	10	8	6	8	29	21	30	34	12	15	60	52	37	91	48	25	13	11	11	27	60	59	189	97	28	29	19	18	37	39	26	26	80	106	93	63	130	0	449	143	14	26	20	24	32	31
0	0	0	1	0	1	0	0	0	1	2	1	1	1	2	1	1	2	0	0	2	4	2	0	2	1	4	1	1	2	1	0	1	0	3	0	2	5	5	0	2	2	0	3	7	1	2	0	1	1	1	2	2	4	4	2	2	0	1	5	0	1	1	0	1	4	0	2	2	4	3	1	1	5	4	1	2	4	0	1	3	5	1	3	5	3	2	2	3	7	3	2	1	3	3	6	9	4	1	1	3	4	1	3	3	2	2	2	2	2	2	3	3	3	6	2	5	7	1	1	1	1	2	5	7	15	32	30	12	21	27	40	17	24	26	13	12	6	9	13	7	11	5	8	13	41	25	12	5	13	9	6	6	11	16	19	23	22	17	14	40	21	35	70	40	18	8	11	16	27	76	67	119	88	29	29	24	37	32	33	13	14	41	122	215	131	196	449	0	211	16	20	12	21	23	26
0	0	0	0	0	3	0	1	2	1	0	1	2	0	2	0	1	0	0	0	2	2	2	2	1	0	0	3	2	1	0	0	0	0	1	1	1	2	3	4	0	2	1	5	2	3	1	0	0	1	1	0	2	3	2	0	0	1	3	1	2	1	0	3	1	2	0	2	1	1	3	2	2	1	2	0	1	1	1	2	1	1	2	3	6	3	2	2	0	3	1	7	1	1	3	3	4	4	0	1	4	1	1	1	5	3	5	2	5	2	1	4	4	5	4	4	2	2	2	5	4	5	2	3	7	8	11	16	11	14	24	40	23	15	15	13	5	4	11	10	10	5	2	11	11	13	11	4	3	3	4	4	2	6	13	13	29	40	25	42	57	26	30	39	21	11	9	11	4	18	29	26	40	276	54	41	19	27	19	14	15	14	33	107	155	122	58	143	211	0	18	53	21	27	35	39
0	0	0	0	0	0	0	2	0	0	0	0	0	1	1	0	0	0	1	0	2	0	0	2	0	1	0	1	0	1	0	2	2	0	0	0	0	0	2	2	3	2	0	1	1	1	1	1	1	0	1	0	4	1	1	1	1	0	5	1	3	1	0	2	0	0	3	1	2	0	1	0	0	0	3	2	2	1	2	1	1	1	1	0	3	4	3	0	1	1	3	0	2	0	4	3	1	0	1	1	3	0	0	0	2	0	3	2	4	1	2	3	4	1	2	2	1	0	0	2	1	1	3	1	2	3	8	10	8	8	9	8	8	5	7	4	1	2	5	4	1	1	1	7	1	2	13	4	2	3	2	0	7	11	14	8	50	40	64	68	29	10	9	8	11	8	9	6	3	3	3	8	9	26	39	21	17	13	15	5	6	8	5	10	8	16	5	14	16	18	0	97	44	267	35	30
0	0	0	0	4	1	0	0	0	2	2	2	1	0	0	0	0	0	3	0	2	1	1	2	1	1	0	0	0	0	1	1	0	1	1	1	0	0	4	1	0	2	1	1	1	3	1	0	0	2	2	0	2	0	1	1	0	0	0	2	1	0	0	0	1	1	1	0	1	2	1	0	2	3	1	2	3	1	1	1	2	1	2	1	2	2	0	0	1	5	0	6	2	1	1	2	2	1	0	3	4	4	2	1	4	1	5	3	2	3	3	0	3	1	4	2	2	2	0	2	4	3	5	3	7	6	15	13	7	14	13	8	9	11	6	5	4	2	4	6	7	6	4	5	5	5	3	6	6	4	7	2	2	12	20	24	109	73	45	101	119	20	20	27	4	7	14	5	9	6	7	8	8	131	120	46	26	18	21	24	9	7	12	11	22	31	20	26	20	53	97	0	67	339	111	84
0	0	0	2	0	1	2	1	1	1	1	1	3	0	3	0	0	1	1	0	0	0	1	0	1	0	0	3	0	1	4	1	0	1	1	3	1	2	1	1	0	1	0	3	1	0	2	0	0	1	1	1	0	0	0	0	0	1	1	0	2	2	1	1	1	1	0	1	1	0	3	4	4	2	5	4	1	2	1	1	0	4	2	2	2	5	2	0	2	2	0	1	1	2	1	6	2	0	1	3	0	3	1	4	1	4	1	3	4	4	2	4	3	1	5	9	3	2	5	1	2	1	3	3	10	5	10	14	9	8	14	15	17	14	10	7	7	6	3	12	12	5	4	9	6	6	7	9	5	5	11	10	8	12	63	64	600	35	20	27	57	26	36	27	4	7	18	12	9	6	13	10	12	35	20	26	28	21	24	31	11	10	14	8	9	10	18	20	12	21	44	67	0	106	131	37
0	0	0	0	1	2	2	1	0	0	0	0	1	1	0	0	1	0	0	2	1	0	2	1	1	0	0	1	1	0	1	1	1	1	0	1	1	2	0	0	0	3	1	3	1	2	0	0	0	0	1	1	1	0	0	1	2	0	2	2	1	0	2	0	1	3	0	0	2	1	2	3	3	5	3	0	1	2	1	2	2	2	0	1	1	4	0	0	2	1	2	2	5	1	2	3	3	1	0	3	2	0	2	3	5	5	0	0	2	2	1	1	2	5	1	4	6	0	7	2	1	2	1	4	6	7	11	5	11	11	11	16	8	9	5	4	5	3	5	11	6	4	4	5	6	5	6	6	8	6	6	5	5	9	24	26	130	59	45	75	98	16	17	19	8	6	9	8	5	7	3	7	17	54	47	24	22	21	12	11	5	8	10	9	23	20	12	24	21	27	267	339	106	0	91	55
0	0	0	2	1	2	0	1	2	2	1	0	4	0	0	3	0	0	1	0	1	1	1	1	2	1	1	0	0	3	0	0	1	0	1	1	1	2	2	1	2	2	0	0	1	2	2	1	1	2	1	1	0	3	1	1	2	1	4	1	2	2	1	0	3	1	1	3	4	1	1	0	3	2	2	0	0	1	2	2	0	0	0	6	4	3	2	2	2	1	3	2	0	3	1	0	4	1	0	3	1	6	2	0	1	3	1	5	4	2	2	4	1	2	5	6	10	3	2	2	0	1	1	3	2	14	18	20	16	13	15	20	12	4	6	7	4	3	6	10	14	9	6	1	7	12	18	9	1	8	6	1	5	18	46	105	348	37	26	24	80	31	41	38	10	16	10	10	5	8	14	15	17	60	49	84	72	44	37	25	8	9	13	8	19	24	31	32	23	35	35	111	131	91	0	211
0	0	0	1	1	2	0	0	0	1	1	0	2	0	0	0	2	2	1	0	0	2	0	0	2	0	0	1	2	0	1	1	2	0	2	1	0	1	2	3	3	3	1	0	1	1	0	1	2	1	0	0	1	4	1	2	0	0	0	1	5	1	2	1	0	2	0	2	4	0	4	2	1	9	3	2	2	1	1	1	3	0	2	3	5	5	0	1	0	0	0	1	2	3	4	1	4	2	0	0	1	3	0	3	2	2	9	2	9	0	4	7	3	5	5	2	8	0	0	1	3	1	7	3	4	4	19	16	8	7	17	13	7	7	6	9	4	2	9	13	8	6	6	9	12	11	10	14	11	4	9	5	5	8	26	57	55	24	14	22	46	22	23	24	15	11	9	13	12	17	24	10	22	65	63	366	133	74	45	13	7	7	13	23	35	51	28	31	26	39	30	84	37	55	211	0
