0	0	0	0	0	0	0	0	0	0	0	0	0	0	0	0	0	0	0	0	0	0	0	0	0	0	0	0	0	0	0	0	0	0	0	0	0	0	0	0	0	0	0	0	0	0	0	0	0	0	0	0	0	0	0	0	0	0	0	0	0	0	0	0	0	0	0	0	0	0	0	0	0	0	0	0	0	0	0	0	0	0	0	0	0	0	0	0	0	0	0	0	0	0	0	0	0	0	0	0	0	0	0	0	0	0	0	0	0	0	0	0	0	0	0	0	0	0	0	0	0	0	0	0	0	0	0	0	0	0	0	0	0	0	0	0	0	0	0	0	0	0	0	0	0	0	0	0	0	0	0	0	0	0	0	0	0	0	0	0	0	0	0	0	0	0	0	0	0	0	0	0
0	0	0	0	0	0	0	0	0	0	0	0	0	0	0	0	0	0	0	0	0	0	0	0	0	0	0	0	0	0	0	0	0	0	0	0	0	0	0	0	0	0	0	0	0	0	0	0	0	0	0	0	0	0	0	0	0	0	0	0	0	0	0	0	0	0	0	0	0	0	0	0	0	0	0	0	0	0	0	0	0	0	0	0	0	0	0	0	0	0	0	0	0	0	0	0	0	0	0	0	0	0	0	0	0	0	0	0	0	0	0	0	0	0	0	0	0	0	0	0	0	0	0	0	0	0	0	0	0	0	0	0	0	0	0	0	0	0	0	0	0	0	0	0	0	0	0	0	0	0	0	0	0	0	0	0	0	0	0	0	0	0	0	0	0	0	0	0	0	0	0	0
0	0	0	0	0	0	0	0	0	0	0	0	0	0	0	0	0	0	0	0	0	0	0	0	0	0	0	0	0	0	0	0	0	0	0	0	0	0	0	0	0	0	0	0	0	0	0	0	0	0	0	0	0	0	0	0	0	0	0	0	0	0	0	0	0	0	0	0	0	0	0	0	0	0	0	0	0	0	0	0	0	0	0	0	0	0	0	0	0	0	0	0	0	0	0	0	0	0	0	0	0	0	0	0	0	0	0	0	0	0	0	0	0	0	0	0	0	0	0	0	0	0	0	0	0	0	0	0	0	0	0	0	0	0	0	0	0	0	0	0	0	0	0	0	0	0	0	0	0	0	0	0	0	0	0	0	0	0	0	0	0	0	0	0	0	0	0	0	0	0	0	0
0	0	0	0	23	8	3	1	3	2	0	0	1	1	2	0	1	0	1	4	1	0	2	3	1	4	4	18	7	5	2	7	16	68	11	1	6	1	3	1	1	2	1	0	0	1	1	1	3	2	0	0	0	1	4	1	3	1	0	0	2	1	2	0	1	1	0	1	0	1	1	3	1	2	1	2	0	0	0	1	0	0	5	1	1	2	2	1	1	0	2	1	0	5	2	1	4	5	6	4	0	2	1	0	0	1	1	0	0	1	3	0	2	1	0	0	1	0	1	2	0	0	0	0	0	1	1	2	0	0	0	1	0	0	0	4	2	0	3	1	2	1	1	0	1	0	2	1	1	1	1	0	0	2	0	0	2	0	0	3	1	0	1	1	1	0	2	1	0	0	0	0
0	0	0	23	0	26	7	4	3	2	1	3	2	3	1	0	1	2	1	2	1	2	2	5	4	1	13	2	5	2	1	3	7	35	16	10	6	2	5	0	0	4	2	1	0	2	4	1	1	0	1	1	0	3	2	3	5	1	0	2	0	2	3	1	1	1	2	2	6	3	2	2	6	2	3	4	1	1	2	4	0	1	1	3	2	1	1	3	1	4	0	3	0	4	4	1	2	3	5	5	3	2	2	0	0	2	1	1	1	0	0	0	0	0	0	2	0	1	2	1	1	4	4	0	3	3	2	1	1	0	1	1	1	0	0	0	0	0	2	3	0	0	0	1	0	0	1	2	2	0	0	0	0	1	2	0	2	0	0	0	0	1	0	0	0	0	0	0	0	0	0	0
0	0	0	8	26	0	26	9	8	2	0	6	2	0	0	2	1	2	2	1	3	4	4	2	3	4	2	3	2	1	1	2	1	7	12	9	5	0	5	0	3	0	2	2	3	2	4	3	5	1	4	1	3	2	3	3	3	3	6	1	2	3	3	1	5	4	5	3	4	3	4	1	2	2	3	2	0	1	2	1	4	2	3	1	5	3	1	0	1	5	1	1	0	2	1	1	3	4	3	3	1	2	1	1	1	1	1	0	2	1	2	0	1	0	0	2	0	1	1	1	0	1	0	1	0	2	0	1	1	0	1	0	1	0	0	1	0	0	1	1	2	0	0	0	0	0	0	1	3	1	2	2	2	1	1	0	0	1	1	0	0	0	1	0	0	0	0	0	0	0	1	0
0	0	0	3	7	26	0	44	22	24	9	3	8	3	1	3	1	8	4	3	2	2	4	1	1	5	4	3	1	0	0	2	3	2	5	11	18	10	13	6	3	4	3	5	6	1	8	6	6	2	0	3	0	3	9	3	10	10	5	4	6	6	0	3	23	11	4	9	7	7	38	19	11	4	5	6	4	2	2	1	2	6	2	1	6	1	3	0	1	5	4	1	0	2	3	2	5	5	3	5	4	0	2	2	3	3	4	2	0	2	4	1	0	2	0	3	0	2	4	0	1	1	0	2	3	1	3	0	2	1	3	1	1	1	1	1	0	2	1	1	3	0	1	1	2	1	5	0	1	1	0	0	1	1	0	1	0	0	0	2	0	0	0	0	0	2	0	3	1	0	0	0
0	0	0	1	4	9	44	0	41	19	7	9	7	2	2	0	5	3	5	5	0	3	7	7	7	5	4	2	1	0	0	2	1	3	8	19	29	13	16	7	5	11	6	8	7	7	8	9	4	2	3	5	3	2	9	11	15	17	6	7	12	6	7	12	40	14	24	16	6	12	25	15	5	4	8	4	0	1	3	3	5	6	4	4	7	6	3	5	1	0	1	1	2	5	0	2	2	6	6	8	3	2	0	2	0	6	6	5	3	0	0	2	0	0	2	2	0	4	1	1	1	2	1	0	1	5	2	4	1	2	4	1	3	0	1	2	3	2	4	0	1	2	3	2	2	2	1	2	4	1	3	2	1	0	2	1	1	0	0	2	1	0	0	0	0	1	0	1	0	0	0	0
0	0	0	3	3	8	22	41	0	140	17	14	10	4	7	1	4	7	6	5	3	3	9	12	4	6	3	2	1	0	0	1	0	3	1	8	19	47	24	6	14	22	9	3	7	9	8	25	5	5	7	4	1	4	12	13	15	13	11	7	11	4	5	24	118	24	10	43	7	60	482	46	34	25	7	9	2	7	2	4	3	2	4	3	4	8	1	3	3	1	4	2	2	5	4	3	2	9	0	9	4	5	0	1	4	5	5	4	0	2	0	1	1	0	1	3	1	2	0	1	0	1	1	2	1	1	3	1	2	1	0	1	0	2	1	0	1	1	4	1	4	1	0	1	0	2	2	2	0	1	2	0	1	4	2	1	0	1	4	2	1	2	0	0	1	1	0	0	0	0	0	0
0	0	0	2	2	2	24	19	140	0	52	20	7	5	2	1	0	7	5	3	2	5	5	9	7	3	3	2	0	1	1	0	0	3	4	5	8	54	29	12	21	48	13	6	3	12	5	13	10	6	3	3	6	1	9	9	9	7	10	13	6	3	5	13	37	16	5	20	7	16	95	53	60	52	11	7	0	0	0	2	4	4	2	1	5	3	2	2	0	1	2	4	3	6	2	2	1	7	0	11	9	4	2	3	7	7	0	2	1	2	1	1	0	3	3	1	0	3	4	0	0	1	4	1	2	3	2	3	0	1	2	0	2	1	0	2	3	0	3	1	2	2	2	0	0	3	2	1	0	0	1	2	0	1	0	0	0	3	0	0	1	1	0	1	1	1	1	2	0	2	1	0
0	0	0	0	1	0	9	7	17	52	0	41	17	5	4	4	3	5	6	12	3	8	7	7	5	1	1	2	0	1	0	0	0	2	1	3	10	42	44	13	50	333	17	7	4	5	8	19	8	1	3	3	6	1	9	13	6	12	14	5	6	5	7	12	12	21	4	9	5	9	19	17	16	23	6	4	0	1	1	2	2	9	2	3	2	6	3	1	5	0	0	1	4	0	6	0	0	4	0	2	7	6	3	4	5	3	4	1	1	0	1	1	1	1	3	0	3	1	1	1	3	4	0	1	0	1	1	3	0	1	2	0	1	0	0	1	2	2	2	2	1	1	0	1	0	2	0	1	0	2	1	2	0	0	0	0	0	1	0	0	0	1	0	0	0	0	1	1	0	1	4	0
0	0	0	0	3	6	3	9	14	20	41	0	61	12	9	7	13	22	20	30	18	6	21	12	4	6	2	3	0	0	0	0	0	1	2	1	13	66	57	95	377	66	75	12	8	8	10	44	12	11	7	4	11	6	20	18	10	26	40	73	29	13	16	35	16	22	16	16	6	20	6	6	8	17	21	10	3	1	2	1	3	6	2	1	4	10	3	2	1	2	2	1	4	2	2	5	7	1	4	6	10	8	5	3	3	0	8	0	1	1	3	3	0	0	2	0	3	5	0	1	1	2	1	3	2	2	1	4	1	1	1	0	2	0	1	2	3	1	0	1	1	2	1	2	0	3	2	2	3	1	4	0	1	1	1	1	0	3	2	1	2	0	2	1	2	2	0	0	2	1	1	0
0	0	0	1	2	2	8	7	10	7	17	61	0	67	24	9	26	113	117	73	26	33	72	19	10	5	5	1	0	1	1	0	2	2	3	3	6	16	21	121	28	20	102	44	10	12	11	40	23	16	23	27	21	19	87	19	9	34	60	405	48	23	16	49	14	23	20	25	8	10	2	3	4	8	25	17	6	7	8	5	12	8	3	5	14	10	7	1	2	4	3	2	4	5	1	4	3	9	2	12	16	14	8	4	9	11	10	6	4	4	1	1	1	3	3	1	0	4	2	0	1	3	2	3	1	3	0	2	4	1	0	4	4	0	1	1	4	4	4	3	5	2	1	4	3	0	0	3	3	2	1	0	4	1	0	3	0	1	2	5	2	1	2	0	2	2	0	0	0	0	1	0
0	0	0	1	3	0	3	2	4	5	5	12	67	0	151	52	65	44	35	34	28	54	185	16	19	8	3	0	1	0	0	1	2	2	0	2	7	12	4	15	17	4	42	58	12	13	14	19	37	63	55	123	101	89	57	19	7	7	24	34	32	27	17	34	4	15	14	13	8	10	8	3	2	4	13	39	22	12	11	7	20	8	7	10	23	14	7	2	3	2	3	4	4	9	5	6	7	5	7	9	38	46	19	6	23	32	20	7	4	1	2	1	2	4	7	3	1	3	6	2	0	2	3	3	1	5	4	5	3	3	2	4	2	6	0	4	3	3	5	6	6	5	1	3	9	2	5	2	2	1	2	1	4	2	6	1	4	1	5	3	2	1	0	3	1	3	1	1	1	0	0	0
0	0	0	2	1	0	1	2	7	2	4	9	24	151	0	101	22	15	14	13	23	48	38	19	9	4	3	3	1	0	0	1	2	3	2	2	5	3	7	13	8	7	21	21	7	6	6	17	17	58	45	72	1684	77	21	9	6	12	15	16	19	21	11	14	8	11	16	4	13	12	3	3	1	5	14	28	27	6	9	8	14	9	8	16	6	15	3	1	4	9	3	4	7	9	14	14	11	7	3	10	14	106	45	7	64	43	33	4	4	2	3	0	0	5	6	5	2	5	5	7	4	6	7	3	3	6	3	3	16	1	3	4	3	3	1	4	4	7	6	7	8	1	0	1	3	4	2	3	1	4	1	1	3	1	5	3	1	1	1	2	2	1	0	0	4	0	1	0	2	0	0	0
0	0	0	0	0	2	3	0	1	1	4	7	9	52	101	0	37	13	22	13	22	41	22	7	7	4	0	3	1	0	0	0	0	1	0	2	5	3	3	6	3	2	7	13	6	6	6	6	8	23	34	49	141	60	9	8	6	4	8	11	12	15	10	6	7	4	9	6	7	5	3	2	2	7	6	12	19	8	12	7	9	4	3	10	7	18	5	1	7	6	3	3	7	8	7	12	5	2	3	4	19	38	74	24	65	21	11	6	2	3	3	1	1	4	12	8	5	5	4	4	2	3	3	3	2	3	0	4	6	0	1	2	3	2	2	6	8	3	6	6	4	9	1	2	2	1	5	4	4	3	3	0	5	1	3	2	2	2	6	2	2	2	2	0	1	2	1	1	0	1	2	0
0	0	0	1	1	1	1	5	4	0	3	13	26	65	22	37	0	45	82	28	38	39	31	9	6	1	1	0	0	1	0	0	1	0	0	5	5	7	4	26	8	2	12	38	22	7	8	14	9	21	20	62	27	27	26	4	8	12	12	28	23	27	17	9	4	5	9	5	2	10	6	5	2	2	6	12	9	4	4	3	14	9	7	3	3	13	5	4	2	3	2	2	10	4	3	3	10	5	3	3	8	20	16	9	13	11	6	0	2	1	1	1	1	4	4	4	4	2	3	4	2	3	7	1	2	5	5	2	3	1	2	2	1	1	4	2	1	6	6	5	1	6	5	5	1	2	4	2	1	4	3	4	4	5	3	1	2	1	4	3	0	1	1	3	2	3	2	1	1	1	0	0
0	0	0	0	2	2	8	3	7	7	5	22	113	44	15	13	45	0	80	24	14	16	51	22	5	4	1	1	1	1	1	1	1	1	2	4	11	12	13	59	27	10	40	129	32	25	21	42	38	16	24	28	18	31	173	26	26	37	26	102	185	78	30	45	6	14	27	19	9	11	6	3	3	3	17	16	8	4	5	8	11	12	6	4	14	15	3	0	5	2	1	4	4	3	3	3	5	2	0	2	17	7	6	6	13	10	13	6	2	2	2	1	1	2	5	4	3	2	1	2	3	2	7	1	3	3	0	4	5	3	2	2	1	0	2	3	2	6	2	3	4	5	1	2	4	4	3	3	2	2	0	1	1	1	0	1	2	1	2	4	3	1	2	2	0	1	0	1	1	1	0	0
0	0	0	1	1	2	4	5	6	5	6	20	117	35	14	22	82	80	0	104	63	69	22	8	5	1	2	2	0	0	1	1	1	0	1	4	11	9	13	99	24	11	25	23	15	7	9	19	14	8	12	24	14	21	34	22	12	17	16	57	35	16	12	19	8	12	7	9	9	8	4	4	4	7	12	15	9	4	2	1	2	6	2	6	10	7	5	5	2	2	2	3	3	1	7	3	4	7	3	4	10	7	4	8	12	7	13	7	2	1	4	1	1	1	1	1	1	3	2	1	2	3	6	2	1	5	3	6	2	0	2	3	2	2	0	4	3	3	6	5	4	1	2	1	2	2	3	3	1	2	0	2	1	0	0	0	1	1	5	3	3	0	1	0	1	0	0	0	0	0	0	0
0	0	0	4	2	1	3	5	5	3	12	30	73	34	13	13	28	24	104	0	82	88	29	10	7	3	3	1	0	1	0	2	1	1	0	3	5	11	14	56	42	11	35	20	9	3	8	22	9	10	11	20	20	14	30	7	10	13	14	40	19	12	9	19	7	5	6	11	4	6	9	0	4	8	8	11	9	1	1	3	4	5	2	9	3	3	5	1	3	0	2	1	5	3	2	6	1	1	4	4	6	11	11	5	10	4	4	4	4	5	1	2	4	1	1	1	2	7	0	0	1	1	5	1	2	1	1	2	2	3	0	2	3	2	3	2	3	0	2	5	2	4	1	3	1	2	3	1	2	0	1	1	2	3	0	1	1	2	1	1	2	2	0	3	0	0	1	1	0	3	1	0
0	0	0	1	1	3	2	0	3	2	3	18	26	28	23	22	38	14	63	82	0	160	12	6	6	2	1	1	0	1	0	2	0	2	1	1	2	4	6	24	14	11	21	16	3	6	5	13	3	10	10	15	24	12	20	6	8	7	4	22	10	8	6	7	3	2	5	6	5	5	3	5	1	4	6	10	3	6	3	3	5	3	0	3	4	4	2	0	1	0	2	4	2	3	3	4	3	0	1	3	6	10	13	8	11	6	10	3	4	1	0	0	3	1	1	3	2	1	1	1	3	1	2	0	2	0	1	0	2	0	0	5	3	0	2	3	3	1	2	1	2	2	2	1	4	4	1	3	1	0	5	2	1	1	3	2	3	2	2	2	0	1	0	0	2	3	0	0	0	0	3	0
0	0	0	0	2	4	2	3	3	5	8	6	33	54	48	41	39	16	69	88	160	0	15	10	6	1	1	0	0	0	0	0	0	3	2	1	4	7	4	22	21	7	11	18	11	6	7	9	11	18	16	24	40	29	18	3	6	6	11	25	13	17	10	7	4	6	7	9	5	4	8	2	4	6	14	8	9	6	5	4	9	6	6	7	5	8	2	1	2	3	3	3	2	3	6	6	5	2	2	4	11	16	23	9	15	13	10	1	1	1	2	1	1	8	4	5	4	2	2	1	4	1	4	1	4	3	1	0	2	2	0	5	4	2	1	2	4	4	1	1	2	3	3	2	0	1	5	2	2	2	1	1	2	2	1	1	0	1	5	1	1	0	0	1	0	0	2	0	1	1	0	0
0	0	0	2	2	4	4	7	9	5	7	21	72	185	38	22	31	51	22	29	12	15	0	46	16	8	4	1	0	0	1	0	3	1	3	7	11	16	14	28	9	6	57	75	20	6	15	39	32	62	35	42	48	34	101	21	21	22	65	73	24	35	9	50	13	28	33	25	11	17	4	3	2	16	33	51	18	8	9	7	12	18	8	9	16	30	3	2	8	5	6	2	8	4	6	6	17	9	8	17	64	31	12	5	16	31	19	1	4	5	0	1	1	0	5	5	2	4	3	1	8	4	2	3	5	3	1	3	3	3	1	4	7	6	4	3	4	3	14	0	7	5	3	4	3	6	2	3	2	0	3	1	2	0	0	3	1	2	3	2	2	1	1	0	2	1	1	1	1	1	0	0
0	0	0	3	5	2	1	7	12	9	7	12	19	16	19	7	9	22	8	10	6	10	46	0	47	5	2	3	1	1	2	1	2	2	3	11	37	26	12	9	12	11	46	40	22	9	40	135	67	30	15	8	13	17	51	59	26	65	171	26	39	29	27	211	17	111	301	116	48	39	10	8	7	9	31	56	9	2	7	12	31	16	11	16	49	29	13	6	8	6	6	6	8	15	5	9	17	21	15	29	66	17	5	2	4	19	20	5	4	3	1	2	6	4	0	6	4	2	1	6	3	4	4	4	2	7	1	4	4	3	1	3	4	3	1	5	9	6	11	4	7	5	2	2	2	1	1	5	5	1	2	0	4	2	1	3	1	4	1	3	1	2	0	1	1	1	2	1	0	1	1	0
0	0	0	1	4	3	1	7	4	7	5	4	10	19	9	7	6	5	5	7	6	6	16	47	0	28	8	4	0	1	0	0	2	2	3	8	14	10	5	4	4	5	9	27	19	15	54	24	51	29	15	9	8	10	18	28	24	16	18	12	14	20	20	40	9	21	59	29	35	21	5	1	2	5	15	43	11	10	10	25	87	62	19	38	2441	61	34	16	26	10	3	5	6	9	5	10	40	42	32	111	34	12	6	3	9	20	18	9	6	1	2	0	1	6	11	9	6	4	5	2	6	8	10	4	14	10	9	10	5	5	2	5	3	3	2	4	5	12	30	9	8	3	5	2	1	4	3	3	3	1	5	0	3	2	1	3	3	5	2	3	1	2	1	0	3	0	2	4	1	0	0	0
0	0	0	4	1	4	5	5	6	3	1	6	5	8	4	4	1	4	1	3	2	1	8	5	28	0	9	1	2	2	0	1	0	2	13	19	11	3	3	4	3	5	5	14	9	10	20	7	16	5	4	6	6	4	4	3	9	8	7	3	2	9	9	9	3	8	9	12	16	8	2	3	1	3	8	11	6	14	10	19	16	35	15	19	24	23	21	11	21	9	6	4	5	5	5	5	22	21	40	21	6	5	2	1	7	9	4	5	2	2	1	0	2	1	9	5	6	15	8	4	7	19	9	9	5	12	12	4	4	0	3	2	5	2	4	5	14	17	31	10	7	3	2	1	5	5	4	4	5	2	3	0	1	2	3	1	2	4	1	2	3	1	3	0	0	1	2	0	2	2	1	0
0	0	0	4	13	2	4	4	3	3	1	2	5	3	3	0	1	1	2	3	1	1	4	2	8	9	0	23	4	4	1	3	2	8	20	14	6	2	2	1	4	1	1	3	2	3	5	5	5	2	3	2	1	1	3	5	1	3	3	1	1	4	3	2	3	2	3	3	5	7	1	1	3	1	3	4	3	3	3	6	5	5	1	4	6	6	5	5	6	4	4	3	2	2	5	4	3	6	14	10	8	5	4	3	1	3	1	1	0	1	3	1	1	2	2	4	6	2	0	3	3	2	5	2	6	3	9	8	1	5	2	0	2	2	2	2	4	6	5	2	5	0	1	2	2	3	3	2	2	3	1	1	5	1	2	3	1	1	1	0	1	1	0	1	1	0	2	2	0	0	1	0
0	0	0	18	2	3	3	2	2	2	2	3	1	0	3	3	0	1	2	1	1	0	1	3	4	1	23	0	14	7	2	3	7	15	6	6	2	1	3	2	1	1	2	1	1	2	3	1	3	1	0	0	1	1	2	4	1	2	2	1	1	2	3	5	3	0	1	0	1	4	2	0	1	0	0	1	2	1	3	2	2	3	2	4	3	1	3	2	2	2	0	1	1	3	2	1	2	5	1	3	5	1	2	0	1	0	2	0	2	0	3	1	0	0	2	2	4	1	2	1	2	3	0	1	4	0	5	3	0	2	2	1	3	3	1	3	3	5	4	3	1	3	2	2	1	2	1	5	1	0	0	0	0	2	1	0	2	1	0	0	1	3	1	2	1	0	2	0	0	0	1	0
0	0	0	7	5	2	1	1	1	0	0	0	0	1	1	1	0	1	0	0	0	0	0	1	0	2	4	14	0	14	7	14	16	21	8	3	5	0	1	0	0	1	0	0	4	2	2	0	2	0	0	3	0	2	1	2	1	0	0	2	1	2	1	2	2	2	3	0	0	0	2	0	1	2	1	1	3	2	2	1	1	2	1	1	2	0	0	1	2	3	0	2	0	0	1	1	1	2	1	2	0	2	0	0	3	1	2	0	1	1	2	0	1	0	1	1	3	0	0	0	0	0	1	2	1	1	2	0	0	3	1	0	0	2	2	0	0	1	1	0	0	1	0	0	1	1	0	1	0	2	0	3	1	0	1	0	0	0	0	3	0	0	0	0	1	2	0	1	0	0	0	0
0	0	0	5	2	1	0	0	0	1	1	0	1	0	0	0	1	1	0	1	1	0	0	1	1	2	4	7	14	0	42	41	10	3	2	0	0	0	0	0	0	0	0	1	2	2	0	0	2	0	1	0	0	2	2	0	1	2	1	1	0	0	1	0	0	2	0	1	0	1	2	0	0	1	0	0	2	2	0	0	0	2	0	1	1	2	1	0	0	0	2	1	2	1	0	0	1	2	1	3	0	1	1	1	1	1	0	0	0	1	0	1	0	0	0	0	1	2	1	0	1	1	0	0	0	2	1	2	0	1	0	0	0	2	0	0	1	1	1	2	1	0	0	0	1	0	1	1	0	0	1	1	0	2	0	0	0	1	0	2	0	0	0	0	1	0	2	0	1	1	0	0
0	0	0	2	1	1	0	0	0	1	0	0	1	0	0	0	0	1	1	0	0	0	1	2	0	0	1	2	7	42	0	31	6	3	1	0	1	0	1	0	0	0	0	1	1	1	0	1	1	1	2	1	0	0	1	2	2	0	1	0	0	1	0	1	2	0	1	1	0	1	0	1	0	0	0	0	0	1	2	2	2	0	1	0	3	0	1	3	0	1	1	1	0	0	2	1	1	0	0	0	2	0	1	1	1	1	0	0	0	0	2	1	1	0	0	1	0	1	0	0	0	1	0	2	1	0	1	0	1	1	1	0	2	0	0	1	0	1	1	0	0	1	0	2	0	0	0	0	0	0	0	1	0	1	0	0	0	0	0	0	0	0	0	0	0	1	1	0	0	0	0	0
0	0	0	7	3	2	2	2	1	0	0	0	0	1	1	0	0	1	1	2	2	0	0	1	0	1	3	3	14	41	31	0	16	3	6	3	1	1	0	0	0	0	0	0	1	1	0	0	0	1	0	0	0	1	0	0	1	0	0	0	1	1	1	1	0	1	2	0	0	0	2	0	1	1	1	1	1	1	2	0	1	0	0	1	1	2	0	0	0	2	0	3	1	0	2	0	0	2	1	0	2	0	0	1	0	1	1	1	0	0	1	0	0	2	2	1	1	3	0	1	1	1	1	0	1	1	3	0	0	2	0	0	1	2	1	0	0	0	0	0	1	1	2	2	1	2	0	1	0	0	0	0	0	0	0	0	2	0	0	0	0	0	0	0	1	1	0	0	0	0	1	0
0	0	0	16	7	1	3	1	0	0	0	0	2	2	2	0	1	1	1	1	0	0	3	2	2	0	2	7	16	10	6	16	0	20	7	3	2	1	1	0	1	0	1	2	0	1	0	0	1	2	1	1	0	2	0	2	2	0	0	5	1	0	0	2	0	0	1	3	1	1	0	2	1	1	0	3	0	1	1	0	3	1	0	1	0	0	1	2	2	1	3	1	1	0	1	1	2	2	1	0	1	0	2	0	2	2	0	1	0	0	0	0	1	1	0	0	0	1	0	2	1	2	1	2	2	1	3	1	0	0	1	2	0	1	0	1	1	2	0	3	1	0	0	0	0	0	1	2	0	0	0	1	1	0	0	1	0	2	0	0	0	1	0	0	2	1	0	1	0	0	0	0
0	0	0	68	35	7	2	3	3	3	2	1	2	2	3	1	0	1	0	1	2	3	1	2	2	2	8	15	21	3	3	3	20	0	18	3	2	1	2	0	1	0	2	4	2	6	1	3	2	2	0	2	0	2	1	2	3	1	2	0	2	3	4	2	1	2	2	1	3	2	2	1	2	1	0	1	0	3	1	5	2	3	2	1	4	2	2	3	3	2	2	0	3	1	0	3	3	5	5	1	4	2	0	1	0	1	3	0	1	0	0	3	0	0	2	0	2	4	0	0	0	1	1	1	3	0	2	2	1	2	0	1	1	2	0	3	0	2	3	2	0	1	0	2	1	0	2	2	2	0	2	0	0	1	0	1	0	1	1	0	1	1	1	0	0	0	0	2	0	0	1	0
0	0	0	11	16	12	5	8	1	4	1	2	3	0	2	0	0	2	1	0	1	2	3	3	3	13	20	6	8	2	1	6	7	18	0	21	3	7	5	5	1	3	1	5	1	4	8	5	4	5	1	2	3	1	5	6	4	2	5	2	1	7	1	3	5	7	8	2	5	5	6	3	2	4	1	0	3	2	4	4	6	5	7	2	5	6	4	4	4	3	4	0	3	3	1	1	5	5	6	9	3	1	1	3	1	4	4	3	2	1	0	0	1	0	0	2	0	2	2	2	3	0	1	2	6	2	3	2	1	2	0	1	1	1	1	1	2	3	7	1	1	1	0	1	0	1	2	2	3	1	0	3	0	2	2	3	2	1	2	1	2	0	0	2	0	1	0	1	0	3	0	0
0	0	0	1	10	9	11	19	8	5	3	1	3	2	2	2	5	4	4	3	1	1	7	11	8	19	14	6	3	0	0	3	3	3	21	0	24	11	6	5	3	4	2	2	3	12	14	6	9	2	5	4	0	1	11	13	6	12	5	4	4	5	7	9	15	9	9	9	11	7	7	7	4	1	6	6	0	2	2	6	5	2	3	3	14	6	5	6	3	6	4	3	2	3	2	4	4	9	14	10	5	2	2	3	3	4	6	1	3	0	0	1	1	2	1	4	6	4	2	3	3	3	0	4	2	3	1	2	1	5	4	0	2	1	4	1	2	3	8	5	2	2	1	2	0	2	1	2	1	0	0	1	0	1	1	0	1	1	1	1	2	1	1	1	1	1	1	1	0	0	0	0
0	0	0	6	6	5	18	29	19	8	10	13	6	7	5	5	5	11	11	5	2	4	11	37	14	11	6	2	5	0	1	1	2	2	3	24	0	19	18	14	10	12	11	17	30	27	53	48	38	9	4	5	6	4	22	80	54	72	28	16	31	11	24	30	57	32	56	103	26	58	20	9	9	9	15	13	7	2	6	0	14	14	2	6	20	17	4	4	1	2	5	1	4	7	1	2	16	13	6	23	12	8	1	2	7	9	7	2	3	1	0	0	4	2	4	3	6	4	2	2	1	6	5	3	3	3	2	6	2	2	1	0	2	1	2	1	4	3	6	3	5	2	1	1	3	3	1	2	1	0	3	2	1	0	1	2	2	0	1	2	0	2	0	0	0	4	0	1	1	0	1	0
0	0	0	1	2	0	10	13	47	54	42	66	16	12	3	3	7	12	9	11	4	7	16	26	10	3	2	1	0	0	0	1	1	1	7	11	19	0	43	20	51	66	42	10	7	11	17	43	12	14	8	6	5	5	18	18	13	26	42	30	14	15	12	36	53	62	16	26	7	34	22	16	15	38	38	7	4	3	6	2	7	5	5	6	8	9	3	2	1	3	3	4	5	5	5	0	3	8	5	6	13	4	3	1	6	9	8	1	4	0	1	0	1	0	2	6	3	3	1	0	0	2	3	4	0	7	0	2	0	2	0	1	0	1	2	3	1	1	6	2	1	2	0	0	2	1	4	0	2	3	2	2	1	0	2	0	1	1	2	0	1	0	0	1	0	5	0	2	0	1	0	0
0	0	0	3	5	5	13	16	24	29	44	57	21	4	7	3	4	13	13	14	6	4	14	12	5	3	2	3	1	0	1	0	1	2	5	6	18	43	0	32	36	51	24	6	11	10	15	33	12	6	8	8	13	8	17	24	13	38	17	23	22	6	10	23	33	20	14	27	9	18	12	11	10	12	11	5	1	1	4	4	4	6	1	4	8	6	3	1	3	0	1	0	0	5	0	3	0	6	4	7	6	1	1	2	4	2	1	3	1	2	0	1	0	0	2	1	0	1	1	0	1	5	7	3	1	2	1	2	2	1	1	2	2	2	0	3	0	1	1	3	1	2	0	2	1	1	1	0	2	1	0	0	3	3	1	0	0	1	4	1	0	0	1	0	0	0	2	0	2	1	0	0
0	0	0	1	0	0	6	7	6	12	13	95	121	15	13	6	26	59	99	56	24	22	28	9	4	4	1	2	0	0	0	0	0	0	5	5	14	20	32	0	62	19	46	24	12	13	13	22	11	13	5	11	9	10	38	19	11	38	24	94	31	13	13	26	9	17	9	22	2	7	8	0	7	9	18	9	7	3	3	3	7	7	5	11	11	7	2	1	4	2	0	4	3	3	1	4	6	1	1	6	10	8	6	2	8	12	3	3	0	0	3	1	5	2	4	2	3	1	0	3	3	6	4	2	0	4	2	4	2	1	3	3	0	0	2	3	2	1	3	4	5	4	2	2	0	1	1	2	2	0	0	1	0	2	0	2	4	1	2	2	1	2	0	2	1	3	0	2	0	1	0	0
0	0	0	1	0	3	3	5	14	21	50	377	28	17	8	3	8	27	24	42	14	21	9	12	4	3	4	1	0	0	0	0	1	1	1	3	10	51	36	62	0	86	40	13	5	9	3	25	4	4	4	7	4	4	17	13	13	21	30	42	16	8	8	19	12	24	14	14	2	16	10	8	10	23	18	4	3	2	3	2	7	3	2	4	4	4	5	1	2	2	0	1	4	1	6	2	4	8	3	1	10	3	3	3	3	4	5	2	5	1	1	0	0	0	0	2	0	0	2	2	0	1	3	0	1	3	2	1	0	0	1	2	3	3	4	0	1	2	2	1	1	1	3	0	1	2	3	3	1	0	3	1	0	2	1	1	1	1	0	2	3	0	0	2	1	2	0	1	0	0	0	0
0	0	0	2	4	0	4	11	22	48	333	66	20	4	7	2	2	10	11	11	11	7	6	11	5	5	1	1	1	0	0	0	0	0	3	4	12	66	51	19	86	0	33	6	5	4	6	15	9	5	4	9	3	4	7	7	9	13	15	25	6	8	9	13	13	11	12	15	7	17	18	17	22	26	20	7	8	0	3	1	7	1	2	2	5	4	1	1	3	1	2	1	0	5	1	2	1	4	3	5	3	1	5	0	4	2	3	5	3	0	0	1	1	1	2	0	1	1	2	1	1	1	1	2	1	0	2	2	5	2	0	1	2	1	4	0	1	2	1	1	4	2	3	0	3	2	0	0	1	1	2	2	2	1	2	0	1	2	1	0	1	0	1	1	2	0	0	0	1	0	0	0
0	0	0	1	2	2	3	6	9	13	17	75	102	42	21	7	12	40	25	35	21	11	57	46	9	5	1	2	0	0	0	0	1	2	1	2	11	42	24	46	40	33	0	34	7	8	15	96	22	18	20	17	12	7	58	30	17	24	120	139	34	15	8	80	14	67	37	25	12	38	12	7	8	12	47	20	6	3	7	2	15	3	3	6	12	15	7	1	3	2	0	5	7	1	2	6	7	10	7	17	29	10	7	5	9	11	8	2	1	5	0	0	2	2	4	2	3	0	1	2	4	3	3	4	1	3	4	2	2	5	2	0	0	2	0	3	5	7	8	3	7	6	0	2	0	0	0	1	2	0	1	0	5	3	3	1	2	1	3	1	0	0	0	0	2	2	0	2	1	0	0	0
0	0	0	0	1	2	5	8	3	6	7	12	44	58	21	13	38	129	23	20	16	18	75	40	27	14	3	1	0	1	1	0	2	4	5	2	17	10	6	24	13	6	34	0	33	14	34	52	132	49	39	57	14	35	501	62	45	53	33	63	125	167	52	45	6	18	54	28	12	13	7	4	2	3	16	27	12	7	8	4	20	23	9	15	22	30	2	3	6	7	1	3	7	6	5	5	12	5	6	12	23	19	14	7	12	15	14	6	4	0	0	1	4	2	2	6	4	4	3	2	3	2	11	4	5	11	2	9	6	3	3	3	3	1	3	0	8	2	9	3	4	5	2	1	4	1	2	5	2	1	3	1	4	0	3	1	3	0	0	0	1	0	1	0	2	2	2	1	1	2	0	0
0	0	0	0	0	3	6	7	7	3	4	8	10	12	7	6	22	32	15	9	3	11	20	22	19	9	2	1	4	2	1	1	0	2	1	3	30	7	11	12	5	5	7	33	0	75	50	21	47	19	20	14	11	14	38	36	71	18	14	30	57	90	652	17	13	11	21	21	9	5	2	3	2	4	6	12	5	8	5	7	12	12	5	7	12	26	6	6	7	2	2	4	3	6	4	6	8	3	6	6	13	11	2	3	5	11	11	3	4	0	3	0	0	3	3	1	1	2	3	3	1	4	8	2	8	3	1	6	5	6	1	1	4	2	4	2	4	2	4	5	2	1	2	5	1	1	3	2	1	2	0	3	1	2	1	0	1	1	3	0	0	1	2	0	0	0	3	1	1	1	0	0
0	0	0	1	2	2	1	7	9	12	5	8	12	13	6	6	7	25	7	3	6	6	6	9	15	10	3	2	2	2	1	1	1	6	4	12	27	11	10	13	9	4	8	14	75	0	61	17	39	10	11	7	2	5	20	63	180	39	16	23	31	25	119	22	11	14	25	23	10	15	11	7	1	1	8	4	3	8	2	2	13	15	6	7	16	24	3	5	3	5	1	4	2	5	0	1	2	6	4	15	6	5	0	4	6	4	1	3	1	1	1	0	2	3	1	3	1	1	7	6	1	5	6	4	3	6	3	6	0	0	2	6	5	0	1	2	4	3	4	3	1	0	2	0	3	1	8	1	2	3	2	1	2	3	0	2	0	0	0	1	0	2	1	0	1	0	1	0	0	0	0	0
0	0	0	1	4	4	8	8	8	5	8	10	11	14	6	6	8	21	9	8	5	7	15	40	54	20	5	3	2	0	0	0	0	1	8	14	53	17	15	13	3	6	15	34	50	61	0	27	144	14	9	12	10	15	35	222	191	58	24	11	52	41	94	38	23	23	117	56	21	14	11	5	4	6	14	15	9	8	11	8	43	26	9	9	50	35	14	9	9	6	5	2	2	6	7	4	11	10	12	21	24	9	5	4	7	5	5	3	2	3	1	3	2	5	5	5	4	4	6	4	6	6	9	2	2	5	5	3	2	3	1	3	0	5	1	1	6	9	13	3	2	2	3	2	1	0	4	1	2	0	2	2	3	1	1	2	0	4	3	1	2	0	2	1	1	1	0	0	0	1	2	0
0	0	0	1	1	3	6	9	25	13	19	44	40	19	17	6	14	42	19	22	13	9	39	135	24	7	5	1	0	0	1	0	0	3	5	6	48	43	33	22	25	15	96	52	21	17	27	0	43	17	20	19	11	12	59	72	45	127	973	87	52	22	17	2815	37	199	89	188	30	46	8	12	9	13	68	17	7	1	3	4	10	12	11	14	10	21	8	3	6	6	2	4	7	7	2	7	16	11	7	22	33	17	4	1	3	10	14	6	3	3	1	3	1	4	4	7	2	4	1	1	3	3	8	1	2	2	6	7	0	0	2	1	1	1	3	1	4	2	4	5	3	3	0	1	0	4	2	2	3	0	3	0	3	4	0	3	2	1	1	1	1	2	1	2	3	1	1	1	2	0	0	0
0	0	0	3	1	5	6	4	5	10	8	12	23	37	17	8	9	38	14	9	3	11	32	67	51	16	5	3	2	2	1	0	1	2	4	9	38	12	12	11	4	9	22	132	47	39	144	43	0	40	29	27	9	25	76	106	48	55	38	38	66	94	54	61	14	32	132	44	18	15	5	8	2	10	23	30	10	9	9	6	41	23	12	17	66	68	12	4	10	7	6	3	6	11	3	9	14	17	7	21	40	19	8	3	12	22	16	2	4	1	1	1	2	6	2	9	3	6	5	4	4	7	4	5	5	5	2	10	6	2	0	4	6	2	4	3	6	14	14	7	4	4	3	3	3	7	8	3	1	0	1	1	2	2	1	2	2	2	3	0	5	3	0	3	1	2	0	1	1	0	0	0
0	0	0	2	0	1	2	2	5	6	1	11	16	63	58	23	21	16	8	10	10	18	62	30	29	5	2	1	0	0	1	1	2	2	5	2	9	14	6	13	4	5	18	49	19	10	14	17	40	0	220	68	40	67	40	18	11	19	20	22	19	50	21	21	8	18	17	25	15	8	5	4	4	4	18	117	38	17	10	15	55	26	13	38	31	72	23	6	9	11	10	6	8	7	7	17	11	13	10	14	75	78	16	3	24	170	52	10	8	4	2	3	3	3	7	5	2	6	5	2	10	13	6	6	2	12	3	14	8	2	6	2	1	6	0	4	15	9	10	8	4	7	5	2	2	2	6	3	2	3	5	3	3	4	0	6	2	1	2	3	1	1	0	4	3	3	2	6	1	1	1	0
0	0	0	0	1	4	0	3	7	3	3	7	23	55	45	34	20	24	12	11	10	16	35	15	15	4	3	0	0	1	2	0	1	0	1	5	4	8	8	5	4	4	20	39	20	11	9	20	29	220	0	186	50	204	30	19	20	12	17	14	13	50	10	17	5	17	15	18	6	5	4	1	4	1	9	35	49	24	20	13	44	24	14	23	11	72	12	5	4	10	5	4	6	10	4	14	7	6	10	4	30	62	22	7	22	106	32	8	2	4	3	1	7	5	8	7	3	6	3	5	8	12	17	2	3	9	4	11	12	2	3	3	1	2	3	10	15	9	13	10	11	3	3	1	1	1	4	4	1	0	4	3	7	1	1	3	2	3	6	6	1	3	0	0	2	2	1	1	1	2	0	0
0	0	0	0	1	1	3	5	4	3	3	4	27	123	72	49	62	28	24	20	15	24	42	8	9	6	2	0	3	0	1	0	1	2	2	4	5	6	8	11	7	9	17	57	14	7	12	19	27	68	186	0	60	560	50	18	14	14	13	15	19	48	10	18	10	4	20	13	7	11	5	4	3	4	8	21	27	13	6	5	17	12	8	11	11	20	8	3	6	6	4	3	3	5	8	7	6	4	4	8	15	41	23	5	17	41	18	5	5	2	1	2	2	2	9	3	2	3	5	1	5	4	8	2	2	4	4	7	4	1	7	2	2	4	3	4	10	9	7	2	8	4	4	4	1	3	5	2	4	2	1	1	4	2	3	2	0	2	5	2	5	0	1	2	2	1	2	0	2	0	1	0
0	0	0	0	0	3	0	3	1	6	6	11	21	101	1684	141	27	18	14	20	24	40	48	13	8	6	1	1	0	0	0	0	0	0	3	0	6	5	13	9	4	3	12	14	11	2	10	11	9	40	50	60	0	75	24	6	6	10	13	15	9	18	3	7	7	6	8	7	5	6	3	4	3	2	2	17	21	14	8	16	12	4	3	11	10	7	7	1	6	4	3	2	3	11	10	12	8	7	6	12	24	108	71	14	106	46	23	8	3	2	0	3	2	4	5	3	7	4	2	2	5	4	6	3	2	3	4	9	6	2	3	4	4	2	2	9	7	6	6	6	6	8	3	2	3	3	3	2	3	4	2	1	3	0	2	4	3	2	3	2	2	3	1	2	2	2	1	2	0	0	0	0
0	0	0	1	3	2	3	2	4	1	1	6	19	89	77	60	27	31	21	14	12	29	34	17	10	4	1	1	2	2	0	1	2	2	1	1	4	5	8	10	4	4	7	35	14	5	15	12	25	67	204	560	75	0	26	11	8	8	11	16	17	27	13	9	8	6	14	6	5	7	3	3	3	6	5	18	34	15	12	13	21	18	5	15	11	25	11	8	6	5	2	3	6	8	4	7	6	4	5	9	28	75	27	13	36	53	20	5	6	4	1	1	2	2	7	5	7	3	4	3	6	5	7	7	7	5	1	7	3	2	2	6	4	4	4	7	11	6	10	5	6	8	3	4	3	1	7	5	3	1	2	0	6	2	1	3	0	2	5	3	5	3	0	1	1	5	2	2	0	1	2	0
0	0	0	4	2	3	9	9	12	9	9	20	87	57	21	9	26	173	34	30	20	18	101	51	18	4	3	2	1	2	1	0	0	1	5	11	22	18	17	38	17	7	58	501	38	20	35	59	76	40	30	50	24	26	0	69	44	67	64	145	200	103	33	83	12	29	66	30	20	22	13	1	5	6	19	13	8	12	6	6	22	14	4	5	20	23	8	5	7	6	4	4	5	7	1	6	6	13	5	15	27	16	14	5	9	18	6	4	2	2	2	2	0	2	2	4	4	5	1	3	1	5	3	1	2	4	1	2	3	1	2	4	3	2	1	3	8	2	10	0	4	4	0	1	3	1	5	9	4	2	1	1	2	3	1	3	0	3	1	1	1	1	1	0	2	1	2	1	1	3	0	0
0	0	0	1	3	3	3	11	13	9	13	18	19	19	9	8	4	26	22	7	6	3	21	59	28	3	5	4	2	0	2	0	2	2	6	13	80	18	24	19	13	7	30	62	36	63	222	72	106	18	19	18	6	11	69	0	249	289	46	33	101	36	76	96	25	42	204	138	18	30	15	1	3	10	15	20	3	2	10	6	17	10	9	11	44	14	9	2	4	4	6	1	4	2	5	4	5	12	7	19	26	4	5	2	6	13	12	9	0	2	2	2	5	2	7	5	1	2	4	1	2	5	5	4	4	6	4	4	2	0	0	3	3	0	3	2	3	4	4	0	1	5	2	0	2	0	1	1	2	1	2	0	3	1	2	0	1	2	6	2	1	0	1	1	2	1	0	1	0	0	0	0
0	0	0	3	5	3	10	15	15	9	6	10	9	7	6	6	8	26	12	10	8	6	21	26	24	9	1	1	1	1	2	1	2	3	4	6	54	13	13	11	13	9	17	45	71	180	191	45	48	11	20	14	6	8	44	249	0	89	27	20	80	29	122	47	19	35	59	33	10	18	6	5	6	5	11	12	3	3	2	10	19	6	7	11	36	24	9	4	9	1	3	3	2	2	4	2	11	7	4	13	13	5	0	5	0	3	4	1	2	0	2	2	2	2	1	3	3	7	1	2	0	5	3	5	6	1	3	1	4	2	2	0	2	2	3	2	6	4	11	3	2	4	5	5	0	2	1	0	4	1	2	1	0	1	1	0	2	1	1	2	0	1	0	1	0	2	0	1	0	0	0	0
0	0	0	1	1	3	10	17	13	7	12	26	34	7	12	4	12	37	17	13	7	6	22	65	16	8	3	2	0	2	0	0	0	1	2	12	72	26	38	38	21	13	24	53	18	39	58	127	55	19	12	14	10	8	67	289	89	0	84	45	98	28	40	151	42	55	109	183	12	27	11	7	5	10	20	20	7	4	3	3	14	10	6	6	22	6	6	5	5	5	2	1	3	2	2	5	6	7	7	16	18	9	7	3	1	10	5	3	3	2	1	1	2	2	3	1	0	1	2	3	0	5	2	1	1	2	4	6	3	3	4	1	2	1	2	3	5	3	7	3	4	3	4	4	1	0	3	2	1	2	0	0	1	0	1	1	2	2	1	1	3	1	0	0	3	0	0	1	1	1	0	0
0	0	0	0	0	6	5	6	11	10	14	40	60	24	15	8	12	26	16	14	4	11	65	171	18	7	3	2	0	1	1	0	0	2	5	5	28	42	17	24	30	15	120	33	14	16	24	973	38	20	17	13	13	11	64	46	27	84	0	69	39	16	19	673	41	239	61	124	25	61	15	8	7	10	77	36	11	7	4	3	18	8	9	13	12	11	7	4	11	5	5	3	5	4	2	3	9	14	9	20	33	10	4	3	12	17	13	4	2	4	1	1	1	3	3	5	1	3	6	3	3	2	3	5	2	3	3	4	2	1	3	1	0	4	3	4	1	1	4	1	6	5	1	1	0	3	4	5	3	1	3	1	2	0	1	3	1	1	2	1	3	1	0	2	0	2	1	3	0	0	1	0
0	0	0	0	2	1	4	7	7	13	5	73	405	34	16	11	28	102	57	40	22	25	73	26	12	3	1	1	2	1	0	0	5	0	2	4	16	30	23	94	42	25	139	63	30	23	11	87	38	22	14	15	15	16	145	33	20	45	69	0	96	31	18	76	12	35	26	32	10	17	3	8	1	6	26	12	7	9	5	7	14	13	1	3	5	15	4	1	3	1	2	6	0	7	2	7	6	5	1	10	12	12	8	2	10	15	10	2	3	4	2	2	1	1	1	0	1	0	2	2	2	0	3	4	1	5	4	0	2	1	1	0	4	3	6	4	4	1	7	2	7	2	1	1	2	2	1	2	1	1	2	0	4	0	2	2	0	2	3	1	0	0	1	0	0	1	1	1	2	2	2	0
0	0	0	2	0	2	6	12	11	6	6	29	48	32	19	12	23	185	35	19	10	13	24	39	14	2	1	1	1	0	0	1	1	2	1	4	31	14	22	31	16	6	34	125	57	31	52	52	66	19	13	19	9	17	200	101	80	98	39	96	0	65	73	61	21	22	40	41	11	12	5	3	5	4	17	10	3	3	7	7	10	11	9	4	12	21	7	2	2	2	2	0	2	5	1	4	5	10	2	6	15	9	5	7	3	14	6	5	1	4	0	1	0	0	2	4	2	4	5	1	1	4	2	4	1	7	4	2	1	1	2	0	0	0	0	3	2	4	5	7	5	3	1	1	2	1	3	5	0	1	1	1	0	0	0	2	0	1	2	1	1	1	1	1	1	0	1	1	1	1	1	0
0	0	0	1	2	3	6	6	4	3	5	13	23	27	21	15	27	78	16	12	8	17	35	29	20	9	4	2	2	0	1	1	0	3	7	5	11	15	6	13	8	8	15	167	90	25	41	22	94	50	50	48	18	27	103	36	29	28	16	31	65	0	83	25	6	6	28	20	6	9	3	1	1	4	8	12	12	8	10	12	27	17	7	6	23	42	11	5	6	4	3	2	8	4	3	7	7	4	6	14	20	19	9	3	15	18	14	2	1	4	1	3	3	7	1	3	1	3	3	3	2	3	7	1	3	11	2	6	2	1	3	4	7	2	3	3	3	6	11	4	8	1	3	1	2	2	4	2	0	0	1	3	2	1	1	2	4	4	0	2	1	1	0	2	2	1	3	2	3	1	3	0
0	0	0	2	3	3	0	7	5	5	7	16	16	17	11	10	17	30	12	9	6	10	9	27	20	9	3	3	1	1	0	1	0	4	1	7	24	12	10	13	8	9	8	52	652	119	94	17	54	21	10	10	3	13	33	76	122	40	19	18	73	83	0	23	10	10	32	27	7	10	3	5	3	4	6	11	9	6	5	5	26	16	5	6	20	38	9	1	3	3	0	4	2	5	4	2	9	4	6	3	14	16	5	4	7	12	6	4	5	1	0	0	1	0	2	2	2	2	5	5	1	3	7	7	2	8	2	3	4	4	1	0	1	1	3	3	3	8	12	6	4	4	4	1	3	1	6	1	1	0	1	3	0	3	1	1	4	1	1	1	3	2	0	0	0	5	1	0	1	0	0	0
0	0	0	0	1	1	3	12	24	13	12	35	49	34	14	6	9	45	19	19	7	7	50	211	40	9	2	5	2	0	1	1	2	2	3	9	30	36	23	26	19	13	80	45	17	22	38	2815	61	21	17	18	7	9	83	96	47	151	673	76	61	25	23	0	38	188	131	212	24	50	11	3	10	11	44	31	9	5	5	12	12	16	5	12	29	16	3	1	5	3	4	1	4	5	5	3	11	6	8	18	44	9	10	5	9	11	10	3	1	2	1	2	4	2	3	2	4	2	4	2	2	2	3	1	4	6	4	6	3	1	3	1	4	2	2	1	5	5	6	0	4	5	2	2	2	3	7	0	1	0	1	2	2	0	2	0	0	0	4	3	2	1	1	1	2	2	2	0	1	1	1	0
0	0	0	1	1	5	23	40	118	37	12	16	14	4	8	7	4	6	8	7	3	4	13	17	9	3	3	3	2	0	2	0	0	1	5	15	57	53	33	9	12	13	14	6	13	11	23	37	14	8	5	10	7	8	12	25	19	42	41	12	21	6	10	38	0	46	29	75	15	134	51	12	14	18	24	8	8	1	6	1	8	4	5	10	17	6	4	3	3	2	1	2	4	2	0	2	15	10	6	13	8	4	7	2	3	14	7	4	1	0	0	1	3	5	0	3	1	3	0	2	2	2	1	3	0	1	1	5	3	1	2	2	0	3	1	1	4	5	6	4	3	4	2	1	0	2	4	1	0	2	1	1	3	0	0	2	0	2	1	1	3	1	0	0	0	0	2	1	0	0	1	0
0	0	0	1	1	4	11	14	24	16	21	22	23	15	11	4	5	14	12	5	2	6	28	111	21	8	2	0	2	2	0	1	0	2	7	9	32	62	20	17	24	11	67	18	11	14	23	199	32	18	17	4	6	6	29	42	35	55	239	35	22	6	10	188	46	0	63	110	41	122	19	12	11	18	119	18	5	5	8	6	11	12	9	15	17	6	7	3	7	5	2	2	5	5	4	12	15	16	8	19	32	8	3	1	7	6	16	5	3	0	2	4	4	2	4	2	0	1	6	2	1	1	4	2	2	1	1	4	1	1	1	3	0	0	5	1	3	7	7	4	3	4	1	1	3	0	3	2	1	0	1	1	5	2	0	1	3	3	2	1	1	0	0	0	0	1	0	1	2	0	0	0
0	0	0	0	2	5	4	24	10	5	4	16	20	14	16	9	9	27	7	6	5	7	33	301	59	9	3	1	3	0	1	2	1	2	8	9	56	16	14	9	14	12	37	54	21	25	117	89	132	17	15	20	8	14	66	204	59	109	61	26	40	28	32	131	29	63	0	186	29	46	4	13	7	12	22	34	9	4	10	12	29	13	4	21	70	26	10	8	7	5	4	6	7	6	5	6	17	15	7	32	29	9	3	4	4	7	13	6	2	4	4	1	0	2	3	2	5	5	5	4	3	5	5	3	6	4	5	5	9	2	1	1	2	2	0	6	3	3	11	6	4	5	3	2	1	1	0	2	1	0	2	2	4	2	3	1	2	3	4	2	0	1	0	1	0	0	2	3	2	0	1	0
0	0	0	1	2	3	9	16	43	20	9	16	25	13	4	6	5	19	9	11	6	9	25	116	29	12	3	0	0	1	1	0	3	1	2	9	103	26	27	22	14	15	25	28	21	23	56	188	44	25	18	13	7	6	30	138	33	183	124	32	41	20	27	212	75	110	186	0	24	118	14	8	3	9	31	16	4	6	3	6	14	11	7	7	26	16	1	5	2	9	7	2	3	10	2	1	13	11	11	23	23	7	6	4	3	9	8	2	3	1	0	2	1	4	1	3	1	3	4	2	4	3	2	1	4	6	5	2	1	2	2	4	2	0	1	3	5	5	10	9	5	1	2	2	0	2	2	3	2	1	0	2	1	1	1	0	0	2	1	2	1	2	1	0	0	1	0	1	0	1	1	0
0	0	0	0	6	4	7	6	7	7	5	6	8	8	13	7	2	9	9	4	5	5	11	48	35	16	5	1	0	0	0	0	1	3	5	11	26	7	9	2	2	7	12	12	9	10	21	30	18	15	6	7	5	5	20	18	10	12	25	10	11	6	7	24	15	41	29	24	0	37	11	6	8	8	26	32	8	6	14	15	19	13	17	27	39	20	20	17	15	10	3	6	12	16	4	11	48	83	24	158	45	13	7	6	5	8	17	7	6	1	0	0	3	4	3	7	3	5	4	3	7	5	1	7	6	7	5	11	5	2	2	7	2	2	2	3	5	4	16	7	8	4	2	0	4	2	4	1	1	1	1	1	1	2	1	2	2	1	3	1	1	2	2	4	0	0	1	0	1	0	0	0
0	0	0	1	3	3	7	12	60	16	9	20	10	10	12	5	10	11	8	6	5	4	17	39	21	8	7	4	0	1	1	0	1	2	5	7	58	34	18	7	16	17	38	13	5	15	14	46	15	8	5	11	6	7	22	30	18	27	61	17	12	9	10	50	134	122	46	118	37	0	43	10	12	13	37	17	4	4	4	5	8	17	8	7	21	10	11	4	5	2	2	1	4	8	3	3	12	25	5	27	19	4	2	3	6	6	8	0	0	1	0	1	0	2	2	7	5	1	3	4	4	3	3	3	2	5	3	3	4	0	1	1	1	1	2	1	2	1	11	1	4	6	3	1	2	2	0	1	2	3	2	2	3	2	1	0	1	4	1	0	2	0	1	0	1	3	1	0	1	0	1	0
0	0	0	1	2	4	38	25	482	95	19	6	2	8	3	3	6	6	4	9	3	8	4	10	5	2	1	2	2	2	0	2	0	2	6	7	20	22	12	8	10	18	12	7	2	11	11	8	5	5	4	5	3	3	13	15	6	11	15	3	5	3	3	11	51	19	4	14	11	43	0	86	39	32	18	10	2	1	1	4	2	2	2	4	5	7	1	2	4	0	2	5	3	4	1	3	4	6	2	12	10	7	6	0	4	11	4	4	2	0	1	0	1	1	1	1	2	1	2	1	0	0	1	0	1	4	3	4	1	1	1	0	1	3	1	4	3	4	4	1	2	0	1	0	0	1	2	2	1	0	1	1	0	3	1	1	1	1	1	1	0	2	0	0	1	2	3	1	0	1	2	0
0	0	0	3	2	1	19	15	46	53	17	6	3	3	3	2	5	3	4	0	5	2	3	8	1	3	1	0	0	0	1	0	2	1	3	7	9	16	11	0	8	17	7	4	3	7	5	12	8	4	1	4	4	3	1	1	5	7	8	8	3	1	5	3	12	12	13	8	6	10	86	0	85	32	7	5	0	1	5	5	2	4	3	5	4	1	2	1	3	3	1	0	3	4	1	2	1	2	3	7	1	3	2	0	1	4	5	0	2	2	0	0	2	1	2	2	2	2	1	1	1	5	1	3	2	3	0	4	0	0	0	1	1	1	0	0	3	0	2	2	3	3	0	1	1	0	1	2	0	0	0	0	1	0	1	1	1	0	1	0	0	1	0	0	0	1	0	0	1	0	0	0
0	0	0	1	6	2	11	5	34	60	16	8	4	2	1	2	2	3	4	4	1	4	2	7	2	1	3	1	1	0	0	1	1	2	2	4	9	15	10	7	10	22	8	2	2	1	4	9	2	4	4	3	3	3	5	3	6	5	7	1	5	1	3	10	14	11	7	3	8	12	39	85	0	83	19	3	2	1	2	3	3	2	0	3	4	3	2	0	6	2	1	1	4	1	2	1	2	7	4	6	6	1	1	3	3	2	4	0	0	2	0	1	0	3	0	0	1	0	3	0	1	1	0	0	3	2	1	3	2	1	0	1	1	2	0	1	1	1	2	2	2	4	1	0	1	0	2	0	3	1	2	1	1	1	0	0	0	2	1	3	0	0	0	1	0	3	1	0	0	2	1	0
0	0	0	2	2	2	4	4	25	52	23	17	8	4	5	7	2	3	7	8	4	6	16	9	5	3	1	0	2	1	0	1	1	1	4	1	9	38	12	9	23	26	12	3	4	1	6	13	10	4	1	4	2	6	6	10	5	10	10	6	4	4	4	11	18	18	12	9	8	13	32	32	83	0	28	4	4	2	2	2	2	5	3	6	0	9	3	4	3	2	1	1	6	4	3	3	7	9	3	7	9	2	2	2	1	2	4	1	4	1	0	0	0	0	3	4	0	0	1	1	1	3	4	2	3	1	0	2	1	0	2	1	0	2	2	0	2	3	4	3	1	0	2	0	1	1	2	1	1	3	2	3	2	0	0	2	0	0	0	1	2	1	1	0	0	0	0	0	1	2	0	0
0	0	0	1	3	3	5	8	7	11	6	21	25	13	14	6	6	17	12	8	6	14	33	31	15	8	3	0	1	0	0	1	0	0	1	6	15	38	11	18	18	20	47	16	6	8	14	68	23	18	9	8	2	5	19	15	11	20	77	26	17	8	6	44	24	119	22	31	26	37	18	7	19	28	0	29	9	4	3	4	11	11	4	14	17	11	7	3	3	3	1	2	8	13	4	5	11	10	7	17	36	6	8	2	11	11	18	6	2	2	3	0	2	1	6	3	2	0	4	1	1	2	5	1	2	4	5	4	1	3	2	1	1	3	6	4	6	4	7	4	3	0	3	1	1	0	5	3	5	0	1	1	2	2	0	1	1	4	2	3	0	0	2	1	2	0	1	2	2	0	0	0
0	0	0	2	4	2	6	4	9	7	4	10	17	39	28	12	12	16	15	11	10	8	51	56	43	11	4	1	1	0	0	1	3	1	0	6	13	7	5	9	4	7	20	27	12	4	15	17	30	117	35	21	17	18	13	20	12	20	36	12	10	12	11	31	8	18	34	16	32	17	10	5	3	4	29	0	24	8	11	25	49	28	16	44	35	39	19	5	11	8	5	8	9	12	3	26	48	16	17	31	1108	35	19	5	14	72	82	9	10	2	4	1	2	4	9	8	2	5	11	4	6	8	9	2	5	4	5	18	2	2	3	8	6	3	2	4	7	8	15	13	5	2	5	3	2	4	8	6	3	0	8	4	3	3	0	2	0	6	4	3	2	1	1	0	1	4	1	2	0	2	0	0
0	0	0	0	1	0	4	0	2	0	0	3	6	22	27	19	9	8	9	9	3	9	18	9	11	6	3	2	3	2	0	1	0	0	3	0	7	4	1	7	3	8	6	12	5	3	9	7	10	38	49	27	21	34	8	3	3	7	11	7	3	12	9	9	8	5	9	4	8	4	2	0	2	4	9	24	0	57	85	20	34	26	12	30	15	22	34	11	10	16	11	10	14	10	13	27	11	4	7	7	16	100	22	9	34	148	57	21	9	5	1	3	5	7	20	11	6	8	9	9	13	20	17	7	1	13	6	19	20	8	4	7	7	5	7	18	32	14	14	12	16	20	5	5	8	5	8	10	3	6	6	8	9	1	3	3	5	9	10	5	2	3	2	4	1	1	1	1	1	0	1	0
0	0	0	0	1	1	2	1	7	0	1	1	7	12	6	8	4	4	4	1	6	6	8	2	10	14	3	1	2	2	1	1	1	3	2	2	2	3	1	3	2	0	3	7	8	8	8	1	9	17	24	13	14	15	12	2	3	4	7	9	3	8	6	5	1	5	4	6	6	4	1	1	1	2	4	8	57	0	79	24	23	19	8	13	2	17	22	6	10	15	9	10	5	8	5	6	8	6	5	7	8	18	11	9	9	16	8	9	4	2	4	1	2	6	8	14	7	20	17	11	17	21	67	9	4	14	12	26	24	3	7	9	14	10	10	10	27	24	6	21	20	10	12	8	1	3	5	7	4	9	3	5	7	7	4	4	7	6	8	4	13	3	1	2	4	5	3	4	1	0	1	0
0	0	0	0	2	2	2	3	2	0	1	2	8	11	9	12	4	5	2	1	3	5	9	7	10	10	3	3	2	0	2	2	1	1	4	2	6	6	4	3	3	3	7	8	5	2	11	3	9	10	20	6	8	12	6	10	2	3	4	5	7	10	5	5	6	8	10	3	14	4	1	5	2	2	3	11	85	79	0	48	37	32	19	37	7	19	43	19	14	20	20	13	17	8	6	16	15	7	4	13	14	22	7	5	16	32	21	10	7	3	3	3	5	8	24	21	15	22	31	14	28	51	82	17	20	43	13	69	34	11	10	13	17	10	7	32	172	35	20	64	49	31	9	9	4	6	9	7	7	7	7	6	10	4	4	4	7	12	11	9	6	4	4	2	5	2	4	1	2	2	2	0
0	0	0	1	4	1	1	3	4	2	2	1	5	7	8	7	3	8	1	3	3	4	7	12	25	19	6	2	1	0	2	0	0	5	4	6	0	2	4	3	2	1	2	4	7	2	8	4	6	15	13	5	16	13	6	6	10	3	3	7	7	12	5	12	1	6	12	6	15	5	4	5	3	2	4	25	20	24	48	0	30	65	149	150	18	27	2152	39	88	132	28	18	30	23	12	19	39	14	28	15	15	18	6	1	6	13	21	16	5	4	4	2	2	9	20	24	16	13	10	7	23	51	29	11	30	106	23	75	13	4	8	10	9	4	8	8	52	59	180	57	28	13	6	6	5	10	7	10	5	2	5	6	7	5	2	4	2	4	4	8	1	2	3	1	3	7	0	0	4	1	1	0
0	0	0	0	0	4	2	5	3	4	2	3	12	20	14	9	14	11	2	4	5	9	12	31	87	16	5	2	1	0	2	1	3	2	6	5	14	7	4	7	7	7	15	20	12	13	43	10	41	55	44	17	12	21	22	17	19	14	18	14	10	27	26	12	8	11	29	14	19	8	2	2	3	2	11	49	34	23	37	30	0	528	22	97	104	373	51	12	10	14	10	4	11	6	3	9	22	21	17	24	27	26	8	4	7	33	24	10	1	2	0	1	2	7	11	6	6	5	5	0	9	13	11	4	10	17	5	11	11	3	3	1	6	6	6	9	15	12	24	18	12	9	3	5	1	5	0	5	3	4	1	4	5	1	2	2	1	5	5	2	1	0	1	1	4	2	2	3	1	2	2	0
0	0	0	0	1	2	6	6	2	4	9	6	8	8	9	4	9	12	6	5	3	6	18	16	62	35	5	3	2	2	0	0	1	3	5	2	14	5	6	7	3	1	3	23	12	15	26	12	23	26	24	12	4	18	14	10	6	10	8	13	11	17	16	16	4	12	13	11	13	17	2	4	2	5	11	28	26	19	32	65	528	0	25	111	71	131	95	19	17	23	9	8	13	11	6	11	30	10	26	32	28	14	3	0	5	29	24	3	1	3	0	2	4	5	10	7	7	13	9	6	4	20	15	16	10	29	14	15	12	5	7	8	5	8	6	6	22	18	47	14	15	4	10	5	5	1	3	8	3	3	0	0	2	2	2	5	2	4	5	1	3	2	0	1	1	5	1	2	3	1	3	0
0	0	0	5	1	3	2	4	4	2	2	2	3	7	8	3	7	6	2	2	0	6	8	11	19	15	1	2	1	0	1	0	0	2	7	3	2	5	1	5	2	2	3	9	5	6	9	11	12	13	14	8	3	5	4	9	7	6	9	1	9	7	5	5	5	9	4	7	17	8	2	3	0	3	4	16	12	8	19	149	22	25	0	67	26	23	107	70	595	108	31	19	40	50	7	25	95	22	46	21	19	13	4	4	5	17	36	19	7	4	2	1	3	11	19	35	13	24	10	5	11	17	8	7	30	54	26	17	16	9	5	3	5	5	4	20	21	34	170	16	26	9	6	8	4	4	11	7	4	5	7	3	5	3	1	6	6	5	3	1	3	2	2	1	4	3	3	1	0	2	3	0
0	0	0	1	3	1	1	4	3	1	3	1	5	10	16	10	3	4	6	9	3	7	9	16	38	19	4	4	1	1	0	1	1	1	2	3	6	6	4	11	4	2	6	15	7	7	9	14	17	38	23	11	11	15	5	11	11	6	13	3	4	6	6	12	10	15	21	7	27	7	4	5	3	6	14	44	30	13	37	150	97	111	67	0	37	50	228	15	55	29	17	8	20	26	10	29	88	25	23	49	43	19	6	3	6	38	51	5	6	2	2	0	6	9	18	19	10	18	8	3	12	13	15	11	13	25	11	29	21	8	10	8	2	6	5	10	28	13	98	24	18	8	9	6	2	2	16	6	8	1	5	2	4	6	2	3	6	3	6	2	0	3	0	2	3	2	0	1	1	4	1	0
0	0	0	1	2	5	6	7	4	5	2	4	14	23	6	7	3	14	10	3	4	5	16	49	2441	24	6	3	2	1	3	1	0	4	5	14	20	8	8	11	4	5	12	22	12	16	50	10	66	31	11	11	10	11	20	44	36	22	12	5	12	23	20	29	17	17	70	26	39	21	5	4	4	0	17	35	15	2	7	18	104	71	26	37	0	70	26	4	10	13	12	7	13	7	5	13	31	27	25	77	24	15	10	6	4	19	15	8	1	1	2	1	1	2	12	5	4	5	5	1	8	8	11	4	6	7	9	9	4	5	2	2	8	2	3	6	9	12	33	7	4	4	9	1	1	5	5	2	2	1	1	2	2	2	0	2	4	4	2	4	3	2	1	0	1	3	2	0	4	1	1	0
0	0	0	2	1	3	1	6	8	3	6	10	10	14	15	18	13	15	7	3	4	8	30	29	61	23	6	1	0	2	0	2	0	2	6	6	17	9	6	7	4	4	15	30	26	24	35	21	68	72	72	20	7	25	23	14	24	6	11	15	21	42	38	16	6	6	26	16	20	10	7	1	3	9	11	39	22	17	19	27	373	131	23	50	70	0	26	6	14	8	4	4	9	7	4	7	19	14	12	20	31	22	17	6	16	38	25	6	3	4	0	2	1	3	4	7	8	5	6	7	7	14	15	6	4	9	6	9	8	6	1	3	3	1	2	8	9	12	22	6	9	5	2	1	2	2	3	3	0	5	8	2	7	0	4	2	1	6	4	5	2	2	1	3	5	2	0	3	1	0	1	0
0	0	0	2	1	1	3	3	1	2	3	3	7	7	3	5	5	3	5	5	2	2	3	13	34	21	5	3	0	1	1	0	1	2	4	5	4	3	3	2	5	1	7	2	6	3	14	8	12	23	12	8	7	11	8	9	9	6	7	4	7	11	9	3	4	7	10	1	20	11	1	2	2	3	7	19	34	22	43	2152	51	95	107	228	26	26	0	27	45	65	35	20	20	18	10	24	44	23	24	16	16	15	6	6	9	18	24	13	5	0	0	3	5	4	21	31	10	15	17	7	18	55	25	11	16	72	25	59	17	6	8	7	9	11	5	8	64	42	170	57	20	11	7	8	5	3	7	4	9	2	7	1	6	1	3	9	4	3	10	6	7	1	2	2	3	3	3	1	2	0	1	0
0	0	0	1	3	0	0	5	3	2	1	2	1	2	1	1	4	0	5	1	0	1	2	6	16	11	5	2	1	0	3	0	2	3	4	6	4	2	1	1	1	1	1	3	6	5	9	3	4	6	5	3	1	8	5	2	4	5	4	1	2	5	1	1	3	3	8	5	17	4	2	1	0	4	3	5	11	6	19	39	12	19	70	15	4	6	27	0	114	110	46	24	21	16	9	6	34	12	37	18	5	5	6	2	6	2	17	10	3	1	5	2	1	7	12	16	17	30	18	10	15	14	11	8	33	33	27	18	8	11	9	1	7	6	8	3	24	42	37	26	16	6	3	6	3	5	5	8	1	1	7	6	3	5	0	6	4	6	3	5	2	6	2	0	5	2	1	0	1	2	0	0
0	0	0	1	1	1	1	1	3	0	5	1	2	3	4	7	2	5	2	3	1	2	8	8	26	21	6	2	2	0	0	0	2	3	4	3	1	1	3	4	2	3	3	6	7	3	9	6	10	9	4	6	6	6	7	4	9	5	11	3	2	6	3	5	3	7	7	2	15	5	4	3	6	3	3	11	10	10	14	88	10	17	595	55	10	14	45	114	0	133	48	23	37	31	11	16	64	19	53	33	14	6	3	5	6	11	18	9	5	4	3	2	4	8	22	29	11	31	13	8	9	27	12	10	17	44	11	24	11	4	9	2	7	7	6	6	29	26	102	23	15	8	6	6	3	4	11	5	6	3	1	3	5	2	2	1	5	6	5	5	0	3	0	2	1	3	3	1	0	2	4	0
0	0	0	0	4	5	5	0	1	1	0	2	4	2	9	6	3	2	2	0	0	3	5	6	10	9	4	2	3	0	1	2	1	2	3	6	2	3	0	2	2	1	2	7	2	5	6	6	7	11	10	6	4	5	6	4	1	5	5	1	2	4	3	3	2	5	5	9	10	2	0	3	2	2	3	8	16	15	20	132	14	23	108	29	13	8	65	110	133	0	50	35	21	16	9	10	26	15	28	16	18	12	4	5	7	14	18	19	1	0	2	4	4	8	18	52	33	57	16	13	18	41	18	24	53	203	42	78	22	9	8	4	11	6	6	19	46	90	73	70	31	11	10	5	5	3	10	5	7	8	6	6	4	3	1	4	8	9	5	5	5	2	1	0	2	4	3	0	1	3	0	0
0	0	0	2	0	1	4	1	4	2	0	2	3	3	3	3	2	1	2	2	2	3	6	6	3	6	4	0	0	2	1	0	3	2	4	4	5	3	1	0	0	2	0	1	2	1	5	2	6	10	5	4	3	2	4	6	3	2	5	2	2	3	0	4	1	2	4	7	3	2	2	1	1	1	1	5	11	9	20	28	10	9	31	17	12	4	35	46	48	50	0	163	40	18	17	15	15	8	13	13	4	5	5	2	5	6	13	21	7	5	7	6	8	19	49	174	29	64	17	6	20	25	9	19	28	60	18	22	22	23	13	6	7	7	7	14	33	27	16	37	47	20	8	11	5	12	30	16	19	8	15	7	7	3	6	4	6	6	11	12	6	7	0	1	6	2	3	3	2	1	5	0
0	0	0	1	3	1	1	1	2	4	1	1	2	4	4	3	2	4	3	1	4	3	2	6	5	4	3	1	2	1	1	3	1	0	0	3	1	4	0	4	1	1	5	3	4	4	2	4	3	6	4	3	2	3	4	1	3	1	3	6	0	2	4	1	2	2	6	2	6	1	5	0	1	1	2	8	10	10	13	18	4	8	19	8	7	4	20	24	23	35	163	0	43	15	11	16	10	4	16	9	7	7	1	5	3	5	7	31	14	7	8	4	12	33	71	349	11	52	17	13	35	20	9	9	23	30	10	11	23	27	15	12	15	23	7	19	25	14	12	30	50	33	20	24	14	19	50	36	36	9	10	11	7	6	4	14	9	16	13	14	7	10	3	8	6	8	3	2	1	0	2	0
0	0	0	0	0	0	0	2	2	3	4	4	4	4	7	7	10	4	3	5	2	2	8	8	6	5	2	1	0	2	0	1	1	3	3	2	4	5	0	3	4	0	7	7	3	2	2	7	6	8	6	3	3	6	5	4	2	3	5	0	2	8	2	4	4	5	7	3	12	4	3	3	4	6	8	9	14	5	17	30	11	13	40	20	13	9	20	21	37	21	40	43	0	89	37	64	29	11	18	13	12	10	10	5	7	10	29	58	17	7	4	4	8	13	27	48	9	11	14	4	8	10	7	13	7	26	6	17	12	10	7	5	7	8	5	14	15	15	13	16	21	16	12	5	7	10	42	17	15	5	9	3	8	6	2	3	3	5	4	6	3	1	2	3	1	2	5	3	2	1	0	0
0	0	0	5	4	2	2	5	5	6	0	2	5	9	9	8	4	3	1	3	3	3	4	15	9	5	2	3	0	1	0	0	0	1	3	3	7	5	5	3	1	5	1	6	6	5	6	7	11	7	10	5	11	8	7	2	2	2	4	7	5	4	5	5	2	5	6	10	16	8	4	4	1	4	13	12	10	8	8	23	6	11	50	26	7	7	18	16	31	16	18	15	89	0	30	60	46	23	13	17	17	7	6	7	4	11	26	18	11	9	5	5	2	6	22	14	6	15	7	2	7	6	6	7	7	12	10	13	15	5	6	1	5	4	5	6	11	7	28	13	13	11	5	4	2	2	17	7	6	3	4	3	3	2	2	4	1	5	2	5	4	5	1	3	0	1	1	4	2	0	0	0
0	0	0	2	4	1	3	0	4	2	6	2	1	5	14	7	3	3	7	2	3	6	6	5	5	5	5	2	1	0	2	2	1	0	1	2	1	5	0	1	6	1	2	5	4	0	7	2	3	7	4	8	10	4	1	5	4	2	2	2	1	3	4	5	0	4	5	2	4	3	1	1	2	3	4	3	13	5	6	12	3	6	7	10	5	4	10	9	11	9	17	11	37	30	0	40	8	4	5	6	6	8	10	7	11	7	24	123	163	15	7	5	14	28	25	27	4	6	8	3	3	3	5	6	6	8	4	5	13	5	7	10	3	4	8	13	7	6	8	6	26	11	9	14	10	30	70	36	13	3	8	8	23	6	5	6	5	1	4	1	11	2	2	3	7	7	1	5	4	3	1	0
0	0	0	1	1	1	2	2	3	2	0	5	4	6	14	12	3	3	3	6	4	6	6	9	10	5	4	1	1	0	1	0	1	3	1	4	2	0	3	4	2	2	6	5	6	1	4	7	9	17	14	7	12	7	6	4	2	5	3	7	4	7	2	3	2	12	6	1	11	3	3	2	1	3	5	26	27	6	16	19	9	11	25	29	13	7	24	6	16	10	15	16	64	60	40	0	18	8	12	6	22	19	10	15	15	33	88	70	19	7	8	4	11	15	32	35	3	11	13	6	11	9	12	3	8	14	5	25	21	2	7	6	8	13	5	10	19	13	18	18	28	26	10	13	2	11	29	17	7	2	4	4	15	4	5	9	6	5	5	6	9	3	3	1	3	0	4	0	1	1	1	0
0	0	0	4	2	3	5	2	2	1	0	7	3	7	11	5	10	5	4	1	3	5	17	17	40	22	3	2	1	1	1	0	2	3	5	4	16	3	0	6	4	1	7	12	8	2	11	16	14	11	7	6	8	6	6	5	11	6	9	6	5	7	9	11	15	15	17	13	48	12	4	1	2	7	11	48	11	8	15	39	22	30	95	88	31	19	44	34	64	26	15	10	29	46	8	18	0	45	58	67	30	13	6	4	4	15	30	4	9	3	5	0	4	9	16	10	8	5	6	9	10	9	5	6	13	16	15	9	7	2	8	3	3	3	6	7	12	19	74	13	10	8	5	3	2	3	6	5	11	4	8	6	4	0	2	2	4	2	2	3	4	2	1	4	3	4	2	1	1	1	1	0
0	0	0	5	3	4	5	6	9	7	4	1	9	5	7	2	5	2	7	1	0	2	9	21	42	21	6	5	2	2	0	2	2	5	5	9	13	8	6	1	8	4	10	5	3	6	10	11	17	13	6	4	7	4	13	12	7	7	14	5	10	4	4	6	10	16	15	11	83	25	6	2	7	9	10	16	4	6	7	14	21	10	22	25	27	14	23	12	19	15	8	4	11	23	4	8	45	0	103	195	21	7	6	2	5	10	13	5	6	2	1	0	1	3	5	6	2	5	6	4	3	10	3	2	4	6	12	6	4	2	3	4	2	2	0	4	8	11	22	8	4	0	2	5	1	0	10	1	2	0	3	0	2	1	2	0	1	2	5	3	2	1	1	1	2	2	0	1	0	0	4	0
0	0	0	6	5	3	3	6	0	0	0	4	2	7	3	3	3	0	3	4	1	2	8	15	32	40	14	1	1	1	0	1	1	5	6	14	6	5	4	1	3	3	7	6	6	4	12	7	7	10	10	4	6	5	5	7	4	7	9	1	2	6	6	8	6	8	7	11	24	5	2	3	4	3	7	17	7	5	4	28	17	26	46	23	25	12	24	37	53	28	13	16	18	13	5	12	58	103	0	42	10	12	3	5	5	10	12	10	2	1	2	2	0	4	5	9	7	12	9	3	9	10	6	5	12	23	19	9	8	2	3	1	5	4	2	4	11	13	93	8	14	6	5	3	3	2	3	3	1	3	2	0	2	3	0	4	5	1	4	3	2	2	3	1	3	2	2	4	0	2	1	0
0	0	0	4	5	3	5	8	9	11	2	6	12	9	10	4	3	2	4	4	3	4	17	29	111	21	10	3	2	3	0	0	0	1	9	10	23	6	7	6	1	5	17	12	6	15	21	22	21	14	4	8	12	9	15	19	13	16	20	10	6	14	3	18	13	19	32	23	158	27	12	7	6	7	17	31	7	7	13	15	24	32	21	49	77	20	16	18	33	16	13	9	13	17	6	6	67	195	42	0	21	12	1	3	3	17	12	8	5	4	1	3	0	2	3	7	4	3	9	2	6	7	12	3	6	11	8	6	1	2	3	5	2	4	2	3	2	7	39	9	11	2	2	2	2	3	2	7	4	2	1	1	4	2	1	1	2	1	1	1	4	2	2	0	2	1	2	1	1	0	2	0
0	0	0	0	3	1	4	3	4	9	7	10	16	38	14	19	8	17	10	6	6	11	64	66	34	6	8	5	0	0	2	2	1	4	3	5	12	13	6	10	10	3	29	23	13	6	24	33	40	75	30	15	24	28	27	26	13	18	33	12	15	20	14	44	8	32	29	23	45	19	10	1	6	9	36	1108	16	8	14	15	27	28	19	43	24	31	16	5	14	18	4	7	12	17	6	22	30	21	10	21	0	24	7	5	14	50	53	11	3	3	0	1	1	5	5	2	2	4	8	3	5	6	7	3	4	6	3	5	10	1	5	5	6	1	5	7	11	8	12	10	8	5	4	1	1	5	6	6	3	0	2	3	4	3	2	3	2	2	1	2	1	0	1	4	1	1	2	1	1	2	1	0
0	0	0	2	2	2	0	2	5	4	6	8	14	46	106	38	20	7	7	11	10	16	31	17	12	5	5	1	2	1	0	0	0	2	1	2	8	4	1	8	3	1	10	19	11	5	9	17	19	78	62	41	108	75	16	4	5	9	10	12	9	19	16	9	4	8	9	7	13	4	7	3	1	2	6	35	100	18	22	18	26	14	13	19	15	22	15	5	6	12	5	7	10	7	8	19	13	7	12	12	24	0	55	12	87	233	67	19	8	5	6	4	4	5	15	9	2	4	6	1	9	8	11	2	4	8	7	7	17	2	5	3	7	8	7	12	11	7	11	7	12	11	3	8	3	7	6	5	7	1	3	4	5	3	1	9	6	2	6	4	2	1	2	2	4	3	4	5	3	1	1	0
0	0	0	1	2	1	2	0	0	2	3	5	8	19	45	74	16	6	4	11	13	23	12	5	6	2	4	2	0	1	1	0	2	0	1	2	1	3	1	6	3	5	7	14	2	0	5	4	8	16	22	23	71	27	14	5	0	7	4	8	5	9	5	10	7	3	3	6	7	2	6	2	1	2	8	19	22	11	7	6	8	3	4	6	10	17	6	6	3	4	5	1	10	6	10	10	6	6	3	1	7	55	0	49	1512	30	22	20	6	4	3	4	5	6	7	9	2	4	8	7	2	5	9	1	4	6	2	5	8	2	3	2	5	6	6	5	10	3	5	5	3	6	6	3	1	7	4	6	2	3	2	4	11	5	4	6	2	3	3	2	2	3	1	3	5	2	0	6	0	1	1	0
0	0	0	0	0	1	2	2	1	3	4	3	4	6	7	24	9	6	8	5	8	9	5	2	3	1	3	0	0	1	1	1	0	1	3	3	2	1	2	2	3	0	5	7	3	4	4	1	3	3	7	5	14	13	5	2	5	3	3	2	7	3	4	5	2	1	4	4	6	3	0	0	3	2	2	5	9	9	5	1	4	0	4	3	6	6	6	2	5	5	2	5	5	7	7	15	4	2	5	3	5	12	49	0	36	7	10	17	5	5	4	4	3	12	4	0	2	4	6	2	4	2	8	3	2	5	0	5	13	1	3	8	2	2	7	7	11	4	4	2	2	8	6	3	5	6	8	4	4	4	2	5	17	8	4	3	3	5	7	6	4	5	4	1	6	5	2	4	4	2	2	0
0	0	0	0	0	1	3	0	4	7	5	3	9	23	64	65	13	13	12	10	11	15	16	4	9	7	1	1	3	1	1	0	2	0	1	3	7	6	4	8	3	4	9	12	5	6	7	3	12	24	22	17	106	36	9	6	0	1	12	10	3	15	7	9	3	7	4	3	5	6	4	1	3	1	11	14	34	9	16	6	7	5	5	6	4	16	9	6	6	7	5	3	7	4	11	15	4	5	5	3	14	87	1512	36	0	42	19	11	9	2	3	4	4	9	3	8	5	6	3	0	6	6	4	2	5	6	0	5	1	3	2	5	4	5	7	7	6	3	5	4	7	9	4	5	6	4	6	3	3	6	3	2	8	5	5	1	7	3	5	3	5	0	2	0	4	3	1	3	1	0	0	0
0	0	0	1	2	1	3	6	5	7	3	0	11	32	43	21	11	10	7	4	6	13	31	19	20	9	3	0	1	1	1	1	2	1	4	4	9	9	2	12	4	2	11	15	11	4	5	10	22	170	106	41	46	53	18	13	3	10	17	15	14	18	12	11	14	6	7	9	8	6	11	4	2	2	11	72	148	16	32	13	33	29	17	38	19	38	18	2	11	14	6	5	10	11	7	33	15	10	10	17	50	233	30	7	42	0	102	13	5	4	3	2	2	11	11	10	7	8	4	4	7	10	11	7	3	13	7	14	3	6	5	2	7	2	2	8	21	9	15	13	11	9	8	9	2	4	3	2	4	9	5	2	3	4	4	1	0	7	6	3	3	2	1	2	2	2	0	3	1	1	1	0
0	0	0	1	1	1	4	6	5	0	4	8	10	20	33	11	6	13	13	4	10	10	19	20	18	4	1	2	2	0	0	1	0	3	4	6	7	8	1	3	5	3	8	14	11	1	5	14	16	52	32	18	23	20	6	12	4	5	13	10	6	14	6	10	7	16	13	8	17	8	4	5	4	4	18	82	57	8	21	21	24	24	36	51	15	25	24	17	18	18	13	7	29	26	24	88	30	13	12	12	53	67	22	10	19	102	0	19	4	9	4	2	2	9	16	16	4	5	9	5	9	11	13	7	5	18	4	11	10	6	5	4	4	4	4	8	21	12	21	11	24	12	3	9	2	7	9	7	2	2	1	5	7	3	5	4	3	1	5	0	7	3	0	4	6	1	4	6	3	2	2	0
0	0	0	0	1	0	2	5	4	2	1	0	6	7	4	6	0	6	7	4	3	1	1	5	9	5	1	0	0	0	0	1	1	0	3	1	2	1	3	3	2	5	2	6	3	3	3	6	2	10	8	5	8	5	4	9	1	3	4	2	5	2	4	3	4	5	6	2	7	0	4	0	0	1	6	9	21	9	10	16	10	3	19	5	8	6	13	10	9	19	21	31	58	18	123	70	4	5	10	8	11	19	20	17	11	13	19	0	37	11	7	7	12	55	60	29	17	16	9	2	18	8	10	7	8	27	3	10	21	11	18	4	9	16	20	24	28	10	14	10	38	51	10	18	15	31	72	51	9	5	11	10	19	8	6	10	5	6	14	16	9	8	4	6	5	2	4	3	3	2	1	0
0	0	0	0	1	2	0	3	0	1	1	1	4	4	4	2	2	2	2	4	4	1	4	4	6	2	0	2	1	0	0	0	0	1	2	3	3	4	1	0	5	3	1	4	4	1	2	3	4	8	2	5	3	6	2	0	2	3	2	3	1	1	5	1	1	3	2	3	6	0	2	2	0	4	2	10	9	4	7	5	1	1	7	6	1	3	5	3	5	1	7	14	17	11	163	19	9	6	2	5	3	8	6	5	9	5	4	37	0	43	16	6	14	21	14	19	4	5	7	3	7	2	1	6	4	2	5	3	7	6	6	2	6	7	7	9	7	6	10	13	5	15	12	7	8	24	33	24	9	7	5	8	18	8	7	6	3	2	3	10	3	4	2	4	5	4	2	8	2	0	4	0
0	0	0	1	0	1	2	0	2	2	0	1	4	1	2	3	1	2	1	5	1	1	5	3	1	2	1	0	1	1	0	0	0	0	1	0	1	0	2	0	1	0	5	0	0	1	3	3	1	4	4	2	2	4	2	2	0	2	4	4	4	4	1	2	0	0	4	1	1	1	0	2	2	1	2	2	5	2	3	4	2	3	4	2	1	4	0	1	4	0	5	7	7	9	15	7	3	2	1	4	3	5	4	5	2	4	9	11	43	0	47	11	23	8	4	6	0	4	4	2	5	4	4	4	3	5	1	3	10	5	5	7	3	4	5	6	5	3	1	4	8	10	2	5	16	31	9	25	2	8	2	7	13	6	6	7	7	3	10	7	6	3	2	3	7	4	4	3	3	1	3	0
0	0	0	3	0	2	4	0	0	1	1	3	1	2	3	3	1	2	4	1	0	2	0	1	2	1	3	3	2	0	2	1	0	0	0	0	0	1	0	3	1	0	0	0	3	1	1	1	1	2	3	1	0	1	2	2	2	1	1	2	0	1	0	1	0	2	4	0	0	0	1	0	0	0	3	4	1	4	3	4	0	0	2	2	2	0	0	5	3	2	7	8	4	5	7	8	5	1	2	1	0	6	3	4	3	3	4	7	16	47	0	45	92	12	4	7	3	1	3	3	7	2	3	4	3	4	0	3	1	7	8	4	9	10	8	6	2	2	2	1	8	5	5	16	24	40	13	18	10	14	6	11	10	16	14	19	7	8	9	6	6	7	10	7	12	5	9	6	6	2	3	0
0	0	0	0	0	0	1	2	1	1	1	3	1	1	0	1	1	1	1	2	0	1	1	2	0	0	1	1	0	1	1	0	0	3	0	1	0	0	1	1	0	1	0	1	0	0	3	3	1	3	1	2	3	1	2	2	2	1	1	2	1	3	0	2	1	4	1	2	0	1	0	0	1	0	0	1	3	1	3	2	1	2	1	0	1	2	3	2	2	4	6	4	4	5	5	4	0	0	2	3	1	4	4	4	4	2	2	7	6	11	45	0	65	14	4	7	4	6	4	6	5	4	2	5	2	3	0	2	5	14	7	6	4	8	11	7	3	2	7	2	5	6	4	11	36	27	7	13	13	25	13	21	15	32	67	47	19	10	6	23	17	17	11	13	28	13	8	7	6	6	5	0
0	0	0	2	0	1	0	0	1	0	1	0	1	2	0	1	1	1	1	4	3	1	1	6	1	2	1	0	1	0	1	0	1	0	1	1	4	1	0	5	0	1	2	4	0	2	2	1	2	3	7	2	2	2	0	5	2	2	1	1	0	3	1	4	3	4	0	1	3	0	1	2	0	0	2	2	5	2	5	2	2	4	3	6	1	1	5	1	4	4	8	12	8	2	14	11	4	1	0	0	1	4	5	3	4	2	2	12	14	23	92	65	0	53	8	12	4	9	4	4	10	3	3	8	4	2	3	6	6	11	12	9	6	17	20	12	6	7	2	7	12	12	9	27	85	121	27	63	26	25	13	21	26	15	24	62	12	17	12	23	21	11	1	12	21	14	8	6	5	1	0	0
0	0	0	1	0	0	2	0	0	3	1	0	3	4	5	4	4	2	1	1	1	8	0	4	6	1	2	0	0	0	0	2	1	0	0	2	2	0	0	2	0	1	2	2	3	3	5	4	6	3	5	2	4	2	2	2	2	2	3	1	0	7	0	2	5	2	2	4	4	2	1	1	3	0	1	4	7	6	8	9	7	5	11	9	2	3	4	7	8	8	19	33	13	6	28	15	9	3	4	2	5	5	6	12	9	11	9	55	21	8	12	14	53	0	38	38	8	18	17	9	23	9	10	12	10	9	7	12	31	30	31	12	7	29	24	31	17	15	6	18	26	50	20	56	44	69	55	391	69	17	16	25	30	15	14	45	21	17	5	40	18	9	3	6	16	12	3	9	7	2	8	0
0	0	0	0	0	0	0	2	1	3	3	2	3	7	6	12	4	5	1	1	1	4	5	0	11	9	2	2	1	0	0	2	0	2	0	1	4	2	2	4	0	2	4	2	3	1	5	4	2	7	8	9	5	7	2	7	1	3	3	1	2	1	2	3	0	4	3	1	3	2	1	2	0	3	6	9	20	8	24	20	11	10	19	18	12	4	21	12	22	18	49	71	27	22	25	32	16	5	5	3	5	15	7	4	3	11	16	60	14	4	4	4	8	38	0	192	21	45	24	10	44	15	12	20	19	40	7	24	125	26	25	13	15	21	21	69	67	10	12	56	384	90	13	31	14	18	42	30	34	5	7	7	14	6	1	14	8	18	11	15	10	9	4	4	9	7	5	2	1	2	0	0
0	0	0	0	2	2	3	2	3	1	0	0	1	3	5	8	4	4	1	1	3	5	5	6	9	5	4	2	1	0	1	1	0	0	2	4	3	6	1	2	2	0	2	6	1	3	5	7	9	5	7	3	3	5	4	5	3	1	5	0	4	3	2	2	3	2	2	3	7	7	1	2	0	4	3	8	11	14	21	24	6	7	35	19	5	7	31	16	29	52	174	349	48	14	27	35	10	6	9	7	2	9	9	0	8	10	16	29	19	6	7	7	12	38	192	0	23	53	20	10	30	17	10	20	25	73	14	24	47	22	14	11	12	21	15	29	34	22	20	51	119	26	11	19	6	14	32	17	28	9	16	4	10	7	6	10	7	19	17	11	13	4	5	3	9	7	6	5	3	2	0	0
0	0	0	1	0	0	0	0	1	0	3	3	0	1	2	5	4	3	1	2	2	4	2	4	6	6	6	4	3	1	0	1	0	2	0	6	6	3	0	3	0	1	3	4	1	1	4	2	3	2	3	2	7	7	4	1	3	0	1	1	2	1	2	4	1	0	5	1	3	5	2	2	1	0	2	2	6	7	15	16	6	7	13	10	4	8	10	17	11	33	29	11	9	6	4	3	8	2	7	4	2	2	2	2	5	7	4	17	4	0	3	4	4	8	21	23	0	95	74	48	64	43	13	181	167	38	31	38	16	30	19	11	26	17	10	11	27	38	10	28	26	9	10	16	5	4	11	5	15	6	6	6	4	5	2	9	9	24	10	8	6	3	2	2	6	4	3	4	7	0	3	0
0	0	0	0	1	1	2	4	2	3	1	5	4	3	5	5	2	2	3	7	1	2	4	2	4	15	2	1	0	2	1	3	1	4	2	4	4	3	1	1	0	1	0	4	2	1	4	4	6	6	6	3	4	3	5	2	7	1	3	0	4	3	2	2	3	1	5	3	5	1	1	2	0	0	0	5	8	20	22	13	5	13	24	18	5	5	15	30	31	57	64	52	11	15	6	11	5	5	12	3	4	4	4	4	6	8	5	16	5	4	1	6	9	18	45	53	95	0	72	28	94	69	20	72	141	120	32	74	38	45	23	7	28	18	22	23	65	69	23	107	50	17	16	11	4	5	11	12	24	7	9	3	5	7	6	10	7	23	13	19	7	9	1	1	6	3	6	0	1	3	1	0
0	0	0	1	2	1	4	1	0	4	1	0	2	6	5	4	3	1	2	0	1	2	3	1	5	8	0	2	0	1	0	0	0	0	2	2	2	1	1	0	2	2	1	3	3	7	6	1	5	5	3	5	2	4	1	4	1	2	6	2	5	3	5	4	0	6	5	4	4	3	2	1	3	1	4	11	9	17	31	10	5	9	10	8	5	6	17	18	13	16	17	17	14	7	8	13	6	6	9	9	8	6	8	6	3	4	9	9	7	4	3	4	4	17	24	20	74	72	0	108	435	71	31	188	35	44	9	45	50	43	49	17	58	21	18	56	41	40	13	73	56	22	35	16	8	10	8	9	18	9	17	8	8	2	1	11	20	41	32	23	13	3	4	3	10	6	5	1	7	2	1	0
0	0	0	2	1	1	0	1	1	0	1	1	0	2	7	4	4	2	1	0	1	1	1	6	2	4	3	1	0	0	0	1	2	0	2	3	2	0	0	3	2	1	2	2	3	6	4	1	4	2	5	1	2	3	3	1	2	3	3	2	1	3	5	2	2	2	4	2	3	4	1	1	0	1	1	4	9	11	14	7	0	6	5	3	1	7	7	10	8	13	6	13	4	2	3	6	9	4	3	2	3	1	7	2	0	4	5	2	3	2	3	6	4	9	10	10	48	28	108	0	58	35	20	161	28	23	14	26	21	41	28	14	74	26	21	28	22	20	12	16	22	12	17	10	4	4	6	7	11	9	20	5	11	5	4	10	19	42	16	11	8	6	1	2	11	7	3	6	3	2	2	0
0	0	0	0	1	0	1	1	0	0	3	1	1	0	4	2	2	3	2	1	3	4	8	3	6	7	3	2	0	1	0	1	1	0	3	3	1	0	1	3	0	1	4	3	1	1	6	3	4	10	8	5	5	6	1	2	0	0	3	2	1	2	1	2	2	1	3	4	7	4	0	1	1	1	1	6	13	17	28	23	9	4	11	12	8	7	18	15	9	18	20	35	8	7	3	11	10	3	9	6	5	9	2	4	6	7	9	18	7	5	7	5	10	23	44	30	64	94	435	58	0	68	38	92	42	51	19	67	99	58	53	17	56	21	16	82	63	29	12	98	109	33	25	17	17	9	8	8	32	16	11	14	14	5	3	10	11	42	20	13	6	4	2	4	11	2	5	8	2	3	5	0
0	0	0	0	4	1	1	2	1	1	4	2	3	2	6	3	3	2	3	1	1	1	4	4	8	19	2	3	0	1	1	1	2	1	0	3	6	2	5	6	1	1	3	2	4	5	6	3	7	13	12	4	4	5	5	5	5	5	2	0	4	3	3	2	2	1	5	3	5	3	0	5	1	3	2	8	20	21	51	51	13	20	17	13	8	14	55	14	27	41	25	20	10	6	3	9	9	10	10	7	6	8	5	2	6	10	11	8	2	4	2	4	3	9	15	17	43	69	71	35	68	0	100	71	55	109	36	505	30	20	11	11	19	15	15	20	85	255	31	286	33	22	10	9	7	4	8	6	6	7	14	3	5	3	3	8	8	6	10	3	8	1	2	1	3	5	3	2	2	1	0	0
0	0	0	0	4	0	0	1	1	4	0	1	2	3	7	3	7	7	6	5	2	4	2	4	10	9	5	0	1	0	0	1	1	1	1	0	5	3	7	4	3	1	3	11	8	6	9	8	4	6	17	8	6	7	3	5	3	2	3	3	2	7	7	3	1	4	5	2	1	3	1	1	0	4	5	9	17	67	82	29	11	15	8	15	11	15	25	11	12	18	9	9	7	6	5	12	5	3	6	12	7	11	9	8	4	11	13	10	1	4	3	2	3	10	12	10	13	20	31	20	38	100	0	28	15	33	14	76	16	8	12	12	12	11	7	19	60	45	16	61	19	12	19	7	1	5	3	2	9	2	5	1	6	7	4	8	5	13	11	10	3	5	0	7	7	3	2	2	4	3	0	0
0	0	0	0	0	1	2	0	2	1	1	3	3	3	3	3	1	1	2	1	0	1	3	4	4	9	2	1	2	0	2	0	2	1	2	4	3	4	3	2	0	2	4	4	2	4	2	1	5	6	2	2	3	7	1	4	5	1	5	4	4	1	7	1	3	2	3	1	7	3	0	3	0	2	1	2	7	9	17	11	4	16	7	11	4	6	11	8	10	24	19	9	13	7	6	3	6	2	5	3	3	2	1	3	2	7	7	7	6	4	4	5	8	12	20	20	181	72	188	161	92	71	28	0	86	37	24	41	24	33	24	12	28	23	15	17	28	65	13	61	19	15	17	7	3	7	7	4	13	4	10	7	4	3	2	5	10	30	22	12	7	11	4	5	4	9	6	5	2	2	5	0
0	0	0	0	3	0	3	1	1	2	0	2	1	1	3	2	2	3	1	2	2	4	5	2	14	5	6	4	1	0	1	1	2	3	6	2	3	0	1	0	1	1	1	5	8	3	2	2	5	2	3	2	2	7	2	4	6	1	2	1	1	3	2	4	0	2	6	4	6	2	1	2	3	3	2	5	1	4	20	30	10	10	30	13	6	4	16	33	17	53	28	23	7	7	6	8	13	4	12	6	4	4	4	2	5	3	5	8	4	3	3	2	4	10	19	25	167	141	35	28	42	55	15	86	0	67	108	47	19	19	13	13	10	11	6	14	28	106	15	55	28	10	16	13	3	2	6	5	10	6	7	8	4	8	6	3	7	9	6	8	3	5	1	2	4	4	2	1	3	3	1	0
0	0	0	1	3	2	1	5	1	3	1	2	3	5	6	3	5	3	5	1	0	3	3	7	10	12	3	0	1	2	0	1	1	0	2	3	3	7	2	4	3	0	3	11	3	6	5	2	5	12	9	4	3	5	4	6	1	2	3	5	7	11	8	6	1	1	4	6	7	5	4	3	2	1	4	4	13	14	43	106	17	29	54	25	7	9	72	33	44	203	60	30	26	12	8	14	16	6	23	11	6	8	6	5	6	13	18	27	2	5	4	3	2	9	40	73	38	120	44	23	51	109	33	37	67	0	33	214	35	12	15	5	11	9	7	29	128	142	45	368	100	23	14	4	3	4	8	9	15	7	7	1	9	3	5	12	6	18	13	6	6	6	1	2	4	4	3	1	1	2	0	0
0	0	0	1	2	0	3	2	3	2	1	1	0	4	3	0	5	0	3	1	1	1	1	1	9	12	9	5	2	1	1	3	3	2	3	1	2	0	1	2	2	2	4	2	1	3	5	6	2	3	4	4	4	1	1	4	3	4	3	4	4	2	2	4	1	1	5	5	5	3	3	0	1	0	5	5	6	12	13	23	5	14	26	11	9	6	25	27	11	42	18	10	6	10	4	5	15	12	19	8	3	7	2	0	0	7	4	3	5	1	0	0	3	7	7	14	31	32	9	14	19	36	14	24	108	33	0	28	13	4	5	7	7	7	1	12	20	59	31	20	8	4	4	5	2	5	10	8	5	6	2	5	2	1	6	3	4	9	4	7	8	4	2	2	3	4	1	4	1	0	3	0
0	0	0	2	1	1	0	4	1	3	3	4	2	5	3	4	2	4	6	2	0	0	3	4	10	4	8	3	0	2	0	0	1	2	2	2	6	2	2	4	1	2	2	9	6	6	3	7	10	14	11	7	9	7	2	4	1	6	4	0	2	6	3	6	5	4	5	2	11	3	4	4	3	2	4	18	19	26	69	75	11	15	17	29	9	9	59	18	24	78	22	11	17	13	5	25	9	6	9	6	5	7	5	5	5	14	11	10	3	3	3	2	6	12	24	24	38	74	45	26	67	505	76	41	47	214	28	0	42	12	11	10	21	12	19	36	205	171	24	1159	62	13	6	7	7	6	11	9	10	7	8	7	5	3	2	2	4	11	8	9	6	3	0	1	6	4	4	1	1	2	3	0
0	0	0	0	1	1	2	1	2	0	0	1	4	3	16	6	3	5	2	2	2	2	3	4	5	4	1	0	0	0	1	0	0	1	1	1	2	0	2	2	0	5	2	6	5	0	2	0	6	8	12	4	6	3	3	2	4	3	2	2	1	2	4	3	3	1	9	1	5	4	1	0	2	1	1	2	20	24	34	13	11	12	16	21	4	8	17	8	11	22	22	23	12	15	13	21	7	4	8	1	10	17	8	13	1	3	10	21	7	10	1	5	6	31	125	47	16	38	50	21	99	30	16	24	19	35	13	42	0	30	61	31	42	38	40	1997	73	27	9	56	175	357	46	22	14	12	23	19	26	9	14	13	19	6	11	18	16	28	42	23	12	7	1	2	7	13	8	7	4	2	2	0
0	0	0	0	0	0	1	2	1	1	1	1	1	3	1	0	1	3	0	3	0	2	3	3	5	0	5	2	3	1	1	2	0	2	2	5	2	2	1	1	0	2	5	3	6	0	3	0	2	2	2	1	2	2	1	0	2	3	1	1	1	1	4	1	1	1	2	2	2	0	1	0	1	0	3	2	8	3	11	4	3	5	9	8	5	6	6	11	4	9	23	27	10	5	5	2	2	2	2	2	1	2	2	1	3	6	6	11	6	5	7	14	11	30	26	22	30	45	43	41	58	20	8	33	19	12	4	12	30	0	179	35	55	322	32	33	15	20	5	20	32	27	37	44	21	20	10	18	72	18	43	16	11	9	7	28	57	187	45	68	14	4	4	6	17	24	14	6	5	4	3	0
0	0	0	0	1	1	3	4	0	2	2	1	0	2	3	1	2	2	2	0	0	0	1	1	2	3	2	2	1	0	1	0	1	0	0	4	1	0	1	3	1	0	2	3	1	2	1	2	0	6	3	7	3	2	2	0	2	4	3	1	2	3	1	3	2	1	1	2	2	1	1	0	0	2	2	3	4	7	10	8	3	7	5	10	2	1	8	9	9	8	13	15	7	6	7	7	8	3	3	3	5	5	3	3	2	5	5	18	6	5	8	7	12	31	25	14	19	23	49	28	53	11	12	24	13	15	5	11	61	179	0	101	60	276	87	60	15	14	2	11	30	42	118	71	20	13	12	21	59	38	103	37	16	13	6	41	71	320	93	130	26	14	4	10	26	26	10	6	4	2	1	0
0	0	0	1	1	0	1	1	1	0	0	0	4	4	4	2	2	2	3	2	5	5	4	3	5	2	0	1	0	0	0	0	2	1	1	0	0	1	2	3	2	1	0	3	1	6	3	1	4	2	3	2	4	6	4	3	0	1	1	0	0	4	0	1	2	3	1	4	7	1	0	1	1	1	1	8	7	9	13	10	1	8	3	8	2	3	7	1	2	4	6	12	5	1	10	6	3	4	1	5	5	3	2	8	5	2	4	4	2	7	4	6	9	12	13	11	11	7	17	14	17	11	12	12	13	5	7	10	31	35	101	0	76	57	453	26	14	8	6	5	19	28	805	75	20	16	8	13	26	33	1244	43	24	12	16	22	49	74	668	94	61	25	8	19	22	72	15	4	5	3	3	0
0	0	0	0	1	1	1	3	0	2	1	2	4	2	3	3	1	1	2	3	3	4	7	4	3	5	2	3	0	0	2	1	0	1	1	2	2	0	2	0	3	2	0	3	4	5	0	1	6	1	1	2	4	4	3	3	2	2	0	4	0	7	1	4	0	0	2	2	2	1	1	1	1	0	1	6	7	14	17	9	6	5	5	2	8	3	9	7	7	11	7	15	7	5	3	8	3	2	5	2	6	7	5	2	4	7	4	9	6	3	9	4	6	7	15	12	26	28	58	74	56	19	12	28	10	11	7	21	42	55	60	76	0	30	41	41	20	10	4	14	23	27	86	29	15	8	7	12	9	12	54	9	13	7	4	12	11	81	92	35	13	11	7	6	11	17	6	4	5	1	0	0
0	0	0	0	0	0	1	0	2	1	0	0	0	6	3	2	1	0	2	2	0	2	6	3	3	2	2	3	2	2	0	2	1	2	1	1	1	1	2	0	3	1	2	1	2	0	5	1	2	6	2	4	2	4	2	0	2	1	4	3	0	2	1	2	3	0	2	0	2	1	3	1	2	2	3	3	5	10	10	4	6	8	5	6	2	1	11	6	7	6	7	23	8	4	4	13	3	2	4	4	1	8	6	2	5	2	4	16	7	4	10	8	17	29	21	21	17	18	21	26	21	15	11	23	11	9	7	12	38	322	276	57	30	0	48	28	9	12	10	18	18	22	44	62	24	20	15	23	100	37	61	34	9	12	12	43	114	211	39	131	21	22	2	5	23	28	12	7	5	5	5	0
0	0	0	0	0	0	1	1	1	0	0	1	1	0	1	2	4	2	0	3	2	1	4	1	2	4	2	1	2	0	0	1	0	0	1	4	2	2	0	2	4	4	0	3	4	1	1	3	4	0	3	3	2	4	1	3	3	2	3	6	0	3	3	2	1	5	0	1	2	2	1	0	0	2	6	2	7	10	7	8	6	6	4	5	3	2	5	8	6	6	7	7	5	5	8	5	6	0	2	2	5	7	6	7	7	2	4	20	7	5	8	11	20	24	21	15	10	22	18	21	16	15	7	15	6	7	1	19	40	32	87	453	41	48	0	54	15	13	6	11	21	42	652	113	26	19	7	18	30	17	266	47	27	24	10	28	34	62	383	124	75	21	8	11	35	31	21	6	6	5	2	0
0	0	0	4	0	1	1	2	0	2	1	2	1	4	4	6	2	3	4	2	3	2	3	5	4	5	2	3	0	0	1	0	1	3	1	1	1	3	3	3	0	0	3	0	2	2	1	1	3	4	10	4	9	7	3	2	2	3	4	4	3	3	3	1	1	1	6	3	3	1	4	0	1	0	4	4	18	10	32	8	9	6	20	10	6	8	8	3	6	19	14	19	14	6	13	10	7	4	4	3	7	12	5	7	7	8	8	24	9	6	6	7	12	31	69	29	11	23	56	28	82	20	19	17	14	29	12	36	1997	33	60	26	41	28	54	0	54	20	10	39	109	503	51	50	13	12	13	23	26	18	26	19	28	9	4	17	12	50	47	32	19	10	5	4	10	18	4	8	1	3	1	0
0	0	0	2	0	0	0	3	1	3	2	3	4	3	4	8	1	2	3	3	3	4	4	9	5	14	4	3	0	1	0	0	1	0	2	2	4	1	0	2	1	1	5	8	4	4	6	4	6	15	15	10	7	11	8	3	6	5	1	4	2	3	3	5	4	3	3	5	5	2	3	3	1	2	6	7	32	27	172	52	15	22	21	28	9	9	64	24	29	46	33	25	15	11	7	19	12	8	11	2	11	11	10	11	6	21	21	28	7	5	2	3	6	17	67	34	27	65	41	22	63	85	60	28	28	128	20	205	73	15	15	14	20	9	15	54	0	48	16	243	214	49	14	15	12	9	8	10	14	11	8	4	5	5	5	6	8	10	10	14	11	6	1	0	9	1	3	3	4	4	4	0
0	0	0	0	0	0	2	2	1	0	2	1	4	3	7	3	6	6	3	0	1	4	3	6	12	17	6	5	1	1	1	0	2	2	3	3	3	1	1	1	2	2	7	2	2	3	9	2	14	9	9	9	6	6	2	4	4	3	1	1	4	6	8	5	5	7	3	5	4	1	4	0	1	3	4	8	14	24	35	59	12	18	34	13	12	12	42	42	26	90	27	14	15	7	6	13	19	11	13	7	8	7	3	4	3	9	12	10	6	3	2	2	7	15	10	22	38	69	40	20	29	255	45	65	106	142	59	171	27	20	14	8	10	12	13	20	48	0	53	143	37	9	6	7	5	4	6	12	15	4	11	3	7	2	5	2	8	8	5	7	2	2	2	2	4	4	3	2	0	0	0	0
0	0	0	3	2	1	1	4	4	3	2	0	4	5	6	6	6	2	6	2	2	1	14	11	30	31	5	4	1	1	1	0	0	3	7	8	6	6	1	3	2	1	8	9	4	4	13	4	14	10	13	7	6	10	10	4	11	7	4	7	5	11	12	6	6	7	11	10	16	11	4	2	2	4	7	15	14	6	20	180	24	47	170	98	33	22	170	37	102	73	16	12	13	28	8	18	74	22	93	39	12	11	5	4	5	15	21	14	10	1	2	7	2	6	12	20	10	23	13	12	12	31	16	13	15	45	31	24	9	5	2	6	4	10	6	10	16	53	0	35	23	6	6	6	6	6	7	3	6	3	2	5	7	1	2	2	3	6	6	2	1	1	1	0	2	4	4	3	0	0	2	0
0	0	0	1	3	1	1	0	1	1	2	1	3	6	7	6	5	3	5	5	1	1	0	4	9	10	2	3	0	2	0	0	3	2	1	5	3	2	3	4	1	1	3	3	5	3	3	5	7	8	10	2	6	5	0	0	3	3	1	2	7	4	6	0	4	4	6	9	7	1	1	2	2	3	4	13	12	21	64	57	18	14	16	24	7	6	57	26	23	70	37	30	16	13	6	18	13	8	8	9	10	7	5	2	4	13	11	10	13	4	1	2	7	18	56	51	28	107	73	16	98	286	61	61	55	368	20	1159	56	20	11	5	14	18	11	39	243	143	35	0	110	18	14	16	2	2	9	11	8	5	7	4	6	7	4	9	9	12	10	13	9	1	2	2	7	7	3	3	1	0	1	0
0	0	0	2	0	2	3	1	4	2	1	1	5	6	8	4	1	4	4	2	2	2	7	7	8	7	5	1	0	1	0	1	1	0	1	2	5	1	1	5	1	4	7	4	2	1	2	3	4	4	11	8	6	6	4	1	2	4	6	7	5	8	4	4	3	3	4	5	8	4	2	3	2	1	3	5	16	20	49	28	12	15	26	18	4	9	20	16	15	31	47	50	21	13	26	28	10	4	14	11	8	12	3	2	7	11	24	38	5	8	8	5	12	26	384	119	26	50	56	22	109	33	19	19	28	100	8	62	175	32	30	19	23	18	21	109	214	37	23	110	0	77	12	21	13	13	26	33	22	6	19	11	8	11	3	10	8	20	17	18	10	5	5	5	9	7	3	7	3	1	5	0
0	0	0	1	0	0	0	2	1	2	1	2	2	5	1	9	6	5	1	4	2	3	5	5	3	3	0	3	1	0	1	1	0	1	1	2	2	2	2	4	1	2	6	5	1	0	2	3	4	7	3	4	8	8	4	5	4	3	5	2	3	1	4	5	4	4	5	1	4	6	0	3	4	0	0	2	20	10	31	13	9	4	9	8	4	5	11	6	8	11	20	33	16	11	11	26	8	0	6	2	5	11	6	8	9	9	12	51	15	10	5	6	12	50	90	26	9	17	22	12	33	22	12	15	10	23	4	13	357	27	42	28	27	22	42	503	49	9	6	18	77	0	44	50	18	20	13	29	21	15	30	18	32	11	11	18	12	23	43	26	12	6	1	7	12	15	2	7	2	2	2	0
0	0	0	1	0	0	1	3	0	2	0	1	1	1	0	1	5	1	2	1	2	3	3	2	5	2	1	2	0	0	0	2	0	0	0	1	1	0	0	2	3	3	0	2	2	2	3	0	3	5	3	4	3	3	0	2	5	4	1	1	1	3	4	2	2	1	3	2	2	3	1	0	1	2	3	5	5	12	9	6	3	10	6	9	9	2	7	3	6	10	8	20	12	5	9	10	5	2	5	2	4	3	6	6	4	8	3	10	12	2	5	4	9	20	13	11	10	16	35	17	25	10	19	17	16	14	4	6	46	37	118	805	86	44	652	51	14	6	6	14	12	44	0	62	18	10	11	21	25	24	316	30	28	16	16	15	47	63	4571	79	34	30	5	7	22	34	14	14	6	4	0	0
0	0	0	0	1	0	1	2	1	0	1	2	4	3	1	2	5	2	1	3	1	2	4	2	2	1	2	2	0	0	2	2	0	2	1	2	1	0	2	2	0	0	2	1	5	0	2	1	3	2	1	4	2	4	1	0	5	4	1	1	1	1	1	2	1	1	2	2	0	1	0	1	0	0	1	3	5	8	9	6	5	5	8	6	1	1	8	6	6	5	11	24	5	4	14	13	3	5	3	2	1	8	3	3	5	9	9	18	7	5	16	11	27	56	31	19	16	11	16	10	17	9	7	7	13	4	5	7	22	44	71	75	29	62	113	50	15	7	6	16	21	50	62	0	85	55	17	48	51	30	60	79	62	27	18	72	56	42	65	322	61	17	8	9	35	33	14	19	6	2	5	0
0	0	0	1	0	0	2	2	0	0	0	0	3	9	3	2	1	4	2	1	4	0	3	2	1	5	2	1	1	1	0	1	0	1	0	0	3	2	1	0	1	3	0	4	1	3	1	0	3	2	1	1	3	3	3	2	0	1	0	2	2	2	3	2	0	3	1	0	4	2	0	1	1	1	1	2	8	1	4	5	1	5	4	2	1	2	5	3	3	5	5	14	7	2	10	2	2	1	3	2	1	3	1	5	6	2	2	15	8	16	24	36	85	44	14	6	5	4	8	4	17	7	1	3	3	3	2	7	14	21	20	20	15	24	26	13	12	5	6	2	13	18	18	85	0	93	12	49	37	30	21	83	54	62	36	115	18	20	19	55	60	23	7	19	49	21	15	20	3	2	2	0
0	0	0	0	0	0	1	2	2	3	2	3	0	2	4	1	2	4	2	2	4	1	6	1	4	5	3	2	1	0	0	2	0	0	1	2	3	1	1	1	2	2	0	1	1	1	0	4	7	2	1	3	3	1	1	0	2	0	3	2	1	2	1	3	2	0	1	2	2	2	1	0	0	1	0	4	5	3	6	10	5	1	4	2	5	2	3	5	4	3	12	19	10	2	30	11	3	0	2	3	5	7	7	6	4	4	7	31	24	31	40	27	121	69	18	14	4	5	10	4	9	4	5	7	2	4	5	6	12	20	13	16	8	20	19	12	9	4	6	2	13	20	10	55	93	0	31	216	23	12	12	19	56	22	24	37	12	6	12	22	27	10	5	10	18	14	3	9	1	4	1	0
0	0	0	2	1	0	5	1	2	2	0	2	0	5	2	5	4	3	3	3	1	5	2	1	3	4	3	1	0	1	0	0	1	2	2	1	1	4	1	1	3	0	0	2	3	8	4	2	8	6	4	5	3	7	5	1	1	3	4	1	3	4	6	7	4	3	0	2	4	0	2	1	2	2	5	8	8	5	9	7	0	3	11	16	5	3	7	5	11	10	30	50	42	17	70	29	6	10	3	2	6	6	4	8	6	3	9	72	33	9	13	7	27	55	42	32	11	11	8	6	8	8	3	7	6	8	10	11	23	10	12	8	7	15	7	13	8	6	7	9	26	13	11	17	12	31	0	51	21	3	7	7	13	4	9	18	12	7	6	13	7	3	2	4	5	2	2	4	2	1	2	0
0	0	0	1	2	1	0	2	2	1	1	2	3	2	3	4	2	3	3	1	3	2	3	5	3	4	2	5	1	1	0	1	2	2	2	2	2	0	0	2	3	0	1	5	2	1	1	2	3	3	4	2	2	5	9	1	0	2	5	2	5	2	1	0	1	2	2	3	1	1	2	2	0	1	3	6	10	7	7	10	5	8	7	6	2	3	4	8	5	5	16	36	17	7	36	17	5	1	3	7	6	5	6	4	3	2	7	51	24	25	18	13	63	391	30	17	5	12	9	7	8	6	2	4	5	9	8	9	19	18	21	13	12	23	18	23	10	12	3	11	33	29	21	48	49	216	51	0	45	9	8	23	44	19	12	33	14	11	17	21	15	9	6	6	21	9	5	10	3	4	2	0
0	0	0	1	2	3	1	4	0	0	0	3	3	2	1	4	1	2	1	2	1	2	2	5	3	5	2	1	0	0	0	0	0	2	3	1	1	2	2	2	1	1	2	2	1	2	2	3	1	2	1	4	3	3	4	2	4	1	3	1	0	0	1	1	0	1	1	2	1	2	1	0	3	1	5	3	3	4	7	5	3	3	4	8	2	0	9	1	6	7	19	36	15	6	13	7	11	2	1	4	3	7	2	4	3	4	2	9	9	2	10	13	26	69	34	28	15	24	18	11	32	6	9	13	10	15	5	10	26	72	59	26	9	100	30	26	14	15	6	8	22	21	25	51	37	23	21	45	0	29	28	21	15	6	11	101	48	31	22	63	20	10	6	4	9	14	7	9	5	3	2	0
0	0	0	1	0	1	1	1	1	0	2	1	2	1	4	3	4	2	2	0	0	2	0	1	1	2	3	0	2	0	0	0	0	0	1	0	0	3	1	0	0	1	0	1	2	3	0	0	0	3	0	2	4	1	2	1	1	2	1	1	1	0	0	0	2	0	0	1	1	3	0	0	1	3	0	0	6	9	7	2	4	3	5	1	1	5	2	1	3	8	8	9	5	3	3	2	4	0	3	2	0	1	3	4	6	9	2	5	7	8	14	25	25	17	5	9	6	7	9	9	16	7	2	4	6	7	6	7	9	18	38	33	12	37	17	18	11	4	3	5	6	15	24	30	30	12	3	9	29	0	27	108	19	20	45	55	165	38	31	58	55	139	7	24	170	86	28	22	5	5	7	0
0	0	0	1	0	2	0	3	2	1	1	4	1	2	1	3	3	0	0	1	5	1	3	2	5	3	1	0	0	1	0	0	0	2	0	0	3	2	0	0	3	2	1	3	0	2	2	3	1	5	4	1	2	2	1	2	2	0	3	2	1	1	1	1	1	1	2	0	1	2	1	0	2	2	1	8	6	3	7	5	1	0	7	5	1	8	7	7	1	6	15	10	9	4	8	4	8	3	2	1	2	3	2	2	3	5	1	11	5	2	6	13	13	16	7	16	6	9	17	20	11	14	5	10	7	7	2	8	14	43	103	1244	54	61	266	26	8	11	2	7	19	30	316	60	21	12	7	8	28	27	0	55	23	9	15	30	92	128	292	104	57	43	10	9	31	72	12	10	6	6	3	0
0	0	0	0	0	2	0	2	0	2	2	0	0	1	1	0	4	1	2	1	2	1	1	0	0	0	1	0	3	1	1	0	1	0	3	1	2	2	0	1	1	2	0	1	3	1	2	0	1	3	3	1	1	0	1	0	1	0	1	0	1	3	3	2	1	1	2	2	1	2	1	0	1	3	1	4	8	5	6	6	4	0	3	2	2	2	1	6	3	6	7	11	3	3	8	4	6	0	0	1	3	4	4	5	2	2	5	10	8	7	11	21	21	25	7	4	6	3	8	5	14	3	1	7	8	1	5	7	13	16	37	43	9	34	47	19	4	3	5	4	11	18	30	79	83	19	7	23	21	108	55	0	41	52	48	44	45	18	34	114	643	85	6	26	212	91	37	34	8	5	2	0
0	0	0	0	0	2	1	1	1	0	0	1	4	4	3	5	4	1	1	2	1	2	2	4	3	1	5	0	1	0	0	0	1	0	0	0	1	1	3	0	0	2	5	4	1	2	3	3	2	3	7	4	3	6	2	3	0	1	2	4	0	2	0	2	3	5	4	1	1	3	0	1	1	2	2	3	9	7	10	7	5	2	5	4	2	7	6	3	5	4	7	7	8	3	23	15	4	2	2	4	4	5	11	17	8	3	7	19	18	13	10	15	26	30	14	10	4	5	8	11	14	5	6	4	4	9	2	5	19	11	16	24	13	9	27	28	5	7	7	6	8	32	28	62	54	56	13	44	15	19	23	41	0	33	6	20	11	16	21	36	22	17	4	6	17	14	6	14	5	4	2	0
0	0	0	2	1	1	1	0	4	1	0	1	1	2	1	1	5	1	0	3	1	2	0	2	2	2	1	2	0	2	1	0	0	1	2	1	0	0	3	2	2	1	3	0	2	3	1	4	2	4	1	2	0	2	3	1	1	0	0	0	0	1	3	0	0	2	2	1	2	2	3	0	1	0	2	3	1	7	4	5	1	2	3	6	2	0	1	5	2	3	3	6	6	2	6	4	0	1	3	2	3	3	5	8	5	4	3	8	8	6	16	32	15	15	6	7	5	7	2	5	5	3	7	3	8	3	1	3	6	9	13	12	7	12	24	9	5	2	1	7	11	11	16	27	62	22	4	19	6	20	9	52	33	0	44	19	17	7	13	22	73	21	9	33	47	23	14	57	12	11	7	0
0	0	0	0	2	1	0	2	2	0	0	1	0	6	5	3	3	0	0	0	3	1	0	1	1	3	2	1	1	0	0	0	0	0	2	1	1	2	1	0	1	2	3	3	1	0	1	0	1	0	1	3	2	1	1	2	1	1	1	2	0	1	1	2	0	0	3	1	1	1	1	1	0	0	0	0	3	4	4	2	2	2	1	2	0	4	3	0	2	1	6	4	2	2	5	5	2	2	0	1	2	1	4	4	5	4	5	6	7	6	14	67	24	14	1	6	2	6	1	4	3	3	4	2	6	5	6	2	11	7	6	16	4	12	10	4	5	5	2	4	3	11	16	18	36	24	9	12	11	45	15	48	6	44	0	34	17	10	15	23	35	35	28	74	65	24	25	42	14	7	5	0
0	0	0	0	0	0	1	1	1	0	0	1	3	1	3	2	1	1	0	1	2	1	3	3	3	1	3	0	0	0	0	0	1	1	3	0	2	0	0	2	1	0	1	1	0	2	2	3	2	6	3	2	4	3	3	0	0	1	3	2	2	2	1	0	2	1	1	0	2	0	1	1	0	2	1	2	3	4	4	4	2	5	6	3	2	2	9	6	1	4	4	14	3	4	6	9	2	0	4	1	3	9	6	3	1	1	4	10	6	7	19	47	62	45	14	10	9	10	11	10	10	8	8	5	3	12	3	2	18	28	41	22	12	43	28	17	6	2	2	9	10	18	15	72	115	37	18	33	101	55	30	44	20	19	34	0	56	27	27	82	32	21	8	13	40	23	13	15	5	2	8	0
0	0	0	2	2	0	0	1	0	0	0	0	0	4	1	2	2	2	1	1	3	0	1	1	3	2	1	2	0	0	0	2	0	0	2	1	2	1	0	4	1	1	2	3	1	0	0	2	2	2	2	0	3	0	0	1	2	2	1	0	0	4	4	0	0	3	2	0	2	1	1	1	0	0	1	0	5	7	7	2	1	2	6	6	4	1	4	4	5	8	6	9	3	1	5	6	4	1	5	2	2	6	2	3	7	0	3	5	3	7	7	19	12	21	8	7	9	7	20	19	11	8	5	10	7	6	4	4	16	57	71	49	11	114	34	12	8	8	3	9	8	12	47	56	18	12	12	14	48	165	92	45	11	17	17	56	0	103	44	117	44	58	6	10	49	56	14	12	3	5	5	0
0	0	0	0	0	1	0	0	1	3	1	3	1	1	1	2	1	1	1	2	2	1	2	4	5	4	1	1	0	1	0	0	2	1	1	1	0	1	1	1	1	2	1	0	1	0	4	1	2	1	3	2	2	2	3	2	1	2	1	2	1	4	1	0	2	3	3	2	1	4	1	0	2	0	4	6	9	6	12	4	5	4	5	3	4	6	3	6	6	9	6	16	5	5	1	5	2	2	1	1	2	2	3	5	3	7	1	6	2	3	8	10	17	17	18	19	24	23	41	42	42	6	13	30	9	18	9	11	28	187	320	74	81	211	62	50	10	8	6	12	20	23	63	42	20	6	7	11	31	38	128	18	16	7	10	27	103	0	79	90	23	27	9	13	22	27	5	7	0	1	5	0
0	0	0	0	0	1	0	0	4	0	0	2	2	5	1	6	4	2	5	1	2	5	3	1	2	1	1	0	0	0	0	0	0	1	2	1	1	2	4	2	0	1	3	0	3	0	3	1	3	2	6	5	3	5	1	6	1	1	2	3	2	0	1	4	1	2	4	1	3	1	1	1	1	0	2	4	10	8	11	4	5	5	3	6	2	4	10	3	5	5	11	13	4	2	4	5	2	5	4	1	1	6	3	7	5	6	5	14	3	10	9	6	12	5	11	17	10	13	32	16	20	10	11	22	6	13	4	8	42	45	93	668	92	39	383	47	10	5	6	10	17	43	4571	65	19	12	6	17	22	31	292	34	21	13	15	27	44	79	0	63	46	16	3	7	24	30	10	8	4	4	4	0
0	0	0	3	0	0	2	2	2	0	0	1	5	3	2	2	3	4	3	1	2	1	2	3	3	2	0	0	3	2	0	0	0	0	1	1	2	0	1	2	2	0	1	0	0	1	1	1	0	3	6	2	2	3	1	2	2	1	1	1	1	2	1	3	1	1	2	2	1	0	1	0	3	1	3	3	5	4	9	8	2	1	1	2	4	5	6	5	5	5	12	14	6	5	1	6	3	3	3	1	2	4	2	6	3	3	0	16	10	7	6	23	23	40	15	11	8	19	23	11	13	3	10	12	8	6	7	9	23	68	130	94	35	131	124	32	14	7	2	13	18	26	79	322	55	22	13	21	63	58	104	114	36	22	23	82	117	90	63	0	72	27	6	6	51	36	22	10	4	4	1	0
0	0	0	1	0	0	0	1	1	1	0	2	2	2	2	2	0	3	3	2	0	1	2	1	1	3	1	1	0	0	0	0	0	1	2	2	0	1	0	1	3	1	0	1	0	0	2	1	5	1	1	5	2	5	1	1	0	3	3	0	1	1	3	2	3	1	0	1	1	2	0	0	0	2	0	2	2	13	6	1	1	3	3	0	3	2	7	2	0	5	6	7	3	4	11	9	4	2	2	4	1	2	2	4	5	3	7	9	3	6	6	17	21	18	10	13	6	7	13	8	6	8	3	7	3	6	8	6	12	14	26	61	13	21	75	19	11	2	1	9	10	12	34	61	60	27	7	15	20	55	57	643	22	73	35	32	44	23	46	72	0	76	11	24	185	135	29	36	7	4	2	0
0	0	0	0	1	0	0	0	2	1	1	0	1	1	1	2	1	1	0	2	1	0	1	2	2	1	1	3	0	0	0	0	1	1	0	1	2	0	0	2	0	0	0	0	1	2	0	2	3	1	3	0	3	3	1	0	1	1	1	0	1	1	2	1	1	0	1	2	2	0	2	1	0	1	0	1	3	3	4	2	0	2	2	3	2	2	1	6	3	2	7	10	1	5	2	3	2	1	2	2	0	1	3	5	0	2	3	8	4	3	7	17	11	9	9	4	3	9	3	6	4	1	5	11	5	6	4	3	7	4	14	25	11	22	21	10	6	2	1	1	5	6	30	17	23	10	3	9	10	139	43	85	17	21	35	21	58	27	16	27	76	0	19	50	337	269	99	26	14	5	9	0
0	0	0	1	0	1	0	0	0	0	0	2	2	0	0	2	1	2	1	0	0	0	1	0	1	3	0	1	0	0	0	0	0	1	0	1	0	0	1	0	0	1	0	1	2	1	2	1	0	0	0	1	1	0	1	1	0	0	0	1	1	0	0	1	0	0	0	1	2	1	0	0	0	1	2	1	2	1	4	3	1	0	2	0	1	1	2	2	0	1	0	3	2	1	2	3	1	1	3	2	1	2	1	4	2	1	0	4	2	2	10	11	1	3	4	5	2	1	4	1	2	2	0	4	1	1	2	0	1	4	4	8	7	2	8	5	1	2	1	2	5	1	5	8	7	5	2	6	6	7	10	6	4	9	28	8	6	9	3	6	11	19	0	72	14	15	35	35	93	21	21	0
0	0	0	1	0	0	0	0	0	1	0	1	0	3	0	0	3	2	0	3	0	1	0	1	0	0	1	2	0	0	0	0	0	0	2	1	0	1	0	2	2	1	0	0	0	0	1	2	3	4	0	2	2	1	0	1	1	0	2	0	1	2	0	1	0	0	1	0	4	0	0	0	1	0	1	0	4	2	2	1	1	1	1	2	0	3	2	0	2	0	1	8	3	3	3	1	4	1	1	0	4	2	3	1	0	2	4	6	4	3	7	13	12	6	4	3	2	1	3	2	4	1	7	5	2	2	2	1	2	6	10	19	6	5	11	4	0	2	0	2	5	7	7	9	19	10	4	6	4	24	9	26	6	33	74	13	10	13	7	6	24	50	72	0	50	35	63	100	21	12	12	0
0	0	0	1	0	0	0	0	1	1	0	2	2	1	4	1	2	0	1	0	2	0	2	1	3	0	1	1	1	1	0	1	2	0	0	1	0	0	0	1	1	2	2	2	0	1	1	3	1	3	2	2	2	1	2	2	0	3	0	0	1	2	0	2	0	0	0	0	0	1	1	0	0	0	2	1	1	4	5	3	4	1	4	3	1	5	3	5	1	2	6	6	1	0	7	3	3	2	3	2	1	4	5	6	4	2	6	5	5	7	12	28	21	16	9	9	6	6	10	11	11	3	7	4	4	4	3	6	7	17	26	22	11	23	35	10	9	4	2	7	9	12	22	35	49	18	5	21	9	170	31	212	17	47	65	40	49	22	24	51	185	337	14	50	0	196	42	39	11	9	9	0
0	0	0	0	0	0	2	1	1	1	0	2	2	3	0	2	3	1	0	0	3	0	1	1	0	1	0	0	2	0	1	1	1	0	1	1	4	5	0	3	2	0	2	2	0	0	1	1	2	3	2	1	2	5	1	1	2	0	2	1	0	1	5	2	0	1	0	1	0	3	2	1	3	0	0	4	1	5	2	7	2	5	3	2	3	2	3	2	3	4	2	8	2	1	7	0	4	2	2	1	1	3	2	5	3	2	1	2	4	4	5	13	14	12	7	7	4	3	6	7	2	5	3	9	4	4	4	4	13	24	26	72	17	28	31	18	1	4	4	7	7	15	34	33	21	14	2	9	14	86	72	91	14	23	24	23	56	27	30	36	135	269	15	35	196	0	72	41	12	5	5	0
0	0	0	2	0	0	0	0	0	1	1	0	0	1	1	1	2	0	0	1	0	2	1	2	2	2	2	2	0	2	1	0	0	0	0	1	0	0	2	0	0	0	0	2	3	1	0	1	0	2	1	2	1	2	2	0	0	0	1	1	1	3	1	2	2	0	2	0	1	1	3	0	1	0	1	1	1	3	4	0	2	1	3	0	2	0	3	1	3	3	3	3	5	1	1	4	2	0	2	2	2	4	0	2	1	0	4	4	2	4	9	8	8	3	5	6	3	6	5	3	5	3	2	6	2	3	1	4	8	14	10	15	6	12	21	4	3	3	4	3	3	2	14	14	15	3	2	5	7	28	12	37	6	14	25	13	14	5	10	22	29	99	35	63	42	72	0	55	32	8	6	0
0	0	0	1	0	0	3	1	0	2	1	0	0	1	0	1	1	1	0	1	0	0	1	1	4	0	2	0	1	0	0	0	1	2	1	1	1	2	0	2	1	0	2	1	1	0	0	1	1	6	1	0	2	2	1	1	1	1	3	1	1	2	0	0	1	1	3	1	0	0	1	0	0	0	2	2	1	4	1	0	3	2	1	1	0	3	1	0	1	0	3	2	3	4	5	0	1	1	4	1	1	5	6	4	3	3	6	3	8	3	6	7	6	9	2	5	4	0	1	6	8	2	2	5	1	1	4	1	7	6	6	4	4	7	6	8	3	2	3	3	7	7	14	19	20	9	4	10	9	22	10	34	14	57	42	15	12	7	8	10	36	26	35	100	39	41	55	0	32	13	17	0
0	0	0	0	0	0	1	0	0	0	0	2	0	1	2	0	1	1	0	0	0	1	1	0	1	2	0	0	0	1	0	0	0	0	0	0	1	0	2	0	0	1	1	1	1	0	0	2	1	1	1	2	0	0	1	0	0	1	0	2	1	3	1	1	0	2	2	0	1	1	0	1	0	1	2	0	1	1	2	4	1	3	0	1	4	1	2	1	0	1	2	1	2	2	4	1	1	0	0	1	1	3	0	4	1	1	3	3	2	3	6	6	5	7	1	3	7	1	7	3	2	2	4	2	3	1	1	1	4	5	4	5	5	5	6	1	4	0	0	1	3	2	6	6	3	1	2	3	5	5	6	8	5	12	14	5	3	0	4	4	7	14	93	21	11	12	32	32	0	76	39	0
0	0	0	0	0	0	0	0	0	2	1	1	0	0	0	1	1	1	0	3	0	1	1	1	0	2	0	0	0	1	0	0	0	0	3	0	0	1	1	1	0	0	0	2	1	0	1	0	0	1	2	0	0	1	3	0	0	1	0	2	1	1	0	1	0	0	0	1	0	0	1	0	2	2	0	2	0	0	2	1	2	1	2	4	1	0	0	2	2	3	1	0	1	0	3	1	1	0	2	0	2	1	1	2	0	1	2	2	0	1	2	6	1	2	2	2	0	3	2	2	3	1	3	2	3	2	0	2	2	4	2	3	1	5	5	3	4	0	0	0	1	2	4	2	2	4	1	4	3	5	6	5	4	11	7	2	5	1	4	4	4	5	21	12	9	5	8	13	76	0	62	0
0	0	0	0	0	1	0	0	0	1	4	1	1	0	0	2	0	0	0	1	3	0	0	1	0	1	1	1	0	0	0	1	0	1	0	0	1	0	0	0	0	0	0	0	0	0	2	0	0	1	0	1	0	2	0	0	0	0	1	2	1	3	0	1	1	0	1	1	0	1	2	0	1	0	0	0	1	1	2	1	2	3	3	1	1	1	1	0	4	0	5	2	0	0	1	1	1	4	1	2	1	1	1	2	0	1	2	1	4	3	3	5	0	8	0	0	3	1	1	2	5	0	0	5	1	0	3	3	2	3	1	3	0	5	2	1	4	0	2	1	5	2	0	5	2	1	2	2	2	7	3	2	2	7	5	8	5	5	4	1	2	9	21	12	9	5	6	17	39	62	0	0
0	0	0	0	0	0	0	0	0	0	0	0	0	0	0	0	0	0	0	0	0	0	0	0	0	0	0	0	0	0	0	0	0	0	0	0	0	0	0	0	0	0	0	0	0	0	0	0	0	0	0	0	0	0	0	0	0	0	0	0	0	0	0	0	0	0	0	0	0	0	0	0	0	0	0	0	0	0	0	0	0	0	0	0	0	0	0	0	0	0	0	0	0	0	0	0	0	0	0	0	0	0	0	0	0	0	0	0	0	0	0	0	0	0	0	0	0	0	0	0	0	0	0	0	0	0	0	0	0	0	0	0	0	0	0	0	0	0	0	0	0	0	0	0	0	0	0	0	0	0	0	0	0	0	0	0	0	0	0	0	0	0	0	0	0	0	0	0	0	0	0	0
