0	0	0	0	0	0	0	0	0	0	0	0	0	0	0	0	0	0	0	0	0	0	0	0	0	0	0	0	0	0	0	0	0	0	0	0	0	0	0	0	0	0	0	0	0	0	0	0	0	0	0	0	0	0	0	0	0	0	0	0	0	0	0	0	0	0	0	0	0	0	0	0	0	0	0	0	0	0	0	0	0	0	0	0	0	0	0	0	0	0	0	0	0	0	0	0	0	0	0	0	0	0	0	0	0	0	0	0	0	0	0	0	0	0	0	0	0	0	0	0	0	0	0	0	0	0	0	0	0	0	0	0	0	0	0	0	0	0	0	0	0	0	0	0	0	0	0	0	0	0	0	0	0	0	0	0	0	0	0	0	0	0	0	0	0	0	0	0	0	0	0	0
0	0	0	0	0	0	0	0	0	0	0	0	0	0	0	0	0	0	0	0	0	0	0	0	0	0	0	0	0	0	0	0	0	0	0	0	0	0	0	0	0	0	0	0	0	0	0	0	0	0	0	0	0	0	0	0	0	0	0	0	0	0	0	0	0	0	0	0	0	0	0	0	0	0	0	0	0	0	0	0	0	0	0	0	0	0	0	0	0	0	0	0	0	0	0	0	0	0	0	0	0	0	0	0	0	0	0	0	0	0	0	0	0	0	0	0	0	0	0	0	0	0	0	0	0	0	0	0	0	0	0	0	0	0	0	0	0	0	0	0	0	0	0	0	0	0	0	0	0	0	0	0	0	0	0	0	0	0	0	0	0	0	0	0	0	0	0	0	0	0	0	0
0	0	0	0	0	0	0	0	0	0	0	0	0	0	0	0	0	0	0	0	0	0	0	0	0	0	0	0	0	0	0	0	0	0	0	0	0	0	0	0	0	0	0	0	0	0	0	0	0	0	0	0	0	0	0	0	0	0	0	0	0	0	0	0	0	0	0	0	0	0	0	0	0	0	0	0	0	0	0	0	0	0	0	0	0	0	0	0	0	0	0	0	0	0	0	0	0	0	0	0	0	0	0	0	0	0	0	0	0	0	0	0	0	0	0	0	0	0	0	0	0	0	0	0	0	0	0	0	0	0	0	0	0	0	0	0	0	0	0	0	0	0	0	0	0	0	0	0	0	0	0	0	0	0	0	0	0	0	0	0	0	0	0	0	0	0	0	0	0	0	0	0
0	0	0	0	126	22	10	3	2	2	4	6	5	4	6	12	8	13	18	6	6	6	3	7	4	6	7	6	7	8	17	23	19	12	8	2	2	3	1	1	0	0	5	2	3	6	1	1	0	3	3	2	5	5	2	7	5	4	3	5	3	8	3	0	5	4	1	8	5	4	7	5	4	7	15	8	8	1	3	3	0	5	1	2	3	3	4	2	2	1	0	1	3	2	1	0	5	5	3	3	1	1	1	4	0	0	0	0	1	2	0	0	1	2	1	0	0	1	0	2	1	2	0	1	2	1	1	0	0	4	0	1	3	3	0	0	0	0	1	0	0	1	3	1	0	0	0	0	1	1	0	3	4	2	2	2	2	0	0	1	2	0	0	2	0	0	1	0	0	0	0	0
0	0	0	126	0	48	10	11	5	8	2	3	7	7	8	14	24	8	19	5	5	6	6	8	7	3	13	1	4	21	26	20	10	26	13	2	5	3	3	3	5	6	5	7	3	4	4	6	2	4	1	3	1	6	7	7	4	8	6	7	6	6	11	3	3	4	4	6	3	8	2	11	7	4	19	8	7	8	8	7	6	3	4	5	4	2	7	1	0	0	1	5	0	3	0	1	2	1	2	4	0	2	2	0	3	1	0	2	4	2	4	0	0	1	5	2	1	0	1	2	3	0	1	0	0	2	0	0	1	1	1	0	1	1	1	1	0	0	0	3	2	1	0	0	2	0	1	1	1	1	3	1	2	3	1	2	2	2	0	0	2	1	0	2	1	2	1	0	0	1	0	0
0	0	0	22	48	0	24	13	6	7	7	8	6	12	5	8	14	35	18	6	9	8	11	7	9	16	26	19	20	74	18	14	10	28	17	10	5	2	0	3	5	3	6	6	3	5	5	7	5	4	1	1	3	6	7	7	6	9	5	3	3	6	5	9	4	5	5	11	2	2	11	10	6	6	38	18	11	9	4	9	8	9	8	3	4	6	8	4	3	2	1	4	1	4	3	3	1	7	1	1	3	0	1	3	3	2	4	0	2	6	2	3	1	0	4	0	3	1	1	3	1	2	1	1	1	2	0	3	1	1	1	1	1	1	2	0	0	0	4	0	1	4	0	2	1	2	1	2	1	2	2	1	4	2	3	1	2	3	0	1	1	1	0	3	0	1	0	4	0	3	0	0
0	0	0	10	10	24	0	41	19	35	9	12	7	13	7	11	15	14	14	10	10	5	14	17	30	58	115	45	20	19	4	5	6	11	15	3	8	4	2	1	5	6	10	17	12	7	8	7	3	3	5	2	3	7	20	16	24	10	2	2	3	5	4	7	2	8	8	15	7	8	10	15	44	97	217	22	14	8	8	5	9	5	4	10	11	11	6	7	6	6	2	2	1	5	1	7	5	1	6	8	8	1	1	3	1	1	3	5	4	4	5	1	2	2	3	1	1	3	0	2	0	2	2	1	3	3	0	0	1	3	2	3	1	2	0	1	1	0	3	4	0	2	5	3	2	0	0	3	7	0	1	5	9	5	8	5	7	1	4	1	0	1	0	1	0	3	2	2	1	0	2	0
0	0	0	3	11	13	41	0	60	64	15	4	4	6	5	7	6	9	9	5	7	8	8	8	17	21	20	33	16	5	2	2	1	6	6	9	7	3	4	4	12	8	16	16	15	12	6	2	4	5	0	2	2	8	9	12	23	11	4	3	3	1	5	6	6	8	6	6	8	1	3	6	47	140	34	6	6	3	2	3	15	11	6	9	11	25	29	11	6	7	6	4	3	7	4	3	4	5	7	7	6	8	3	3	8	5	2	2	5	7	3	5	4	6	3	2	2	4	3	3	1	2	1	0	0	2	3	4	5	3	2	7	2	5	0	3	3	1	1	2	2	2	4	3	2	2	3	0	4	5	3	5	8	9	12	7	7	4	1	1	0	2	0	3	2	2	3	0	1	2	0	0
0	0	0	2	5	6	19	60	0	92	23	5	0	3	1	5	4	4	5	8	6	7	11	6	12	21	18	9	8	9	3	4	1	4	2	3	8	6	2	4	5	12	55	30	19	11	7	4	3	3	4	2	1	6	11	19	26	4	4	4	2	2	3	3	4	10	11	8	6	7	5	4	47	67	10	7	5	7	6	7	21	11	9	12	18	37	25	13	12	2	7	3	6	5	4	4	9	15	15	32	13	6	3	3	4	2	7	8	8	11	5	3	4	7	8	5	2	5	2	4	3	4	2	4	1	6	1	2	3	3	4	4	3	8	1	7	5	6	0	3	3	6	7	5	4	1	0	3	3	12	14	18	14	21	25	13	17	5	12	4	1	2	4	3	3	5	1	6	4	1	1	0
0	0	0	2	8	7	35	64	92	0	45	17	6	6	2	4	15	10	13	7	11	10	14	37	50	70	31	17	6	9	3	3	3	5	3	5	2	6	4	6	12	17	41	72	19	12	9	13	9	2	2	6	10	7	14	58	45	20	5	2	7	8	4	10	10	9	16	12	2	10	8	11	51	91	17	13	9	8	5	12	20	21	17	17	21	19	15	27	6	3	4	6	9	8	6	8	4	9	9	18	15	15	8	6	1	7	4	5	8	8	6	5	2	8	5	2	2	2	5	4	2	2	2	1	2	3	0	2	3	7	4	3	0	3	4	4	2	3	1	1	2	10	7	4	3	5	3	6	7	5	5	11	28	20	13	12	9	8	6	4	3	3	3	1	3	3	3	4	3	0	2	0
0	0	0	4	2	7	9	15	23	45	0	56	7	2	7	11	14	16	13	26	14	13	52	39	44	32	10	6	5	4	1	4	2	10	2	6	10	9	11	13	52	52	32	100	47	29	41	21	21	13	6	6	15	39	27	167	46	34	16	7	6	8	8	27	20	42	36	13	11	12	14	16	24	20	14	15	14	7	9	21	59	157	74	116	42	18	21	22	15	4	8	3	9	10	18	20	13	14	13	19	20	30	18	7	8	2	8	13	12	11	8	6	3	3	13	6	7	8	7	4	2	3	7	4	2	3	1	6	3	5	5	2	1	7	1	4	2	3	3	5	5	9	9	3	4	4	6	4	5	12	4	19	33	29	20	13	18	7	6	6	1	1	2	2	10	4	7	5	6	1	1	0
0	0	0	6	3	8	12	4	5	17	56	0	16	23	14	8	20	19	18	37	29	44	65	24	12	24	15	8	2	7	8	1	4	4	11	6	14	7	10	19	58	26	12	24	16	36	79	38	30	11	17	19	51	227	80	47	32	190	46	11	11	3	17	62	83	54	29	30	30	30	30	27	7	6	11	22	99	34	40	137	167	71	92	175	23	9	9	13	12	9	9	10	7	19	16	16	13	6	6	7	9	14	9	10	5	2	1	4	4	8	8	5	2	5	4	4	6	5	2	9	7	3	1	5	2	2	1	5	2	6	2	2	3	1	0	0	2	1	2	2	3	4	4	2	2	4	3	3	2	4	3	1	15	12	5	7	10	6	6	1	0	2	1	10	7	5	3	1	2	4	1	0
0	0	0	5	7	6	7	4	0	6	7	16	0	425	73	26	16	19	14	24	21	30	12	7	15	7	4	6	3	7	7	12	29	25	30	12	5	7	2	7	15	7	5	6	5	11	12	7	6	11	15	7	17	20	33	5	10	36	30	11	15	21	21	19	14	11	10	20	24	31	78	57	14	7	14	25	52	81	103	23	20	7	9	10	6	6	8	4	4	7	3	3	4	6	4	2	5	2	4	4	5	4	6	0	4	2	4	1	5	2	2	2	4	5	4	3	2	1	3	2	1	2	4	1	3	0	0	0	1	1	2	2	3	1	1	2	2	0	3	1	3	1	2	1	0	1	1	1	2	2	4	1	4	3	4	0	3	2	1	2	1	1	2	2	2	2	1	1	0	0	0	0
0	0	0	4	7	12	13	6	3	6	2	23	425	0	140	48	35	26	15	19	24	32	14	10	14	15	15	7	8	7	5	13	36	29	17	6	8	4	3	6	9	9	5	4	7	5	9	11	10	15	14	6	7	21	21	13	19	38	49	19	41	24	31	32	14	7	7	14	9	26	40	36	11	5	11	36	59	40	101	36	25	4	11	15	13	3	5	1	5	4	0	7	1	5	7	5	6	3	4	7	2	5	1	2	1	4	3	5	4	1	1	1	1	0	3	4	3	2	4	3	6	2	4	3	1	0	3	1	2	1	0	2	1	0	4	0	0	2	1	1	0	1	0	3	3	1	1	0	2	3	1	4	2	1	5	3	4	2	4	3	1	1	0	3	3	2	0	1	1	0	1	0
0	0	0	6	8	5	7	5	1	2	7	14	73	140	0	98	24	30	19	39	20	38	14	6	11	4	11	5	1	5	5	25	99	26	12	7	0	6	5	1	8	4	3	2	6	7	5	3	12	6	6	5	6	14	11	9	10	23	33	29	58	46	53	28	15	8	5	10	11	9	16	29	7	4	11	26	40	16	34	15	10	7	7	11	4	4	0	5	5	2	6	1	5	8	5	4	2	6	3	1	0	4	4	4	1	2	3	2	3	6	1	2	0	2	2	2	1	2	2	1	2	5	2	2	0	1	3	2	1	0	2	1	0	1	0	1	3	3	3	1	1	1	0	0	2	3	1	0	1	0	2	0	6	0	4	0	2	5	3	1	1	1	1	1	0	1	0	1	0	0	0	0
0	0	0	12	14	8	11	7	5	4	11	8	26	48	98	0	119	73	38	94	60	86	13	26	24	19	14	5	6	6	5	6	49	34	16	12	3	7	2	1	5	6	4	5	7	5	9	7	7	5	7	7	5	16	23	14	5	22	30	18	37	49	103	23	12	7	6	6	8	11	18	19	2	13	14	38	31	12	23	31	11	7	11	14	8	5	4	1	8	2	4	3	5	3	1	5	6	3	1	2	3	3	4	3	5	1	2	2	5	5	0	1	4	1	2	1	4	5	3	2	1	2	1	5	0	0	0	0	0	2	1	1	2	1	2	2	0	0	2	3	2	1	2	1	1	4	0	1	3	1	2	2	5	2	5	4	1	5	1	0	3	2	1	1	0	2	3	3	2	0	1	0
0	0	0	8	24	14	15	6	4	15	14	20	16	35	24	119	0	620	102	97	49	37	29	39	23	24	23	14	11	15	12	11	13	32	19	7	7	2	4	1	6	5	3	14	6	3	8	5	2	6	2	2	7	11	26	23	12	37	12	10	18	17	24	16	16	5	9	8	6	10	14	26	14	14	22	75	26	17	24	14	20	15	10	4	10	4	5	7	3	1	3	2	6	2	3	0	5	3	1	1	3	3	6	3	3	1	2	2	3	1	1	6	0	3	5	2	2	3	5	1	4	5	0	2	1	1	1	3	3	1	3	1	1	4	1	0	1	0	2	1	1	7	0	6	5	1	2	5	2	3	3	5	7	5	4	3	3	3	2	2	1	0	0	1	1	0	1	0	0	1	1	0
0	0	0	13	8	35	14	9	4	10	16	19	19	26	30	73	620	0	126	117	59	41	47	49	50	54	24	14	7	11	6	9	14	20	9	7	7	10	5	1	14	8	9	11	4	5	9	8	14	7	4	7	7	15	36	28	18	31	18	10	8	15	32	18	19	8	10	10	5	7	12	20	17	13	27	79	48	14	12	16	22	21	18	8	8	4	6	5	3	2	0	4	5	3	3	8	4	6	3	3	7	4	5	2	5	1	3	1	7	6	4	2	2	1	2	3	1	2	0	0	2	2	5	1	0	0	1	3	0	3	1	3	2	1	3	2	2	1	1	2	1	5	1	4	1	1	3	3	0	4	2	6	5	0	5	7	7	1	5	4	2	1	4	1	1	3	2	2	1	3	3	0
0	0	0	18	19	18	14	9	5	13	13	18	14	15	19	38	102	126	0	67	61	33	32	33	39	21	14	7	5	6	7	4	15	12	6	6	3	4	3	6	4	4	6	13	7	5	6	7	2	4	5	0	11	6	12	21	11	18	16	6	17	18	31	14	9	6	7	3	5	7	14	8	7	11	15	15	13	7	9	22	18	10	7	11	6	6	4	3	2	4	2	4	1	6	3	3	4	6	5	1	3	2	4	5	1	0	0	6	3	3	2	1	0	2	2	1	0	1	0	3	2	3	2	0	0	0	1	3	1	2	1	3	2	2	1	0	3	1	1	2	1	2	1	1	0	4	1	0	5	1	3	0	5	4	4	1	4	4	1	2	0	1	1	2	3	2	0	0	2	0	2	0
0	0	0	6	5	6	10	5	8	7	26	37	24	19	39	94	97	117	67	0	346	293	79	41	34	22	14	7	5	9	5	8	22	15	9	15	8	4	6	5	16	7	2	9	11	11	9	9	8	8	6	9	10	17	34	22	13	47	28	24	23	29	63	52	37	9	8	9	7	11	22	13	15	8	19	48	44	16	25	29	23	25	19	14	13	5	5	2	6	4	3	7	4	3	7	6	4	4	6	3	12	6	8	1	5	2	1	2	0	3	0	1	2	3	3	0	1	4	1	1	2	3	3	0	2	0	2	2	1	5	7	2	3	5	2	2	3	2	1	4	3	7	3	2	4	2	1	0	3	2	3	4	4	7	6	4	4	1	2	1	1	1	2	4	3	2	0	0	2	2	0	0
0	0	0	6	5	9	10	7	6	11	14	29	21	24	20	60	49	59	61	346	0	263	68	37	34	19	12	3	3	9	8	11	13	13	5	6	5	2	3	11	17	4	3	6	6	5	8	11	11	6	5	3	8	20	19	20	7	34	37	17	28	33	87	46	43	8	5	8	6	8	18	15	15	7	8	24	23	11	20	26	17	25	21	17	14	5	3	4	6	3	3	3	6	8	11	5	1	1	1	1	5	4	5	0	2	3	5	5	3	5	2	1	1	1	1	1	5	1	3	3	4	0	4	7	3	1	3	1	2	0	1	1	1	3	0	2	0	3	2	4	1	3	3	1	5	3	3	2	5	4	5	3	10	7	3	6	2	3	2	3	1	2	0	1	5	3	2	1	1	1	1	0
0	0	0	6	6	8	5	8	7	10	13	44	30	32	38	86	37	41	33	293	263	0	68	32	23	16	17	6	6	5	6	6	16	13	4	6	3	5	4	5	15	8	6	7	5	10	15	19	12	10	9	11	8	22	34	18	9	47	88	23	38	42	164	122	56	15	3	10	8	9	19	13	6	3	11	20	36	18	38	62	23	17	29	17	15	5	6	9	4	1	1	3	5	10	5	3	4	9	6	6	5	7	4	1	1	2	5	5	7	5	1	2	2	1	4	6	1	2	1	1	8	3	6	1	1	3	0	1	4	2	2	2	1	3	2	1	2	2	3	3	5	1	2	3	2	4	2	1	2	1	1	2	9	4	2	5	5	2	4	2	1	1	0	1	1	2	1	1	2	1	2	0
0	0	0	3	6	11	14	8	11	14	52	65	12	14	14	13	29	47	32	79	68	68	0	120	102	32	18	7	2	4	12	2	4	8	4	9	7	9	3	14	16	14	8	13	19	10	17	16	9	11	9	9	13	17	51	85	24	99	27	13	12	13	17	35	49	14	12	11	7	15	9	24	16	7	12	18	51	10	12	28	48	117	67	38	15	12	7	8	5	4	4	6	5	8	9	12	3	7	5	5	5	14	8	12	6	3	3	7	9	8	1	1	2	2	1	4	3	6	4	5	4	6	6	5	2	2	2	0	0	1	2	2	1	5	1	2	2	1	3	3	5	6	5	8	2	0	4	4	3	3	5	4	18	9	9	1	5	2	2	1	7	1	2	3	5	2	2	3	0	5	4	0
0	0	0	7	8	7	17	8	6	37	39	24	7	10	6	26	39	49	33	41	37	32	120	0	623	105	19	10	10	5	7	3	4	8	8	3	5	7	2	7	13	13	14	17	8	8	7	8	9	6	4	2	8	11	28	106	21	30	17	8	9	8	19	18	18	15	8	22	6	7	14	10	17	20	19	20	18	6	12	12	22	59	27	22	12	5	6	8	3	9	6	1	4	1	6	9	7	8	3	1	15	8	5	6	7	4	2	5	6	7	3	1	1	0	2	11	2	6	3	3	2	2	2	5	2	0	0	2	2	8	5	2	2	3	3	1	1	0	2	3	3	4	6	6	3	3	6	4	3	3	2	3	16	15	13	3	7	6	5	3	2	3	0	1	7	2	1	6	1	2	2	0
0	0	0	4	7	9	30	17	12	50	44	12	15	14	11	24	23	50	39	34	34	23	102	623	0	173	31	12	8	6	1	3	9	12	5	5	11	6	3	4	11	16	16	32	8	15	15	6	7	5	5	5	4	16	45	118	28	36	10	11	6	8	7	12	19	11	13	12	12	7	13	8	28	22	26	31	26	11	12	19	27	47	23	21	19	3	9	4	5	9	5	3	5	7	5	7	4	10	6	4	5	13	7	5	7	3	2	4	2	8	5	4	2	2	6	1	2	4	5	1	5	3	0	2	1	3	3	2	2	2	6	4	3	3	3	4	0	3	1	2	6	4	3	4	4	3	1	6	3	4	2	4	20	12	7	3	7	1	7	3	1	1	2	4	3	5	2	1	2	2	2	0
0	0	0	6	3	16	58	21	21	70	32	24	7	15	4	19	24	54	21	22	19	16	32	105	173	0	64	16	11	11	6	6	11	7	11	10	17	6	2	1	9	7	11	29	14	16	6	5	4	3	4	4	4	15	43	67	30	28	9	8	3	5	9	11	11	7	8	11	6	13	6	11	34	41	45	33	23	12	6	17	30	24	16	10	25	11	7	8	8	4	4	2	8	4	5	6	6	5	5	6	9	12	2	5	4	1	2	3	5	4	5	1	3	6	2	2	4	4	1	4	2	3	4	0	1	0	2	2	5	2	2	5	3	1	0	4	2	1	3	1	2	4	2	0	6	0	1	2	4	1	2	3	9	12	9	7	4	5	3	3	0	0	2	2	1	4	2	5	5	0	2	0
0	0	0	7	13	26	115	20	18	31	10	15	4	15	11	14	23	24	14	14	12	17	18	19	31	64	0	62	17	14	15	5	4	15	24	14	7	6	7	6	6	13	15	15	13	14	11	6	5	5	5	5	8	7	37	26	27	34	7	2	2	5	10	6	8	16	14	19	9	11	13	30	88	103	369	51	16	11	8	9	24	7	8	12	19	10	13	6	4	3	3	3	10	4	5	4	10	7	7	1	3	5	3	1	2	1	4	2	0	6	0	6	5	3	4	0	2	3	3	4	0	4	4	4	0	1	0	2	1	3	2	3	0	1	2	0	0	1	4	3	4	0	3	5	2	1	3	5	2	3	6	5	7	7	3	2	7	4	5	1	4	0	1	4	4	1	1	1	0	1	0	0
0	0	0	6	1	19	45	33	9	17	6	8	6	7	5	5	14	14	7	7	3	6	7	10	12	16	62	0	57	27	6	5	3	14	21	21	16	5	4	1	5	9	13	12	11	11	4	8	4	2	3	2	6	7	18	6	20	14	6	5	2	0	3	7	3	3	12	13	8	10	18	18	50	47	66	19	9	8	5	3	16	6	5	6	22	11	10	6	6	5	2	4	2	3	0	2	1	8	3	5	4	5	0	7	5	4	1	3	1	5	1	3	3	5	5	2	0	3	3	3	3	2	0	0	2	0	2	0	1	0	4	3	4	1	1	1	1	3	1	2	1	1	5	0	2	4	2	4	4	3	5	2	6	9	3	5	4	1	0	0	0	1	0	1	4	2	1	1	1	1	0	0
0	0	0	7	4	20	20	16	8	6	5	2	3	8	1	6	11	7	5	5	3	6	2	10	8	11	17	57	0	77	17	8	1	10	22	11	7	5	3	3	1	6	5	7	8	8	5	2	5	2	0	2	2	5	9	9	7	4	3	3	2	1	1	3	3	4	3	6	11	6	6	13	16	14	20	19	8	8	2	4	8	5	2	4	1	4	7	6	5	0	1	3	1	0	2	5	7	5	4	4	4	1	1	3	1	2	1	1	2	4	3	1	1	4	1	4	2	3	2	3	2	1	0	0	0	0	1	1	2	1	0	1	0	1	1	1	3	0	0	1	0	1	4	0	2	1	0	0	1	0	2	2	2	3	4	3	1	2	4	3	1	0	0	1	1	0	2	1	0	0	0	0
0	0	0	8	21	74	19	5	9	9	4	7	7	7	5	6	15	11	6	9	9	5	4	5	6	11	14	27	77	0	46	14	12	14	27	10	6	4	1	0	4	3	5	9	3	7	2	3	4	6	5	1	2	4	7	6	8	7	4	4	4	3	2	7	1	4	5	9	9	9	7	15	16	13	29	20	4	7	8	2	5	2	5	6	3	1	3	3	3	3	0	0	2	4	4	1	1	3	1	6	2	3	0	1	1	3	2	1	5	1	2	1	1	2	2	1	0	3	2	0	2	3	1	2	1	1	1	1	2	2	0	1	3	0	0	0	2	1	1	2	0	5	0	2	1	0	0	1	2	2	3	1	6	2	2	0	2	0	0	0	3	1	1	2	1	2	2	1	3	1	0	0
0	0	0	17	26	18	4	2	3	3	1	8	7	5	5	5	12	6	7	5	8	6	12	7	1	6	15	6	17	46	0	45	18	30	15	9	3	5	1	0	4	3	4	4	3	3	4	2	5	4	3	0	4	5	5	6	3	5	2	2	0	4	2	1	4	3	3	5	3	3	7	5	6	6	16	12	2	7	7	3	5	5	3	1	4	1	3	3	1	0	0	2	0	2	4	1	2	4	3	4	3	2	0	1	0	2	0	2	2	2	1	2	2	2	1	2	4	0	1	0	2	0	1	0	1	1	1	1	4	2	1	1	1	1	2	0	2	0	0	0	2	1	1	1	2	0	1	0	0	1	1	2	1	2	2	4	2	1	2	0	1	0	1	0	1	0	2	0	0	1	1	0
0	0	0	23	20	14	5	2	4	3	4	1	12	13	25	6	11	9	4	8	11	6	2	3	3	6	5	5	8	14	45	0	35	57	22	8	7	3	2	0	1	1	5	5	3	4	4	2	2	6	3	5	0	4	8	5	5	8	5	2	13	12	7	6	2	2	5	3	6	5	11	9	3	5	7	18	9	5	12	5	7	4	2	6	3	1	5	2	2	1	1	4	0	1	1	6	4	2	1	1	1	4	1	0	0	2	4	2	2	1	1	2	2	1	3	3	0	2	2	0	1	2	0	1	0	3	2	1	1	2	0	1	0	2	0	0	1	2	2	2	0	2	1	1	1	0	2	0	2	1	0	3	5	2	0	0	1	3	2	3	0	0	1	0	0	2	0	1	2	1	0	0
0	0	0	19	10	10	6	1	1	3	2	4	29	36	99	49	13	14	15	22	13	16	4	4	9	11	4	3	1	12	18	35	0	29	17	9	4	2	0	1	2	2	5	2	3	6	1	4	7	5	6	8	6	9	11	6	6	10	12	18	14	20	27	10	6	9	2	5	8	5	9	13	7	5	9	16	15	3	19	9	12	4	9	2	4	3	3	3	1	3	2	1	2	1	3	1	4	2	2	1	4	4	0	1	4	0	3	1	0	2	0	2	0	2	4	2	2	1	0	1	0	0	1	1	1	0	0	0	1	0	0	0	1	1	2	1	0	1	0	4	1	2	2	1	1	1	0	1	0	1	1	3	3	3	2	0	2	2	3	1	2	0	1	2	0	3	1	0	0	0	0	0
0	0	0	12	26	28	11	6	4	5	10	4	25	29	26	34	32	20	12	15	13	13	8	8	12	7	15	14	10	14	30	57	29	0	64	8	10	2	2	3	4	2	3	5	6	4	2	8	5	2	3	0	5	10	15	6	8	19	6	7	15	7	7	10	5	8	6	6	3	10	16	26	4	8	18	45	14	14	18	13	16	10	6	11	4	5	4	4	4	3	1	4	4	3	2	1	5	4	3	4	2	2	1	3	2	2	0	1	3	6	2	2	3	0	2	2	1	0	4	3	2	3	2	1	1	0	0	1	1	4	0	3	3	2	3	1	0	1	0	0	1	3	1	2	2	1	0	1	3	1	0	1	6	1	3	0	7	0	1	1	2	0	2	3	3	0	2	4	2	1	0	0
0	0	0	8	13	17	15	6	2	3	2	11	30	17	12	16	19	9	6	9	5	4	4	8	5	11	24	21	22	27	15	22	17	64	0	39	11	8	3	2	5	6	8	11	5	2	4	7	7	1	8	3	6	9	18	7	7	9	6	4	5	2	7	10	8	8	8	13	9	18	26	41	17	7	27	47	23	21	12	13	7	2	6	7	8	7	4	6	5	4	3	3	3	4	0	3	5	4	3	2	4	4	2	2	3	0	2	1	2	5	2	0	3	1	6	4	1	3	3	1	2	1	2	1	0	2	1	1	0	5	2	2	1	0	0	1	1	2	0	2	3	1	1	1	1	1	0	2	0	2	1	2	3	1	1	2	3	0	1	1	1	0	0	1	2	1	2	1	0	0	0	0
0	0	0	2	2	10	3	9	3	5	6	6	12	6	7	12	7	7	6	15	6	6	9	3	5	10	14	21	11	10	9	8	9	8	39	0	32	9	7	6	7	6	5	7	11	20	6	8	6	5	3	2	10	12	14	2	15	14	5	7	2	4	5	8	6	2	12	24	17	24	21	33	18	2	19	17	8	22	11	9	6	5	4	6	18	15	5	9	5	10	5	3	11	2	4	5	8	7	4	8	12	5	2	2	1	0	0	1	0	3	0	5	5	3	2	1	2	4	3	4	0	2	2	2	2	1	0	4	2	3	3	3	0	0	2	1	0	0	0	3	1	3	2	1	0	3	1	1	3	4	2	2	2	2	0	0	1	1	3	1	1	1	2	0	1	3	2	0	1	2	0	0
0	0	0	2	5	5	8	7	8	2	10	14	5	8	0	3	7	7	3	8	5	3	7	5	11	17	7	16	7	6	3	7	4	10	11	32	0	40	15	20	19	25	18	10	35	98	8	12	11	9	9	11	11	35	19	12	26	12	8	3	6	4	3	8	6	30	77	100	73	67	22	18	18	3	7	9	20	14	19	8	29	17	7	14	51	22	19	32	23	11	9	18	17	24	9	18	54	38	15	5	6	6	6	5	3	5	4	8	7	6	2	3	3	6	11	10	7	9	5	6	4	1	3	1	3	2	1	0	4	3	2	2	1	5	4	3	0	0	1	3	2	5	5	6	7	1	3	2	4	4	3	4	5	4	4	6	9	4	2	3	1	0	2	2	2	4	2	0	0	3	1	0
0	0	0	3	3	2	4	3	6	6	9	7	7	4	6	7	2	10	4	4	2	5	9	7	6	6	6	5	5	4	5	3	2	2	8	9	40	0	148	55	43	37	15	16	46	43	27	9	17	21	3	11	18	21	9	5	17	11	7	4	2	2	4	5	5	37	59	21	31	12	7	15	10	11	2	6	9	8	7	9	14	7	14	22	26	31	21	35	184	56	25	24	42	48	10	54	201	115	41	11	19	13	13	8	5	3	5	3	9	9	7	2	10	23	25	14	11	12	13	13	9	6	4	4	6	3	3	8	7	6	5	5	4	2	6	3	2	1	4	8	6	5	5	8	7	3	6	2	3	2	5	5	16	6	8	15	12	3	6	4	2	1	0	3	3	5	2	2	2	2	0	0
0	0	0	1	3	0	2	4	2	4	11	10	2	3	5	2	4	5	3	6	3	4	3	2	3	2	7	4	3	1	1	2	0	2	3	7	15	148	0	57	22	28	12	6	33	21	16	14	12	15	8	13	12	8	3	10	12	7	2	3	1	2	4	5	5	33	26	14	18	10	8	5	7	6	0	2	7	11	2	6	9	4	6	15	11	16	15	18	79	142	56	62	80	51	16	35	84	34	22	8	6	14	7	11	11	7	3	6	4	14	8	3	5	11	35	14	16	18	19	14	9	10	4	5	6	3	6	5	6	7	6	3	1	0	1	1	5	7	1	6	8	11	0	5	5	7	6	1	5	4	3	5	5	3	8	18	12	5	3	2	3	0	2	3	1	3	7	4	4	1	0	0
0	0	0	1	3	3	1	4	4	6	13	19	7	6	1	1	1	1	6	5	11	5	14	7	4	1	6	1	3	0	0	0	1	3	2	6	20	55	57	0	56	39	16	11	33	18	33	19	24	26	14	13	20	11	10	13	5	7	4	2	1	1	4	7	10	38	22	15	20	10	4	11	4	5	6	4	6	8	9	9	5	11	8	24	11	10	10	17	143	339	33	49	84	61	35	314	58	30	45	15	24	39	26	19	9	5	5	4	13	19	15	5	5	12	42	41	23	32	29	18	13	17	6	6	7	10	7	9	5	7	8	7	4	0	8	9	4	5	6	11	10	14	9	8	8	6	4	3	9	7	6	10	7	7	15	17	16	4	4	1	2	4	4	3	6	5	5	4	2	4	2	0
0	0	0	0	5	5	5	12	5	12	52	58	15	9	8	5	6	14	4	16	17	15	16	13	11	9	6	5	1	4	4	1	2	4	5	7	19	43	22	56	0	137	19	38	56	43	373	71	40	33	6	14	34	37	26	28	36	29	12	6	6	3	7	18	19	450	79	17	29	20	13	13	13	5	5	9	22	18	14	24	51	41	44	136	46	20	20	21	59	26	14	19	24	52	31	101	29	25	35	10	29	34	20	9	6	5	6	6	18	13	8	4	4	12	17	13	5	12	18	14	8	9	6	2	1	2	5	9	7	4	5	5	0	4	2	0	4	4	0	9	10	8	5	5	3	4	3	4	4	5	9	10	7	14	11	13	10	13	5	3	3	5	0	6	6	5	3	1	0	4	2	0
0	0	0	0	6	3	6	8	12	17	52	26	7	9	4	6	5	8	4	7	4	8	14	13	16	7	13	9	6	3	3	1	2	2	6	6	25	37	28	39	137	0	59	74	292	55	58	17	21	8	9	7	17	27	11	20	36	20	12	3	4	4	5	12	15	118	105	18	19	17	8	10	19	13	10	10	14	10	14	8	32	26	24	74	96	45	20	41	54	25	13	14	21	26	12	74	37	42	46	27	26	27	24	9	12	5	6	5	14	17	8	3	11	11	23	12	9	10	8	9	9	4	4	3	6	5	4	3	8	6	6	6	5	2	5	2	2	3	4	4	5	8	10	8	6	3	3	7	7	13	5	6	12	13	21	23	13	9	8	8	3	2	2	6	8	6	5	6	2	0	1	0
0	0	0	5	5	6	10	16	55	41	32	12	5	5	3	4	3	9	6	2	3	6	8	14	16	11	15	13	5	5	4	5	5	3	8	5	18	15	12	16	19	59	0	146	139	53	17	11	11	7	3	6	8	9	19	37	75	19	7	5	2	4	5	3	4	17	50	31	18	23	7	15	46	20	20	13	17	12	6	9	23	20	15	21	102	284	97	80	29	7	2	11	9	16	8	13	20	44	33	24	37	6	14	8	4	5	4	2	11	12	8	4	3	4	7	4	10	5	8	3	7	2	2	2	7	4	4	4	4	7	6	3	1	3	3	1	1	3	1	4	5	6	6	10	3	2	2	4	4	6	11	16	17	19	24	15	17	13	10	2	0	2	3	3	9	6	3	4	5	3	2	0
0	0	0	2	7	6	17	16	30	72	100	24	6	4	2	5	14	11	13	9	6	7	13	17	32	29	15	12	7	9	4	5	2	5	11	7	10	16	6	11	38	74	146	0	86	34	22	19	7	7	3	4	12	19	28	71	91	22	8	3	5	6	10	8	13	25	27	23	15	16	7	10	35	29	17	16	12	8	9	16	39	40	20	44	84	46	22	27	16	12	9	1	9	12	10	13	12	25	18	28	27	25	12	9	2	8	4	9	12	13	6	8	4	2	10	5	8	3	7	5	5	4	4	3	5	0	0	4	10	5	5	4	5	4	0	1	0	3	2	4	4	10	13	7	3	4	3	3	5	8	9	11	23	31	26	12	13	12	8	2	1	2	0	2	5	5	3	2	1	2	2	0
0	0	0	3	3	3	12	15	19	19	47	16	5	7	6	7	6	4	7	11	6	5	19	8	8	14	13	11	8	3	3	3	3	6	5	11	35	46	33	33	56	292	139	86	0	117	38	7	12	10	12	6	14	18	23	29	65	15	6	2	2	4	7	7	5	56	184	35	33	24	16	11	31	15	10	7	14	12	9	11	35	17	15	38	209	126	55	66	60	22	8	14	14	25	8	39	42	79	42	18	30	24	19	7	9	8	5	4	5	14	8	7	7	13	5	7	8	6	11	7	6	6	9	7	1	4	1	7	5	6	3	5	2	2	4	2	1	0	2	3	4	6	7	8	5	2	4	5	2	4	4	12	14	16	10	22	17	9	7	4	0	1	1	2	4	7	5	1	3	3	2	0
0	0	0	6	4	5	7	12	11	12	29	36	11	5	7	5	3	5	5	11	5	10	10	8	15	16	14	11	8	7	3	4	6	4	2	20	98	43	21	18	43	55	53	34	117	0	34	21	29	13	11	13	28	58	41	23	63	22	10	3	5	6	6	12	16	85	539	196	76	84	25	27	29	16	8	13	29	23	19	16	80	19	16	66	189	25	23	29	26	19	8	13	5	35	13	23	69	46	16	11	16	9	8	3	7	6	0	3	10	9	3	1	1	8	9	5	6	7	9	5	9	1	6	6	1	2	2	4	4	6	1	7	4	1	0	0	2	2	2	5	8	6	4	2	6	3	2	2	2	4	6	10	8	7	8	12	13	6	2	5	1	1	1	2	3	1	5	2	1	0	1	0
0	0	0	1	4	5	8	6	7	9	41	79	12	9	5	9	8	9	6	9	8	15	17	7	15	6	11	4	5	2	4	4	1	2	4	6	8	27	16	33	373	58	17	22	38	34	0	181	66	28	17	17	46	72	11	26	25	35	20	10	9	5	8	20	34	215	30	25	26	18	22	16	8	10	3	7	19	14	14	31	37	44	89	142	25	9	5	7	24	22	13	17	20	51	33	70	19	15	14	14	22	38	20	15	7	8	5	14	7	13	5	6	1	7	7	7	6	8	7	12	9	6	12	6	2	2	4	3	3	7	7	7	4	1	2	9	4	3	1	5	6	7	4	6	6	9	2	10	4	7	6	9	11	12	8	12	6	9	10	7	1	3	4	7	6	1	3	5	1	1	2	0
0	0	0	1	6	7	7	2	4	13	21	38	7	11	3	7	5	8	7	9	11	19	16	8	6	5	6	8	2	3	2	2	4	8	7	8	12	9	14	19	71	17	11	19	7	21	181	0	370	63	30	28	112	43	18	10	13	23	24	9	15	9	12	30	44	76	24	11	16	14	19	8	4	6	6	6	15	15	15	32	17	21	51	62	17	7	6	8	14	26	18	14	20	38	75	35	17	13	12	4	8	22	22	11	5	12	6	6	8	9	1	5	3	7	10	12	8	10	11	19	11	10	8	9	5	1	4	1	3	2	0	5	1	6	5	5	1	2	4	6	6	9	0	4	4	9	4	1	1	2	3	5	6	6	12	7	11	4	2	4	3	3	3	3	5	4	2	3	3	3	1	0
0	0	0	0	2	5	3	4	3	9	21	30	6	10	12	7	2	14	2	8	11	12	9	9	7	4	5	4	5	4	5	2	7	5	7	6	11	17	12	24	40	21	11	7	12	29	66	370	0	168	48	90	543	54	14	10	12	20	27	9	11	7	12	20	40	50	18	14	29	26	17	12	5	8	7	8	12	16	27	32	16	15	26	26	16	8	11	11	20	18	27	25	30	59	45	21	15	12	9	7	8	15	14	7	5	3	2	8	2	6	4	5	7	5	7	8	10	9	13	15	14	6	9	3	1	2	2	4	3	7	4	2	1	3	5	0	3	3	4	10	2	7	2	7	6	9	2	5	3	3	6	0	12	3	4	6	5	3	6	5	3	3	2	1	6	2	3	3	6	0	2	0
0	0	0	3	4	4	3	5	3	2	13	11	11	15	6	5	6	7	4	8	6	10	11	6	5	3	5	2	2	6	4	6	5	2	1	5	9	21	15	26	33	8	7	7	10	13	28	63	168	0	81	281	115	25	6	8	5	11	14	10	10	9	5	12	11	32	26	15	29	14	19	8	8	4	1	7	13	17	13	21	9	7	15	18	16	5	2	12	16	21	59	38	47	89	39	14	34	5	9	2	7	9	9	2	3	1	3	3	3	5	2	3	3	6	7	13	5	12	9	17	13	8	10	5	3	2	4	5	2	3	3	2	2	1	1	2	1	2	5	3	9	6	3	6	4	6	4	0	2	2	0	5	4	6	4	2	3	3	1	1	1	1	2	0	3	6	0	1	2	1	0	0
0	0	0	3	1	1	5	0	4	2	6	17	15	14	6	7	2	4	5	6	5	9	9	4	5	4	5	3	0	5	3	3	6	3	8	3	9	3	8	14	6	9	3	3	12	11	17	30	48	81	0	212	47	27	9	5	4	8	19	15	11	5	12	14	12	15	16	7	20	18	7	4	1	1	4	9	17	26	25	18	15	9	12	16	5	5	3	3	11	11	27	16	16	17	14	6	14	6	2	3	6	5	3	3	3	1	0	2	4	6	4	2	3	1	2	7	4	8	9	7	9	9	5	3	4	2	2	5	4	2	0	3	0	1	2	1	4	3	1	3	3	5	2	1	3	3	5	1	1	2	0	4	3	3	5	4	4	0	3	3	1	3	0	5	0	1	2	2	3	0	3	0
0	0	0	2	3	1	2	2	2	6	6	19	7	6	5	7	2	7	0	9	3	11	9	2	5	4	5	2	2	1	0	5	8	0	3	2	11	11	13	13	14	7	6	4	6	13	17	28	90	281	212	0	93	15	7	8	10	8	11	11	8	5	12	15	13	21	11	7	16	11	10	7	8	5	2	3	11	13	15	17	8	13	7	13	4	3	2	3	12	16	26	25	19	37	26	14	18	7	6	5	3	7	12	2	7	5	1	3	7	5	2	2	3	5	5	10	9	7	10	12	13	7	8	2	4	2	3	6	4	2	2	0	2	4	1	2	4	3	2	2	4	4	0	4	6	8	3	3	2	2	4	3	5	6	5	7	6	5	1	3	0	2	1	2	3	4	4	1	2	0	2	0
0	0	0	5	1	3	3	2	1	10	15	51	17	7	6	5	7	7	11	10	8	8	13	8	4	4	8	6	2	2	4	0	6	5	6	10	11	18	12	20	34	17	8	12	14	28	46	112	543	115	47	93	0	75	10	13	8	21	33	16	10	5	11	30	35	50	24	23	41	32	23	14	7	5	3	12	27	37	35	52	29	14	35	35	12	11	8	9	11	16	23	13	18	50	32	25	20	14	14	4	15	11	18	9	9	7	2	3	7	5	5	1	1	5	5	9	5	3	8	6	2	11	4	4	3	2	4	1	2	1	0	1	1	3	0	3	2	1	2	2	4	4	4	3	4	3	3	1	0	2	1	2	7	6	6	2	7	2	3	3	2	1	2	3	3	5	4	3	0	1	2	0
0	0	0	5	6	6	7	8	6	7	39	227	20	21	14	16	11	15	6	17	20	22	17	11	16	15	7	7	5	4	5	4	9	10	9	12	35	21	8	11	37	27	9	19	18	58	72	43	54	25	27	15	75	0	65	21	35	81	42	14	12	4	9	42	47	52	46	65	92	76	60	35	5	10	10	25	84	58	50	126	125	30	34	106	18	13	3	6	18	9	10	13	21	19	12	23	32	13	7	5	6	13	9	3	2	4	3	8	7	4	3	2	5	5	7	5	5	7	10	4	4	9	6	4	0	1	2	2	4	3	3	4	4	1	3	2	1	0	1	5	5	3	3	1	2	3	7	0	2	5	2	4	4	6	5	3	5	3	3	2	0	2	2	0	4	2	5	1	4	4	3	0
0	0	0	2	7	7	20	9	11	14	27	80	33	21	11	23	26	36	12	34	19	34	51	28	45	43	37	18	9	7	5	8	11	15	18	14	19	9	3	10	26	11	19	28	23	41	11	18	14	6	9	7	10	65	0	55	69	400	30	6	10	6	10	33	30	20	26	60	28	42	64	93	27	22	19	69	160	30	34	45	255	37	22	39	49	13	10	11	5	7	6	6	13	16	5	11	17	17	5	4	5	13	5	9	5	2	7	4	7	6	2	2	4	3	7	2	6	7	6	3	4	4	3	4	1	0	2	1	7	4	1	2	2	1	1	1	0	1	3	4	4	1	5	0	1	6	1	0	1	3	4	2	6	11	7	6	8	5	3	4	2	0	3	2	2	2	7	0	2	0	2	0
0	0	0	7	7	7	16	12	19	58	167	47	5	13	9	14	23	28	21	22	20	18	85	106	118	67	26	6	9	6	6	5	6	6	7	2	12	5	10	13	28	20	37	71	29	23	26	10	10	8	5	8	13	21	55	0	52	59	3	2	4	3	14	24	16	15	34	25	17	16	14	13	34	18	23	17	29	12	9	10	64	107	50	59	36	12	6	11	6	5	2	4	12	6	10	11	8	16	8	8	14	20	17	12	4	4	5	7	11	10	4	3	4	5	3	8	5	3	1	3	4	4	4	5	0	0	4	3	3	2	2	2	2	1	4	2	3	1	5	3	7	4	3	5	2	4	4	3	2	4	4	11	18	18	10	5	3	8	6	3	1	0	3	2	5	2	2	2	3	0	1	0
0	0	0	5	4	6	24	23	26	45	46	32	10	19	10	5	12	18	11	13	7	9	24	21	28	30	27	20	7	8	3	5	6	8	7	15	26	17	12	5	36	36	75	91	65	63	25	13	12	5	4	10	8	35	69	52	0	50	10	6	0	4	6	13	12	26	49	63	19	37	23	26	108	40	24	14	24	17	11	14	76	23	21	44	210	51	27	29	14	15	4	7	8	9	8	6	15	15	9	12	22	9	4	6	7	1	2	1	6	8	9	1	6	6	9	3	4	3	4	2	2	5	5	4	1	0	4	2	4	1	3	3	3	1	1	1	4	3	2	3	5	6	4	4	2	2	2	2	1	1	1	5	5	14	13	7	5	5	6	4	3	0	3	2	2	4	2	2	2	2	0	0
0	0	0	4	8	9	10	11	4	20	34	190	36	38	23	22	37	31	18	47	34	47	99	30	36	28	34	14	4	7	5	8	10	19	9	14	12	11	7	7	29	20	19	22	15	22	35	23	20	11	8	8	21	81	400	59	50	0	37	10	15	7	22	38	29	31	13	42	21	30	43	38	20	18	21	52	185	38	36	78	304	57	46	83	33	17	11	7	10	5	7	5	6	8	12	10	10	22	8	3	11	9	9	6	5	6	5	0	4	8	4	2	2	1	8	2	3	3	3	6	3	2	3	5	4	2	4	1	1	2	2	1	0	4	0	2	3	0	6	8	2	3	6	1	3	1	2	1	0	4	2	2	16	13	7	4	4	2	3	3	5	0	4	0	2	1	2	3	2	0	1	0
0	0	0	3	6	5	2	4	4	5	16	46	30	49	33	30	12	18	16	28	37	88	27	17	10	9	7	6	3	4	2	5	12	6	6	5	8	7	2	4	12	12	7	8	6	10	20	24	27	14	19	11	33	42	30	3	10	37	0	51	49	20	59	372	99	12	12	12	17	18	29	24	11	7	8	10	72	30	95	233	29	25	22	33	6	4	5	1	3	4	7	12	6	15	8	4	11	9	4	3	6	8	7	4	3	1	2	4	12	3	0	2	0	0	0	1	4	2	0	11	5	3	5	4	4	1	0	1	2	1	2	1	1	1	2	3	3	0	2	2	2	4	1	5	2	2	2	1	3	2	2	5	3	7	3	3	1	3	1	1	2	2	0	2	2	2	2	2	3	2	0	0
0	0	0	5	7	3	2	3	4	2	7	11	11	19	29	18	10	10	6	24	17	23	13	8	11	8	2	5	3	4	2	2	18	7	4	7	3	4	3	2	6	3	5	3	2	3	10	9	9	10	15	11	16	14	6	2	6	10	51	0	220	64	66	26	26	6	4	5	4	3	6	11	3	2	3	8	9	9	28	27	9	8	8	9	2	3	1	2	1	4	4	7	3	3	0	2	2	4	2	2	5	4	5	1	1	1	0	1	3	4	1	2	1	1	2	1	5	1	3	3	4	2	4	2	2	1	1	1	1	0	0	1	1	3	0	0	1	0	0	1	3	3	1	3	2	5	0	1	3	1	1	2	0	5	2	2	0	0	3	2	1	0	0	0	1	1	1	1	1	1	0	0
0	0	0	3	6	3	3	3	2	7	6	11	15	41	58	37	18	8	17	23	28	38	12	9	6	3	2	2	2	4	0	13	14	15	5	2	6	2	1	1	6	4	2	5	2	5	9	15	11	10	11	8	10	12	10	4	0	15	49	220	0	368	125	37	16	5	5	3	7	7	12	9	3	3	6	11	13	12	33	29	10	6	4	8	2	2	2	1	5	1	2	5	2	5	5	2	2	3	5	6	4	6	3	5	1	3	3	2	2	3	4	0	0	1	2	1	1	2	2	2	3	2	2	2	2	1	1	0	2	0	0	0	2	2	2	2	2	0	2	0	1	0	1	1	1	1	1	0	1	1	1	3	3	5	3	0	1	1	2	2	2	0	0	1	2	3	0	2	1	2	0	0
0	0	0	8	6	6	5	1	2	8	8	3	21	24	46	49	17	15	18	29	33	42	13	8	8	5	5	0	1	3	4	12	20	7	2	4	4	2	2	1	3	4	4	6	4	6	5	9	7	9	5	5	5	4	6	3	4	7	20	64	368	0	155	16	27	3	4	7	6	8	5	9	6	3	6	8	15	15	17	10	10	11	7	8	2	5	1	3	2	5	3	3	1	6	5	2	9	4	3	1	1	3	5	1	0	1	0	7	3	1	1	2	3	3	2	3	2	1	2	4	2	4	0	1	0	2	0	2	0	2	1	1	2	1	2	0	1	3	4	2	1	1	1	3	4	2	5	0	2	0	0	3	1	2	3	2	4	2	2	1	0	3	0	2	3	0	3	1	2	3	2	0
0	0	0	3	11	5	4	5	3	4	8	17	21	31	53	103	24	32	31	63	87	164	17	19	7	9	10	3	1	2	2	7	27	7	7	5	3	4	4	4	7	5	5	10	7	6	8	12	12	5	12	12	11	9	10	14	6	22	59	66	125	155	0	61	30	3	5	11	12	11	11	8	5	6	6	18	20	11	23	33	11	16	23	9	4	3	3	3	4	3	4	4	5	7	5	6	5	3	4	4	2	1	5	3	2	2	1	3	4	2	3	3	3	3	5	2	2	4	4	4	0	3	3	1	0	0	0	0	3	4	0	2	1	4	0	3	2	3	1	1	2	1	3	2	1	3	1	0	1	1	0	1	5	5	3	3	4	1	4	3	0	3	1	3	2	4	3	3	2	1	0	0
0	0	0	0	3	9	7	6	3	10	27	62	19	32	28	23	16	18	14	52	46	122	35	18	12	11	6	7	3	7	1	6	10	10	10	8	8	5	5	7	18	12	3	8	7	12	20	30	20	12	14	15	30	42	33	24	13	38	372	26	37	16	61	0	250	15	11	13	10	17	17	8	8	10	4	23	51	30	46	151	40	35	35	19	13	2	1	3	4	11	5	7	8	7	11	12	8	3	4	5	5	13	9	2	5	6	4	3	4	5	4	4	3	4	3	1	0	1	4	5	5	9	2	1	1	4	2	1	2	2	0	2	1	5	4	3	2	2	1	3	4	3	2	2	1	3	0	3	1	2	3	3	4	4	4	1	4	6	3	4	4	0	2	2	3	3	4	1	1	3	3	0
0	0	0	5	3	4	2	6	4	10	20	83	14	14	15	12	16	19	9	37	43	56	49	18	19	11	8	3	3	1	4	2	6	5	8	6	6	5	5	10	19	15	4	13	5	16	34	44	40	11	12	13	35	47	30	16	12	29	99	26	16	27	30	250	0	28	14	15	11	7	19	12	7	6	7	15	31	21	28	92	41	50	91	49	7	5	7	2	11	10	6	6	7	13	16	8	9	5	4	2	8	19	15	12	5	6	4	6	6	8	5	2	1	6	4	2	5	6	6	9	8	4	7	3	2	2	1	1	4	1	3	5	2	3	3	1	1	5	4	6	1	3	4	2	2	3	6	4	2	4	2	7	10	5	8	7	5	5	7	1	0	6	0	0	4	4	1	5	3	2	1	0
0	0	0	4	4	5	8	8	10	9	42	54	11	7	8	7	5	8	6	9	8	15	14	15	11	7	16	3	4	4	3	2	9	8	8	2	30	37	33	38	450	118	17	25	56	85	215	76	50	32	15	21	50	52	20	15	26	31	12	6	5	3	3	15	28	0	110	35	47	29	18	15	14	17	3	11	17	27	12	28	41	31	23	123	47	16	8	19	52	31	26	25	32	82	24	76	50	26	23	6	19	18	14	7	6	3	4	10	8	18	5	5	3	5	9	7	13	11	10	14	7	7	7	4	4	3	4	6	2	5	5	2	3	5	3	3	3	4	4	6	5	4	6	5	1	5	9	4	3	6	2	10	6	10	9	7	13	7	4	2	2	1	2	5	2	7	2	0	3	2	0	0
0	0	0	1	4	5	8	6	11	16	36	29	10	7	5	6	9	10	7	8	5	3	12	8	13	8	14	12	3	5	3	5	2	6	8	12	77	59	26	22	79	105	50	27	184	539	30	24	18	26	16	11	24	46	26	34	49	13	12	4	5	4	5	11	14	110	0	71	54	37	17	16	21	14	4	10	19	22	10	22	50	21	17	54	141	38	20	36	48	21	14	12	24	35	10	39	80	73	24	12	25	7	10	5	7	3	8	4	9	17	7	7	1	10	12	8	4	12	6	5	0	5	4	4	4	6	1	3	8	5	4	0	3	3	0	1	2	2	6	6	3	7	1	9	3	5	6	2	2	6	4	6	7	11	15	7	11	5	3	1	6	4	0	4	6	5	3	2	1	2	1	0
0	0	0	8	6	11	15	6	8	12	13	30	20	14	10	6	8	10	3	9	8	10	11	22	12	11	19	13	6	9	5	3	5	6	13	24	100	21	14	15	17	18	31	23	35	196	25	11	14	15	7	7	23	65	60	25	63	42	12	5	3	7	11	13	15	35	71	0	75	209	49	50	37	17	17	24	38	41	19	23	68	12	12	27	90	17	20	12	16	10	11	10	12	15	7	23	23	23	15	7	4	11	10	4	4	2	2	5	1	6	3	1	3	5	7	4	3	8	8	7	0	1	3	2	2	7	1	2	3	2	3	3	0	2	1	1	2	1	3	4	2	3	4	3	4	3	2	0	1	4	3	3	4	8	4	9	5	4	5	1	2	0	2	2	8	3	2	2	4	1	2	0
0	0	0	5	3	2	7	8	6	2	11	30	24	9	11	8	6	5	5	7	6	8	7	6	12	6	9	8	11	9	3	6	8	3	9	17	73	31	18	20	29	19	18	15	33	76	26	16	29	29	20	16	41	92	28	17	19	21	17	4	7	6	12	10	11	47	54	75	0	200	56	22	11	9	9	6	18	47	25	18	38	10	8	24	26	12	10	17	11	16	19	13	18	37	11	16	52	16	9	6	15	6	5	4	0	5	3	7	6	6	1	5	4	1	6	2	8	5	6	5	5	6	5	4	5	4	4	1	2	4	2	1	4	3	5	3	2	3	1	3	3	5	4	8	2	3	5	2	0	4	4	5	5	9	3	5	5	4	1	5	2	2	0	2	0	2	1	4	1	0	2	0
0	0	0	4	8	2	8	1	7	10	12	30	31	26	9	11	10	7	7	11	8	9	15	7	7	13	11	10	6	9	3	5	5	10	18	24	67	12	10	10	20	17	23	16	24	84	18	14	26	14	18	11	32	76	42	16	37	30	18	3	7	8	11	17	7	29	37	209	200	0	130	62	21	4	12	23	46	96	35	24	56	11	8	26	24	8	12	11	16	11	7	8	9	14	7	7	22	12	10	5	5	8	11	4	1	3	3	4	1	6	2	1	4	4	3	6	1	2	5	7	4	2	1	2	2	2	1	4	2	2	3	0	5	0	0	0	1	2	2	1	3	3	6	0	1	5	3	3	1	4	1	5	8	6	0	6	5	1	8	1	1	0	1	2	2	2	4	0	2	1	0	0
0	0	0	7	2	11	10	3	5	8	14	30	78	40	16	18	14	12	14	22	18	19	9	14	13	6	13	18	6	7	7	11	9	16	26	21	22	7	8	4	13	8	7	7	16	25	22	19	17	19	7	10	23	60	64	14	23	43	29	6	12	5	11	17	19	18	17	49	56	130	0	137	8	6	15	45	111	477	113	30	43	12	14	22	19	6	9	7	12	10	6	6	8	7	10	9	19	7	6	7	3	10	5	3	4	3	0	4	1	3	1	2	1	2	4	3	4	2	4	6	5	5	1	2	2	3	0	2	3	4	2	2	2	1	2	2	0	0	3	2	3	4	5	0	4	2	4	1	4	3	1	3	2	5	7	6	4	3	5	0	1	0	1	2	3	0	2	1	4	0	2	0
0	0	0	5	11	10	15	6	4	11	16	27	57	36	29	19	26	20	8	13	15	13	24	10	8	11	30	18	13	15	5	9	13	26	41	33	18	15	5	11	13	10	15	10	11	27	16	8	12	8	4	7	14	35	93	13	26	38	24	11	9	9	8	8	12	15	16	50	22	62	137	0	23	12	26	117	98	47	31	25	48	10	10	23	30	10	9	11	5	6	6	5	5	6	6	8	14	7	4	6	5	4	2	1	1	4	4	2	3	3	4	2	2	3	3	3	4	2	7	3	2	1	1	0	1	1	0	1	2	3	1	3	3	2	2	1	0	0	3	2	5	2	4	2	0	2	5	4	1	2	4	6	8	1	2	4	3	5	2	4	2	3	0	1	5	2	5	2	1	1	0	0
0	0	0	4	7	6	44	47	47	51	24	7	14	11	7	2	14	17	7	15	15	6	16	17	28	34	88	50	16	16	6	3	7	4	17	18	18	10	7	4	13	19	46	35	31	29	8	4	5	8	1	8	7	5	27	34	108	20	11	3	3	6	5	8	7	14	21	37	11	21	8	23	0	146	51	22	21	13	8	6	32	8	7	23	39	23	21	16	9	8	5	7	9	8	3	9	7	14	10	4	10	5	2	2	5	1	3	3	6	11	2	0	6	3	7	5	2	1	3	3	3	2	2	0	0	1	1	4	4	3	0	4	2	1	1	0	2	1	2	0	2	6	4	2	1	2	2	2	3	3	7	8	11	6	4	3	8	3	2	0	3	2	2	1	3	1	3	2	2	1	1	0
0	0	0	7	4	6	97	140	67	91	20	6	7	5	4	13	14	13	11	8	7	3	7	20	22	41	103	47	14	13	6	5	5	8	7	2	3	11	6	5	5	13	20	29	15	16	10	6	8	4	1	5	5	10	22	18	40	18	7	2	3	3	6	10	6	17	14	17	9	4	6	12	146	0	61	10	10	8	5	11	15	11	10	16	12	10	18	15	4	6	0	3	1	6	1	6	12	17	4	12	6	6	5	7	4	6	3	3	1	4	2	3	2	3	2	2	2	5	5	3	3	2	1	2	0	2	1	2	3	2	4	2	3	3	0	2	2	4	0	5	3	3	2	3	5	2	0	3	1	4	8	7	13	10	7	3	5	6	4	3	2	1	1	5	5	1	0	0	2	0	1	0
0	0	0	15	19	38	217	34	10	17	14	11	14	11	11	14	22	27	15	19	8	11	12	19	26	45	369	66	20	29	16	7	9	18	27	19	7	2	0	6	5	10	20	17	10	8	3	6	7	1	4	2	3	10	19	23	24	21	8	3	6	6	6	4	7	3	4	17	9	12	15	26	51	61	0	31	8	13	5	3	15	10	13	12	7	12	13	3	8	2	6	1	4	3	5	7	6	6	2	6	3	2	0	0	5	1	3	5	1	4	4	0	3	1	1	2	1	1	1	2	2	4	1	3	0	2	0	1	1	1	5	1	3	1	1	1	2	4	2	2	1	2	4	1	1	0	2	2	0	0	2	2	5	9	4	2	1	3	2	6	1	3	1	0	0	2	1	1	1	7	0	0
0	0	0	8	8	18	22	6	7	13	15	22	25	36	26	38	75	79	15	48	24	20	18	20	31	33	51	19	19	20	12	18	16	45	47	17	9	6	2	4	9	10	13	16	7	13	7	6	8	7	9	3	12	25	69	17	14	52	10	8	11	8	18	23	15	11	10	24	6	23	45	117	22	10	31	0	45	27	22	17	45	10	13	19	15	5	9	9	2	5	4	2	4	5	3	6	7	8	6	4	5	3	2	3	3	3	0	3	0	6	1	5	1	2	3	2	2	3	1	3	1	1	3	0	3	1	2	1	3	6	5	1	4	0	0	1	0	2	1	1	1	3	1	4	3	2	2	3	2	2	2	0	5	9	7	5	5	2	1	3	0	2	1	2	1	2	1	0	4	4	2	0
0	0	0	8	7	11	14	6	5	9	14	99	52	59	40	31	26	48	13	44	23	36	51	18	26	23	16	9	8	4	2	9	15	14	23	8	20	9	7	6	22	14	17	12	14	29	19	15	12	13	17	11	27	84	160	29	24	185	72	9	13	15	20	51	31	17	19	38	18	46	111	98	21	10	8	45	0	78	110	123	97	35	28	38	19	4	8	5	9	7	6	4	6	12	13	11	15	8	3	6	7	10	4	7	4	2	3	4	4	4	3	4	5	0	6	6	6	5	6	5	3	6	0	5	0	1	0	2	0	3	1	2	2	2	4	2	3	2	2	4	1	3	2	2	2	1	1	2	2	2	2	1	11	2	2	8	2	6	1	3	1	1	1	2	3	3	2	1	1	3	0	0
0	0	0	1	8	9	8	3	7	8	7	34	81	40	16	12	17	14	7	16	11	18	10	6	11	12	11	8	8	7	7	5	3	14	21	22	14	8	11	8	18	10	12	8	12	23	14	15	16	17	26	13	37	58	30	12	17	38	30	9	12	15	11	30	21	27	22	41	47	96	477	47	13	8	13	27	78	0	218	69	31	13	19	18	18	9	5	8	14	5	12	4	10	14	6	10	18	7	4	2	5	7	3	3	5	4	1	2	5	6	5	4	1	6	6	4	3	3	6	5	5	3	3	1	2	2	2	3	3	2	6	1	1	0	2	5	1	0	2	0	1	2	2	1	0	1	2	1	1	1	3	3	6	8	0	3	5	3	4	0	0	0	0	0	1	4	2	3	3	4	2	0
0	0	0	3	8	4	8	2	6	5	9	40	103	101	34	23	24	12	9	25	20	38	12	12	12	6	8	5	2	8	7	12	19	18	12	11	19	7	2	9	14	14	6	9	9	19	14	15	27	13	25	15	35	50	34	9	11	36	95	28	33	17	23	46	28	12	10	19	25	35	113	31	8	5	5	22	110	218	0	125	34	7	18	19	15	9	5	5	3	4	6	8	9	14	6	6	10	6	5	3	6	6	1	4	2	1	0	4	5	1	2	1	0	0	3	2	8	3	2	6	5	1	2	3	4	4	3	1	3	1	4	1	0	2	0	1	4	1	3	4	2	4	3	2	1	4	1	3	3	1	3	2	4	4	7	1	5	2	0	0	1	0	1	2	4	0	2	1	1	0	1	0
0	0	0	3	7	9	5	3	7	12	21	137	23	36	15	31	14	16	22	29	26	62	28	12	19	17	9	3	4	2	3	5	9	13	13	9	8	9	6	9	24	8	9	16	11	16	31	32	32	21	18	17	52	126	45	10	14	78	233	27	29	10	33	151	92	28	22	23	18	24	30	25	6	11	3	17	123	69	125	0	41	15	30	52	18	5	3	6	5	12	7	4	10	16	10	12	8	7	8	4	4	8	4	2	4	6	1	1	3	5	0	2	2	7	7	0	2	3	5	5	11	2	3	3	1	1	2	6	4	2	3	4	2	2	3	1	5	2	1	3	5	8	2	2	5	2	0	5	3	3	2	0	10	6	4	1	7	5	3	2	1	2	4	3	3	5	2	3	1	3	3	0
0	0	0	0	6	8	9	15	21	20	59	167	20	25	10	11	20	22	18	23	17	23	48	22	27	30	24	16	8	5	5	7	12	16	7	6	29	14	9	5	51	32	23	39	35	80	37	17	16	9	15	8	29	125	255	64	76	304	29	9	10	10	11	40	41	41	50	68	38	56	43	48	32	15	15	45	97	31	34	41	0	44	55	177	61	13	9	8	8	10	8	3	5	15	9	22	13	12	7	6	22	9	10	5	2	5	2	2	12	8	1	0	4	4	6	4	4	2	5	3	2	5	0	2	3	4	2	2	3	4	5	1	3	1	4	1	2	3	1	8	4	5	4	2	2	0	4	2	2	4	0	6	9	4	8	4	6	5	3	3	0	0	3	4	4	2	2	4	0	5	0	0
0	0	0	5	3	9	5	11	11	21	157	71	7	4	7	7	15	21	10	25	25	17	117	59	47	24	7	6	5	2	5	4	4	10	2	5	17	7	4	11	41	26	20	40	17	19	44	21	15	7	9	13	14	30	37	107	23	57	25	8	6	11	16	35	50	31	21	12	10	11	12	10	8	11	10	10	35	13	7	15	44	0	202	73	34	14	10	11	6	6	5	7	8	10	12	16	4	2	10	4	16	23	16	9	10	2	5	13	13	10	6	2	3	8	6	5	4	8	5	6	4	5	4	3	2	0	2	3	4	4	2	4	4	2	2	1	3	2	6	6	5	11	3	7	5	8	5	3	5	5	6	6	30	23	16	8	13	5	4	2	3	3	5	7	8	11	5	4	2	3	0	0
0	0	0	1	4	8	4	6	9	17	74	92	9	11	7	11	10	18	7	19	21	29	67	27	23	16	8	5	2	5	3	2	9	6	6	4	7	14	6	8	44	24	15	20	15	16	89	51	26	15	12	7	35	34	22	50	21	46	22	8	4	7	23	35	91	23	17	12	8	8	14	10	7	10	13	13	28	19	18	30	55	202	0	97	23	10	7	9	14	9	7	5	10	16	14	23	14	9	9	7	18	26	19	8	5	8	5	14	11	15	7	9	5	3	9	7	6	9	8	8	6	8	5	6	1	2	2	1	2	8	1	5	8	5	1	1	4	1	5	1	7	4	1	7	11	6	4	2	6	2	2	7	19	16	10	5	4	7	7	2	2	2	2	1	9	7	3	3	2	2	2	0
0	0	0	2	5	3	10	9	12	17	116	175	10	15	11	14	4	8	11	14	17	17	38	22	21	10	12	6	4	6	1	6	2	11	7	6	14	22	15	24	136	74	21	44	38	66	142	62	26	18	16	13	35	106	39	59	44	83	33	9	8	8	9	19	49	123	54	27	24	26	22	23	23	16	12	19	38	18	19	52	177	73	97	0	67	24	19	15	23	16	9	4	9	18	17	27	22	14	6	9	22	17	19	9	4	4	4	4	10	7	2	3	7	5	8	5	3	8	9	11	6	7	5	3	4	5	4	6	0	6	3	5	3	7	3	1	2	1	5	8	7	3	3	2	2	3	3	4	2	8	6	9	6	10	12	6	10	10	1	2	3	1	1	3	4	3	5	3	3	2	2	0
0	0	0	3	4	4	11	11	18	21	42	23	6	13	4	8	10	8	6	13	14	15	15	12	19	25	19	22	1	3	4	3	4	4	8	18	51	26	11	11	46	96	102	84	209	189	25	17	16	16	5	4	12	18	49	36	210	33	6	2	2	2	4	13	7	47	141	90	26	24	19	30	39	12	7	15	19	18	15	18	61	34	23	67	0	44	37	36	35	11	14	7	9	23	17	23	26	38	16	15	14	22	6	5	10	6	7	2	6	13	7	4	3	7	8	9	3	6	8	3	5	3	9	4	2	1	2	10	4	1	8	2	3	1	2	1	1	0	2	3	6	9	8	4	6	1	1	4	3	6	4	12	15	9	10	12	9	8	2	5	2	1	1	4	5	2	1	2	3	2	1	0
0	0	0	3	2	6	11	25	37	19	18	9	6	3	4	5	4	4	6	5	5	5	12	5	3	11	10	11	4	1	1	1	3	5	7	15	22	31	16	10	20	45	284	46	126	25	9	7	8	5	5	3	11	13	13	12	51	17	4	3	2	5	3	2	5	16	38	17	12	8	6	10	23	10	12	5	4	9	9	5	13	14	10	24	44	0	221	422	25	12	4	10	8	12	10	8	15	78	36	33	25	10	8	4	4	3	5	11	7	14	9	3	7	12	14	6	5	11	7	7	5	3	4	4	2	7	0	4	5	1	4	4	5	4	3	1	3	2	1	7	6	11	14	7	2	4	3	3	4	7	8	9	10	13	18	24	10	9	5	2	3	1	4	3	5	0	2	6	2	1	1	0
0	0	0	4	7	8	6	29	25	15	21	9	8	5	0	4	5	6	4	5	3	6	7	6	9	7	13	10	7	3	3	5	3	4	4	5	19	21	15	10	20	20	97	22	55	23	5	6	11	2	3	2	8	3	10	6	27	11	5	1	2	1	3	1	7	8	20	20	10	12	9	9	21	18	13	9	8	5	5	3	9	10	7	19	37	221	0	169	16	7	5	5	2	5	2	15	16	40	29	18	9	5	1	7	2	2	5	7	5	11	7	2	8	8	15	3	4	6	5	4	5	2	1	3	2	3	3	5	8	6	2	6	4	4	1	1	3	3	2	3	2	7	7	1	4	4	1	3	10	6	9	8	8	9	13	10	12	8	6	2	3	3	4	1	5	5	4	2	1	1	1	0
0	0	0	2	1	4	7	11	13	27	22	13	4	1	5	1	7	5	3	2	4	9	8	8	4	8	6	6	6	3	3	2	3	4	6	9	32	35	18	17	21	41	80	27	66	29	7	8	11	12	3	3	9	6	11	11	29	7	1	2	1	3	3	3	2	19	36	12	17	11	7	11	16	15	3	9	5	8	5	6	8	11	9	15	36	422	169	0	19	18	6	4	12	11	4	19	22	149	59	35	24	9	7	7	7	6	1	4	9	17	10	9	10	15	13	9	5	9	2	6	7	5	4	3	3	2	5	10	3	5	9	7	2	2	0	3	5	1	2	4	3	15	8	2	3	6	3	2	13	8	5	11	9	10	20	29	22	10	6	4	3	0	3	4	6	4	1	3	2	2	0	0
0	0	0	2	0	3	6	6	12	6	15	12	4	5	5	8	3	3	2	6	6	4	5	3	5	8	4	6	5	3	1	2	1	4	5	5	23	184	79	143	59	54	29	16	60	26	24	14	20	16	11	12	11	18	5	6	14	10	3	1	5	2	4	4	11	52	48	16	11	16	12	5	9	4	8	2	9	14	3	5	8	6	14	23	35	25	16	19	0	89	22	15	31	39	21	128	56	82	98	13	32	15	29	11	11	6	4	6	7	23	4	3	12	24	35	20	6	21	18	17	7	11	11	7	4	5	6	12	8	6	7	4	1	1	1	2	1	4	4	9	9	17	10	9	7	8	9	6	7	6	2	12	9	13	16	30	14	11	5	2	4	2	1	6	7	6	2	2	2	1	1	0
0	0	0	1	0	2	6	7	2	3	4	9	7	4	2	2	1	2	4	4	3	1	4	9	9	4	3	5	0	3	0	1	3	3	4	10	11	56	142	339	26	25	7	12	22	19	22	26	18	21	11	16	16	9	7	5	15	5	4	4	1	5	3	11	10	31	21	10	16	11	10	6	8	6	2	5	7	5	4	12	10	6	9	16	11	12	7	18	89	0	88	76	171	103	23	95	57	19	34	11	12	23	14	8	1	6	6	8	6	12	3	7	10	8	52	38	24	31	28	31	22	10	7	13	4	1	9	7	6	4	6	3	2	2	2	3	1	8	8	3	11	11	11	12	4	3	4	7	6	5	6	4	11	9	7	11	13	9	5	3	5	2	3	2	11	3	2	5	2	2	3	0
0	0	0	0	1	1	2	6	7	4	8	9	3	0	6	4	3	0	2	3	3	1	4	6	5	4	3	2	1	0	0	1	2	1	3	5	9	25	56	33	14	13	2	9	8	8	13	18	27	59	27	26	23	10	6	2	4	7	7	4	2	3	4	5	6	26	14	11	19	7	6	6	5	0	6	4	6	12	6	7	8	5	7	9	14	4	5	6	22	88	0	968	453	104	26	32	28	12	11	6	11	12	7	6	3	4	0	5	6	3	4	5	8	7	17	29	25	12	27	25	23	9	9	3	5	5	3	9	3	2	5	3	2	4	2	0	1	4	3	10	6	2	0	2	5	6	4	3	6	2	6	3	3	8	4	4	6	3	2	3	2	3	1	2	3	2	1	3	2	1	0	0
0	0	0	1	5	4	2	4	3	6	3	10	3	7	1	3	2	4	4	7	3	3	6	1	3	2	3	4	3	0	2	4	1	4	3	3	18	24	62	49	19	14	11	1	14	13	17	14	25	38	16	25	13	13	6	4	7	5	12	7	5	3	4	7	6	25	12	10	13	8	6	5	7	3	1	2	4	4	8	4	3	7	5	4	7	10	5	4	15	76	968	0	552	68	27	16	33	6	12	3	9	10	16	7	7	5	6	3	6	4	2	1	11	7	13	25	30	12	36	39	25	13	7	7	11	12	4	1	2	4	3	2	2	2	4	0	2	2	1	12	10	7	4	4	5	6	4	7	5	6	2	2	5	4	6	12	2	3	2	1	1	1	2	3	2	2	3	3	0	4	2	0
0	0	0	3	0	1	1	3	6	9	9	7	4	1	5	5	6	5	1	4	6	5	5	4	5	8	10	2	1	2	0	0	2	4	3	11	17	42	80	84	24	21	9	9	14	5	20	20	30	47	16	19	18	21	13	12	8	6	6	3	2	1	5	8	7	32	24	12	18	9	8	5	9	1	4	4	6	10	9	10	5	8	10	9	9	8	2	12	31	171	453	552	0	205	22	42	56	18	12	6	6	8	15	8	5	6	3	3	9	9	4	5	4	10	13	29	25	21	28	34	22	10	4	4	5	4	7	6	3	2	3	1	5	5	4	1	1	5	3	20	10	8	6	6	5	8	4	2	0	3	2	2	4	6	2	4	8	8	1	5	0	1	3	4	5	3	2	2	0	0	2	0
0	0	0	2	3	4	5	7	5	8	10	19	6	5	8	3	2	3	6	3	8	10	8	1	7	4	4	3	0	4	2	1	1	3	4	2	24	48	51	61	52	26	16	12	25	35	51	38	59	89	17	37	50	19	16	6	9	8	15	3	5	6	7	7	13	82	35	15	37	14	7	6	8	6	3	5	12	14	14	16	15	10	16	18	23	12	5	11	39	103	104	68	205	0	35	68	114	25	22	6	12	13	15	9	4	2	4	5	7	12	5	7	5	13	17	9	17	11	12	10	13	3	8	6	8	8	3	5	4	5	4	3	2	1	2	1	2	2	1	6	6	4	2	3	6	3	7	4	5	2	4	3	7	7	7	11	8	3	5	4	5	1	4	8	4	2	3	2	2	1	3	0
0	0	0	1	0	3	1	4	4	6	18	16	4	7	5	1	3	3	3	7	11	5	9	6	5	5	5	0	2	4	4	1	3	2	0	4	9	10	16	35	31	12	8	10	8	13	33	75	45	39	14	26	32	12	5	10	8	12	8	0	5	5	5	11	16	24	10	7	11	7	10	6	3	1	5	3	13	6	6	10	9	12	14	17	17	10	2	4	21	23	26	27	22	35	0	50	17	9	10	8	12	33	36	13	14	9	5	3	15	12	8	7	7	9	17	25	26	30	51	48	44	29	18	10	10	5	10	7	6	6	4	2	2	3	5	4	5	4	7	14	14	11	6	12	13	6	8	8	9	5	6	7	7	10	8	3	10	5	6	2	2	4	3	5	6	3	2	3	3	4	2	0
0	0	0	0	1	3	7	3	4	8	20	16	2	5	4	5	0	8	3	6	5	3	12	9	7	6	4	2	5	1	1	6	1	1	3	5	18	54	35	314	101	74	13	13	39	23	70	35	21	14	6	14	25	23	11	11	6	10	4	2	2	2	6	12	8	76	39	23	16	7	9	8	9	6	7	6	11	10	6	12	22	16	23	27	23	8	15	19	128	95	32	16	42	68	50	0	33	26	40	17	37	59	45	15	6	7	7	5	13	19	9	9	8	9	33	30	15	19	15	25	11	8	18	4	6	5	11	4	7	6	9	4	7	4	8	2	3	3	4	10	12	17	10	9	8	8	13	5	4	9	6	5	8	14	14	25	14	7	12	5	0	7	0	2	9	3	6	1	1	5	4	0
0	0	0	5	2	1	5	4	9	4	13	13	5	6	2	6	5	4	4	4	1	4	3	7	4	6	10	1	7	1	2	4	4	5	5	8	54	201	84	58	29	37	20	12	42	69	19	17	15	34	14	18	20	32	17	8	15	10	11	2	2	9	5	8	9	50	80	23	52	22	19	14	7	12	6	7	15	18	10	8	13	4	14	22	26	15	16	22	56	57	28	33	56	114	17	33	0	47	22	2	8	4	9	4	3	8	3	5	3	6	3	6	2	11	15	19	12	8	11	18	14	9	6	6	6	3	4	10	3	2	4	4	2	1	3	0	1	1	3	5	10	6	5	2	4	5	5	3	1	8	3	7	4	5	8	9	9	6	2	4	0	1	3	2	2	2	3	2	3	1	1	0
0	0	0	5	1	7	1	5	15	9	14	6	2	3	6	3	3	6	6	4	1	9	7	8	10	5	7	8	5	3	4	2	2	4	4	7	38	115	34	30	25	42	44	25	79	46	15	13	12	5	6	7	14	13	17	16	15	22	9	4	3	4	3	3	5	26	73	23	16	12	7	7	14	17	6	8	8	7	6	7	12	2	9	14	38	78	40	149	82	19	12	6	18	25	9	26	47	0	63	17	10	8	13	3	2	3	4	6	5	17	6	3	11	14	17	6	10	3	7	10	7	7	5	4	7	2	1	6	3	3	6	5	4	2	1	4	1	2	0	5	6	4	11	13	2	3	6	1	8	8	7	10	12	8	6	25	15	6	2	3	3	4	2	3	2	2	3	2	1	4	0	0
0	0	0	3	2	1	6	7	15	9	13	6	4	4	3	1	1	3	5	6	1	6	5	3	6	5	7	3	4	1	3	1	2	3	3	4	15	41	22	45	35	46	33	18	42	16	14	12	9	9	2	6	14	7	5	8	9	8	4	2	5	3	4	4	4	23	24	15	9	10	6	4	10	4	2	6	3	4	5	8	7	10	9	6	16	36	29	59	98	34	11	12	12	22	10	40	22	63	0	50	38	11	13	21	7	7	7	8	11	52	17	8	14	33	57	20	11	15	10	9	6	4	11	5	8	4	2	7	9	11	5	9	7	4	4	2	0	3	5	10	9	24	20	17	12	3	7	5	12	8	9	15	9	25	33	116	38	8	9	4	7	0	0	4	5	5	7	10	8	1	2	0
0	0	0	3	4	1	8	7	32	18	19	7	4	7	1	2	1	3	1	3	1	6	5	1	4	6	1	5	4	6	4	1	1	4	2	8	5	11	8	15	10	27	24	28	18	11	14	4	7	2	3	5	4	5	4	8	12	3	3	2	6	1	4	5	2	6	12	7	6	5	7	6	4	12	6	4	6	2	3	4	6	4	7	9	15	33	18	35	13	11	6	3	6	6	8	17	2	17	50	0	60	22	15	23	8	8	10	7	21	57	21	15	12	11	19	10	3	5	5	6	5	3	3	4	2	3	5	6	18	11	15	8	8	4	2	1	6	3	5	3	14	32	35	17	6	6	8	1	12	38	33	41	19	31	97	130	124	42	15	5	6	3	2	5	10	4	11	2	2	2	2	0
0	0	0	1	0	3	8	6	13	15	20	9	5	2	0	3	3	7	3	12	5	5	5	15	5	9	3	4	4	2	3	1	4	2	4	12	6	19	6	24	29	26	37	27	30	16	22	8	8	7	6	3	15	6	5	14	22	11	6	5	4	1	2	5	8	19	25	4	15	5	3	5	10	6	3	5	7	5	6	4	22	16	18	22	14	25	9	24	32	12	11	9	6	12	12	37	8	10	38	60	0	98	49	34	27	13	13	23	61	162	24	9	15	13	20	8	9	15	6	5	10	11	11	8	6	10	8	9	16	15	18	7	7	4	1	5	1	3	5	12	11	36	22	38	14	4	7	6	9	13	12	30	25	39	60	35	107	37	17	10	7	4	3	7	11	11	11	4	1	5	2	0
0	0	0	1	2	0	1	8	6	15	30	14	4	5	4	3	3	4	2	6	4	7	14	8	13	12	5	5	1	3	2	4	4	2	4	5	6	13	14	39	34	27	6	25	24	9	38	22	15	9	5	7	11	13	13	20	9	9	8	4	6	3	1	13	19	18	7	11	6	8	10	4	5	6	2	3	10	7	6	8	9	23	26	17	22	10	5	9	15	23	12	10	8	13	33	59	4	8	11	22	98	0	528	31	32	22	11	23	65	49	6	8	9	11	19	13	14	19	19	14	9	15	21	7	7	7	1	5	3	10	8	6	5	4	5	3	4	5	6	20	19	13	11	22	12	10	15	6	7	10	6	13	13	21	25	15	29	15	12	10	1	5	4	12	11	13	12	8	7	8	2	0
0	0	0	1	2	1	1	3	3	8	18	9	6	1	4	4	6	5	4	8	5	4	8	5	7	2	3	0	1	0	0	1	0	1	2	2	6	13	7	26	20	24	14	12	19	8	20	22	14	9	3	12	18	9	5	17	4	9	7	5	3	5	5	9	15	14	10	10	5	11	5	2	2	5	0	2	4	3	1	4	10	16	19	19	6	8	1	7	29	14	7	16	15	15	36	45	9	13	13	15	49	528	0	56	45	22	8	23	49	34	8	8	3	9	17	17	7	14	20	12	18	23	27	21	9	9	7	7	6	18	8	8	7	12	6	3	5	7	9	28	23	17	7	25	4	13	12	8	7	6	9	11	8	22	22	18	25	16	8	4	2	2	5	10	21	10	10	0	7	4	2	0
0	0	0	4	0	3	3	3	3	6	7	10	0	2	4	3	3	2	5	1	0	1	12	6	5	5	1	7	3	1	1	0	1	3	2	2	5	8	11	19	9	9	8	9	7	3	15	11	7	2	3	2	9	3	9	12	6	6	4	1	5	1	3	2	12	7	5	4	4	4	3	1	2	7	0	3	7	3	4	2	5	9	8	9	5	4	7	7	11	8	6	7	8	9	13	15	4	3	21	23	34	31	56	0	494	119	33	91	757	56	27	15	12	7	11	15	7	9	5	7	7	9	15	7	6	6	6	16	16	28	19	15	8	13	11	7	8	13	13	17	21	28	17	49	27	13	19	13	13	19	14	36	21	27	30	9	48	66	35	8	12	7	12	19	66	29	26	15	8	11	3	0
0	0	0	0	3	3	1	8	4	1	8	5	4	1	1	5	3	5	1	5	2	1	6	7	7	4	2	5	1	1	0	0	4	2	3	1	3	5	11	9	6	12	4	2	9	7	7	5	5	3	3	7	9	2	5	4	7	5	3	1	1	0	2	5	5	6	7	4	0	1	4	1	5	4	5	3	4	5	2	4	2	10	5	4	10	4	2	7	11	1	3	7	5	4	14	6	3	2	7	8	27	32	45	494	0	391	28	143	176	32	21	12	6	5	8	11	5	12	12	8	8	9	21	14	9	10	8	12	19	22	18	17	8	24	14	8	10	7	19	21	35	20	15	44	16	20	33	12	17	7	11	17	19	21	23	9	26	33	38	17	11	8	6	28	154	41	23	20	9	2	6	0
0	0	0	0	1	2	1	5	2	7	2	2	2	4	2	1	1	1	0	2	3	2	3	4	3	1	1	4	2	3	2	2	0	2	0	0	5	3	7	5	5	5	5	8	8	6	8	12	3	1	1	5	7	4	2	4	1	6	1	1	3	1	2	6	6	3	3	2	5	3	3	4	1	6	1	3	2	4	1	6	5	2	8	4	6	3	2	6	6	6	4	5	6	2	9	7	8	3	7	8	13	22	22	119	391	0	73	151	57	24	18	12	10	2	11	8	5	4	7	4	6	7	12	16	4	7	6	9	21	23	27	14	17	13	9	16	12	13	21	22	25	15	15	39	25	23	16	14	21	15	5	11	18	14	11	9	16	33	39	18	11	17	23	51	721	73	65	20	11	11	12	0
0	0	0	0	0	4	3	2	7	4	8	1	4	3	3	2	2	3	0	1	5	5	3	2	2	2	4	1	1	2	0	4	3	0	2	0	4	5	3	5	6	6	4	4	5	0	5	6	2	3	0	1	2	3	7	5	2	5	2	0	3	0	1	4	4	4	8	2	3	3	0	4	3	3	3	0	3	1	0	1	2	5	5	4	7	5	5	1	4	6	0	6	3	4	5	7	3	4	7	10	13	11	8	33	28	73	0	42	22	13	20	15	8	4	10	8	4	5	1	3	2	3	8	8	3	7	5	11	16	31	120	55	30	83	18	12	8	9	12	8	11	17	16	52	15	9	11	12	21	11	15	23	15	14	13	6	10	47	223	88	26	11	7	28	52	131	89	35	34	8	9	0
0	0	0	0	2	0	5	2	8	5	13	4	1	5	2	2	2	1	6	2	5	5	7	5	4	3	2	3	1	1	2	2	1	1	1	1	8	3	6	4	6	5	2	9	4	3	14	6	8	3	2	3	3	8	4	7	1	0	4	1	2	7	3	3	6	10	4	5	7	4	4	2	3	3	5	3	4	2	4	1	2	13	14	4	2	11	7	4	6	8	5	3	3	5	3	5	5	6	8	7	23	23	23	91	143	151	42	0	116	16	25	9	10	10	6	4	4	7	11	3	1	7	5	7	7	5	2	4	6	11	30	19	4	16	11	6	7	10	9	16	14	8	13	29	12	11	13	6	9	14	13	24	21	24	25	4	19	40	36	20	9	5	11	23	81	34	24	14	15	9	9	0
0	0	0	1	4	2	4	5	8	8	12	4	5	4	3	5	3	7	3	0	3	7	9	6	2	5	0	1	2	5	2	2	0	3	2	0	7	9	4	13	18	14	11	12	5	10	7	8	2	3	4	7	7	7	7	11	6	4	12	3	2	3	4	4	6	8	9	1	6	1	1	3	6	1	1	0	4	5	5	3	12	13	11	10	6	7	5	9	7	6	6	6	9	7	15	13	3	5	11	21	61	65	49	757	176	57	22	116	0	50	20	11	18	3	11	9	4	8	8	5	7	7	8	9	7	4	7	15	19	29	18	22	8	10	7	5	8	9	14	20	30	21	24	58	19	10	10	14	16	25	19	42	27	36	35	20	41	70	36	11	9	7	7	11	41	19	24	19	5	8	9	0
0	0	0	2	2	6	4	7	11	8	11	8	2	1	6	5	1	6	3	3	5	5	8	7	8	4	6	5	4	1	2	1	2	6	5	3	6	9	14	19	13	17	12	13	14	9	13	9	6	5	6	5	5	4	6	10	8	8	3	4	3	1	2	5	8	18	17	6	6	6	3	3	11	4	4	6	4	6	1	5	8	10	15	7	13	14	11	17	23	12	3	4	9	12	12	19	6	17	52	57	162	49	34	56	32	24	13	16	50	0	38	28	29	22	20	18	10	16	11	12	8	9	10	8	3	8	5	18	23	41	27	16	6	13	5	7	5	6	13	16	36	101	50	53	15	10	11	15	35	16	15	28	15	28	52	65	262	52	31	12	10	3	2	9	13	17	10	10	6	2	1	0
0	0	0	0	4	2	5	3	5	6	8	8	2	1	1	0	1	4	2	0	2	1	1	3	5	5	0	1	3	2	1	1	0	2	2	0	2	7	8	15	8	8	8	6	8	3	5	1	4	2	4	2	5	3	2	4	9	4	0	1	4	1	3	4	5	5	7	3	1	2	1	4	2	2	4	1	3	5	2	0	1	6	7	2	7	9	7	10	4	3	4	2	4	5	8	9	3	6	17	21	24	6	8	27	21	18	20	25	20	38	0	102	56	12	16	5	5	6	11	5	4	6	5	6	4	6	14	35	142	265	42	40	23	22	27	13	7	15	8	12	34	106	205	193	20	6	12	10	48	76	42	28	10	15	31	34	56	49	50	15	14	7	14	12	22	12	28	22	8	3	5	0
0	0	0	0	0	3	1	5	3	5	6	5	2	1	2	1	6	2	1	1	1	2	1	1	4	1	6	3	1	1	2	2	2	2	0	5	3	2	3	5	4	3	4	8	7	1	6	5	5	3	2	2	1	2	2	3	1	2	2	2	0	2	3	4	2	5	7	1	5	1	2	2	0	3	0	5	4	4	1	2	0	2	9	3	4	3	2	9	3	7	5	1	5	7	7	9	6	3	8	15	9	8	8	15	12	12	15	9	11	28	102	0	49	17	6	4	7	3	3	2	3	6	7	4	8	11	15	36	108	91	45	31	46	22	33	7	6	8	8	10	18	25	85	47	14	10	7	17	56	86	39	15	8	7	18	15	19	16	36	9	7	5	9	7	9	13	14	24	13	6	9	0
0	0	0	1	0	1	2	4	4	2	3	2	4	1	0	4	0	2	0	2	1	2	2	1	2	3	5	3	1	1	2	2	0	3	3	5	3	10	5	5	4	11	3	4	7	1	1	3	7	3	3	3	1	5	4	4	6	2	0	1	0	3	3	3	1	3	1	3	4	4	1	2	6	2	3	1	5	1	0	2	4	3	5	7	3	7	8	10	12	10	8	11	4	5	7	8	2	11	14	12	15	9	3	12	6	10	8	10	18	29	56	49	0	64	21	15	5	8	7	7	4	3	6	6	4	8	21	84	64	46	13	7	12	8	12	4	3	7	7	9	17	61	101	30	15	9	10	8	30	40	28	13	4	6	15	49	23	18	17	6	7	7	0	8	9	10	8	6	5	1	0	0
0	0	0	2	1	0	2	6	7	8	3	5	5	0	2	1	3	1	2	3	1	1	2	0	2	6	3	5	4	2	2	1	2	0	1	3	6	23	11	12	12	11	4	2	13	8	7	7	5	6	1	5	5	5	3	5	6	1	0	1	1	3	3	4	6	5	10	5	1	4	2	3	3	3	1	2	0	6	0	7	4	8	3	5	7	12	8	15	24	8	7	7	10	13	9	9	11	14	33	11	13	11	9	7	5	2	4	10	3	22	12	17	64	0	148	14	11	10	6	7	5	6	8	5	5	7	23	27	17	11	5	3	3	3	5	2	0	3	4	15	13	32	20	22	11	5	8	10	15	11	14	6	5	8	10	56	15	11	10	2	3	1	6	7	2	9	8	5	1	3	0	0
0	0	0	1	5	4	3	3	8	5	13	4	4	3	2	2	5	2	2	3	1	4	1	2	6	2	4	5	1	2	1	3	4	2	6	2	11	25	35	42	17	23	7	10	5	9	7	10	7	7	2	5	5	7	7	3	9	8	0	2	2	2	5	3	4	9	12	7	6	3	4	3	7	2	1	3	6	6	3	7	6	6	9	8	8	14	15	13	35	52	17	13	13	17	17	33	15	17	57	19	20	19	17	11	8	11	10	6	11	20	16	6	21	148	0	55	19	26	13	10	9	12	5	6	7	9	11	23	20	12	5	2	6	3	5	5	1	6	5	17	26	33	16	10	12	7	15	8	13	13	4	7	6	6	13	22	21	6	6	5	2	3	7	5	12	11	5	6	1	3	3	0
0	0	0	0	2	0	1	2	5	2	6	4	3	4	2	1	2	3	1	0	1	6	4	11	1	2	0	2	4	1	2	3	2	2	4	1	10	14	14	41	13	12	4	5	7	5	7	12	8	13	7	10	9	5	2	8	3	2	1	1	1	3	2	1	2	7	8	4	2	6	3	3	5	2	2	2	6	4	2	0	4	5	7	5	9	6	3	9	20	38	29	25	29	9	25	30	19	6	20	10	8	13	17	15	11	8	8	4	9	18	5	4	15	14	55	0	122	144	80	61	29	21	19	20	15	18	19	10	13	3	5	5	3	6	3	6	4	11	10	28	36	16	6	7	15	16	16	13	10	6	11	5	5	5	9	13	9	13	9	3	0	4	3	12	7	7	5	1	2	6	4	0
0	0	0	0	1	3	1	2	2	2	7	6	2	3	1	4	2	1	0	1	5	1	3	2	2	4	2	0	2	0	4	0	2	1	1	2	7	11	16	23	5	9	10	8	8	6	6	8	10	5	4	9	5	5	6	5	4	3	4	5	1	2	2	0	5	13	4	3	8	1	4	4	2	2	1	2	6	3	8	2	4	4	6	3	3	5	4	5	6	24	25	30	25	17	26	15	12	10	11	3	9	14	7	7	5	5	4	4	4	10	5	7	5	11	19	122	0	115	160	141	47	29	18	15	19	18	10	4	8	5	5	1	1	1	1	4	3	10	7	22	22	10	3	5	9	12	12	9	5	6	3	2	3	2	4	6	8	2	7	2	4	2	2	5	5	4	4	2	1	8	4	0
0	0	0	1	0	1	3	4	5	2	8	5	1	2	2	5	3	2	1	4	1	2	6	6	4	4	3	3	3	3	0	2	1	0	3	4	9	12	18	32	12	10	5	3	6	7	8	10	9	12	8	7	3	7	7	3	3	3	2	1	2	1	4	1	6	11	12	8	5	2	2	2	1	5	1	3	5	3	3	3	2	8	9	8	6	11	6	9	21	31	12	12	21	11	30	19	8	3	15	5	15	19	14	9	12	4	5	7	8	16	6	3	8	10	26	144	115	0	236	101	53	61	51	28	24	21	14	16	14	10	3	10	5	3	7	4	6	10	9	43	35	17	5	17	16	16	27	13	9	8	8	5	4	2	6	6	10	4	8	3	4	8	6	8	15	5	2	6	10	4	3	0
0	0	0	0	1	1	0	3	2	5	7	2	3	4	2	3	5	0	0	1	3	1	4	3	5	1	3	3	2	2	1	2	0	4	3	3	5	13	19	29	18	8	8	7	11	9	7	11	13	9	9	10	8	10	6	1	4	3	0	3	2	2	4	4	6	10	6	8	6	5	4	7	3	5	1	1	6	6	2	5	5	5	8	9	8	7	5	2	18	28	27	36	28	12	51	15	11	7	10	5	6	19	20	5	12	7	1	11	8	11	11	3	7	6	13	80	160	236	0	756	105	70	38	17	16	11	9	8	6	9	5	6	1	5	5	2	10	3	11	28	23	12	9	9	14	5	14	5	5	3	6	2	9	2	7	4	4	4	2	2	4	4	2	6	6	1	6	3	6	3	2	0
0	0	0	2	2	3	2	3	4	4	4	9	2	3	1	2	1	0	3	1	3	1	5	3	1	4	4	3	3	0	0	0	1	3	1	4	6	13	14	18	14	9	3	5	7	5	12	19	15	17	7	12	6	4	3	3	2	6	11	3	2	4	4	5	9	14	5	7	5	7	6	3	3	3	2	3	5	5	6	5	3	6	8	11	3	7	4	6	17	31	25	39	34	10	48	25	18	10	9	6	5	14	12	7	8	4	3	3	5	12	5	2	7	7	10	61	141	101	756	0	234	61	27	13	11	8	8	9	7	8	2	3	3	5	3	4	6	14	5	21	17	7	7	7	18	15	14	5	8	7	2	3	3	1	6	7	9	4	2	1	3	7	0	2	6	6	3	2	4	3	2	0
0	0	0	1	3	1	0	1	3	2	2	7	1	6	2	1	4	2	2	2	4	8	4	2	5	2	0	3	2	2	2	1	0	2	2	0	4	9	9	13	8	9	7	5	6	9	9	11	14	13	9	13	2	4	4	4	2	3	5	4	3	2	0	5	8	7	0	0	5	4	5	2	3	3	2	1	3	5	5	11	2	4	6	6	5	5	5	7	7	22	23	25	22	13	44	11	14	7	6	5	10	9	18	7	8	6	2	1	7	8	4	3	4	5	9	29	47	53	105	234	0	75	36	8	16	11	6	7	5	9	1	4	1	4	1	4	8	9	7	14	15	11	2	4	10	11	7	6	3	3	3	3	3	8	6	7	4	5	5	1	4	3	6	6	3	0	6	4	1	2	2	0
0	0	0	2	0	2	2	2	4	2	3	3	2	2	5	2	5	2	3	3	0	3	6	2	3	3	4	2	1	3	0	2	0	3	1	2	1	6	10	17	9	4	2	4	6	1	6	10	6	8	9	7	11	9	4	4	5	2	3	2	2	4	3	9	4	7	5	1	6	2	5	1	2	2	4	1	6	3	1	2	5	5	8	7	3	3	2	5	11	10	9	13	10	3	29	8	9	7	4	3	11	15	23	9	9	7	3	7	7	9	6	6	3	6	12	21	29	61	70	61	75	0	265	27	18	9	8	4	8	8	1	4	6	6	6	8	6	5	15	43	13	7	3	6	9	27	28	11	9	4	5	4	3	7	9	5	6	5	7	1	2	2	4	4	6	6	8	5	2	5	1	0
0	0	0	0	1	1	2	1	2	2	7	1	4	4	2	1	0	5	2	3	4	6	6	2	0	4	4	0	0	1	1	0	1	2	2	2	3	4	4	6	6	4	2	4	9	6	12	8	9	10	5	8	4	6	3	4	5	3	5	4	2	0	3	2	7	7	4	3	5	1	1	1	2	1	1	3	0	3	2	3	0	4	5	5	9	4	1	4	11	7	9	7	4	8	18	18	6	5	11	3	11	21	27	15	21	12	8	5	8	10	5	7	6	8	5	19	18	51	38	27	36	265	0	62	23	10	10	8	12	11	6	3	8	5	2	5	9	13	17	88	27	9	7	6	22	50	31	12	5	2	5	5	5	4	4	12	7	6	6	0	3	3	6	11	12	8	11	4	5	11	5	0
0	0	0	1	0	1	1	0	4	1	4	5	1	3	2	5	2	1	0	0	7	1	5	5	2	0	4	0	0	2	0	1	1	1	1	2	1	4	5	6	2	3	2	3	7	6	6	9	3	5	3	2	4	4	4	5	4	5	4	2	2	1	1	1	3	4	4	2	4	2	2	0	0	2	3	0	5	1	3	3	2	3	6	3	4	4	3	3	7	13	3	7	4	6	10	4	6	4	5	4	8	7	21	7	14	16	8	7	9	8	6	4	6	5	6	20	15	28	17	13	8	27	62	0	74	23	12	9	8	17	6	4	5	7	9	7	22	40	69	136	48	12	12	10	61	178	242	40	21	7	3	6	3	5	7	3	8	11	9	3	3	6	4	10	20	11	9	8	7	13	6	0
0	0	0	2	0	1	3	0	1	2	2	2	3	1	0	0	1	0	0	2	3	1	2	2	1	1	0	2	0	1	1	0	1	1	0	2	3	6	6	7	1	6	7	5	1	1	2	5	1	3	4	4	3	0	1	0	1	4	4	2	2	0	0	1	2	4	4	2	5	2	2	1	0	0	0	3	0	2	4	1	3	2	1	4	2	2	2	3	4	4	5	11	5	8	10	6	6	7	8	2	6	7	9	6	9	4	3	7	7	3	4	8	4	5	7	15	19	24	16	11	16	18	23	74	0	90	25	7	9	6	3	1	5	6	10	7	17	29	28	37	15	9	6	6	31	32	34	28	9	3	7	6	2	7	2	6	4	10	5	4	5	5	4	5	10	7	4	3	7	6	3	0
0	0	0	1	2	2	3	2	6	3	3	2	0	0	1	0	1	0	0	0	1	3	2	0	3	0	1	0	0	1	1	3	0	0	2	1	2	3	3	10	2	5	4	0	4	2	2	1	2	2	2	2	2	1	0	0	0	2	1	1	1	2	0	4	2	3	6	7	4	2	3	1	1	2	2	1	1	2	4	1	4	0	2	5	1	7	3	2	5	1	5	12	4	8	5	5	3	2	4	3	10	7	9	6	10	7	7	5	4	8	6	11	8	7	9	18	18	21	11	8	11	9	10	23	90	0	78	15	13	5	6	4	10	5	10	5	12	11	17	10	17	9	5	5	23	13	25	23	16	6	0	3	4	3	5	7	5	3	5	2	4	9	4	11	6	8	4	10	4	5	3	0
0	0	0	1	0	0	0	3	1	0	1	1	0	3	3	0	1	1	1	2	3	0	2	0	3	2	0	2	1	1	1	2	0	0	1	0	1	3	6	7	5	4	4	0	1	2	4	4	2	4	2	3	4	2	2	4	4	4	0	1	1	0	0	2	1	4	1	1	4	1	0	0	1	1	0	2	0	2	3	2	2	2	2	4	2	0	3	5	6	9	3	4	7	3	10	11	4	1	2	5	8	1	7	6	8	6	5	2	7	5	14	15	21	23	11	19	10	14	9	8	6	8	10	12	25	78	0	49	17	18	6	1	3	8	10	7	6	8	8	16	22	19	8	12	21	4	8	15	29	4	7	3	3	4	4	9	11	8	10	5	3	5	5	3	8	4	8	7	3	8	4	0
0	0	0	0	0	3	0	4	2	2	6	5	0	1	2	0	3	3	3	2	1	1	0	2	2	2	2	0	1	1	1	1	0	1	1	4	0	8	5	9	9	3	4	4	7	4	3	1	4	5	5	6	1	2	1	3	2	1	1	1	0	2	0	1	1	6	3	2	1	4	2	1	4	2	1	1	2	3	1	6	2	3	1	6	10	4	5	10	12	7	9	1	6	5	7	4	10	6	7	6	9	5	7	16	12	9	11	4	15	18	35	36	84	27	23	10	4	16	8	9	7	4	8	9	7	15	49	0	104	41	9	6	20	8	13	11	9	12	10	8	30	49	27	20	39	7	20	25	76	20	11	7	4	4	4	22	21	10	7	3	6	4	5	9	9	10	10	17	3	5	2	0
0	0	0	0	1	1	1	5	3	3	3	2	1	2	1	0	3	0	1	1	2	4	0	2	2	5	1	1	2	2	4	1	1	1	0	2	4	7	6	5	7	8	4	10	5	4	3	3	3	2	4	4	2	4	7	3	4	1	2	1	2	0	3	2	4	2	8	3	2	2	3	2	4	3	1	3	0	3	3	4	3	4	2	0	4	5	8	3	8	6	3	2	3	4	6	7	3	3	9	18	16	3	6	16	19	21	16	6	19	23	142	108	64	17	20	13	8	14	6	7	5	8	12	8	9	13	17	104	0	290	29	14	25	22	23	13	6	18	15	19	33	71	54	70	33	10	16	28	199	26	21	12	11	13	14	19	28	20	26	12	10	5	13	19	11	21	26	24	15	8	8	0
0	0	0	4	1	1	3	3	3	7	5	6	1	1	0	2	1	3	2	5	0	2	1	8	2	2	3	0	1	2	2	2	0	4	5	3	3	6	7	7	4	6	7	5	6	6	7	2	7	3	2	2	1	3	4	2	1	2	1	0	0	2	4	2	1	5	5	2	4	2	4	3	3	2	1	6	3	2	1	2	4	4	8	6	1	1	6	5	6	4	2	4	2	5	6	6	2	3	11	11	15	10	18	28	22	23	31	11	29	41	265	91	46	11	12	3	5	10	9	8	9	8	11	17	6	5	18	41	290	0	55	34	41	28	27	21	7	20	15	19	40	84	73	178	53	6	15	20	136	33	26	17	8	13	14	13	32	31	33	18	11	8	13	16	17	29	35	20	18	9	7	0
0	0	0	0	1	1	2	2	4	4	5	2	2	0	2	1	3	1	1	7	1	2	2	5	6	2	2	4	0	0	1	0	0	0	2	3	2	5	6	8	5	6	6	5	3	1	7	0	4	3	0	2	0	3	1	2	3	2	2	0	0	1	0	0	3	5	4	3	2	3	2	1	0	4	5	5	1	6	4	3	5	2	1	3	8	4	2	9	7	6	5	3	3	4	4	9	4	6	5	15	18	8	8	19	18	27	120	30	18	27	42	45	13	5	5	5	5	3	5	2	1	1	6	6	3	6	6	9	29	55	0	196	71	76	25	14	9	8	8	8	16	19	33	58	17	5	8	9	35	36	43	35	16	10	23	13	28	50	318	39	18	16	12	25	18	52	40	35	18	9	7	0
0	0	0	1	0	1	3	7	4	3	2	2	2	2	1	1	1	3	3	2	1	2	2	2	4	5	3	3	1	1	1	1	0	3	2	3	2	5	3	7	5	6	3	4	5	7	7	5	2	2	3	0	1	4	2	2	3	1	1	1	0	1	2	2	5	2	0	3	1	0	2	3	4	2	1	1	2	1	1	4	1	4	5	5	2	4	6	7	4	3	3	2	1	3	2	4	4	5	9	8	7	6	8	15	17	14	55	19	22	16	40	31	7	3	2	5	1	10	6	3	4	4	3	4	1	4	1	6	14	34	196	0	76	46	24	13	9	16	7	5	12	18	32	27	14	6	5	8	12	38	56	41	7	14	12	16	21	44	94	45	15	16	3	13	11	26	27	17	7	5	6	0
0	0	0	3	1	1	1	2	3	0	1	3	3	1	0	2	1	2	2	3	1	1	1	2	3	3	0	4	0	3	1	0	1	3	1	0	1	4	1	4	0	5	1	5	2	4	4	1	1	2	0	2	1	4	2	2	3	0	1	1	2	2	1	1	2	3	3	0	4	5	2	3	2	3	3	4	2	1	0	2	3	4	8	3	3	5	4	2	1	2	2	2	5	2	2	7	2	4	7	8	7	5	7	8	8	17	30	4	8	6	23	46	12	3	6	3	1	5	1	3	1	6	8	5	5	10	3	20	25	41	71	76	0	109	108	12	2	8	6	12	7	14	20	23	12	7	4	19	27	26	21	12	8	6	12	8	11	16	37	19	16	14	15	16	16	31	33	37	26	9	6	0
0	0	0	3	1	1	2	5	8	3	7	1	1	0	1	1	4	1	2	5	3	3	5	3	3	1	1	1	1	0	1	2	1	2	0	0	5	2	0	0	4	2	3	4	2	1	1	6	3	1	1	4	3	1	1	1	1	4	1	3	2	1	4	5	3	5	3	2	3	0	1	2	1	3	1	0	2	0	2	2	1	2	5	7	1	4	4	2	1	2	4	2	5	1	3	4	1	2	4	4	4	4	12	13	24	13	83	16	10	13	22	22	8	3	3	6	1	3	5	5	4	6	5	7	6	5	8	8	22	28	76	46	109	0	89	22	14	12	11	6	13	11	8	24	14	6	13	19	23	8	11	19	7	10	8	10	19	16	44	69	66	36	28	48	26	70	131	76	69	15	18	0
0	0	0	0	1	2	0	0	1	4	1	0	1	4	0	2	1	3	1	2	0	2	1	3	3	0	2	1	1	0	2	0	2	3	0	2	4	6	1	8	2	5	3	0	4	0	2	5	5	1	2	1	0	3	1	4	1	0	2	0	2	2	0	4	3	3	0	1	5	0	2	2	1	0	1	0	4	2	0	3	4	2	1	3	2	3	1	0	1	2	2	4	4	2	5	8	3	1	4	2	1	5	6	11	14	9	18	11	7	5	27	33	12	5	5	3	1	7	5	3	1	6	2	9	10	10	10	13	23	27	25	24	108	89	0	46	18	17	12	5	12	13	12	25	20	12	11	31	36	17	12	6	2	9	5	7	7	12	29	16	25	33	28	33	22	30	71	171	91	22	15	0
0	0	0	0	1	0	1	3	7	4	4	0	2	0	1	2	0	2	0	2	2	1	2	1	4	4	0	1	1	0	0	0	1	1	1	1	3	3	1	9	0	2	1	1	2	0	9	5	0	2	1	2	3	2	1	2	1	2	3	0	2	0	3	3	1	3	1	1	3	0	2	1	0	2	1	1	2	5	1	1	1	1	1	1	1	1	1	3	2	3	0	0	1	1	4	2	0	4	2	1	5	3	3	7	8	16	12	6	5	7	13	7	4	2	5	6	4	4	2	4	4	8	5	7	7	5	7	11	13	21	14	13	12	22	46	0	50	68	56	7	13	6	5	13	29	17	19	45	26	10	2	6	4	1	5	3	8	7	23	15	22	31	194	43	16	25	22	67	85	65	23	0
0	0	0	0	0	0	1	3	5	2	2	2	2	0	3	0	1	2	3	3	0	2	2	1	0	2	0	1	3	2	2	1	0	0	1	0	0	2	5	4	4	2	1	0	1	2	4	1	3	1	4	4	2	1	0	3	4	3	3	1	2	1	2	2	1	3	2	2	2	1	0	0	2	2	2	0	3	1	4	5	2	3	4	2	1	3	3	5	1	1	1	2	1	2	5	3	1	1	0	6	1	4	5	8	10	12	8	7	8	5	7	6	3	0	1	4	3	6	10	6	8	6	9	22	17	12	6	9	6	7	9	9	2	14	18	50	0	79	66	15	8	4	2	8	17	23	15	27	14	2	2	2	2	1	2	2	1	6	8	9	10	15	43	32	18	14	19	21	20	56	19	0
0	0	0	0	0	0	0	1	6	3	3	1	0	2	3	0	0	1	1	2	3	2	1	0	3	1	1	3	0	1	0	2	1	1	2	0	0	1	7	5	4	3	3	3	0	2	3	2	3	2	3	3	1	0	1	1	3	0	0	0	0	3	3	2	5	4	2	1	3	2	0	0	1	4	4	2	2	0	1	2	3	2	1	1	0	2	3	1	4	8	4	2	5	2	4	3	1	2	3	3	3	5	7	13	7	13	9	10	9	6	15	8	7	3	6	11	10	10	3	14	9	5	13	40	29	11	8	12	18	20	8	16	8	12	17	68	79	0	260	24	18	10	6	13	48	40	66	120	21	3	4	4	4	2	7	3	4	10	13	7	5	15	45	37	21	25	24	20	26	29	10	0
0	0	0	1	0	4	3	1	0	1	3	2	3	1	3	2	2	1	1	1	2	3	3	2	1	3	4	1	0	1	0	2	0	0	0	0	1	4	1	6	0	4	1	2	2	2	1	4	4	5	1	2	2	1	3	5	2	6	2	0	2	4	1	1	4	4	6	3	1	2	3	3	2	0	2	1	2	2	3	1	1	6	5	5	2	1	2	2	4	8	3	1	3	1	7	4	3	0	5	5	5	6	9	13	19	21	12	9	14	13	8	8	7	4	5	10	7	9	11	5	7	15	17	69	28	17	8	10	15	15	8	7	6	11	12	56	66	260	0	24	22	9	5	16	60	87	104	68	20	11	7	5	6	4	6	4	6	8	11	9	6	11	38	51	38	19	30	34	18	22	10	0
0	0	0	0	3	0	4	2	3	1	5	2	1	1	1	3	1	2	2	4	4	3	3	3	2	1	3	2	1	2	0	2	4	0	2	3	3	8	6	11	9	4	4	4	3	5	5	6	10	3	3	2	2	5	4	3	3	8	2	1	0	2	1	3	6	6	6	4	3	1	2	2	0	5	2	1	4	0	4	3	8	6	1	8	3	7	3	4	9	3	10	12	20	6	14	10	5	5	10	3	12	20	28	17	21	22	8	16	20	16	12	10	9	15	17	28	22	43	28	21	14	43	88	136	37	10	16	8	19	19	8	5	12	6	5	7	15	24	24	0	87	18	7	14	80	102	165	28	15	6	9	3	10	8	12	7	11	21	9	3	4	5	10	13	24	14	12	10	9	10	2	0
0	0	0	0	2	1	0	2	3	2	5	3	3	0	1	2	1	1	1	3	1	5	5	3	6	2	4	1	0	0	2	0	1	1	3	1	2	6	8	10	10	5	5	4	4	8	6	6	2	9	3	4	4	5	4	7	5	2	2	3	1	1	2	4	1	5	3	2	3	3	3	5	2	3	1	1	1	1	2	5	4	5	7	7	6	6	2	3	9	11	6	10	10	6	14	12	10	6	9	14	11	19	23	21	35	25	11	14	30	36	34	18	17	13	26	36	22	35	23	17	15	13	27	48	15	17	22	30	33	40	16	12	7	13	12	13	8	18	22	87	0	61	13	38	123	30	81	43	38	15	9	8	8	14	11	22	26	12	14	6	6	6	14	17	15	18	20	10	10	6	3	0
0	0	0	1	1	4	2	2	6	10	9	4	1	1	1	1	7	5	2	7	3	1	6	4	4	4	0	1	1	5	1	2	2	3	1	3	5	5	11	14	8	8	6	10	6	6	7	9	7	6	5	4	4	3	1	4	6	3	4	3	0	1	1	3	3	4	7	3	5	3	4	2	6	3	2	3	3	2	4	8	5	11	4	3	9	11	7	15	17	11	2	7	8	4	11	17	6	4	24	32	36	13	17	28	20	15	17	8	21	101	106	25	61	32	33	16	10	17	12	7	11	7	9	12	9	9	19	49	71	84	19	18	14	11	13	6	4	10	9	18	61	0	76	114	20	7	14	22	41	38	28	26	14	11	27	62	90	39	18	15	3	8	8	9	16	18	22	12	6	9	2	0
0	0	0	3	0	0	5	4	7	7	9	4	2	0	0	2	0	1	1	3	3	2	5	6	3	2	3	5	4	0	1	1	2	1	1	2	5	5	0	9	5	10	6	13	7	4	4	0	2	3	2	0	4	3	5	3	4	6	1	1	1	1	3	2	4	6	1	4	4	6	5	4	4	2	4	1	2	2	3	2	4	3	1	3	8	14	7	8	10	11	0	4	6	2	6	10	5	11	20	35	22	11	7	17	15	15	16	13	24	50	205	85	101	20	16	6	3	5	9	7	2	3	7	12	6	5	8	27	54	73	33	32	20	8	12	5	2	6	5	7	13	76	0	72	17	12	4	15	34	225	72	32	11	10	31	59	71	37	29	14	6	7	5	7	9	10	17	9	6	6	3	0
0	0	0	1	0	2	3	3	5	4	3	2	1	3	0	1	6	4	1	2	1	3	8	6	4	0	5	0	0	2	1	1	1	2	1	1	6	8	5	8	5	8	10	7	8	2	6	4	7	6	1	4	3	1	0	5	4	1	5	3	1	3	2	2	2	5	9	3	8	0	0	2	2	3	1	4	2	1	2	2	2	7	7	2	4	7	1	2	9	12	2	4	6	3	12	9	2	13	17	17	38	22	25	49	44	39	52	29	58	53	193	47	30	22	10	7	5	17	9	7	4	6	6	10	6	5	12	20	70	178	58	27	23	24	25	13	8	13	16	14	38	114	72	0	29	11	17	18	52	41	31	25	13	19	29	19	64	81	46	16	11	10	9	15	33	33	28	20	19	6	6	0
0	0	0	0	2	1	2	2	4	3	4	2	0	3	2	1	5	1	0	4	5	2	2	3	4	6	2	2	2	1	2	1	1	2	1	0	7	7	5	8	3	6	3	3	5	6	6	4	6	4	3	6	4	2	1	2	2	3	2	2	1	4	1	1	2	1	3	4	2	1	4	0	1	5	1	3	2	0	1	5	2	5	11	2	6	2	4	3	7	4	5	5	5	6	13	8	4	2	12	6	14	12	4	27	16	25	15	12	19	15	20	14	15	11	12	15	9	16	14	18	10	9	22	61	31	23	21	39	33	53	17	14	12	14	20	29	17	48	60	80	123	20	17	29	0	56	172	168	68	8	5	9	5	9	10	13	10	8	11	10	8	15	19	21	33	27	15	23	20	15	10	0
0	0	0	0	0	2	0	2	1	5	4	4	1	1	3	4	1	1	4	2	3	4	0	3	3	0	1	4	1	0	0	0	1	1	1	3	1	3	7	6	4	3	2	4	2	3	9	9	9	6	3	8	3	3	6	4	2	1	2	5	1	2	3	3	3	5	5	3	3	5	2	2	2	2	0	2	1	1	4	2	0	8	6	3	1	4	4	6	8	3	6	6	8	3	6	8	5	3	3	6	4	10	13	13	20	23	9	11	10	10	6	10	9	5	7	16	12	16	5	15	11	27	50	178	32	13	4	7	10	6	5	6	7	6	12	17	23	40	87	102	30	7	12	11	56	0	247	40	19	9	8	4	5	5	7	6	9	11	1	8	6	6	5	26	28	17	23	8	13	13	8	0
0	0	0	0	1	1	0	3	0	3	6	3	1	1	1	0	2	3	1	1	3	2	4	6	1	1	3	2	0	0	1	2	0	0	0	1	3	6	6	4	3	3	2	3	4	2	2	4	2	4	5	3	3	7	1	4	2	2	2	0	1	5	1	0	6	9	6	2	5	3	4	5	2	0	2	2	1	2	1	0	4	5	4	3	1	3	1	3	9	4	4	4	4	7	8	13	5	6	7	8	7	15	12	19	33	16	11	13	10	11	12	7	10	8	15	16	12	27	14	14	7	28	31	242	34	25	8	20	16	15	8	5	4	13	11	19	15	66	104	165	81	14	4	17	172	247	0	71	28	6	2	6	9	11	7	9	13	12	10	8	6	7	17	24	27	19	16	15	11	13	8	0
0	0	0	0	1	2	3	0	3	6	4	3	1	0	0	1	5	3	0	0	2	1	4	4	6	2	5	4	0	1	0	0	1	1	2	1	2	2	1	3	4	7	4	3	5	2	10	1	5	0	1	3	1	0	0	3	2	1	1	1	0	0	0	3	4	4	2	0	2	3	1	4	2	3	2	3	2	1	3	5	2	3	2	4	4	3	3	2	6	7	3	7	2	4	8	5	3	1	5	1	6	6	8	13	12	14	12	6	14	15	10	17	8	10	8	13	9	13	5	5	6	11	12	40	28	23	15	25	28	20	9	8	19	19	31	45	27	120	68	28	43	22	15	18	168	40	71	0	59	9	7	8	4	5	6	7	9	13	12	11	5	13	21	28	16	18	22	35	23	18	8	0
0	0	0	1	1	1	7	4	3	7	5	2	2	2	1	3	2	0	5	3	5	2	3	3	3	4	2	4	1	2	0	2	0	3	0	3	4	3	5	9	4	7	4	5	2	2	4	1	3	2	1	2	0	2	1	2	1	0	3	3	1	2	1	1	2	3	2	1	0	1	4	1	3	1	0	2	2	1	3	3	2	5	6	2	3	4	10	13	7	6	6	5	0	5	9	4	1	8	12	12	9	7	7	13	17	21	21	9	16	35	48	56	30	15	13	10	5	9	5	8	3	9	5	21	9	16	29	76	199	136	35	12	27	23	36	26	14	21	20	15	38	41	34	52	68	19	28	59	0	26	14	8	7	5	13	13	14	21	25	7	8	6	16	19	19	33	30	27	25	15	7	0
0	0	0	1	1	2	0	5	12	5	12	4	2	3	0	1	3	4	1	2	4	1	3	3	4	1	3	3	0	2	1	1	1	1	2	4	4	2	4	7	5	13	6	8	4	4	7	2	3	2	2	2	2	5	3	4	1	4	2	1	1	0	1	2	4	6	6	4	4	4	3	2	3	4	0	2	2	1	1	3	4	5	2	8	6	7	6	8	6	5	2	6	3	2	5	9	8	8	8	38	13	10	6	19	7	15	11	14	25	16	76	86	40	11	13	6	6	8	3	7	3	4	2	7	3	6	4	20	26	33	36	38	26	8	17	10	2	3	11	6	15	38	225	41	8	9	6	9	26	0	407	34	12	9	32	27	42	36	35	12	5	2	4	4	8	10	12	8	5	1	5	0
0	0	0	0	3	2	1	3	14	5	4	3	4	1	2	2	3	2	3	3	5	1	5	2	2	2	6	5	2	3	1	0	1	0	1	2	3	5	3	6	9	5	11	9	4	6	6	3	6	0	0	4	1	2	4	4	1	2	2	1	1	0	0	3	2	2	4	3	4	1	1	4	7	8	2	2	2	3	3	2	0	6	2	6	4	8	9	5	2	6	6	2	2	4	6	6	3	7	9	33	12	6	9	14	11	5	15	13	19	15	42	39	28	14	4	11	3	8	6	2	3	5	5	3	7	0	7	11	21	26	43	56	21	11	12	2	2	4	7	9	9	28	72	31	5	8	2	7	14	407	0	37	13	15	23	23	29	33	41	15	5	5	4	4	14	12	9	8	6	3	1	0
0	0	0	3	1	1	5	5	18	11	19	1	1	4	0	2	5	6	0	4	3	2	4	3	4	3	5	2	2	1	2	3	3	1	2	2	4	5	5	10	10	6	16	11	12	10	9	5	0	5	4	3	2	4	2	11	5	2	5	2	3	3	1	3	7	10	6	3	5	5	3	6	8	7	2	0	1	3	2	0	6	6	7	9	12	9	8	11	12	4	3	2	2	3	7	5	7	10	15	41	30	13	11	36	17	11	23	24	42	28	28	15	13	6	7	5	2	5	2	3	3	4	5	6	6	3	3	7	12	17	35	41	12	19	6	6	2	4	5	3	8	26	32	25	9	4	6	8	8	34	37	0	48	71	187	23	65	139	44	12	6	4	2	14	15	12	13	8	7	7	0	0
0	0	0	4	2	4	9	8	14	28	33	15	4	2	6	5	7	5	5	4	10	9	18	16	20	9	7	6	2	6	1	5	3	6	3	2	5	16	5	7	7	12	17	23	14	8	11	6	12	4	3	5	7	4	6	18	5	16	3	0	3	1	5	4	10	6	7	4	5	8	2	8	11	13	5	5	11	6	4	10	9	30	19	6	15	10	8	9	9	11	3	5	4	7	7	8	4	12	9	19	25	13	8	21	19	18	15	21	27	15	10	8	4	5	6	5	3	4	9	3	3	3	5	3	2	4	3	4	11	8	16	7	8	7	2	4	2	4	6	10	8	14	11	13	5	5	9	4	7	12	13	48	0	915	72	12	19	28	18	12	5	3	2	2	12	10	10	6	2	3	1	0
0	0	0	2	3	2	5	9	21	20	29	12	3	1	0	2	5	0	4	7	7	4	9	15	12	12	7	9	3	2	2	2	3	1	1	2	4	6	3	7	14	13	19	31	16	7	12	6	3	6	3	6	6	6	11	18	14	13	7	5	5	2	5	4	5	10	11	8	9	6	5	1	6	10	9	9	2	8	4	6	4	23	16	10	9	13	9	10	13	9	8	4	6	7	10	14	5	8	25	31	39	21	22	27	21	14	14	24	36	28	15	7	6	8	6	5	2	2	2	1	8	7	4	5	7	3	4	4	13	13	10	14	6	10	9	1	1	2	4	8	14	11	10	19	9	5	11	5	5	9	15	71	915	0	133	12	33	47	24	13	3	4	6	9	9	5	5	5	1	6	5	0
0	0	0	2	1	3	8	12	25	13	20	5	4	5	4	5	4	5	4	6	3	2	9	13	7	9	3	3	4	2	2	0	2	3	1	0	4	8	8	15	11	21	24	26	10	8	8	12	4	4	5	5	6	5	7	10	13	7	3	2	3	3	3	4	8	9	15	4	3	0	7	2	4	7	4	7	2	0	7	4	8	16	10	12	10	18	13	20	16	7	4	6	2	7	8	14	8	6	33	97	60	25	22	30	23	11	13	25	35	52	31	18	15	10	13	9	4	6	7	6	6	9	4	7	2	5	4	4	14	14	23	12	12	8	5	5	2	7	6	12	11	27	31	29	10	7	7	6	13	32	23	187	72	133	0	22	106	107	17	6	8	7	6	6	8	6	11	4	4	3	2	0
0	0	0	2	2	1	5	7	13	12	13	7	0	3	0	4	3	7	1	4	6	5	1	3	3	7	2	5	3	0	4	0	0	0	2	0	6	15	18	17	13	23	15	12	22	12	12	7	6	2	4	7	2	3	6	5	7	4	3	2	0	2	3	1	7	7	7	9	5	6	6	4	3	3	2	5	8	3	1	1	4	8	5	6	12	24	10	29	30	11	4	12	4	11	3	25	9	25	116	130	35	15	18	9	9	9	6	4	20	65	34	15	49	56	22	13	6	6	4	7	7	5	12	3	6	7	9	22	19	13	13	16	8	10	7	3	2	3	4	7	22	62	59	19	13	6	9	7	13	27	23	23	12	12	22	0	94	23	9	6	5	3	5	5	4	3	4	2	7	3	3	0
0	0	0	2	2	2	7	7	17	9	18	10	3	4	2	1	3	7	4	4	2	5	5	7	7	4	7	4	1	2	2	1	2	7	3	1	9	12	12	16	10	13	17	13	17	13	6	11	5	3	4	6	7	5	8	3	5	4	1	0	1	4	4	4	5	13	11	5	5	5	4	3	8	5	1	5	2	5	5	7	6	13	4	10	9	10	12	22	14	13	6	2	8	8	10	14	9	15	38	124	107	29	25	48	26	16	10	19	41	262	56	19	23	15	21	9	8	10	4	9	4	6	7	8	4	5	11	21	28	32	28	21	11	19	7	8	1	4	6	11	26	90	71	64	10	9	13	9	14	42	29	65	19	33	106	94	0	103	28	6	7	4	5	6	15	24	10	15	13	5	3	0
0	0	0	0	2	3	1	4	5	8	7	6	2	2	5	5	3	1	4	1	3	2	2	6	1	5	4	1	2	0	1	3	2	0	0	1	4	3	5	4	13	9	13	12	9	6	9	4	3	3	0	5	2	3	5	8	5	2	3	0	1	2	1	6	5	7	5	4	4	1	3	5	3	6	3	2	6	3	2	5	5	5	7	10	8	9	8	10	11	9	3	3	8	3	5	7	6	6	8	42	37	15	16	66	33	33	47	40	70	52	49	16	18	11	6	13	2	4	4	4	5	5	6	11	10	3	8	10	20	31	50	44	16	16	12	7	6	10	8	21	12	39	37	81	8	11	12	13	21	36	33	139	28	47	107	23	103	0	88	10	8	8	5	18	26	17	25	10	14	8	3	0
0	0	0	0	0	0	4	1	12	6	6	6	1	4	3	1	2	5	1	2	2	4	2	5	7	3	5	0	4	0	2	2	3	1	1	3	2	6	3	4	5	8	10	8	7	2	10	2	6	1	3	1	3	3	3	6	6	3	1	3	2	2	4	3	7	4	3	5	1	8	5	2	2	4	2	1	1	4	0	3	3	4	7	1	2	5	6	6	5	5	2	2	1	5	6	12	2	2	9	15	17	12	8	35	38	39	223	36	36	31	50	36	17	10	6	9	7	8	2	2	5	7	6	9	5	5	10	7	26	33	318	94	37	44	29	23	8	13	11	9	14	18	29	46	11	1	10	12	25	35	41	44	18	24	17	9	28	88	0	41	18	14	6	27	26	50	55	25	13	10	5	0
0	0	0	1	0	1	1	1	4	4	6	1	2	3	1	0	2	4	2	1	3	2	1	3	3	3	1	0	3	0	0	3	1	1	1	1	3	4	2	1	3	8	2	2	4	5	7	4	5	1	3	3	3	2	4	3	4	3	1	2	2	1	3	4	1	2	1	1	5	1	0	4	0	3	6	3	3	0	0	2	3	2	2	2	5	2	2	4	2	3	3	1	5	4	2	5	4	3	4	5	10	10	4	8	17	18	88	20	11	12	15	9	6	2	5	3	2	3	2	1	1	1	0	3	4	2	5	3	12	18	39	45	19	69	16	15	9	7	9	3	6	15	14	16	10	8	8	11	7	12	15	12	12	13	6	6	6	10	41	0	55	18	7	18	15	27	24	19	14	3	10	0
0	0	0	2	2	1	0	0	1	3	1	0	1	1	1	3	1	2	0	1	1	1	7	2	1	0	4	0	1	3	1	0	2	2	1	1	1	2	3	2	3	3	0	1	0	1	1	3	3	1	1	0	2	0	2	1	3	5	2	1	2	0	0	4	0	2	6	2	2	1	1	2	3	2	1	0	1	0	1	1	0	3	2	3	2	3	3	3	4	5	2	1	0	5	2	0	0	3	7	6	7	1	2	12	11	11	26	9	9	10	14	7	7	3	2	0	4	4	4	3	4	2	3	3	5	4	3	6	10	11	18	15	16	66	25	22	10	5	6	4	6	3	6	11	8	6	6	5	8	5	5	6	5	3	8	5	7	8	18	55	0	139	20	24	12	38	35	33	53	25	28	0
0	0	0	0	1	1	1	2	2	3	1	2	1	1	1	2	0	1	1	1	2	1	1	3	1	0	0	1	0	1	0	0	0	0	0	1	0	1	0	4	5	2	2	2	1	1	3	3	3	1	3	2	1	2	0	0	0	0	2	0	0	3	3	0	6	1	4	0	2	0	0	3	2	1	3	2	1	0	0	2	0	3	2	1	1	1	3	0	2	2	3	1	1	1	4	7	1	4	0	3	4	5	2	7	8	17	11	5	7	3	7	5	7	1	3	4	2	8	4	7	3	2	3	6	5	9	5	4	5	8	16	16	14	36	33	31	15	15	11	5	6	8	7	10	15	6	7	13	6	2	5	4	3	4	7	3	4	8	14	18	139	0	81	29	10	29	30	53	124	76	155	0
0	0	0	0	0	0	0	0	4	3	2	1	2	0	1	1	0	4	1	2	0	0	2	0	2	2	1	0	0	1	1	1	1	2	0	2	2	0	2	4	0	2	3	0	1	1	4	3	2	2	0	1	2	2	3	3	3	4	0	0	0	0	1	2	0	2	0	2	0	1	1	0	2	1	1	1	1	0	1	4	3	5	2	1	1	4	4	3	1	3	1	2	3	4	3	0	3	2	0	2	3	4	5	12	6	23	7	11	7	2	14	9	0	6	7	3	2	6	2	0	6	4	6	4	4	4	5	5	13	13	12	3	15	28	28	194	43	45	38	10	14	8	5	9	19	5	17	21	16	4	4	2	2	6	6	5	5	5	6	7	20	81	0	65	17	30	29	91	171	372	58	0
0	0	0	2	2	3	1	3	3	1	2	10	2	3	1	1	1	1	2	4	1	1	3	1	4	2	4	1	1	2	0	0	2	3	1	0	2	3	3	3	6	6	3	2	2	2	7	3	1	0	5	2	3	0	2	2	2	0	2	0	1	2	3	2	0	5	4	2	2	2	2	1	1	5	0	2	2	0	2	3	4	7	1	3	4	3	1	4	6	2	2	3	4	8	5	2	2	3	4	5	7	12	10	19	28	51	28	23	11	9	12	7	8	7	5	12	5	8	6	2	6	4	11	10	5	11	3	9	19	16	25	13	16	48	33	43	32	37	51	13	17	9	7	15	21	26	24	28	19	4	4	14	2	9	6	5	6	18	27	18	24	29	65	0	73	215	194	143	82	50	26	0
0	0	0	0	1	0	0	2	3	3	10	7	2	3	0	0	1	1	3	3	5	1	5	7	3	1	4	4	1	1	1	0	0	3	2	1	2	3	1	6	6	8	9	5	4	3	6	5	6	3	0	3	3	4	2	5	2	2	2	1	2	3	2	3	4	2	6	8	0	2	3	5	3	5	0	1	3	1	4	3	4	8	9	4	5	5	5	6	7	11	3	2	5	4	6	9	2	2	5	10	11	11	21	66	154	721	52	81	41	13	22	9	9	2	12	7	5	15	6	6	3	6	12	20	10	6	8	9	11	17	18	11	16	26	22	16	18	21	38	24	15	16	9	33	33	28	27	16	19	8	14	15	12	9	8	4	15	26	26	15	12	10	17	73	0	111	60	30	13	21	10	0
0	0	0	0	2	1	3	2	5	3	4	5	2	2	1	2	0	3	2	2	3	2	2	2	5	4	1	2	0	2	0	2	3	0	1	3	4	5	3	5	5	6	6	5	7	1	1	4	2	6	1	4	5	2	2	2	4	1	2	1	3	0	4	3	4	7	5	3	2	2	0	2	1	1	2	2	3	4	0	5	2	11	7	3	2	0	5	4	6	3	2	2	3	2	3	3	2	2	5	4	11	13	10	29	41	73	131	34	19	17	12	13	10	9	11	7	4	5	1	6	0	6	8	11	7	8	4	10	21	29	52	26	31	70	30	25	14	25	19	14	18	18	10	33	27	17	19	18	33	10	12	12	10	5	6	3	24	17	50	27	38	29	30	215	111	0	634	105	44	19	18	0
0	0	0	1	1	0	2	3	1	3	7	3	1	0	0	3	1	2	0	0	2	1	2	1	2	2	1	1	2	2	2	0	1	2	2	2	2	2	7	5	3	5	3	3	5	5	3	2	3	0	2	4	4	5	7	2	2	2	2	1	0	3	3	4	1	2	3	2	1	4	2	5	3	0	1	1	2	2	2	2	2	5	3	5	1	2	4	1	2	2	1	3	2	3	2	6	3	3	7	11	11	12	10	26	23	65	89	24	24	10	28	14	8	8	5	5	4	2	6	3	6	8	11	9	4	4	8	10	26	35	40	27	33	131	71	22	19	24	30	12	20	22	17	28	15	23	16	22	30	12	9	13	10	5	11	4	10	25	55	24	35	30	29	194	60	634	0	186	54	20	17	0
0	0	0	0	0	4	2	0	6	4	5	1	1	1	1	3	0	2	0	0	1	1	3	6	1	5	1	1	1	1	0	1	0	4	1	0	0	2	4	4	1	6	4	2	1	2	5	3	3	1	2	1	3	1	0	2	2	3	2	1	2	1	3	1	5	0	2	2	4	0	1	2	2	0	1	0	1	3	1	3	4	4	3	3	2	6	2	3	2	5	3	3	2	2	3	1	2	2	10	2	4	8	0	15	20	20	35	14	19	10	22	24	6	5	6	1	2	6	3	2	4	5	4	8	3	10	7	17	24	20	35	17	37	76	171	67	21	20	34	10	10	12	9	20	23	8	15	35	27	8	8	8	6	5	4	2	15	10	25	19	33	53	91	143	30	105	186	0	224	46	19	0
0	0	0	0	0	0	1	1	4	3	6	2	0	1	0	2	0	1	2	2	1	2	0	1	2	5	0	1	0	3	0	2	0	2	0	1	0	2	4	2	0	2	5	1	3	1	1	3	6	2	3	2	0	4	2	3	2	2	3	1	1	2	2	1	3	3	1	4	1	2	4	1	2	2	1	4	1	3	1	1	0	2	2	3	3	2	1	2	2	2	2	0	0	2	3	1	3	1	8	2	1	7	7	8	9	11	34	15	5	6	8	13	5	1	1	2	1	10	6	4	1	2	5	7	7	4	3	3	15	18	18	7	26	69	91	85	20	26	18	9	10	6	6	19	20	13	11	23	25	5	6	7	2	1	4	7	13	14	13	14	53	124	171	82	13	44	54	224	0	80	46	0
0	0	0	0	1	3	0	2	1	0	1	4	0	0	0	0	1	3	0	2	1	1	5	2	2	0	1	1	0	1	1	1	0	1	0	2	3	2	1	4	4	0	3	2	3	0	1	3	0	1	0	0	1	4	0	0	2	0	2	1	2	3	1	3	2	2	2	1	0	1	0	1	1	0	7	4	3	4	0	3	5	3	2	2	2	1	1	2	1	2	1	4	0	1	4	5	1	4	1	2	5	8	4	11	2	11	8	9	8	2	3	6	1	3	3	6	8	4	3	3	2	5	11	13	6	5	8	5	8	9	9	5	9	15	22	65	56	29	22	10	6	9	6	6	15	13	13	18	15	1	3	7	3	6	3	3	5	8	10	3	25	76	372	50	21	19	20	46	80	0	77	0
0	0	0	0	0	0	2	0	1	2	1	1	0	1	0	1	1	3	2	0	1	2	4	2	2	2	0	0	0	0	1	0	0	0	0	0	1	0	0	2	2	1	2	2	2	1	2	1	2	0	3	2	2	3	2	1	0	1	0	0	0	2	0	3	1	0	1	2	2	0	2	0	1	1	0	2	0	2	1	3	0	0	2	2	1	1	1	0	1	3	0	2	2	3	2	4	1	0	2	2	2	2	2	3	6	12	9	9	9	1	5	9	0	0	3	4	4	3	2	2	2	1	5	6	3	3	4	2	8	7	7	6	6	18	15	23	19	10	10	2	3	2	3	6	10	8	8	8	7	5	1	0	1	5	2	3	3	3	5	10	28	155	58	26	10	18	17	19	46	77	0	0
0	0	0	0	0	0	0	0	0	0	0	0	0	0	0	0	0	0	0	0	0	0	0	0	0	0	0	0	0	0	0	0	0	0	0	0	0	0	0	0	0	0	0	0	0	0	0	0	0	0	0	0	0	0	0	0	0	0	0	0	0	0	0	0	0	0	0	0	0	0	0	0	0	0	0	0	0	0	0	0	0	0	0	0	0	0	0	0	0	0	0	0	0	0	0	0	0	0	0	0	0	0	0	0	0	0	0	0	0	0	0	0	0	0	0	0	0	0	0	0	0	0	0	0	0	0	0	0	0	0	0	0	0	0	0	0	0	0	0	0	0	0	0	0	0	0	0	0	0	0	0	0	0	0	0	0	0	0	0	0	0	0	0	0	0	0	0	0	0	0	0	0
