0	0	0	0	0	0	0	0	0	0	0	0	0	0	0	0	0	0	0	0	0	0	0	0	0	0	0	0	0	0	0	0	0	0	0	0	0	0	0	0	0	0	0	0	0	0	0	0	0	0	0	0	0	0	0	0	0	0	0	0	0	0
0	0	0	0	0	0	0	0	0	0	0	0	0	0	0	0	0	0	0	0	0	0	0	0	0	0	0	0	0	0	0	0	0	0	0	0	0	0	0	0	0	0	0	0	0	0	0	0	0	0	0	0	0	0	0	0	0	0	0	0	0	0
0	0	0	0	0	0	0	0	0	0	0	0	0	0	0	0	0	0	0	0	0	0	0	0	0	0	0	0	0	0	0	0	0	0	0	0	0	0	0	0	0	0	0	0	0	0	0	0	0	0	0	0	0	0	0	0	0	0	0	0	0	0
0	0	0	0	6	6	3	6	7	10	10	16	22	4	8	6	12	6	5	2	1	1	1	3	2	1	3	6	0	5	1	2	1	2	6	1	3	3	3	3	3	0	2	0	6	0	2	2	1	1	5	1	0	1	1	1	1	0	0	1	1	0
0	0	0	6	0	59	36	109	54	13	22	51	23	12	12	21	15	24	7	9	9	11	7	9	6	7	1	3	8	16	16	12	6	22	17	13	9	5	8	5	4	9	3	3	5	3	3	0	5	8	5	2	8	4	5	3	7	2	0	1	1	2
0	0	0	6	59	0	84	146	28	9	13	11	17	20	12	13	6	18	8	9	9	10	10	12	8	8	2	3	10	16	7	25	24	36	15	21	13	20	20	9	9	6	5	3	5	5	4	4	3	7	6	2	6	4	3	9	6	3	2	1	0	2
0	0	0	3	36	84	0	52	15	7	10	10	6	7	0	8	5	12	9	6	3	8	4	4	3	2	4	1	4	9	9	11	20	24	8	10	5	16	15	5	5	3	3	6	8	2	1	4	2	4	4	1	3	2	4	4	3	1	0	2	3	1
0	0	0	6	109	146	52	0	29	13	15	21	13	7	5	18	12	23	9	14	9	8	14	9	9	8	4	4	9	19	27	13	23	32	15	19	10	13	15	13	4	10	4	4	7	8	3	1	4	2	0	2	7	6	2	5	2	2	1	0	1	1
0	0	0	7	54	28	15	29	0	70	77	30	32	32	20	20	8	17	10	5	8	12	15	16	5	10	4	4	13	40	22	18	14	44	25	17	5	6	4	15	8	2	3	6	8	4	3	1	6	6	7	2	2	2	5	5	0	2	2	2	1	1
0	0	0	10	13	9	7	13	70	0	90	13	37	25	15	23	8	7	8	3	3	5	13	13	8	6	8	12	22	23	18	8	6	17	21	5	3	8	7	8	5	5	2	2	4	4	3	2	1	7	4	3	3	3	5	3	1	5	0	1	1	3
0	0	0	10	22	13	10	15	77	90	0	43	103	34	8	19	15	15	5	4	7	3	8	11	9	10	7	11	14	16	7	2	7	18	15	5	6	5	2	4	8	1	4	4	6	0	2	1	2	2	4	1	2	3	2	3	3	3	2	2	0	3
0	0	0	16	51	11	10	21	30	13	43	0	29	9	5	21	18	3	8	7	5	7	5	7	4	2	2	4	4	16	11	3	4	14	5	6	1	1	10	3	3	3	7	1	2	6	4	0	2	3	5	3	3	2	4	5	3	3	0	0	0	0
0	0	0	22	23	17	6	13	32	37	103	29	0	34	14	42	33	11	9	9	4	7	9	5	4	7	7	8	9	7	4	3	3	15	10	6	5	2	3	4	2	3	5	3	3	4	1	1	4	2	3	0	2	1	2	4	1	1	0	3	0	1
0	0	0	4	12	20	7	7	32	25	34	9	34	0	115	75	32	33	20	8	11	11	17	8	9	4	2	10	16	14	5	10	8	26	41	12	3	6	1	4	3	3	5	3	6	3	1	0	1	1	3	6	3	2	1	2	4	0	2	1	1	2
0	0	0	8	12	12	0	5	20	15	8	5	14	115	0	34	20	25	45	23	13	25	27	9	4	6	5	7	21	12	8	7	6	19	60	13	2	5	3	5	7	5	1	3	2	3	0	2	4	5	3	1	6	6	6	2	3	1	0	0	0	1
0	0	0	6	21	13	8	18	20	23	19	21	42	75	34	0	82	117	24	17	16	17	15	7	3	2	3	0	12	11	2	4	6	16	22	15	8	5	1	7	7	2	0	3	0	2	0	2	2	2	1	0	3	3	1	2	3	2	0	2	2	1
0	0	0	12	15	6	5	12	8	8	15	18	33	32	20	82	0	29	26	18	14	8	7	1	0	2	2	5	5	6	5	4	6	11	9	4	2	3	3	2	4	3	1	6	0	1	0	1	2	1	2	4	3	4	2	2	1	1	1	0	1	1
0	0	0	6	24	18	12	23	17	7	15	3	11	33	25	117	29	0	84	70	29	21	17	6	4	7	6	1	11	7	5	9	9	21	16	16	7	2	5	7	4	3	1	1	2	1	0	0	4	3	1	1	3	3	2	3	4	2	3	2	0	0
0	0	0	5	7	8	9	9	10	8	5	8	9	20	45	24	26	84	0	139	99	39	12	6	2	3	2	9	4	5	1	6	7	12	17	16	5	7	4	5	2	3	3	3	5	1	0	0	3	5	2	3	5	7	0	4	2	3	2	1	1	2
0	0	0	2	9	9	6	14	5	3	4	7	9	8	23	17	18	70	139	0	100	19	10	4	5	4	3	0	6	3	5	7	2	2	8	15	5	5	1	2	0	2	3	3	3	1	2	0	1	1	1	3	2	1	1	0	3	1	0	2	0	0
0	0	0	1	9	9	3	9	8	3	7	5	4	11	13	16	14	29	99	100	0	46	13	11	4	5	3	7	7	11	10	9	9	8	15	15	9	2	2	1	3	2	1	3	3	2	0	0	0	1	3	1	6	3	2	3	6	1	1	1	1	4
0	0	0	1	11	10	8	8	12	5	3	7	7	11	25	17	8	21	39	19	46	0	29	10	4	4	4	7	16	12	6	8	16	20	32	64	22	6	8	5	7	3	5	4	4	4	1	1	5	7	3	5	7	7	6	10	2	1	4	4	2	4
0	0	0	1	7	10	4	14	15	13	8	5	9	17	27	15	7	17	12	10	13	29	0	62	10	9	16	15	33	23	8	16	22	45	111	42	26	10	6	6	18	6	5	3	5	7	3	1	6	7	9	11	11	12	6	13	7	3	1	5	4	2
0	0	0	3	9	12	4	9	16	13	11	7	5	8	9	7	1	6	6	4	11	10	62	0	48	29	35	41	43	51	21	29	45	26	31	16	10	9	9	11	37	16	13	12	13	6	9	3	3	27	12	7	20	17	11	9	9	5	3	7	4	4
0	0	0	2	6	8	3	9	5	8	9	4	4	9	4	3	0	4	2	5	4	4	10	48	0	169	50	20	19	33	25	29	19	18	20	12	10	10	3	10	38	41	19	23	14	9	7	3	21	26	24	4	8	10	12	6	10	8	3	10	2	11
0	0	0	1	7	8	2	8	10	6	10	2	7	4	6	2	2	7	3	4	5	4	9	29	169	0	58	24	22	23	7	4	13	9	10	9	6	12	4	11	23	15	14	16	8	7	4	5	17	27	17	5	8	12	7	7	3	6	3	8	10	5
0	0	0	3	1	2	4	4	4	8	7	2	7	2	5	3	2	6	2	3	3	4	16	35	50	58	0	64	27	19	11	11	10	14	7	2	6	4	2	5	29	21	14	6	10	5	3	3	8	29	23	18	13	11	2	3	3	4	7	3	7	8
0	0	0	6	3	3	1	4	4	12	11	4	8	10	7	0	5	1	9	0	7	7	15	41	20	24	64	0	155	21	5	9	5	14	37	7	7	6	2	4	12	5	9	3	6	3	6	4	5	16	11	14	6	6	6	6	7	3	3	1	1	3
0	0	0	0	8	10	4	9	13	22	14	4	9	16	21	12	5	11	4	6	7	16	33	43	19	22	27	155	0	28	9	12	12	30	52	9	7	8	4	5	10	6	8	3	5	4	2	2	6	6	8	8	7	9	7	4	1	0	3	2	1	4
0	0	0	5	16	16	9	19	40	23	16	16	7	14	12	11	6	7	5	3	11	12	23	51	33	23	19	21	28	0	50	49	74	67	21	10	7	8	8	13	16	9	8	8	13	14	4	3	2	7	9	4	4	8	4	7	7	2	2	6	2	3
0	0	0	1	16	7	9	27	22	18	7	11	4	5	8	2	5	5	1	5	10	6	8	21	25	7	11	5	9	50	0	129	40	18	10	11	4	19	14	40	12	10	6	17	28	25	8	2	7	6	10	5	4	12	7	11	4	2	4	2	3	3
0	0	0	2	12	25	11	13	18	8	2	3	3	10	7	4	4	9	6	7	9	8	16	29	29	4	11	9	12	49	129	0	275	26	9	17	12	31	14	60	29	18	16	21	22	16	8	1	11	10	11	11	10	15	11	19	14	5	3	6	4	4
0	0	0	1	6	24	20	23	14	6	7	4	3	8	6	6	6	9	7	2	9	16	22	45	19	13	10	5	12	74	40	275	0	70	17	34	20	30	20	44	35	13	12	9	16	15	2	2	11	13	11	4	14	23	14	10	6	5	8	3	5	2
0	0	0	2	22	36	24	32	44	17	18	14	15	26	19	16	11	21	12	2	8	20	45	26	18	9	14	14	30	67	18	26	70	0	91	38	15	23	6	13	11	8	9	8	10	6	4	1	6	7	6	9	13	8	9	5	8	1	3	3	1	3
0	0	0	6	17	15	8	15	25	21	15	5	10	41	60	22	9	16	17	8	15	32	111	31	20	10	7	37	52	21	10	9	17	91	0	24	12	10	4	5	8	4	3	2	2	5	2	1	0	15	3	6	6	12	6	1	3	4	6	2	1	2
0	0	0	1	13	21	10	19	17	5	5	6	6	12	13	15	4	16	16	15	15	64	42	16	12	9	2	7	9	10	11	17	34	38	24	0	53	25	14	8	17	13	2	6	6	2	0	2	6	9	12	7	11	9	4	6	7	0	2	1	4	4
0	0	0	3	9	13	5	10	5	3	6	1	5	3	2	8	2	7	5	5	9	22	26	10	10	6	6	7	7	7	4	12	20	15	12	53	0	31	15	11	13	4	6	5	4	5	3	3	4	1	5	8	20	27	17	23	7	4	0	4	0	3
0	0	0	3	5	20	16	13	6	8	5	1	2	6	5	5	3	2	7	5	2	6	10	9	10	12	4	6	8	8	19	31	30	23	10	25	31	0	71	82	21	7	10	17	14	8	6	1	6	7	10	9	19	33	42	65	23	3	6	7	3	7
0	0	0	3	8	20	15	15	4	7	2	10	3	1	3	1	3	5	4	1	2	8	6	9	3	4	2	2	4	8	14	14	20	6	4	14	15	71	0	39	9	7	6	8	9	9	3	3	8	5	3	4	9	11	19	31	19	3	2	6	4	8
0	0	0	3	5	9	5	13	15	8	4	3	4	4	5	7	2	7	5	2	1	5	6	11	10	11	5	4	5	13	40	60	44	13	5	8	11	82	39	0	31	22	22	46	37	37	10	2	6	5	7	4	10	20	23	36	33	9	3	6	7	5
0	0	0	3	4	9	5	4	8	5	8	3	2	3	7	7	4	4	2	0	3	7	18	37	38	23	29	12	10	16	12	29	35	11	8	17	13	21	9	31	0	39	31	16	11	4	4	5	10	35	34	45	67	96	25	15	19	8	8	5	3	7
0	0	0	0	9	6	3	10	2	5	1	3	3	3	5	2	3	3	3	2	2	3	6	16	41	15	21	5	6	9	10	18	13	8	4	13	4	7	7	22	39	0	243	38	34	15	7	7	60	63	172	17	14	22	14	11	19	13	13	6	13	28
0	0	0	2	3	5	3	4	3	2	4	7	5	5	1	0	1	1	3	3	1	5	5	13	19	14	14	9	8	8	6	16	12	9	3	2	6	10	6	22	31	243	0	139	41	33	8	3	53	31	58	19	10	20	14	5	25	20	13	14	13	28
0	0	0	0	3	3	6	4	6	2	4	1	3	3	3	3	6	1	3	3	3	4	3	12	23	16	6	3	3	8	17	21	9	8	2	6	5	17	8	46	16	38	139	0	146	88	14	8	35	13	21	10	11	15	19	16	37	27	12	7	11	10
0	0	0	6	5	5	8	7	8	4	6	2	3	6	2	0	0	2	5	3	3	4	5	13	14	8	10	6	5	13	28	22	16	10	2	6	4	14	9	37	11	34	41	146	0	443	26	8	43	10	9	7	10	13	15	10	17	20	6	10	2	7
0	0	0	0	3	5	2	8	4	4	0	6	4	3	3	2	1	1	1	1	2	4	7	6	9	7	5	3	4	14	25	16	15	6	5	2	5	8	9	37	4	15	33	88	443	0	22	8	22	6	11	7	7	15	13	15	15	8	5	5	6	3
0	0	0	2	3	4	1	3	3	3	2	4	1	1	0	0	0	0	0	2	0	1	3	9	7	4	3	6	2	4	8	8	2	4	2	0	3	6	3	10	4	7	8	14	26	22	0	47	21	3	5	6	4	3	5	4	3	8	1	6	10	11
0	0	0	2	0	4	4	1	1	2	1	0	1	0	2	2	1	0	0	0	0	1	1	3	3	5	3	4	2	3	2	1	2	1	1	2	3	1	3	2	5	7	3	8	8	8	47	0	13	5	4	2	6	1	3	2	5	4	5	7	6	3
0	0	0	1	5	3	2	4	6	1	2	2	4	1	4	2	2	4	3	1	0	5	6	3	21	17	8	5	6	2	7	11	11	6	0	6	4	6	8	6	10	60	53	35	43	22	21	13	0	17	28	12	2	13	4	6	15	11	10	10	11	19
0	0	0	1	8	7	4	2	6	7	2	3	2	1	5	2	1	3	5	1	1	7	7	27	26	27	29	16	6	7	6	10	13	7	15	9	1	7	5	5	35	63	31	13	10	6	3	5	17	0	251	31	31	24	14	7	15	14	16	12	10	21
0	0	0	5	5	6	4	0	7	4	4	5	3	3	3	1	2	1	2	1	3	3	9	12	24	17	23	11	8	9	10	11	11	6	3	12	5	10	3	7	34	172	58	21	9	11	5	4	28	251	0	38	13	30	11	4	12	21	28	15	10	33
0	0	0	1	2	2	1	2	2	3	1	3	0	6	1	0	4	1	3	3	1	5	11	7	4	5	18	14	8	4	5	11	4	9	6	7	8	9	4	4	45	17	19	10	7	7	6	2	12	31	38	0	111	95	30	12	16	15	14	14	10	10
0	0	0	0	8	6	3	7	2	3	2	3	2	3	6	3	3	3	5	2	6	7	11	20	8	8	13	6	7	4	4	10	14	13	6	11	20	19	9	10	67	14	10	11	10	7	4	6	2	31	13	111	0	167	27	18	13	12	4	2	4	11
0	0	0	1	4	4	2	6	2	3	3	2	1	2	6	3	4	3	7	1	3	7	12	17	10	12	11	6	9	8	12	15	23	8	12	9	27	33	11	20	96	22	20	15	13	15	3	1	13	24	30	95	167	0	48	18	17	18	10	4	9	7
0	0	0	1	5	3	4	2	5	5	2	4	2	1	6	1	2	2	0	1	2	6	6	11	12	7	2	6	7	4	7	11	14	9	6	4	17	42	19	23	25	14	14	19	15	13	5	3	4	14	11	30	27	48	0	162	110	17	13	4	5	11
0	0	0	1	3	9	4	5	5	3	3	5	4	2	2	2	2	3	4	0	3	10	13	9	6	7	3	6	4	7	11	19	10	5	1	6	23	65	31	36	15	11	5	16	10	15	4	2	6	7	4	12	18	18	162	0	64	15	4	7	6	6
0	0	0	1	7	6	3	2	0	1	3	3	1	4	3	3	1	4	2	3	6	2	7	9	10	3	3	7	1	7	4	14	6	8	3	7	7	23	19	33	19	19	25	37	17	15	3	5	15	15	12	16	13	17	110	64	0	26	9	11	3	10
0	0	0	0	2	3	1	2	2	5	3	3	1	0	1	2	1	2	3	1	1	1	3	5	8	6	4	3	0	2	2	5	5	1	4	0	4	3	3	9	8	13	20	27	20	8	8	4	11	14	21	15	12	18	17	15	26	0	54	32	26	43
0	0	0	0	0	2	0	1	2	0	2	0	0	2	0	0	1	3	2	0	1	4	1	3	3	3	7	3	3	2	4	3	8	3	6	2	0	6	2	3	8	13	13	12	6	5	1	5	10	16	28	14	4	10	13	4	9	54	0	253	67	202
0	0	0	1	1	1	2	0	2	1	2	0	3	1	0	2	0	2	1	2	1	4	5	7	10	8	3	1	2	6	2	6	3	3	2	1	4	7	6	6	5	6	14	7	10	5	6	7	10	12	15	14	2	4	4	7	11	32	253	0	93	91
0	0	0	1	1	0	3	1	1	1	0	0	0	1	0	2	1	0	1	0	1	2	4	4	2	10	7	1	1	2	3	4	5	1	1	4	0	3	4	7	3	13	13	11	2	6	10	6	11	10	10	10	4	9	5	6	3	26	67	93	0	90
0	0	0	0	2	2	1	1	1	3	3	0	1	2	1	1	1	0	2	0	4	4	2	4	11	5	8	3	4	3	3	4	2	3	2	4	3	7	8	5	7	28	28	10	7	3	11	3	19	21	33	10	11	7	11	6	10	43	202	91	90	0
