0	0	0	0	0	0	0	0	0	0	0	0	0	0	0	0	0	0	0	0	0	0	0	0	0	0	0	0	0	0	0	0	0	0	0	0	0	0	0	0	0	0	0	0	0	0	0	0	0	0	0	0	0	0	0	0	0	0	0	0	0	0	0	0	0	0	0	0	0	0	0	0	0	0	0	0	0	0	0	0	0	0	0	0	0	0	0	0	0	0	0	0	0	0	0	0	0	0	0	0	0	0	0	0	0	0	0	0	0	0	0	0	0	0	0	0	0	0	0	0	0	0	0	0	0
0	0	0	0	0	0	0	0	0	0	0	0	0	0	0	0	0	0	0	0	0	0	0	0	0	0	0	0	0	0	0	0	0	0	0	0	0	0	0	0	0	0	0	0	0	0	0	0	0	0	0	0	0	0	0	0	0	0	0	0	0	0	0	0	0	0	0	0	0	0	0	0	0	0	0	0	0	0	0	0	0	0	0	0	0	0	0	0	0	0	0	0	0	0	0	0	0	0	0	0	0	0	0	0	0	0	0	0	0	0	0	0	0	0	0	0	0	0	0	0	0	0	0	0	0
0	0	0	0	0	0	0	0	0	0	0	0	0	0	0	0	0	0	0	0	0	0	0	0	0	0	0	0	0	0	0	0	0	0	0	0	0	0	0	0	0	0	0	0	0	0	0	0	0	0	0	0	0	0	0	0	0	0	0	0	0	0	0	0	0	0	0	0	0	0	0	0	0	0	0	0	0	0	0	0	0	0	0	0	0	0	0	0	0	0	0	0	0	0	0	0	0	0	0	0	0	0	0	0	0	0	0	0	0	0	0	0	0	0	0	0	0	0	0	0	0	0	0	0	0
0	0	0	0	76	26	24	26	30	18	11	20	21	43	31	15	7	6	17	9	7	4	2	0	5	2	6	2	5	2	5	5	1	2	5	4	0	0	0	0	4	3	2	2	0	0	4	3	3	0	2	2	1	4	1	0	3	0	0	1	6	4	5	1	3	2	7	6	6	9	3	8	3	6	6	5	3	7	1	2	3	1	4	0	3	0	2	2	2	1	0	0	0	1	0	1	1	2	2	2	0	1	2	0	3	0	1	0	0	0	1	0	0	0	1	1	0	2	1	1	2	0	1	1	0
0	0	0	76	0	164	86	60	35	17	24	25	33	37	45	19	17	15	24	18	5	5	5	8	8	9	13	4	3	4	4	9	8	4	9	8	1	4	5	3	6	8	4	2	3	3	0	2	0	2	1	5	3	2	3	1	0	2	2	3	5	2	5	2	4	4	7	5	8	13	12	12	14	8	7	9	4	3	6	6	2	2	1	0	1	1	0	2	1	0	0	2	1	5	2	3	1	2	3	0	1	2	0	1	2	2	1	0	0	1	0	1	1	1	0	2	1	0	1	1	1	1	1	0	1
0	0	0	26	164	0	239	104	60	35	38	64	67	44	74	30	39	43	81	20	9	11	10	9	12	10	22	8	6	4	8	16	8	6	8	3	5	4	1	2	5	4	5	4	4	0	2	3	1	4	2	1	2	1	1	5	3	3	5	4	2	3	0	1	2	6	7	7	6	14	15	9	14	13	9	9	6	6	11	3	3	1	4	1	1	2	1	3	0	2	0	1	2	2	3	5	2	1	1	1	2	3	1	3	1	2	3	1	0	2	0	0	0	0	2	1	2	2	0	1	3	1	1	1	1
0	0	0	24	86	239	0	659	119	43	20	40	34	27	30	10	35	35	49	26	9	8	9	11	18	9	19	7	10	5	8	16	4	5	2	4	5	3	3	1	1	3	1	4	2	4	2	3	0	2	0	3	4	3	3	4	6	2	5	6	2	3	3	5	0	7	3	10	11	10	18	13	14	13	7	5	5	3	2	4	2	1	3	2	4	1	1	3	1	0	0	2	0	2	2	5	2	2	1	0	3	2	2	0	1	1	1	1	0	1	0	0	3	1	0	0	1	1	0	1	1	1	0	2	1
0	0	0	26	60	104	659	0	154	39	32	16	18	18	18	10	18	32	37	12	8	7	7	8	9	8	8	5	10	3	3	4	3	5	2	3	3	4	1	1	5	2	2	2	1	2	3	0	1	2	0	3	0	0	5	2	0	3	3	4	4	2	3	4	3	3	10	6	10	8	9	9	14	9	9	12	9	1	4	5	0	0	5	4	0	2	2	0	1	2	1	0	2	2	1	3	0	2	3	1	1	1	2	3	0	1	4	3	1	1	0	0	2	0	4	2	1	1	1	2	3	0	0	0	1
0	0	0	30	35	60	119	154	0	129	47	19	18	17	22	8	25	32	34	17	8	7	6	12	17	10	11	4	4	2	4	11	6	8	4	2	4	0	2	2	6	3	0	3	0	4	3	4	2	2	1	1	1	1	2	0	1	2	1	4	4	1	0	2	7	5	2	8	9	8	9	6	7	5	8	4	5	1	2	6	4	2	2	2	2	2	1	0	0	3	0	3	2	1	0	0	2	1	0	0	2	3	0	2	2	2	0	1	1	1	1	2	5	3	1	0	2	1	1	2	1	5	1	0	2
0	0	0	18	17	35	43	39	129	0	128	21	17	12	19	9	16	36	42	25	14	12	11	10	20	14	8	4	10	5	5	5	5	7	3	3	6	4	1	1	0	3	2	4	0	1	2	1	3	4	4	3	0	4	2	1	1	0	5	1	3	5	2	5	3	4	4	2	8	3	8	3	4	3	6	2	5	4	4	2	2	2	4	2	2	3	1	3	1	3	0	0	2	3	1	2	2	1	2	2	2	2	0	0	4	1	0	0	1	1	1	0	1	0	0	1	2	0	2	0	1	1	1	1	2
0	0	0	11	24	38	20	32	47	128	0	35	27	31	21	22	56	81	161	119	14	27	13	5	51	33	16	10	7	9	12	9	3	7	4	3	4	7	1	3	4	1	1	4	2	0	2	1	3	2	5	2	0	6	2	4	1	3	10	3	5	3	6	0	3	0	5	2	4	6	7	6	4	9	6	5	2	2	6	4	5	6	2	5	0	1	0	3	2	1	2	1	3	0	4	1	2	1	1	1	2	4	1	1	0	0	1	2	0	1	2	0	1	0	0	0	1	2	2	0	0	1	1	0	1
0	0	0	20	25	64	40	16	19	21	35	0	204	60	118	227	209	58	126	51	28	19	12	14	30	24	41	25	13	11	16	30	23	8	3	11	3	11	3	5	6	4	4	2	4	5	1	0	2	4	7	1	3	3	6	7	5	4	1	2	5	4	5	6	0	5	2	4	12	27	12	11	15	26	36	23	13	8	10	4	7	0	2	2	1	1	1	0	1	3	1	2	1	2	1	3	1	3	3	0	4	0	1	1	5	1	0	0	0	0	1	2	2	1	1	0	2	2	3	0	3	1	2	2	3
0	0	0	21	33	67	34	18	18	17	27	204	0	159	1239	139	63	33	76	29	10	17	11	13	12	15	27	10	8	10	6	10	12	5	9	4	6	8	4	3	8	6	6	6	1	1	1	2	3	4	2	2	4	5	5	2	0	4	8	8	3	2	3	2	4	4	6	6	7	21	8	10	8	19	19	14	6	10	6	5	1	4	2	1	2	1	0	1	1	2	1	1	1	3	3	1	1	2	0	2	1	0	2	4	1	3	0	0	1	0	6	0	5	1	2	1	1	1	0	1	1	0	0	1	1
0	0	0	43	37	44	27	18	17	12	31	60	159	0	262	62	36	30	59	19	9	20	11	3	13	14	15	11	9	15	5	13	14	3	2	2	3	3	3	3	3	7	3	4	1	2	0	3	1	0	2	1	0	5	2	2	1	6	3	2	2	3	2	0	2	2	1	5	4	12	8	13	11	6	14	9	8	1	10	7	3	4	1	0	1	2	2	0	0	2	2	1	1	2	1	2	1	0	2	1	2	1	1	0	0	3	3	1	2	0	0	0	2	1	1	2	1	2	1	0	0	1	0	0	0
0	0	0	31	45	74	30	18	22	19	21	118	1239	262	0	77	34	20	84	24	10	18	10	12	11	11	19	11	12	2	15	13	12	7	6	7	5	6	5	7	7	7	2	7	1	5	1	1	5	1	3	2	0	4	2	4	2	3	2	6	3	4	2	1	3	5	6	5	8	13	14	12	6	9	16	12	10	10	8	6	3	1	5	3	1	2	2	0	1	0	0	2	1	2	0	0	2	1	7	3	1	1	0	3	1	2	3	1	0	0	1	0	1	1	0	0	1	2	3	0	1	1	1	1	0
0	0	0	15	19	30	10	10	8	9	22	227	139	62	77	0	145	41	72	42	33	14	12	22	39	46	50	32	10	12	32	34	17	17	10	5	5	9	7	2	7	7	4	2	2	3	3	0	6	3	3	3	2	5	3	4	3	5	9	1	11	3	3	4	2	9	2	3	10	18	13	10	5	17	25	19	11	11	14	6	7	3	4	1	7	1	4	2	1	3	2	1	3	3	3	2	0	2	0	3	1	4	2	1	4	2	2	3	0	0	0	1	1	0	2	1	2	1	0	1	0	1	1	0	1
0	0	0	7	17	39	35	18	25	16	56	209	63	36	34	145	0	216	168	101	37	35	13	29	107	66	115	23	18	15	26	43	29	12	12	10	3	8	2	4	3	6	4	2	2	0	1	0	0	2	2	0	2	2	1	8	6	10	4	7	5	5	2	5	2	4	4	9	4	17	16	19	16	20	28	10	12	19	7	5	7	5	3	6	2	2	3	2	1	2	3	2	2	4	4	1	5	4	0	2	1	0	0	5	2	1	1	2	0	1	1	0	0	0	0	1	1	4	3	1	4	1	1	1	1
0	0	0	6	15	43	35	32	32	36	81	58	33	30	20	41	216	0	138	78	32	34	21	30	192	63	76	19	8	10	10	22	15	13	5	5	4	7	5	3	4	2	10	3	1	8	2	0	1	1	3	4	2	2	3	6	8	5	5	6	4	5	5	4	4	3	6	7	6	10	4	10	7	16	19	5	10	6	14	6	2	4	5	2	1	3	1	2	1	1	1	4	1	1	3	1	3	3	3	1	1	4	2	1	1	2	1	1	0	1	1	1	0	2	0	1	0	1	1	2	2	2	1	3	3
0	0	0	17	24	81	49	37	34	42	161	126	76	59	84	72	168	138	0	109	27	21	18	18	53	37	35	12	9	12	12	16	19	13	1	6	7	8	5	6	4	6	6	6	3	2	4	0	2	4	1	1	3	6	5	2	3	1	6	8	1	3	2	8	6	9	2	1	9	12	9	8	6	12	15	14	8	5	12	3	6	2	5	1	0	2	1	0	2	0	2	1	0	2	1	0	1	0	1	1	3	1	0	2	1	3	4	3	1	1	3	0	0	1	2	1	1	2	1	2	0	1	0	1	2
0	0	0	9	18	20	26	12	17	25	119	51	29	19	24	42	101	78	109	0	58	82	30	27	115	72	35	17	15	11	10	13	22	8	11	5	4	10	4	4	7	5	3	2	3	2	1	1	3	1	0	2	1	4	4	2	4	6	6	0	2	2	1	3	1	1	2	2	1	8	6	5	2	9	12	5	8	8	8	3	4	5	5	4	2	5	4	3	3	0	1	4	1	1	0	3	0	3	1	0	0	2	2	4	1	3	2	2	1	0	2	1	2	1	3	1	0	1	0	0	0	0	3	0	1
0	0	0	7	5	9	9	8	8	14	14	28	10	9	10	33	37	32	27	58	0	611	55	50	49	102	43	18	19	19	18	23	45	14	5	12	3	10	10	2	3	8	6	2	3	0	1	2	0	2	5	4	3	2	3	3	6	4	7	2	2	1	2	2	1	2	2	6	5	4	4	5	7	7	7	4	7	15	7	2	3	4	6	7	2	4	1	4	2	1	0	1	0	4	1	1	1	2	3	0	3	2	3	2	0	3	1	1	0	1	1	1	2	2	2	1	1	0	2	2	0	1	1	0	3
0	0	0	4	5	11	8	7	7	12	27	19	17	20	18	14	35	34	21	82	611	0	89	50	81	108	37	18	24	17	10	16	27	14	11	6	9	7	5	3	3	4	2	3	2	1	0	0	1	0	2	2	2	6	4	2	3	9	7	3	1	1	0	0	0	4	4	4	4	3	3	4	3	6	9	3	4	9	12	10	8	4	4	9	0	3	0	3	6	0	0	2	2	1	2	1	1	3	2	0	2	1	4	3	2	2	1	0	0	1	1	0	1	1	3	1	1	0	1	2	0	2	1	1	0
0	0	0	2	5	10	9	7	6	11	13	12	11	11	10	12	13	21	18	30	55	89	0	94	39	71	32	27	25	17	9	22	44	18	19	12	14	10	3	8	1	4	1	2	5	1	3	2	3	2	0	2	2	1	4	11	8	7	8	4	4	3	3	2	2	3	6	3	3	5	5	10	7	13	16	5	8	8	15	6	2	3	5	4	6	5	6	4	2	3	0	2	1	1	9	4	2	1	5	5	5	6	1	6	2	3	0	0	4	1	1	2	3	2	0	3	0	0	4	2	1	3	3	3	2
0	0	0	0	8	9	11	8	12	10	5	14	13	3	12	22	29	30	18	27	50	50	94	0	70	151	111	68	68	26	14	41	64	41	32	18	15	13	12	10	10	7	5	5	4	3	4	1	2	1	4	8	1	2	4	7	9	16	9	10	3	2	5	0	2	6	4	5	10	7	5	9	6	15	14	16	3	21	11	20	17	8	5	2	2	5	5	2	4	5	3	0	4	1	3	3	1	4	1	2	1	3	1	1	2	5	3	3	0	3	1	3	3	3	0	1	4	1	4	1	2	1	4	1	4
0	0	0	5	8	12	18	9	17	20	51	30	12	13	11	39	107	192	53	115	49	81	39	70	0	295	102	28	14	14	12	17	22	20	14	7	9	12	9	5	9	4	4	1	4	3	3	1	1	2	2	5	1	3	4	3	3	5	4	4	9	3	1	1	3	2	3	3	5	9	10	6	6	11	15	10	4	9	10	9	9	2	2	4	6	3	2	2	1	3	1	1	2	0	0	2	3	2	0	0	1	1	0	1	3	2	0	1	0	2	0	1	1	0	1	0	2	1	2	2	0	2	2	1	2
0	0	0	2	9	10	9	8	10	14	33	24	15	14	11	46	66	63	37	72	102	108	71	151	295	0	142	44	29	11	17	36	48	30	9	10	10	9	9	3	5	8	4	4	1	2	2	1	3	1	2	3	8	4	5	4	9	5	7	5	6	3	3	4	5	4	3	5	3	7	2	5	6	12	20	13	7	12	10	11	7	1	9	3	5	1	0	2	4	2	2	2	1	4	1	3	1	2	2	1	3	3	3	3	1	0	0	0	1	0	0	2	1	1	1	1	2	0	1	4	2	1	3	0	4
0	0	0	6	13	22	19	8	11	8	16	41	27	15	19	50	115	76	35	35	43	37	32	111	102	142	0	92	46	34	34	78	57	40	20	18	6	13	10	8	6	9	4	2	3	1	3	2	6	4	6	4	3	2	5	7	10	8	6	8	5	3	0	4	1	4	6	11	7	11	14	12	8	28	35	15	17	26	24	10	5	6	5	1	2	7	1	3	2	1	2	1	3	4	3	1	2	5	4	3	1	5	0	3	6	2	2	3	1	1	0	2	2	0	2	2	4	2	1	1	2	3	3	2	2
0	0	0	2	4	8	7	5	4	4	10	25	10	11	11	32	23	19	12	17	18	18	27	68	28	44	92	0	235	82	81	144	122	257	66	36	29	25	11	12	20	20	12	7	5	3	5	1	1	4	2	6	6	2	15	21	15	13	16	12	13	2	6	8	0	5	6	3	8	5	10	15	15	18	40	13	16	39	50	20	13	6	13	4	6	5	7	5	4	6	3	0	6	3	5	4	5	3	4	4	4	6	0	2	3	4	1	1	3	1	1	1	3	1	2	1	7	3	2	2	3	0	0	0	5
0	0	0	5	3	6	10	10	4	10	7	13	8	9	12	10	18	8	9	15	19	24	25	68	14	29	46	235	0	159	72	63	131	442	125	50	46	83	26	16	18	19	12	5	5	3	5	1	3	2	8	6	6	9	9	14	10	23	13	9	5	3	1	1	3	7	5	6	5	7	5	11	10	14	24	18	15	34	46	28	15	15	9	6	9	8	3	4	6	3	1	1	2	9	3	2	6	7	4	4	3	8	4	3	1	1	4	0	2	1	1	1	2	2	2	1	1	5	4	0	0	3	2	1	0
0	0	0	2	4	4	5	3	2	5	9	11	10	15	2	12	15	10	12	11	19	17	17	26	14	11	34	82	159	0	172	110	97	130	37	34	21	68	33	15	31	22	10	4	5	5	6	3	5	9	6	8	3	5	9	7	6	6	12	6	9	3	3	2	1	3	4	3	9	3	8	6	4	11	36	15	23	43	47	17	12	8	4	11	11	4	4	5	6	2	0	2	5	3	3	6	2	6	1	3	4	2	2	3	4	4	3	2	0	1	0	0	1	2	2	3	3	4	3	1	2	1	4	5	2
0	0	0	5	4	8	8	3	4	5	12	16	6	5	15	32	26	10	12	10	18	10	9	14	12	17	34	81	72	172	0	307	52	80	26	12	18	29	35	12	44	24	14	8	5	3	5	6	4	3	8	3	6	13	8	14	4	12	13	10	6	7	3	2	4	3	5	5	8	17	7	17	19	19	83	19	31	127	63	19	13	3	5	2	3	4	5	4	3	1	4	2	8	4	6	2	5	1	3	5	2	3	2	3	1	4	0	2	0	1	0	0	2	0	5	5	4	2	2	2	4	5	1	3	3
0	0	0	5	9	16	16	4	11	5	9	30	10	13	13	34	43	22	16	13	23	16	22	41	17	36	78	144	63	110	307	0	78	89	15	14	18	23	14	18	26	17	9	7	5	2	4	5	4	3	3	2	2	13	9	10	13	8	12	8	3	4	6	5	3	4	9	10	13	16	8	15	13	30	106	23	35	74	55	14	13	6	7	7	4	1	12	3	3	1	2	5	3	4	4	6	4	7	6	1	1	4	2	2	3	3	1	2	0	1	2	1	1	5	4	4	4	0	0	1	0	0	2	1	2
0	0	0	1	8	8	4	3	6	5	3	23	12	14	12	17	29	15	19	22	45	27	44	64	22	48	57	122	131	97	52	78	0	87	43	22	14	24	12	11	12	16	9	3	5	2	2	3	4	1	4	2	4	7	8	10	9	11	7	11	11	4	3	2	3	1	2	2	3	7	9	7	3	12	26	11	9	25	25	9	8	5	6	10	1	6	2	2	11	1	0	2	3	3	2	2	2	6	0	1	6	7	3	3	1	0	1	4	2	1	3	3	0	1	4	1	3	0	3	0	1	1	1	2	1
0	0	0	2	4	6	5	5	8	7	7	8	5	3	7	17	12	13	13	8	14	14	18	41	20	30	40	257	442	130	80	89	87	0	143	43	34	61	49	22	29	30	14	15	3	3	5	5	2	4	5	5	4	8	20	18	18	27	19	19	10	8	3	3	3	4	5	4	7	10	9	14	13	13	35	26	26	46	67	37	27	18	14	10	9	2	6	3	3	1	1	1	1	7	3	6	5	4	4	4	3	5	4	5	2	3	7	1	0	2	4	3	2	2	4	1	2	1	3	2	0	1	2	4	2
0	0	0	5	9	8	2	2	4	3	4	3	9	2	6	10	12	5	1	11	5	11	19	32	14	9	20	66	125	37	26	15	43	143	0	181	59	81	28	29	18	14	15	9	5	4	5	4	3	6	11	5	7	10	9	27	27	35	27	10	9	6	4	1	5	4	3	4	2	7	4	7	7	7	11	5	16	28	30	28	31	19	23	19	7	10	8	4	7	2	5	3	1	5	3	9	2	4	6	1	14	9	6	1	3	2	4	1	1	2	2	1	2	4	1	3	4	3	3	5	2	1	6	4	4
0	0	0	4	8	3	4	3	2	3	3	11	4	2	7	5	10	5	6	5	12	6	12	18	7	10	18	36	50	34	12	14	22	43	181	0	190	178	56	24	9	12	6	6	9	5	7	6	4	7	6	10	11	3	17	26	27	31	8	9	5	3	1	3	4	2	3	6	6	6	3	6	3	6	11	5	9	9	12	29	31	23	27	34	18	15	10	5	11	3	6	5	9	6	3	6	6	1	5	6	7	5	7	5	5	5	4	0	2	3	1	1	2	3	1	1	0	3	5	2	3	3	2	3	7
0	0	0	0	1	5	5	3	4	6	4	3	6	3	5	5	3	4	7	4	3	9	14	15	9	10	6	29	46	21	18	18	14	34	59	190	0	137	29	26	13	12	7	2	6	6	0	3	3	4	1	4	5	7	6	15	19	14	6	3	4	3	3	3	1	1	4	3	3	0	2	4	4	3	10	5	5	10	13	9	13	16	15	26	11	5	3	2	4	4	0	6	6	6	3	2	2	9	6	6	1	14	5	1	3	4	3	2	2	1	3	2	1	5	6	3	0	2	5	2	4	1	3	2	1
0	0	0	0	4	4	3	4	0	4	7	11	8	3	6	9	8	7	8	10	10	7	10	13	12	9	13	25	83	68	29	23	24	61	81	178	137	0	104	47	19	21	8	5	11	7	2	5	5	1	2	7	3	5	19	28	18	16	10	9	5	6	2	3	2	1	4	5	4	3	1	4	4	10	22	6	15	32	20	29	25	27	19	20	7	11	9	4	10	2	2	1	10	7	5	2	3	11	7	4	5	5	6	3	4	4	6	1	0	1	7	2	2	3	6	3	3	2	2	1	1	1	2	3	5
0	0	0	0	5	1	3	1	2	1	1	3	4	3	5	7	2	5	5	4	10	5	3	12	9	9	10	11	26	33	35	14	12	49	28	56	29	104	0	262	54	49	25	11	13	8	6	0	9	10	10	7	18	14	32	96	32	21	17	8	8	6	8	2	3	5	5	7	2	6	2	7	4	6	16	8	23	32	32	51	75	49	36	23	14	15	16	12	9	9	4	6	9	15	9	15	12	9	13	9	5	13	2	8	5	7	3	2	2	7	5	1	2	2	6	4	4	2	0	5	2	1	4	2	3
0	0	0	0	3	2	1	1	2	1	3	5	3	3	7	2	4	3	6	4	2	3	8	10	5	3	8	12	16	15	12	18	11	22	29	24	26	47	262	0	104	65	48	26	14	6	4	9	4	4	8	9	25	31	57	40	18	14	11	8	5	8	6	5	4	3	2	4	3	2	4	6	3	12	14	8	18	30	28	46	40	38	16	14	16	12	15	12	4	5	8	7	11	14	7	10	11	16	15	9	5	7	3	3	5	1	4	3	2	1	1	0	6	5	4	5	6	3	1	2	2	2	2	3	4
0	0	0	4	6	5	1	5	6	0	4	6	8	3	7	7	3	4	4	7	3	3	1	10	9	5	6	20	18	31	44	26	12	29	18	9	13	19	54	104	0	434	82	17	14	9	4	2	4	7	12	6	14	22	40	20	9	12	9	9	8	3	3	3	4	4	5	14	9	8	6	7	7	9	20	20	71	101	64	39	39	20	12	12	5	10	11	11	9	2	3	6	9	15	5	7	6	21	13	4	4	6	2	4	4	0	3	0	5	3	3	1	3	4	4	1	1	3	3	1	4	0	3	3	4
0	0	0	3	8	4	3	2	3	3	1	4	6	7	7	7	6	2	6	5	8	4	4	7	4	8	9	20	19	22	24	17	16	30	14	12	12	21	49	65	434	0	113	42	13	15	5	5	4	4	10	9	15	26	30	32	14	8	10	15	10	4	7	6	2	3	2	8	9	6	7	9	14	10	30	25	74	84	97	60	55	11	13	11	10	17	8	8	12	6	6	4	5	8	9	13	16	11	8	5	8	7	6	2	5	4	2	1	4	3	4	1	3	3	3	5	3	5	0	3	2	0	3	2	11
0	0	0	2	4	5	1	2	0	2	1	4	6	3	2	4	4	10	6	3	6	2	1	5	4	4	4	12	12	10	14	9	9	14	15	6	7	8	25	48	82	113	0	79	42	13	9	17	10	6	11	10	21	33	53	23	6	9	10	6	7	4	2	2	8	7	8	7	5	3	5	7	8	11	9	16	41	29	43	32	26	17	9	5	6	10	8	7	6	6	4	9	13	19	5	14	27	19	11	8	7	3	1	3	4	5	4	4	4	2	3	2	3	3	4	6	5	6	2	3	3	2	2	4	5
0	0	0	2	2	4	4	2	3	4	4	2	6	4	7	2	2	3	6	2	2	3	2	5	1	4	2	7	5	4	8	7	3	15	9	6	2	5	11	26	17	42	79	0	113	29	23	20	17	20	33	38	44	144	62	19	13	9	16	18	9	15	7	6	6	8	6	8	9	6	2	12	9	6	19	10	22	16	12	22	35	18	9	9	6	17	12	9	7	5	7	7	9	31	14	23	30	9	12	3	3	5	5	5	12	10	5	2	2	1	4	2	4	4	5	8	2	4	3	5	6	3	4	5	12
0	0	0	0	3	4	2	1	0	0	2	4	1	1	1	2	2	1	3	3	3	2	5	4	4	1	3	5	5	5	5	5	5	3	5	9	6	11	13	14	14	13	42	113	0	69	34	30	32	30	32	69	69	93	36	21	11	11	7	13	12	12	3	4	4	5	7	8	5	2	1	10	3	7	6	7	10	5	12	14	17	12	7	7	2	10	18	17	18	9	8	13	30	38	27	25	39	15	11	9	6	5	3	5	12	6	3	2	6	2	3	3	3	1	6	4	6	10	6	6	5	2	6	7	8
0	0	0	0	3	0	4	2	4	1	0	5	1	2	5	3	0	8	2	2	0	1	1	3	3	2	1	3	3	5	3	2	2	3	4	5	6	7	8	6	9	15	13	29	69	0	226	59	34	42	26	23	20	20	16	12	8	6	7	16	9	21	10	8	4	8	3	9	6	5	2	3	5	5	6	5	5	9	6	15	9	10	5	1	3	7	5	11	5	10	11	7	7	14	20	22	17	9	9	4	3	9	5	4	8	13	10	1	2	4	1	3	3	6	10	6	5	11	7	6	9	6	1	12	15
0	0	0	4	0	2	2	3	3	2	2	1	1	0	1	3	1	2	4	1	1	0	3	4	3	2	3	5	5	6	5	4	2	5	5	7	0	2	6	4	4	5	9	23	34	226	0	131	58	79	43	35	14	17	9	7	6	7	9	12	9	11	10	9	8	2	4	9	8	6	5	8	2	7	1	6	5	4	4	10	7	5	2	2	5	5	4	8	7	2	11	4	10	11	15	12	10	6	5	4	6	2	7	10	11	6	7	6	7	3	6	4	2	3	6	8	6	8	9	13	5	6	9	9	37
0	0	0	3	2	3	3	0	4	1	1	0	2	3	1	0	0	0	0	1	2	0	2	1	1	1	2	1	1	3	6	5	3	5	4	6	3	5	0	9	2	5	17	20	30	59	131	0	165	139	43	45	17	10	10	3	4	8	3	8	8	7	8	5	2	2	5	2	2	4	1	4	3	2	2	4	8	4	5	4	11	6	2	3	5	8	9	14	12	7	13	10	11	23	16	12	15	8	6	6	8	9	4	15	17	14	14	4	3	4	7	8	4	4	9	13	13	14	16	24	14	9	16	28	103
0	0	0	3	0	1	0	1	2	3	3	2	3	1	5	6	0	1	2	3	0	1	3	2	1	3	6	1	3	5	4	4	4	2	3	4	3	5	9	4	4	4	10	17	32	34	58	165	0	203	79	124	38	21	10	8	11	5	8	6	5	9	2	3	2	7	6	6	6	1	3	6	3	0	6	3	13	8	6	11	10	11	5	4	3	9	15	25	19	8	25	21	16	26	34	24	16	12	14	3	5	13	4	14	36	15	8	7	5	6	6	7	6	6	9	23	14	14	15	22	13	6	6	29	149
0	0	0	0	2	4	2	2	2	4	2	4	4	0	1	3	2	1	4	1	2	0	2	1	2	1	4	4	2	9	3	3	1	4	6	7	4	1	10	4	7	4	6	20	30	42	79	139	203	0	219	68	17	31	19	5	13	5	5	9	9	11	9	7	1	3	4	5	2	5	1	0	3	4	3	2	5	3	8	9	13	10	13	5	4	10	12	13	20	16	11	11	10	10	22	18	6	6	8	6	4	6	6	15	30	34	18	4	9	10	8	5	3	6	6	10	7	26	15	17	20	8	8	38	92
0	0	0	2	1	2	0	0	1	4	5	7	2	2	3	3	2	3	1	0	5	2	0	4	2	2	6	2	8	6	8	3	4	5	11	6	1	2	10	8	12	10	11	33	32	26	43	43	79	219	0	71	20	24	23	13	17	14	24	16	21	10	7	3	5	3	11	5	10	5	1	4	3	4	2	3	5	6	12	17	20	12	11	11	7	13	15	19	23	7	14	11	8	15	12	21	14	9	4	5	3	5	10	15	28	26	17	5	4	6	9	4	3	9	7	12	12	23	8	18	18	2	13	23	30
0	0	0	2	5	1	3	3	1	3	2	1	2	1	2	3	0	4	1	2	4	2	2	8	5	3	4	6	6	8	3	2	2	5	5	10	4	7	7	9	6	9	10	38	69	23	35	45	124	68	71	0	105	63	25	22	14	9	12	9	8	11	8	1	1	3	6	3	0	1	3	2	1	2	6	3	5	4	5	16	23	22	12	8	13	20	24	32	38	17	16	25	28	41	61	35	33	15	18	15	6	18	10	11	26	17	6	2	1	4	7	4	7	5	11	21	10	12	11	9	6	8	9	13	31
0	0	0	1	3	2	4	0	1	0	0	3	4	0	0	2	2	2	3	1	3	2	2	1	1	8	3	6	6	3	6	2	4	4	7	11	5	3	18	25	14	15	21	44	69	20	14	17	38	17	20	105	0	151	74	33	17	6	9	8	5	5	9	4	3	3	2	6	4	4	2	2	6	2	2	1	9	7	5	14	21	24	10	11	10	28	42	26	36	12	16	33	61	227	77	102	93	25	27	14	12	10	16	4	16	10	15	4	3	3	6	4	5	6	8	8	9	5	4	5	5	4	3	11	10
0	0	0	4	2	1	3	0	1	4	6	3	5	5	4	5	2	2	6	4	2	6	1	2	3	4	2	2	9	5	13	13	7	8	10	3	7	5	14	31	22	26	33	144	93	20	17	10	21	31	24	63	151	0	291	40	20	17	16	16	13	9	4	5	2	5	3	5	4	3	3	6	4	7	5	6	14	15	8	25	49	29	20	7	9	15	20	11	24	14	6	8	24	67	22	28	33	19	28	6	8	5	6	11	7	9	5	2	4	1	3	3	6	5	9	5	9	9	9	5	8	4	3	7	3
0	0	0	1	3	1	3	5	2	2	2	6	5	2	2	3	1	3	5	4	3	4	4	4	4	5	5	15	9	9	8	9	8	20	9	17	6	19	32	57	40	30	53	62	36	16	9	10	10	19	23	25	74	291	0	96	21	18	10	13	8	5	7	3	3	5	4	3	2	4	0	8	5	4	13	8	19	15	13	41	102	59	28	14	11	25	24	18	22	7	6	14	24	57	22	18	31	15	13	11	10	11	5	8	14	6	7	1	1	0	3	4	6	6	3	10	7	6	4	3	3	1	5	10	14
0	0	0	0	1	5	4	2	0	1	4	7	2	2	4	4	8	6	2	2	3	2	11	7	3	4	7	21	14	7	14	10	10	18	27	26	15	28	96	40	20	32	23	19	21	12	7	3	8	5	13	22	33	40	96	0	94	36	28	13	6	7	2	4	1	5	8	2	5	5	5	9	3	12	3	4	13	14	23	91	259	131	100	33	25	27	34	14	17	7	4	6	21	16	10	9	11	9	12	12	13	13	9	3	13	7	3	1	2	3	1	3	3	2	13	11	2	6	2	2	5	4	3	11	3
0	0	0	3	0	3	6	0	1	1	1	5	0	1	2	3	6	8	3	4	6	3	8	9	3	9	10	15	10	6	4	13	9	18	27	27	19	18	32	18	9	14	6	13	11	8	6	4	11	13	17	14	17	20	21	94	0	153	34	15	4	9	5	3	2	0	4	5	11	2	0	2	4	7	10	5	5	10	10	55	42	52	223	37	23	20	22	8	7	12	4	6	10	15	5	2	4	8	9	8	13	10	10	10	6	16	8	5	3	4	3	2	5	7	5	11	9	7	6	6	3	3	4	5	9
0	0	0	0	2	3	2	3	2	0	3	4	4	6	3	5	10	5	1	6	4	9	7	16	5	5	8	13	23	6	12	8	11	27	35	31	14	16	21	14	12	8	9	9	11	6	7	8	5	5	14	9	6	17	18	36	153	0	112	22	11	5	3	2	3	3	5	5	4	3	4	3	4	7	16	7	7	17	20	41	26	34	57	20	15	10	3	11	6	2	2	5	8	2	4	3	6	4	7	5	11	10	7	7	15	6	5	2	3	3	1	3	6	8	5	3	4	4	3	2	4	3	4	2	9
0	0	0	0	2	5	5	3	1	5	10	1	8	3	2	9	4	5	6	6	7	7	8	9	4	7	6	16	13	12	13	12	7	19	27	8	6	10	17	11	9	10	10	16	7	7	9	3	8	5	24	12	9	16	10	28	34	112	0	87	20	13	7	8	4	4	11	5	3	8	6	8	4	17	9	6	8	10	18	55	33	11	28	10	9	6	10	7	11	1	6	1	5	3	5	6	9	5	7	4	5	10	9	2	10	16	10	2	6	1	5	1	1	4	2	1	8	5	8	5	2	2	2	4	9
0	0	0	1	3	4	6	4	4	1	3	2	8	2	6	1	7	6	8	0	2	3	4	10	4	5	8	12	9	6	10	8	11	19	10	9	3	9	8	8	9	15	6	18	13	16	12	8	6	9	16	9	8	16	13	13	15	22	87	0	132	31	21	10	7	6	17	11	6	6	5	11	7	11	11	12	19	9	24	28	15	8	6	5	5	5	9	3	8	2	4	2	3	6	11	6	10	5	2	2	2	2	3	6	10	10	12	3	5	6	1	2	2	2	2	4	4	7	8	4	7	4	3	3	6
0	0	0	6	5	2	2	4	4	3	5	5	3	2	3	11	5	4	1	2	2	1	4	3	9	6	5	13	5	9	6	3	11	10	9	5	4	5	8	5	8	10	7	9	12	9	9	8	5	9	21	8	5	13	8	6	4	11	20	132	0	151	30	13	16	4	23	16	2	12	8	11	18	21	14	8	19	9	20	9	17	8	7	3	2	2	4	4	2	2	2	2	2	6	4	4	5	6	4	0	5	7	3	4	4	6	8	4	2	7	3	2	1	1	3	6	3	4	7	3	1	3	3	4	2
0	0	0	4	2	3	3	2	1	5	3	4	2	3	4	3	5	5	3	2	1	1	3	2	3	3	3	2	3	3	7	4	4	8	6	3	3	6	6	8	3	4	4	15	12	21	11	7	9	11	10	11	5	9	5	7	9	5	13	31	151	0	148	26	21	20	41	31	13	6	7	18	18	14	5	12	9	7	9	12	3	6	5	2	3	6	4	4	3	1	2	3	6	3	3	7	8	6	0	4	0	3	0	5	9	2	6	2	7	1	5	3	1	3	2	6	3	4	6	2	1	4	6	3	5
0	0	0	5	5	0	3	3	0	2	6	5	3	2	2	3	2	5	2	1	2	0	3	5	1	3	0	6	1	3	3	6	3	3	4	1	3	2	8	6	3	7	2	7	3	10	10	8	2	9	7	8	9	4	7	2	5	3	7	21	30	148	0	62	42	24	48	17	5	7	13	14	12	8	5	9	7	4	10	9	3	2	5	3	2	3	6	1	5	2	2	1	3	0	4	6	7	1	7	3	1	4	1	5	3	7	5	1	4	4	6	0	2	3	3	3	0	4	5	4	8	1	1	7	4
0	0	0	1	2	1	5	4	2	5	0	6	2	0	1	4	5	4	8	3	2	0	2	0	1	4	4	8	1	2	2	5	2	3	1	3	3	3	2	5	3	6	2	6	4	8	9	5	3	7	3	1	4	5	3	4	3	2	8	10	13	26	62	0	316	102	100	33	11	10	6	15	14	5	5	14	10	1	4	4	9	6	2	1	0	3	1	1	2	0	0	1	1	0	4	2	2	0	1	0	1	2	2	1	4	4	3	2	2	2	3	1	1	1	1	3	3	3	6	1	0	1	2	5	4
0	0	0	3	4	2	0	3	7	3	3	0	4	2	3	2	2	4	6	1	1	0	2	2	3	5	1	0	3	1	4	3	3	3	5	4	1	2	3	4	4	2	8	6	4	4	8	2	2	1	5	1	3	2	3	1	2	3	4	7	16	21	42	316	0	141	90	27	15	9	6	14	8	7	1	8	5	4	9	3	2	2	1	3	0	4	2	4	2	2	1	3	7	3	2	0	1	1	1	1	4	3	1	2	6	3	3	1	3	2	3	2	2	1	0	3	3	1	2	2	2	1	1	2	6
0	0	0	2	4	6	7	3	5	4	0	5	4	2	5	9	4	3	9	1	2	4	3	6	2	4	4	5	7	3	3	4	1	4	4	2	1	1	5	3	4	3	7	8	5	8	2	2	7	3	3	3	3	5	5	5	0	3	4	6	4	20	24	102	141	0	143	45	25	19	20	15	19	14	7	10	7	7	6	5	4	1	1	2	0	2	4	1	0	2	0	3	1	1	3	6	3	2	3	1	1	3	2	3	3	1	4	0	4	2	3	1	0	0	2	1	1	2	1	1	3	1	3	1	2
0	0	0	7	7	7	3	10	2	4	5	2	6	1	6	2	4	6	2	2	2	4	6	4	3	3	6	6	5	4	5	9	2	5	3	3	4	4	5	2	5	2	8	6	7	3	4	5	6	4	11	6	2	3	4	8	4	5	11	17	23	41	48	100	90	143	0	94	18	13	17	21	25	16	9	12	12	2	8	9	6	2	4	4	2	3	3	3	1	1	3	0	1	2	5	3	5	2	2	1	1	2	1	2	3	2	4	1	1	0	0	3	1	3	3	0	5	2	2	1	0	3	6	4	6
0	0	0	6	5	7	10	6	8	2	2	4	6	5	5	3	9	7	1	2	6	4	3	5	3	5	11	3	6	3	5	10	2	4	4	6	3	5	7	4	14	8	7	8	8	9	9	2	6	5	5	3	6	5	3	2	5	5	5	11	16	31	17	33	27	45	94	0	71	15	53	54	56	28	16	31	16	12	11	11	6	1	4	2	1	3	4	4	0	1	3	3	4	7	2	3	5	4	2	3	3	0	2	2	4	2	0	1	0	0	1	1	3	3	2	0	2	3	5	1	1	2	0	5	3
0	0	0	6	8	6	11	10	9	8	4	12	7	4	8	10	4	6	9	1	5	4	3	10	5	3	7	8	5	9	8	13	3	7	2	6	3	4	2	3	9	9	5	9	5	6	8	2	6	2	10	0	4	4	2	5	11	4	3	6	2	13	5	11	15	25	18	71	0	112	159	109	65	26	23	64	15	14	12	7	6	4	1	3	4	2	3	2	1	1	2	2	1	1	2	1	5	1	2	2	0	1	1	2	4	2	1	2	3	0	1	1	5	3	0	3	0	1	0	3	3	1	1	0	1
0	0	0	9	13	14	10	8	8	3	6	27	21	12	13	18	17	10	12	8	4	3	5	7	9	7	11	5	7	3	17	16	7	10	7	6	0	3	6	2	8	6	3	6	2	5	6	4	1	5	5	1	4	3	4	5	2	3	8	6	12	6	7	10	9	19	13	15	112	0	259	70	71	23	28	104	16	16	15	6	5	4	3	3	2	3	2	2	2	0	2	2	3	2	4	3	4	2	3	1	2	4	1	0	1	1	3	0	0	1	2	1	1	1	4	0	1	4	4	2	3	1	1	3	1
0	0	0	3	12	15	18	9	9	8	7	12	8	8	14	13	16	4	9	6	4	3	5	5	10	2	14	10	5	8	7	8	9	9	4	3	2	1	2	4	6	7	5	2	1	2	5	1	3	1	1	3	2	3	0	5	0	4	6	5	8	7	13	6	6	20	17	53	159	259	0	90	86	40	25	49	15	12	10	11	2	2	4	1	4	2	3	2	1	1	2	0	2	2	1	3	3	1	0	2	2	4	1	0	4	2	2	0	1	0	1	0	1	4	0	1	4	2	3	5	3	0	1	1	0
0	0	0	8	12	9	13	9	6	3	6	11	10	13	12	10	19	10	8	5	5	4	10	9	6	5	12	15	11	6	17	15	7	14	7	6	4	4	7	6	7	9	7	12	10	3	8	4	6	0	4	2	2	6	8	9	2	3	8	11	11	18	14	15	14	15	21	54	109	70	90	0	554	123	41	145	40	27	22	9	9	3	6	3	0	2	0	1	2	1	2	3	3	0	4	3	4	1	3	3	0	2	3	1	4	2	1	3	2	2	2	2	1	1	4	3	1	0	0	1	2	2	0	2	1
0	0	0	3	14	14	14	14	7	4	4	15	8	11	6	5	16	7	6	2	7	3	7	6	6	6	8	15	10	4	19	13	3	13	7	3	4	4	4	3	7	14	8	9	3	5	2	3	3	3	3	1	6	4	5	3	4	4	4	7	18	18	12	14	8	19	25	56	65	71	86	554	0	143	30	60	19	9	17	13	10	0	3	4	4	1	3	1	2	0	1	1	5	4	1	6	4	3	0	1	1	4	3	4	0	3	3	2	2	1	2	1	1	1	1	1	3	2	0	2	2	3	2	0	1
0	0	0	6	8	13	13	9	5	3	9	26	19	6	9	17	20	16	12	9	7	6	13	15	11	12	28	18	14	11	19	30	12	13	7	6	3	10	6	12	9	10	11	6	7	5	7	2	0	4	4	2	2	7	4	12	7	7	17	11	21	14	8	5	7	14	16	28	26	23	40	123	143	0	77	80	46	26	33	17	11	2	4	3	6	2	6	2	3	2	1	2	2	5	5	3	3	2	2	5	2	4	2	3	3	2	3	3	2	2	1	0	0	3	1	1	3	1	2	2	0	1	1	4	3
0	0	0	6	7	9	7	9	8	6	6	36	19	14	16	25	28	19	15	12	7	9	16	14	15	20	35	40	24	36	83	106	26	35	11	11	10	22	16	14	20	30	9	19	6	6	1	2	6	3	2	6	2	5	13	3	10	16	9	11	14	5	5	5	1	7	9	16	23	28	25	41	30	77	0	95	66	83	77	13	9	5	4	4	3	2	5	4	4	2	4	1	5	2	2	7	6	3	6	2	1	2	4	4	1	5	2	1	1	0	2	1	0	5	1	6	2	2	1	3	0	3	0	0	1
0	0	0	5	9	9	5	12	4	2	5	23	14	9	12	19	10	5	14	5	4	3	5	16	10	13	15	13	18	15	19	23	11	26	5	5	5	6	8	8	20	25	16	10	7	5	6	4	3	2	3	3	1	6	8	4	5	7	6	12	8	12	9	14	8	10	12	31	64	104	49	145	60	80	95	0	48	33	32	13	6	5	5	2	3	4	2	1	2	0	0	5	2	3	3	1	4	4	1	0	2	6	3	5	0	2	3	1	0	1	4	1	1	0	2	1	0	2	0	2	2	3	1	0	2
0	0	0	3	4	6	5	9	5	5	2	13	6	8	10	11	12	10	8	8	7	4	8	3	4	7	17	16	15	23	31	35	9	26	16	9	5	15	23	18	71	74	41	22	10	5	5	8	13	5	5	5	9	14	19	13	5	7	8	19	19	9	7	10	5	7	12	16	15	16	15	40	19	46	66	48	0	134	197	31	18	14	10	7	5	6	8	6	7	3	2	4	6	10	8	8	3	1	6	8	3	4	4	6	5	4	6	0	2	3	1	1	1	2	2	3	2	4	4	2	7	1	1	3	3
0	0	0	7	3	6	3	1	1	4	2	8	10	1	10	11	19	6	5	8	15	9	8	21	9	12	26	39	34	43	127	74	25	46	28	9	10	32	32	30	101	84	29	16	5	9	4	4	8	3	6	4	7	15	15	14	10	17	10	9	9	7	4	1	4	7	2	12	14	16	12	27	9	26	83	33	134	0	216	24	27	5	9	6	2	6	8	4	8	3	4	1	4	7	6	11	13	8	3	4	6	2	2	5	1	3	0	1	1	0	2	3	1	2	4	4	3	8	4	1	7	0	3	4	4
0	0	0	1	6	11	2	4	2	4	6	10	6	10	8	14	7	14	12	8	7	12	15	11	10	10	24	50	46	47	63	55	25	67	30	12	13	20	32	28	64	97	43	12	12	6	4	5	6	8	12	5	5	8	13	23	10	20	18	24	20	9	10	4	9	6	8	11	12	15	10	22	17	33	77	32	197	216	0	76	37	19	12	6	11	4	8	7	7	3	4	5	5	7	8	4	12	4	7	5	3	5	5	4	8	5	4	4	1	2	3	2	2	1	4	2	1	2	2	4	2	2	2	4	3
0	0	0	2	6	3	4	5	6	2	4	4	5	7	6	6	5	6	3	3	2	10	6	20	9	11	10	20	28	17	19	14	9	37	28	29	9	29	51	46	39	60	32	22	14	15	10	4	11	9	17	16	14	25	41	91	55	41	55	28	9	12	9	4	3	5	9	11	7	6	11	9	13	17	13	13	31	24	76	0	269	22	32	21	8	9	11	7	9	8	3	5	5	6	6	9	11	7	8	4	4	10	8	6	12	4	3	3	1	2	3	3	4	2	6	4	2	7	2	4	8	2	0	7	8
0	0	0	3	2	3	2	0	4	2	5	7	1	3	3	7	7	2	6	4	3	8	2	17	9	7	5	13	15	12	13	13	8	27	31	31	13	25	75	40	39	55	26	35	17	9	7	11	10	13	20	23	21	49	102	259	42	26	33	15	17	3	3	9	2	4	6	6	6	5	2	9	10	11	9	6	18	27	37	269	0	62	45	18	23	15	20	11	10	7	7	5	3	14	8	8	15	8	11	9	7	7	7	8	7	14	4	1	3	2	5	3	4	7	7	1	1	8	5	8	7	2	3	1	9
0	0	0	1	2	1	1	0	2	2	6	0	4	4	1	3	5	4	2	5	4	4	3	8	2	1	6	6	15	8	3	6	5	18	19	23	16	27	49	38	20	11	17	18	12	10	5	6	11	10	12	22	24	29	59	131	52	34	11	8	8	6	2	6	2	1	2	1	4	4	2	3	0	2	5	5	14	5	19	22	62	0	99	68	59	78	67	22	41	13	5	19	14	19	9	6	16	18	25	16	18	22	6	5	3	6	6	4	1	1	4	3	6	12	9	7	6	5	7	3	3	2	3	4	5
0	0	0	4	1	4	3	5	2	4	2	2	2	1	5	4	3	5	5	5	6	4	5	5	2	9	5	13	9	4	5	7	6	14	23	27	15	19	36	16	12	13	9	9	7	5	2	2	5	13	11	12	10	20	28	100	223	57	28	6	7	5	5	2	1	1	4	4	1	3	4	6	3	4	4	5	10	9	12	32	45	99	0	85	48	28	34	16	33	9	5	6	16	10	6	6	12	12	14	14	19	25	11	13	9	11	6	2	3	2	2	3	1	4	9	6	8	6	1	4	2	4	5	4	6
0	0	0	0	0	1	2	4	2	2	5	2	1	0	3	1	6	2	1	4	7	9	4	2	4	3	1	4	6	11	2	7	10	10	19	34	26	20	23	14	12	11	5	9	7	1	2	3	4	5	11	8	11	7	14	33	37	20	10	5	3	2	3	1	3	2	4	2	3	3	1	3	4	3	4	2	7	6	6	21	18	68	85	0	71	27	29	14	6	9	5	14	11	7	6	4	7	7	19	13	9	20	6	5	8	9	10	3	1	2	3	4	4	6	6	4	3	5	4	4	3	0	2	3	3
0	0	0	3	1	1	4	0	2	2	0	1	2	1	1	7	2	1	0	2	2	0	6	2	6	5	2	6	9	11	3	4	1	9	7	18	11	7	14	16	5	10	6	6	2	3	5	5	3	4	7	13	10	9	11	25	23	15	9	5	2	3	2	0	0	0	2	1	4	2	4	0	4	6	3	3	5	2	11	8	23	59	48	71	0	102	66	25	30	23	5	14	8	14	7	8	9	10	18	30	46	85	16	9	4	4	7	2	0	2	2	1	11	13	12	6	14	12	3	4	5	6	3	2	6
0	0	0	0	1	2	1	2	2	3	1	1	1	2	2	1	2	3	2	5	4	3	5	5	3	1	7	5	8	4	4	1	6	2	10	15	5	11	15	12	10	17	10	17	10	7	5	8	9	10	13	20	28	15	25	27	20	10	6	5	2	6	3	3	4	2	3	3	2	3	2	2	1	2	2	4	6	6	4	9	15	78	28	27	102	0	443	74	74	35	10	32	33	32	25	19	12	19	66	66	44	70	18	15	10	7	2	1	2	5	7	5	6	7	8	8	8	4	2	5	2	8	6	6	5
0	0	0	2	0	1	1	2	1	1	0	1	0	2	2	4	3	1	1	4	1	0	6	5	2	0	1	7	3	4	5	12	2	6	8	10	3	9	16	15	11	8	8	12	18	5	4	9	15	12	15	24	42	20	24	34	22	3	10	9	4	4	6	1	2	4	3	4	3	2	3	0	3	6	5	2	8	8	8	11	20	67	34	29	66	443	0	130	183	46	11	32	51	44	45	21	20	30	67	64	56	64	22	15	12	10	4	1	4	1	2	4	5	17	27	12	13	7	7	4	11	4	5	7	11
0	0	0	2	2	3	3	0	0	3	3	0	1	0	0	2	2	2	0	3	4	3	4	2	2	2	3	5	4	5	4	3	2	3	4	5	2	4	12	12	11	8	7	9	17	11	8	14	25	13	19	32	26	11	18	14	8	11	7	3	4	4	1	1	4	1	3	4	2	2	2	1	1	2	4	1	6	4	7	7	11	22	16	14	25	74	130	0	813	168	56	51	79	43	51	25	24	21	58	61	37	43	21	24	21	10	13	3	5	3	5	9	8	22	50	29	22	13	6	6	6	7	6	15	19
0	0	0	2	1	0	1	1	0	1	2	1	1	0	1	1	1	1	2	3	2	6	2	4	1	4	2	4	6	6	3	3	11	3	7	11	4	10	9	4	9	12	6	7	18	5	7	12	19	20	23	38	36	24	22	17	7	6	11	8	2	3	5	2	2	0	1	0	1	2	1	2	2	3	4	2	7	8	7	9	10	41	33	6	30	74	183	813	0	81	33	42	50	47	54	26	13	16	59	50	39	40	26	18	26	8	12	3	5	4	4	4	16	13	31	24	11	14	6	6	6	6	4	17	20
0	0	0	1	0	2	0	2	3	3	1	3	2	2	0	3	2	1	0	0	1	0	3	5	3	2	1	6	3	2	1	1	1	1	2	3	4	2	9	5	2	6	6	5	9	10	2	7	8	16	7	17	12	14	7	7	12	2	1	2	2	1	2	0	2	2	1	1	1	0	1	1	0	2	2	0	3	3	3	8	7	13	9	9	23	35	46	168	81	0	76	42	43	16	35	18	7	11	55	63	83	49	17	27	12	8	8	2	3	1	2	8	15	25	77	46	12	16	4	8	5	7	8	11	9
0	0	0	0	0	0	0	1	0	0	2	1	1	2	0	2	3	1	2	1	0	0	0	3	1	2	2	3	1	0	4	2	0	1	5	6	0	2	4	8	3	6	4	7	8	11	11	13	25	11	14	16	16	6	6	4	4	2	6	4	2	2	2	0	1	0	3	3	2	2	2	2	1	1	4	0	2	4	4	3	7	5	5	5	5	10	11	56	33	76	0	74	40	24	50	19	9	21	26	20	17	13	10	10	12	7	4	3	4	3	4	5	16	15	35	56	18	12	7	9	16	9	6	10	16
0	0	0	0	2	1	2	0	3	0	1	2	1	1	2	1	2	4	1	4	1	2	2	0	1	2	1	0	1	2	2	5	2	1	3	5	6	1	6	7	6	4	9	7	13	7	4	10	21	11	11	25	33	8	14	6	6	5	1	2	2	3	1	1	3	3	0	3	2	2	0	3	1	2	1	5	4	1	5	5	5	19	6	14	14	32	32	51	42	42	74	0	273	45	100	59	26	60	122	47	24	12	10	10	3	12	5	4	0	1	1	7	8	14	14	12	6	15	4	4	14	5	2	5	10
0	0	0	0	1	2	0	2	2	2	3	1	1	1	1	3	2	1	0	1	0	2	1	4	2	1	3	6	2	5	8	3	3	1	1	9	6	10	9	11	9	5	13	9	30	7	10	11	16	10	8	28	61	24	24	21	10	8	5	3	2	6	3	1	7	1	1	4	1	3	2	3	5	2	5	2	6	4	5	5	3	14	16	11	8	33	51	79	50	43	40	273	0	153	216	85	46	87	174	35	17	10	11	9	12	5	3	3	1	3	2	8	6	9	15	26	8	7	5	6	4	6	8	10	7
0	0	0	1	5	2	2	2	1	3	0	2	3	2	2	3	4	1	2	1	4	1	1	1	0	4	4	3	9	3	4	4	3	7	5	6	6	7	15	14	15	8	19	31	38	14	11	23	26	10	15	41	227	67	57	16	15	2	3	6	6	3	0	0	3	1	2	7	1	2	2	0	4	5	2	3	10	7	7	6	14	19	10	7	14	32	44	43	47	16	24	45	153	0	115	140	97	81	69	23	17	15	5	8	14	11	3	4	1	3	4	3	5	8	9	13	8	6	8	3	4	3	6	8	7
0	0	0	0	2	3	2	1	0	1	4	1	3	1	0	3	4	3	1	0	1	2	9	3	0	1	3	5	3	3	6	4	2	3	3	3	3	5	9	7	5	9	5	14	27	20	15	16	34	22	12	61	77	22	22	10	5	4	5	11	4	3	4	4	2	3	5	2	2	4	1	4	1	5	2	3	8	6	8	6	8	9	6	6	7	25	45	51	54	35	50	100	216	115	0	154	53	31	58	16	17	12	9	14	12	13	1	3	2	2	4	9	9	9	20	31	15	8	10	10	10	3	3	16	17
0	0	0	1	3	5	5	3	0	2	1	3	1	2	0	2	1	1	0	3	1	1	4	3	2	3	1	4	2	6	2	6	2	6	9	6	2	2	15	10	7	13	14	23	25	22	12	12	24	18	21	35	102	28	18	9	2	3	6	6	4	7	6	2	0	6	3	3	1	3	3	3	6	3	7	1	8	11	4	9	8	6	6	4	8	19	21	25	26	18	19	59	85	140	154	0	212	48	32	19	3	4	16	12	11	8	8	4	5	5	5	4	3	6	5	12	12	5	8	6	6	5	2	3	15
0	0	0	1	1	2	2	0	2	2	2	1	1	1	2	0	5	3	1	0	1	1	2	1	3	1	2	5	6	2	5	4	2	5	2	6	2	3	12	11	6	16	27	30	39	17	10	15	16	6	14	33	93	33	31	11	4	6	9	10	5	8	7	2	1	3	5	5	5	4	3	4	4	3	6	4	3	13	12	11	15	16	12	7	9	12	20	24	13	7	9	26	46	97	53	212	0	55	18	10	9	4	6	10	7	14	0	3	2	3	2	3	4	5	10	6	4	1	0	6	4	6	3	2	12
0	0	0	2	2	1	2	2	1	1	1	3	2	0	1	2	4	3	0	3	2	3	1	4	2	2	5	3	7	6	1	7	6	4	4	1	9	11	9	16	21	11	19	9	15	9	6	8	12	6	9	15	25	19	15	9	8	4	5	5	6	6	1	0	1	2	2	4	1	2	1	1	3	2	3	4	1	8	4	7	8	18	12	7	10	19	30	21	16	11	21	60	87	81	31	48	55	0	84	17	10	15	3	6	9	5	3	3	1	1	2	6	0	6	8	15	4	5	0	4	4	3	4	7	10
0	0	0	2	3	1	1	3	0	2	1	3	0	2	7	0	0	3	1	1	3	2	5	1	0	2	4	4	4	1	3	6	0	4	6	5	6	7	13	15	13	8	11	12	11	9	5	6	14	8	4	18	27	28	13	12	9	7	7	2	4	0	7	1	1	3	2	2	2	3	0	3	0	2	6	1	6	3	7	8	11	25	14	19	18	66	67	58	59	55	26	122	174	69	58	32	18	84	0	116	38	37	11	7	9	7	2	2	2	1	3	4	7	10	13	14	6	9	7	7	5	5	2	7	3
0	0	0	2	0	1	0	1	0	2	1	0	2	1	3	3	2	1	1	0	0	0	5	2	0	1	3	4	4	3	5	1	1	4	1	6	6	4	9	9	4	5	8	3	9	4	4	6	3	6	5	15	14	6	11	12	8	5	4	2	0	4	3	0	1	1	1	3	2	1	2	3	1	5	2	0	8	4	5	4	9	16	14	13	30	66	64	61	50	63	20	47	35	23	16	19	10	17	116	0	134	42	20	7	9	5	3	3	1	2	4	4	10	15	19	20	8	7	4	1	2	5	3	6	7
0	0	0	0	1	2	3	1	2	2	2	4	1	2	1	1	1	1	3	0	3	2	5	1	1	3	1	4	3	4	2	1	6	3	14	7	1	5	5	5	4	8	7	3	6	3	6	8	5	4	3	6	12	8	10	13	13	11	5	2	5	0	1	1	4	1	1	3	0	2	2	0	1	2	1	2	3	6	3	4	7	18	19	9	46	44	56	37	39	83	17	24	17	17	17	3	9	10	38	134	0	172	37	17	15	3	8	0	5	1	3	2	9	22	50	15	12	11	4	3	4	6	8	5	7
0	0	0	1	2	3	2	1	3	2	4	0	0	1	1	4	0	4	1	2	2	1	6	3	1	3	5	6	8	2	3	4	7	5	9	5	14	5	13	7	6	7	3	5	5	9	2	9	13	6	5	18	10	5	11	13	10	10	10	2	7	3	4	2	3	3	2	0	1	4	4	2	4	4	2	6	4	2	5	10	7	22	25	20	85	70	64	43	40	49	13	12	10	15	12	4	4	15	37	42	172	0	53	42	15	13	6	4	3	2	2	3	13	34	33	10	12	15	5	5	5	6	6	10	3
0	0	0	2	0	1	2	2	0	0	1	1	2	1	0	2	0	2	0	2	3	4	1	1	0	3	0	0	4	2	2	2	3	4	6	7	5	6	2	3	2	6	1	5	3	5	7	4	4	6	10	10	16	6	5	9	10	7	9	3	3	0	1	2	1	2	1	2	1	1	1	3	3	2	4	3	4	2	5	8	7	6	11	6	16	18	22	21	26	17	10	10	11	5	9	16	6	3	11	20	37	53	0	110	22	10	11	2	1	0	5	14	31	101	78	23	17	25	5	5	13	11	15	8	6
0	0	0	0	1	3	0	3	2	0	1	1	4	0	3	1	5	1	2	4	2	3	6	1	1	3	3	2	3	3	3	2	3	5	1	5	1	3	8	3	4	2	3	5	5	4	10	15	14	15	15	11	4	11	8	3	10	7	2	6	4	5	5	1	2	3	2	2	2	0	0	1	4	3	4	5	6	5	4	6	8	5	13	5	9	15	15	24	18	27	10	10	9	8	14	12	10	6	7	7	17	42	110	0	65	27	17	4	3	9	9	11	39	71	54	31	30	33	16	10	19	22	14	18	7
0	0	0	3	2	1	1	0	2	4	0	5	1	0	1	4	2	1	1	1	0	2	2	2	3	1	6	3	1	4	1	3	1	2	3	5	3	4	5	5	4	5	4	12	12	8	11	17	36	30	28	26	16	7	14	13	6	15	10	10	4	9	3	4	6	3	3	4	4	1	4	4	0	3	1	0	5	1	8	12	7	3	9	8	4	10	12	21	26	12	12	3	12	14	12	11	7	9	9	9	15	15	22	65	0	95	47	8	5	11	15	16	14	25	23	29	48	121	33	21	42	12	30	68	38
0	0	0	0	2	2	1	1	2	1	0	1	3	3	2	2	1	2	3	3	3	2	3	5	2	0	2	4	1	4	4	3	0	3	2	5	4	4	7	1	0	4	5	10	6	13	6	14	15	34	26	17	10	9	6	7	16	6	16	10	6	2	7	4	3	1	2	2	2	1	2	2	3	2	5	2	4	3	5	4	14	6	11	9	4	7	10	10	8	8	7	12	5	11	13	8	14	5	7	5	3	13	10	27	95	0	191	8	13	14	26	15	14	9	13	17	26	73	67	41	26	18	30	68	30
0	0	0	1	1	3	1	4	0	0	1	0	0	3	3	2	1	1	4	2	1	1	0	3	0	0	2	1	4	3	0	1	1	7	4	4	3	6	3	4	3	2	4	5	3	10	7	14	8	18	17	6	15	5	7	3	8	5	10	12	8	6	5	3	3	4	4	0	1	3	2	1	3	3	2	3	6	0	4	3	4	6	6	10	7	2	4	13	12	8	4	5	3	3	1	8	0	3	2	3	8	6	11	17	47	191	0	20	20	17	49	16	9	9	3	16	13	61	173	44	51	25	53	59	21
0	0	0	0	0	1	1	3	1	0	2	0	0	1	1	3	2	1	3	2	1	0	0	3	1	0	3	1	0	2	2	2	4	1	1	0	2	1	2	3	0	1	4	2	2	1	6	4	7	4	5	2	4	2	1	1	5	2	2	3	4	2	1	2	1	0	1	1	2	0	0	3	2	3	1	1	0	1	4	3	1	4	2	3	2	1	1	3	3	2	3	4	3	4	3	4	3	3	2	3	0	4	2	4	8	8	20	0	277	79	17	6	5	3	1	3	3	10	14	18	12	15	14	11	4
0	0	0	0	0	0	0	1	1	1	0	0	1	2	0	0	0	0	1	1	0	0	4	0	0	1	1	3	2	0	0	0	2	0	1	2	2	0	2	2	5	4	4	2	6	2	7	3	5	9	4	1	3	4	1	2	3	3	6	5	2	7	4	2	3	4	1	0	3	0	1	2	2	2	1	0	2	1	1	1	3	1	3	1	0	2	4	5	5	3	4	0	1	1	2	5	2	1	2	1	5	3	1	3	5	13	20	277	0	148	36	5	2	1	3	2	9	9	23	19	8	7	19	12	5
0	0	0	0	1	2	1	1	1	1	1	0	0	0	0	0	1	1	1	0	1	1	1	3	2	0	1	1	1	1	1	1	1	2	2	3	1	1	7	1	3	3	2	1	2	4	3	4	6	10	6	4	3	1	0	3	4	3	1	6	7	1	4	2	2	2	0	0	0	1	0	2	1	2	0	1	3	0	2	2	2	1	2	2	2	5	1	3	4	1	3	1	3	3	2	5	3	1	1	2	1	2	0	9	11	14	17	79	148	0	79	16	4	4	4	3	12	6	30	14	15	25	33	12	8
0	0	0	1	0	0	0	0	1	1	2	1	6	0	1	0	1	1	3	2	1	1	1	1	0	0	0	1	1	0	0	2	3	4	2	1	3	7	5	1	3	4	3	4	3	1	6	7	6	8	9	7	6	3	3	1	3	1	5	1	3	5	6	3	3	3	0	1	1	2	1	2	2	1	2	4	1	2	3	3	5	4	2	3	2	7	2	5	4	2	4	1	2	4	4	5	2	2	3	4	3	2	5	9	15	26	49	17	36	79	0	19	8	4	6	8	14	36	85	47	57	148	180	21	10
0	0	0	0	1	0	0	0	2	0	0	2	0	0	0	1	0	1	0	1	1	0	2	3	1	2	2	1	1	0	0	1	3	3	1	1	2	2	1	0	1	1	2	2	3	3	4	8	7	5	4	4	4	3	4	3	2	3	1	2	2	3	0	1	2	1	3	1	1	1	0	2	1	0	1	1	1	3	2	3	3	3	3	4	1	5	4	9	4	8	5	7	8	3	9	4	3	6	4	4	2	3	14	11	16	15	16	6	5	16	19	0	62	18	16	19	49	22	17	18	51	66	43	24	7
0	0	0	0	1	0	3	2	5	1	1	2	5	2	1	1	0	0	0	2	2	1	3	3	1	1	2	3	2	1	2	1	0	2	2	2	1	2	2	6	3	3	3	4	3	3	2	4	6	3	3	7	5	6	6	3	5	6	1	2	1	1	2	1	2	0	1	3	5	1	1	1	1	0	0	1	1	1	2	4	4	6	1	4	11	6	5	8	16	15	16	8	6	5	9	3	4	0	7	10	9	13	31	39	14	14	9	5	2	4	8	62	0	121	68	58	42	24	16	6	25	20	16	17	17
0	0	0	0	1	0	1	0	3	0	0	1	1	1	1	0	0	2	1	1	2	1	2	3	0	1	0	1	2	2	0	5	1	2	4	3	5	3	2	5	4	3	3	4	1	6	3	4	6	6	9	5	6	5	6	2	7	8	4	2	1	3	3	1	1	0	3	3	3	1	4	1	1	3	5	0	2	2	1	2	7	12	4	6	13	7	17	22	13	25	15	14	9	8	9	6	5	6	10	15	22	34	101	71	25	9	9	3	1	4	4	18	121	0	178	31	13	18	5	6	15	7	13	9	7
0	0	0	1	0	2	0	4	1	0	0	1	2	1	0	2	0	0	2	3	2	3	0	0	1	1	2	2	2	2	5	4	4	4	1	1	6	6	6	4	4	3	4	5	6	10	6	9	9	6	7	11	8	9	3	13	5	5	2	2	3	2	3	1	0	2	3	2	0	4	0	4	1	1	1	2	2	4	4	6	7	9	9	6	12	8	27	50	31	77	35	14	15	9	20	5	10	8	13	19	50	33	78	54	23	13	3	1	3	4	6	16	68	178	0	83	34	11	8	6	9	12	6	10	16
0	0	0	1	2	1	0	2	0	1	0	0	1	2	0	1	1	1	1	1	1	1	3	1	0	1	2	1	1	3	5	4	1	1	3	1	3	3	4	5	1	5	6	8	4	6	8	13	23	10	12	21	8	5	10	11	11	3	1	4	6	6	3	3	3	1	0	0	3	0	1	3	1	1	6	1	3	4	2	4	1	7	6	4	6	8	12	29	24	46	56	12	26	13	31	12	6	15	14	20	15	10	23	31	29	17	16	3	2	3	8	19	58	31	83	0	91	33	7	16	31	13	14	17	25
0	0	0	0	1	2	1	1	2	2	1	2	1	1	1	2	1	0	1	0	1	1	0	4	2	2	4	7	1	3	4	4	3	2	4	0	0	3	4	6	1	3	5	2	6	5	6	13	14	7	12	10	9	9	7	2	9	4	8	4	3	3	0	3	3	1	5	2	0	1	4	1	3	3	2	0	2	3	1	2	1	6	8	3	14	8	13	22	11	12	18	6	8	8	15	12	4	4	6	8	12	12	17	30	48	26	13	3	9	12	14	49	42	13	34	91	0	142	35	24	147	27	52	78	28
0	0	0	2	0	2	1	1	1	0	2	2	1	2	2	1	4	1	2	1	0	0	0	1	1	0	2	3	5	4	2	0	0	1	3	3	2	2	2	3	3	5	6	4	10	11	8	14	14	26	23	12	5	9	6	6	7	4	5	7	4	4	4	3	1	2	2	3	1	4	2	0	2	1	2	2	4	8	2	7	8	5	6	5	12	4	7	13	14	16	12	15	7	6	8	5	1	5	9	7	11	15	25	33	121	73	61	10	9	6	36	22	24	18	11	33	142	0	91	49	249	49	83	218	30
0	0	0	1	1	0	0	1	1	2	2	3	0	1	3	0	3	1	1	0	2	1	4	4	2	1	1	2	4	3	2	0	3	3	3	5	5	2	0	1	3	0	2	3	6	7	9	16	15	15	8	11	4	9	4	2	6	3	8	8	7	6	5	6	2	1	2	5	0	4	3	0	0	2	1	0	4	4	2	2	5	7	1	4	3	2	7	6	6	4	7	4	5	8	10	8	0	0	7	4	4	5	5	16	33	67	173	14	23	30	85	17	16	5	8	7	35	91	0	120	110	56	175	121	27
0	0	0	1	1	1	1	2	2	0	0	0	1	0	0	1	1	2	2	0	2	2	2	1	2	4	1	2	0	1	2	1	0	2	5	2	2	1	5	2	1	3	3	5	6	6	13	24	22	17	18	9	5	5	3	2	6	2	5	4	3	2	4	1	2	1	1	1	3	2	5	1	2	2	3	2	2	1	4	4	8	3	4	4	4	5	4	6	6	8	9	4	6	3	10	6	6	4	7	1	3	5	5	10	21	41	44	18	19	14	47	18	6	6	6	16	24	49	120	0	63	35	68	121	33
0	0	0	2	1	3	1	3	1	1	0	3	1	0	1	0	4	2	0	0	0	0	1	2	0	2	2	3	0	2	4	0	1	0	2	3	4	1	2	2	4	2	3	6	5	9	5	14	13	20	18	6	5	8	3	5	3	4	2	7	1	1	8	0	2	3	0	1	3	3	3	2	2	0	0	2	7	7	2	8	7	3	2	3	5	2	11	6	6	5	16	14	4	4	10	6	4	4	5	2	4	5	13	19	42	26	51	12	8	15	57	51	25	15	9	31	147	249	110	63	0	80	219	137	32
0	0	0	0	1	1	1	0	5	1	1	1	0	1	1	1	1	2	1	0	1	2	3	1	2	1	3	0	3	1	5	0	1	1	1	3	1	1	1	2	0	0	2	3	2	6	6	9	6	8	2	8	4	4	1	4	3	3	2	4	3	4	1	1	1	1	3	2	1	1	0	2	3	1	3	3	1	0	2	2	2	2	4	0	6	8	4	7	6	7	9	5	6	3	3	5	6	3	5	5	6	6	11	22	12	18	25	15	7	25	148	66	20	7	12	13	27	49	56	35	80	0	289	36	16
0	0	0	1	1	1	0	0	1	1	1	2	0	0	1	1	1	1	0	3	1	1	3	4	2	3	3	0	2	4	1	2	1	2	6	2	3	2	4	2	3	3	2	4	6	1	9	16	6	8	13	9	3	3	5	3	4	4	2	3	3	6	1	2	1	3	6	0	1	1	1	0	2	1	0	1	1	3	2	0	3	3	5	2	3	6	5	6	4	8	6	2	8	6	3	2	3	4	2	3	8	6	15	14	30	30	53	14	19	33	180	43	16	13	6	14	52	83	175	68	219	289	0	51	8
0	0	0	1	0	1	2	0	0	1	0	2	1	0	1	0	1	3	1	0	0	1	3	1	1	0	2	0	1	5	3	1	2	4	4	3	2	3	2	3	3	2	4	5	7	12	9	28	29	38	23	13	11	7	10	11	5	2	4	3	4	3	7	5	2	1	4	5	0	3	1	2	0	4	0	0	3	4	4	7	1	4	4	3	2	6	7	15	17	11	10	5	10	8	16	3	2	7	7	6	5	10	8	18	68	68	59	11	12	12	21	24	17	9	10	17	78	218	121	121	137	36	51	0	61
0	0	0	0	1	1	1	1	2	2	1	3	1	0	0	1	1	3	2	1	3	0	2	4	2	4	2	5	0	2	3	2	1	2	4	7	1	5	3	4	4	11	5	12	8	15	37	103	149	92	30	31	10	3	14	3	9	9	9	6	2	5	4	4	6	2	6	3	1	1	0	1	1	3	1	2	3	4	3	8	9	5	6	3	6	5	11	19	20	9	16	10	7	7	17	15	12	10	3	7	7	3	6	7	38	30	21	4	5	8	10	7	17	7	16	25	28	30	27	33	32	16	8	61	0
