0	0	0	0	0	0	0	0	0	0	0	0	0	0	0	0	0	0	0	0	0	0	0	0	0	0	0	0	0	0	0	0	0	0	0	0	0	0	0	0	0	0	0	0	0	0	0	0	0	0	0	0	0	0	0	0	0	0	0	0	0	0
0	0	0	0	0	0	0	0	0	0	0	0	0	0	0	0	0	0	0	0	0	0	0	0	0	0	0	0	0	0	0	0	0	0	0	0	0	0	0	0	0	0	0	0	0	0	0	0	0	0	0	0	0	0	0	0	0	0	0	0	0	0
0	0	0	0	0	0	0	0	0	0	0	0	0	0	0	0	0	0	0	0	0	0	0	0	0	0	0	0	0	0	0	0	0	0	0	0	0	0	0	0	0	0	0	0	0	0	0	0	0	0	0	0	0	0	0	0	0	0	0	0	0	0
0	0	0	0	176	31	12	19	18	15	11	8	6	14	17	20	13	8	19	19	1	10	5	16	15	31	19	17	7	7	10	7	12	16	7	9	7	27	12	7	1	3	6	10	4	6	10	10	12	10	2	4	6	13	12	4	9	5	5	4	6	1
0	0	0	176	0	50	20	39	17	6	9	5	4	1	13	7	6	5	17	16	3	7	8	15	20	32	20	12	6	5	3	13	12	27	8	9	8	18	13	6	6	8	12	11	11	17	24	23	13	9	5	5	11	8	11	1	9	2	4	5	3	4
0	0	0	31	50	0	55	53	15	9	4	5	2	5	3	9	2	6	10	6	4	2	0	4	9	9	10	11	9	6	16	23	22	19	13	10	1	14	12	5	3	6	7	8	32	22	24	10	9	6	2	2	7	5	5	3	0	3	1	1	3	2
0	0	0	12	20	55	0	59	15	9	5	5	1	4	6	5	3	7	2	2	1	2	3	3	10	6	5	7	6	7	7	17	14	4	6	7	2	4	8	2	6	4	8	8	15	14	3	6	5	4	5	4	5	4	1	3	4	2	0	3	4	1
0	0	0	19	39	53	59	0	66	20	19	5	6	8	9	3	2	4	4	3	6	7	5	13	12	15	4	3	10	11	6	21	24	20	5	10	2	9	11	3	3	6	5	5	7	4	9	4	2	0	2	3	7	9	6	3	8	3	7	1	3	4
0	0	0	18	17	15	15	66	0	98	74	12	9	12	31	13	5	11	5	5	3	1	2	8	7	2	5	17	7	10	5	15	28	25	24	15	6	15	8	3	3	2	8	6	8	3	6	3	6	5	5	5	4	6	4	3	3	1	6	2	6	3
0	0	0	15	6	9	9	20	98	0	95	12	15	15	20	19	12	7	8	2	1	1	1	5	3	7	8	9	2	3	2	10	9	10	33	11	11	6	6	2	2	3	4	3	1	1	1	3	4	5	4	3	3	1	5	3	1	5	6	7	5	4
0	0	0	11	9	4	5	19	74	95	0	46	34	43	67	25	14	10	3	5	2	1	4	8	1	0	12	7	7	3	5	9	20	22	31	34	8	14	7	5	4	4	4	2	6	3	3	2	2	4	1	7	9	11	2	3	3	3	9	9	6	7
0	0	0	8	5	5	5	5	12	12	46	0	115	40	21	14	11	5	4	4	2	1	1	3	2	6	6	5	3	3	7	13	7	9	36	21	7	6	5	3	2	0	2	3	2	1	3	0	2	3	4	4	10	6	1	3	5	5	11	3	7	3
0	0	0	6	4	2	1	6	9	15	34	115	0	72	24	17	19	8	3	7	4	1	4	2	2	5	4	2	4	2	4	5	6	7	21	15	13	8	5	2	2	2	0	1	3	0	2	2	1	6	3	3	6	3	6	7	3	13	12	10	9	6
0	0	0	14	1	5	4	8	12	15	43	40	72	0	72	46	45	11	5	7	3	2	3	10	4	5	10	8	5	1	4	6	12	12	27	25	28	10	4	8	2	4	2	3	3	4	0	3	3	8	5	4	6	18	13	8	7	4	22	24	22	10
0	0	0	17	13	3	6	9	31	20	67	21	24	72	0	88	55	11	15	11	4	0	7	3	6	7	17	8	5	1	10	17	13	16	21	34	18	26	10	6	3	3	2	1	7	2	5	4	10	6	2	6	10	12	11	14	8	4	11	12	8	5
0	0	0	20	7	9	5	3	13	19	25	14	17	46	88	0	142	22	16	11	4	2	6	13	11	9	26	9	4	2	3	11	13	16	18	37	39	41	11	7	4	1	3	4	5	2	3	10	8	15	5	11	14	36	34	8	12	7	21	26	15	12
0	0	0	13	6	2	3	2	5	12	14	11	19	45	55	142	0	42	14	8	5	5	7	8	5	3	24	6	6	3	6	5	13	11	10	13	28	15	4	3	4	0	0	0	1	4	4	8	4	8	9	10	18	18	34	14	23	11	37	44	27	15
0	0	0	8	5	6	7	4	11	7	10	5	8	11	11	22	42	0	44	47	14	10	22	41	12	10	14	4	5	1	5	4	7	4	4	11	12	11	6	3	1	1	0	2	2	2	5	9	11	8	7	5	5	17	14	9	13	21	17	14	10	4
0	0	0	19	17	10	2	4	5	8	3	4	3	5	15	16	14	44	0	703	20	16	21	44	21	46	10	1	5	2	7	4	2	5	1	4	10	5	4	4	3	2	2	3	5	3	4	14	4	3	6	4	7	18	15	6	17	10	6	7	9	5
0	0	0	19	16	6	2	3	5	2	5	4	7	7	11	11	8	47	703	0	26	17	20	50	18	59	6	4	4	2	2	5	3	6	5	6	6	7	6	4	2	1	3	7	4	4	2	12	5	4	4	8	7	11	15	9	15	10	7	7	6	9
0	0	0	1	3	4	1	6	3	1	2	2	4	3	4	4	5	14	20	26	0	341	60	28	25	10	6	3	1	0	3	3	0	8	2	1	2	3	3	2	4	1	2	0	2	1	5	6	3	1	1	2	5	4	4	3	8	3	5	6	3	4
0	0	0	10	7	2	2	7	1	1	1	1	1	2	0	2	5	10	16	17	341	0	69	24	22	11	2	2	1	0	1	4	0	5	0	1	3	4	4	1	0	1	1	4	1	4	3	5	6	4	3	2	4	5	6	3	5	9	2	3	2	1
0	0	0	5	8	0	3	5	2	1	4	1	4	3	7	6	7	22	21	20	60	69	0	46	19	9	5	2	1	3	1	2	2	5	4	3	2	2	2	4	1	3	1	0	2	1	3	4	2	1	4	1	1	8	6	4	6	3	3	4	4	3
0	0	0	16	15	4	3	13	8	5	8	3	2	10	3	13	8	41	44	50	28	24	46	0	44	24	4	4	0	2	2	1	3	7	3	2	3	8	3	0	1	0	1	5	6	3	4	3	6	1	1	3	5	9	9	5	7	11	7	2	4	6
0	0	0	15	20	9	10	12	7	3	1	2	2	4	6	11	5	12	21	18	25	22	19	44	0	54	10	3	3	0	1	4	3	5	3	3	7	9	5	4	3	3	1	0	6	8	3	6	7	2	1	1	5	4	4	1	5	5	1	3	6	3
0	0	0	31	32	9	6	15	2	7	0	6	5	5	7	9	3	10	46	59	10	11	9	24	54	0	13	2	3	4	2	8	6	12	4	6	4	14	9	9	5	4	3	3	5	3	17	26	9	7	4	6	9	9	9	4	4	7	4	6	5	6
0	0	0	19	20	10	5	4	5	8	12	6	4	10	17	26	24	14	10	6	6	2	5	4	10	13	0	56	13	8	14	10	17	31	11	20	47	323	40	18	9	8	8	4	8	8	18	21	69	37	12	17	36	81	26	6	8	9	5	11	14	12
0	0	0	17	12	11	7	3	17	9	7	5	2	8	8	9	6	4	1	4	3	2	2	4	3	2	56	0	49	8	39	23	34	95	29	34	22	69	70	31	13	14	14	12	13	10	9	9	28	60	24	4	12	19	15	3	3	2	1	6	5	6
0	0	0	7	6	9	6	10	7	2	7	3	4	5	5	4	6	5	5	4	1	1	1	0	3	3	13	49	0	118	146	20	15	22	10	18	6	17	38	19	32	19	19	28	21	14	10	9	15	21	10	10	10	4	2	5	1	0	2	1	4	5
0	0	0	7	5	6	7	11	10	3	3	3	2	1	1	2	3	1	2	2	0	0	3	2	0	4	8	8	118	0	107	23	20	14	6	8	4	8	12	10	20	17	13	36	16	15	2	8	7	13	12	3	4	4	6	2	1	0	1	3	3	3
0	0	0	10	3	16	7	6	5	2	5	7	4	4	10	3	6	5	7	2	3	1	1	2	1	2	14	39	146	107	0	44	47	30	17	16	8	17	19	10	11	11	12	21	15	9	7	4	9	17	19	5	6	7	6	1	4	1	4	4	1	1
0	0	0	7	13	23	17	21	15	10	9	13	5	6	17	11	5	4	4	5	3	4	2	1	4	8	10	23	20	23	44	0	353	40	26	16	10	11	19	5	10	7	7	20	27	4	3	5	7	10	1	2	2	10	4	0	6	5	6	2	5	3
0	0	0	12	12	22	14	24	28	9	20	7	6	12	13	13	13	7	2	3	0	0	2	3	3	6	17	34	15	20	47	353	0	99	41	34	13	15	13	8	7	6	5	14	12	6	5	1	7	9	11	5	10	8	6	1	0	1	2	5	6	3
0	0	0	16	27	19	4	20	25	10	22	9	7	12	16	16	11	4	5	6	8	5	5	7	5	12	31	95	22	14	30	40	99	0	47	64	26	71	24	9	7	7	13	11	7	9	9	13	15	19	18	10	10	11	5	5	3	5	5	1	7	7
0	0	0	7	8	13	6	5	24	33	31	36	21	27	21	18	10	4	1	5	2	0	4	3	3	4	11	29	10	6	17	26	41	47	0	112	17	19	12	10	5	6	5	6	4	7	8	10	10	19	7	5	6	9	9	7	1	4	7	8	7	6
0	0	0	9	9	10	7	10	15	11	34	21	15	25	34	37	13	11	4	6	1	1	3	2	3	6	20	34	18	8	16	16	34	64	112	0	48	52	16	8	6	7	12	4	3	4	4	3	8	26	14	7	15	14	16	1	7	3	7	7	16	15
0	0	0	7	8	1	2	2	6	11	8	7	13	28	18	39	28	12	10	6	2	3	2	3	7	4	47	22	6	4	8	10	13	26	17	48	0	48	15	9	4	3	5	4	6	2	3	12	19	23	22	19	60	35	33	6	7	9	9	15	37	25
0	0	0	27	18	14	4	9	15	6	14	6	8	10	26	41	15	11	5	7	3	4	2	8	9	14	323	69	17	8	17	11	15	71	19	52	48	0	50	16	12	3	10	13	7	3	12	22	34	48	23	10	21	35	24	7	9	8	5	6	14	8
0	0	0	12	13	12	8	11	8	6	7	5	5	4	10	11	4	6	4	6	3	4	2	3	5	9	40	70	38	12	19	19	13	24	12	16	15	50	0	97	25	13	25	19	16	8	21	26	111	56	20	13	13	15	8	5	2	2	1	3	4	6
0	0	0	7	6	5	2	3	3	2	5	3	2	8	6	7	3	3	4	4	2	1	4	0	4	9	18	31	19	10	10	5	8	9	10	8	9	16	97	0	69	15	40	19	7	10	16	17	78	45	19	10	11	8	3	2	4	3	2	3	2	3
0	0	0	1	6	3	6	3	3	2	4	2	2	2	3	4	4	1	3	2	4	0	1	1	3	5	9	13	32	20	11	10	7	7	5	6	4	12	25	69	0	45	54	30	6	4	17	12	28	23	16	7	6	5	3	4	2	1	3	0	2	2
0	0	0	3	8	6	4	6	2	3	4	0	2	4	3	1	0	1	2	1	1	1	3	0	3	4	8	14	19	17	11	7	6	7	6	7	3	3	13	15	45	0	127	66	16	19	10	14	14	5	7	2	2	4	2	1	1	1	4	1	5	0
0	0	0	6	12	7	8	5	8	4	4	2	0	2	2	3	0	0	2	3	2	1	1	1	1	3	8	14	19	13	12	7	5	13	5	12	5	10	25	40	54	127	0	77	21	20	18	21	12	16	8	3	7	5	5	0	5	2	3	4	1	1
0	0	0	10	11	8	8	5	6	3	2	3	1	3	1	4	0	2	3	7	0	4	0	5	0	3	4	12	28	36	21	20	14	11	6	4	4	13	19	19	30	66	77	0	86	27	12	12	16	3	9	5	4	5	1	2	3	2	2	6	3	3
0	0	0	4	11	32	15	7	8	1	6	2	3	3	7	5	1	2	5	4	2	1	2	6	6	5	8	13	21	16	15	27	12	7	4	3	6	7	16	7	6	16	21	86	0	105	26	8	5	5	2	2	1	4	1	1	2	3	2	1	5	2
0	0	0	6	17	22	14	4	3	1	3	1	0	4	2	2	4	2	3	4	1	4	1	3	8	3	8	10	14	15	9	4	6	9	7	4	2	3	8	10	4	19	20	27	105	0	32	15	8	3	9	1	4	4	7	2	1	4	0	4	4	1
0	0	0	10	24	24	3	9	6	1	3	3	2	0	5	3	4	5	4	2	5	3	3	4	3	17	18	9	10	2	7	3	5	9	8	4	3	12	21	16	17	10	18	12	26	32	0	71	18	10	2	4	6	6	3	2	3	2	2	3	5	4
0	0	0	10	23	10	6	4	3	3	2	0	2	3	4	10	8	9	14	12	6	5	4	3	6	26	21	9	9	8	4	5	1	13	10	3	12	22	26	17	12	14	21	12	8	15	71	0	40	7	6	6	9	9	9	3	4	3	4	4	3	5
0	0	0	12	13	9	5	2	6	4	2	2	1	3	10	8	4	11	4	5	3	6	2	6	7	9	69	28	15	7	9	7	7	15	10	8	19	34	111	78	28	14	12	16	5	8	18	40	0	54	12	13	22	30	15	4	4	5	6	8	7	5
0	0	0	10	9	6	4	0	5	5	4	3	6	8	6	15	8	8	3	4	1	4	1	1	2	7	37	60	21	13	17	10	9	19	19	26	23	48	56	45	23	5	16	3	5	3	10	7	54	0	82	39	30	14	16	4	5	5	4	7	6	7
0	0	0	2	5	2	5	2	5	4	1	4	3	5	2	5	9	7	6	4	1	3	4	1	1	4	12	24	10	12	19	1	11	18	7	14	22	23	20	19	16	7	8	9	2	9	2	6	12	82	0	61	38	16	10	5	1	5	6	8	1	4
0	0	0	4	5	2	4	3	5	3	7	4	3	4	6	11	10	5	4	8	2	2	1	3	1	6	17	4	10	3	5	2	5	10	5	7	19	10	13	10	7	2	3	5	2	1	4	6	13	39	61	0	75	28	21	6	3	9	6	7	10	16
0	0	0	6	11	7	5	7	4	3	9	10	6	6	10	14	18	5	7	7	5	4	1	5	5	9	36	12	10	4	6	2	10	10	6	15	60	21	13	11	6	2	7	4	1	4	6	9	22	30	38	75	0	62	59	16	11	6	5	13	24	29
0	0	0	13	8	5	4	9	6	1	11	6	3	18	12	36	18	17	18	11	4	5	8	9	4	9	81	19	4	4	7	10	8	11	9	14	35	35	15	8	5	4	5	5	4	4	6	9	30	14	16	28	62	0	118	16	11	13	11	16	16	18
0	0	0	12	11	5	1	6	4	5	2	1	6	13	11	34	34	14	15	15	4	6	6	9	4	9	26	15	2	6	6	4	6	5	9	16	33	24	8	3	3	2	5	1	1	7	3	9	15	16	10	21	59	118	0	25	44	17	20	21	37	39
0	0	0	4	1	3	3	3	3	3	3	3	7	8	14	8	14	9	6	9	3	3	4	5	1	4	6	3	5	2	1	0	1	5	7	1	6	7	5	2	4	1	0	2	1	2	2	3	4	4	5	6	16	16	25	0	92	83	55	79	35	36
0	0	0	9	9	0	4	8	3	1	3	5	3	7	8	12	23	13	17	15	8	5	6	7	5	4	8	3	1	1	4	6	0	3	1	7	7	9	2	4	2	1	5	3	2	1	3	4	4	5	1	3	11	11	44	92	0	98	37	31	10	15
0	0	0	5	2	3	2	3	1	5	3	5	13	4	4	7	11	21	10	10	3	9	3	11	5	7	9	2	0	0	1	5	1	5	4	3	9	8	2	3	1	1	2	2	3	4	2	3	5	5	5	9	6	13	17	83	98	0	81	40	15	20
0	0	0	5	4	1	0	7	6	6	9	11	12	22	11	21	37	17	6	7	5	2	3	7	1	4	5	1	2	1	4	6	2	5	7	7	9	5	1	2	3	4	3	2	2	0	2	4	6	4	6	6	5	11	20	55	37	81	0	157	33	19
0	0	0	4	5	1	3	1	2	7	9	3	10	24	12	26	44	14	7	7	6	3	4	2	3	6	11	6	1	3	4	2	5	1	8	7	15	6	3	3	0	1	4	6	1	4	3	4	8	7	8	7	13	16	21	79	31	40	157	0	113	27
0	0	0	6	3	3	4	3	6	5	6	7	9	22	8	15	27	10	9	6	3	2	4	4	6	5	14	5	4	3	1	5	6	7	7	16	37	14	4	2	2	5	1	3	5	4	5	3	7	6	1	10	24	16	37	35	10	15	33	113	0	119
0	0	0	1	4	2	1	4	3	4	7	3	6	10	5	12	15	4	5	9	4	1	3	6	3	6	12	6	5	3	1	3	3	7	6	15	25	8	6	3	2	0	1	3	2	1	4	5	5	7	4	16	29	18	39	36	15	20	19	27	119	0
