0	0	0	0	0	0	0	0	0	0	0	0	0	0	0	0	0	0	0	0	0	0	0	0	0	0	0	0	0	0	0	0	0	0	0	0	0	0	0	0	0	0	0	0	0	0	0	0	0	0	0	0	0	0	0	0	0	0	0	0	0	0	0	0	0	0	0	0	0	0	0	0	0	0	0	0	0	0	0	0	0	0	0	0	0	0	0	0	0	0	0	0	0	0	0	0	0	0	0	0	0	0	0	0	0	0	0	0	0	0	0	0	0	0	0	0	0	0	0	0	0	0	0	0	0	0	0	0	0	0	0	0	0	0	0	0	0	0	0	0	0	0	0	0	0	0	0	0	0	0	0	0	0	0	0	0	0	0	0	0	0	0	0	0	0	0	0	0	0	0	0	0	0	0	0	0	0	0	0	0	0	0	0	0	0	0	0	0	0	0	0	0	0	0	0	0
0	0	0	0	0	0	0	0	0	0	0	0	0	0	0	0	0	0	0	0	0	0	0	0	0	0	0	0	0	0	0	0	0	0	0	0	0	0	0	0	0	0	0	0	0	0	0	0	0	0	0	0	0	0	0	0	0	0	0	0	0	0	0	0	0	0	0	0	0	0	0	0	0	0	0	0	0	0	0	0	0	0	0	0	0	0	0	0	0	0	0	0	0	0	0	0	0	0	0	0	0	0	0	0	0	0	0	0	0	0	0	0	0	0	0	0	0	0	0	0	0	0	0	0	0	0	0	0	0	0	0	0	0	0	0	0	0	0	0	0	0	0	0	0	0	0	0	0	0	0	0	0	0	0	0	0	0	0	0	0	0	0	0	0	0	0	0	0	0	0	0	0	0	0	0	0	0	0	0	0	0	0	0	0	0	0	0	0	0	0	0	0	0	0	0	0
0	0	0	0	0	0	0	0	0	0	0	0	0	0	0	0	0	0	0	0	0	0	0	0	0	0	0	0	0	0	0	0	0	0	0	0	0	0	0	0	0	0	0	0	0	0	0	0	0	0	0	0	0	0	0	0	0	0	0	0	0	0	0	0	0	0	0	0	0	0	0	0	0	0	0	0	0	0	0	0	0	0	0	0	0	0	0	0	0	0	0	0	0	0	0	0	0	0	0	0	0	0	0	0	0	0	0	0	0	0	0	0	0	0	0	0	0	0	0	0	0	0	0	0	0	0	0	0	0	0	0	0	0	0	0	0	0	0	0	0	0	0	0	0	0	0	0	0	0	0	0	0	0	0	0	0	0	0	0	0	0	0	0	0	0	0	0	0	0	0	0	0	0	0	0	0	0	0	0	0	0	0	0	0	0	0	0	0	0	0	0	0	0	0	0	0
0	0	0	0	59	30	34	19	29	18	12	17	7	4	0	0	0	0	0	0	0	0	1	1	1	0	1	0	0	0	0	0	1	0	0	0	0	0	0	0	1	1	0	0	0	1	0	0	0	0	0	0	0	0	0	0	0	1	1	1	0	2	1	0	0	0	0	0	0	0	0	0	0	0	0	0	0	0	0	1	0	0	1	0	0	0	0	1	0	1	0	1	0	0	0	0	0	0	0	0	0	1	0	0	0	0	0	0	0	0	0	0	0	1	0	0	1	0	0	0	1	0	1	1	1	0	1	0	0	0	0	0	0	0	0	0	0	0	0	0	1	0	0	0	0	0	0	0	1	0	0	0	0	0	1	0	0	0	1	0	0	0	0	0	0	1	0	1	0	0	0	0	0	1	0	3	0	0	0	0	0	0	0	1	0	0	0	1	0	0	0	0	0	1	0	0
0	0	0	59	0	262	37	19	70	92	64	35	12	9	1	0	1	0	0	0	0	0	1	0	0	0	0	1	0	0	0	0	0	0	1	0	0	0	1	0	2	1	0	0	2	0	0	0	0	0	0	0	1	0	1	0	0	0	1	0	3	0	1	0	2	0	2	1	0	0	0	0	1	0	0	1	1	1	0	1	0	1	0	0	0	0	0	0	0	0	0	1	1	0	0	0	0	0	0	0	0	1	0	0	0	1	0	0	0	0	0	1	0	1	1	1	0	1	1	0	0	0	0	3	0	0	0	0	0	0	0	1	1	3	0	1	0	0	1	1	1	0	0	1	0	0	0	0	0	0	0	0	0	0	0	1	1	0	1	0	1	3	0	0	1	0	0	1	0	0	0	1	0	0	0	0	1	0	0	0	1	0	1	1	1	1	0	0	1	0	1	1	0	0	0	0
0	0	0	30	262	0	76	26	78	231	97	57	19	11	0	1	0	0	1	0	0	0	1	0	2	0	0	0	0	0	1	1	1	0	0	0	3	1	2	0	3	0	0	0	0	0	0	1	0	0	0	0	0	0	0	1	1	1	1	1	0	0	0	0	0	0	1	1	1	0	0	0	0	0	0	0	0	0	0	0	1	0	0	0	0	1	0	0	1	0	1	0	0	1	1	0	0	1	0	0	0	1	0	0	0	0	0	1	1	0	0	1	2	0	0	0	2	0	1	2	0	0	0	1	0	1	1	0	0	0	1	0	1	1	1	2	0	0	1	0	1	0	0	0	0	0	2	1	2	0	0	0	1	0	0	0	0	0	1	0	1	0	0	0	0	0	0	0	1	0	0	0	0	0	0	1	0	0	0	0	1	0	0	0	1	0	1	1	1	0	0	0	0	2	0	3
0	0	0	34	37	76	0	117	253	158	69	23	13	3	0	1	0	0	0	0	1	2	3	0	0	0	0	0	0	0	2	0	0	0	0	1	0	1	0	0	1	1	2	0	1	0	0	1	0	0	0	0	1	1	0	0	0	0	0	0	0	1	1	0	1	2	0	0	0	1	0	0	1	0	0	1	0	0	0	0	0	0	0	0	0	1	0	0	1	0	0	0	0	0	0	0	1	0	0	1	0	0	0	0	0	1	0	0	0	0	0	0	1	1	1	0	0	1	0	0	1	1	0	0	0	0	2	0	0	0	0	0	2	0	0	0	0	0	1	0	0	1	0	1	0	0	1	0	0	2	0	0	0	1	0	2	0	1	1	3	0	0	0	0	0	0	0	2	0	1	0	0	0	0	0	0	0	0	0	2	0	0	1	3	0	0	0	1	0	0	1	1	0	1	1	0
0	0	0	19	19	26	117	0	111	25	19	11	6	4	0	0	0	0	1	2	0	0	0	0	1	0	1	0	0	0	0	0	2	2	1	1	0	0	0	1	0	0	1	0	0	0	0	0	0	0	0	0	0	1	0	0	0	0	1	2	0	0	0	0	1	0	0	0	0	0	1	0	1	0	0	0	0	1	0	2	0	0	1	2	0	1	0	0	0	0	0	0	0	0	0	0	1	0	0	0	0	1	0	0	0	1	0	2	0	2	0	1	1	0	0	0	0	0	0	1	0	0	1	0	1	3	0	0	0	1	0	0	2	0	0	0	1	0	1	0	0	0	0	0	0	1	2	0	0	0	1	1	0	2	1	0	0	0	0	0	0	0	1	0	0	1	0	0	0	0	0	1	0	1	0	0	0	1	0	0	1	0	0	0	0	0	0	0	1	0	0	0	0	1	0	1
0	0	0	29	70	78	253	111	0	142	65	26	6	3	0	0	0	1	1	0	0	0	1	0	0	1	0	1	0	1	1	0	0	1	1	0	1	0	1	0	1	0	1	0	0	0	1	0	1	0	1	1	0	2	0	0	0	0	1	0	0	1	0	1	0	0	0	1	0	0	1	1	0	0	0	0	2	0	0	0	0	0	0	0	0	0	0	1	0	1	0	1	0	1	0	1	0	0	0	1	0	0	1	0	0	1	1	0	0	0	0	0	0	0	0	0	0	0	0	1	1	1	1	0	0	1	0	0	0	0	0	3	0	0	0	1	0	0	1	0	1	0	1	0	0	0	0	0	0	0	0	0	1	1	0	1	0	2	0	1	0	1	1	2	0	0	1	0	0	0	1	1	0	0	0	0	1	1	0	0	0	0	0	1	0	0	0	0	1	0	0	0	2	1	0	0
0	0	0	18	92	231	158	25	142	0	383	74	7	15	1	0	0	1	2	2	0	2	2	0	0	1	1	0	0	0	0	1	2	1	0	1	0	0	0	1	1	0	0	0	1	1	0	0	0	0	0	0	0	0	1	0	0	1	0	1	1	0	0	0	1	0	1	0	0	0	0	1	1	0	0	2	1	1	0	1	1	1	0	0	0	1	0	0	0	1	2	0	0	0	0	1	1	1	0	0	1	0	1	1	1	0	0	1	1	0	0	0	0	0	1	0	1	1	0	0	0	0	0	1	1	1	1	0	2	0	0	0	1	0	1	0	0	0	0	0	0	0	0	0	2	0	0	0	0	1	0	1	0	0	0	0	1	0	1	2	0	1	1	1	1	0	1	0	0	0	0	0	1	0	0	1	0	1	0	0	0	1	0	0	0	0	0	0	2	0	0	2	2	1	0	1
0	0	0	12	64	97	69	19	65	383	0	151	23	16	0	0	0	1	0	0	2	0	0	1	1	0	0	1	0	0	0	0	1	0	2	1	2	0	0	1	1	0	1	1	0	0	0	0	0	0	0	0	1	0	0	2	1	2	0	0	1	0	1	1	1	0	0	0	0	0	0	1	0	0	0	1	0	0	0	2	0	1	0	0	1	0	1	0	0	0	0	0	0	0	0	0	0	1	0	1	0	0	0	1	0	0	0	0	0	0	1	0	1	0	0	0	0	1	0	2	1	2	0	0	0	0	1	0	0	2	1	0	0	0	0	0	0	0	1	0	0	0	0	1	0	0	0	0	1	1	1	1	0	0	1	0	0	1	0	2	0	0	0	0	0	0	0	0	0	0	0	0	0	0	2	0	0	0	0	0	0	0	1	0	1	1	2	0	1	0	0	0	0	1	0	0
0	0	0	17	35	57	23	11	26	74	151	0	36	20	1	0	0	0	1	0	1	1	3	1	1	0	0	1	0	1	0	0	1	0	0	1	0	1	0	1	0	1	0	0	0	0	0	1	1	0	1	0	0	0	0	0	0	0	3	2	0	0	1	0	0	0	0	1	1	0	0	0	0	0	0	1	0	2	0	0	1	0	1	0	0	1	0	0	0	0	0	0	1	0	1	0	0	2	0	0	2	0	0	1	0	0	2	0	0	0	2	0	0	0	0	1	2	0	0	0	0	0	1	1	0	1	0	0	1	0	1	0	0	2	0	1	0	0	1	1	1	1	0	0	0	0	0	1	0	1	0	0	1	0	0	1	0	0	0	0	0	0	0	0	0	0	0	1	1	1	0	1	1	0	1	0	0	0	0	0	1	0	1	0	0	1	2	0	0	1	0	0	0	1	0	1
0	0	0	7	12	19	13	6	6	7	23	36	0	158	0	0	0	0	2	0	0	1	1	0	1	1	1	1	0	1	0	2	0	1	1	0	1	1	2	3	0	0	2	1	0	0	0	0	0	2	1	2	1	0	0	1	0	0	1	1	1	1	0	1	0	0	2	2	1	1	1	0	0	0	2	0	0	1	0	0	0	0	0	3	1	0	0	1	1	0	1	0	2	1	2	1	0	0	0	1	0	0	0	0	0	1	0	1	1	1	4	0	0	1	0	0	0	0	0	0	0	3	1	1	0	1	0	0	0	0	1	2	0	2	0	0	0	0	3	1	1	1	0	1	1	1	0	0	1	0	1	1	0	0	1	1	0	1	0	1	0	0	1	3	0	0	0	1	1	0	1	1	1	0	1	1	0	0	0	1	0	0	0	2	0	0	1	0	2	0	0	0	1	0	0	0
0	0	0	4	9	11	3	4	3	15	16	20	158	0	1	2	2	0	0	2	0	1	2	0	1	1	0	0	1	1	0	0	2	0	0	3	0	2	1	1	2	2	2	0	0	2	0	1	3	0	1	0	1	1	1	0	0	3	0	1	1	0	1	1	0	0	1	0	1	0	0	0	0	2	1	0	0	0	0	1	2	1	1	1	1	0	1	1	1	1	0	0	0	0	1	1	0	1	1	0	2	2	0	1	0	2	1	0	1	1	1	0	1	0	0	0	3	1	0	0	0	0	1	0	0	0	0	2	1	1	1	1	0	1	0	0	4	0	0	0	2	1	0	0	0	0	1	1	0	0	2	0	1	0	0	1	0	1	0	1	0	0	1	0	1	0	0	0	0	1	0	1	1	1	2	0	1	0	0	1	0	1	1	1	0	1	2	0	0	1	0	0	0	0	1	0
0	0	0	0	1	0	0	0	0	1	0	1	0	1	0	120	53	44	30	20	22	57	96	20	20	6	10	15	10	7	8	4	10	6	4	15	14	13	33	45	32	17	4	3	1	0	0	4	6	4	4	4	5	6	10	6	10	39	27	24	35	14	19	18	44	20	17	11	6	3	1	3	6	12	7	12	11	6	5	9	17	11	30	25	4	3	6	16	11	8	3	4	1	1	4	1	2	4	4	3	4	3	1	1	2	6	5	4	4	6	2	2	6	1	4	5	3	4	4	5	12	6	10	9	6	14	2	1	7	4	5	7	7	8	7	5	8	7	5	4	9	6	8	1	5	6	4	1	8	3	1	1	2	3	6	2	1	3	2	3	5	3	3	1	1	0	5	0	6	4	3	1	1	2	1	3	1	5	1	5	1	8	1	2	8	3	2	2	4	2	2	1	3	2	2	1
0	0	0	0	0	1	1	0	0	0	0	0	0	2	120	0	154	76	39	42	51	98	177	33	19	11	19	23	14	3	9	5	9	6	10	13	11	19	15	22	26	15	7	3	4	2	2	3	3	6	4	3	4	13	7	8	13	49	48	47	25	90	32	48	177	53	39	25	14	7	8	5	7	10	5	22	7	8	2	12	37	25	32	39	15	8	15	10	18	7	13	4	9	11	4	6	8	3	1	3	9	7	4	3	2	5	8	7	3	2	0	3	3	3	4	2	6	4	7	2	12	7	18	9	7	8	5	8	9	6	11	11	7	25	14	8	11	6	3	4	14	15	5	3	3	2	5	3	7	4	2	3	4	4	3	4	2	2	2	6	3	3	1	2	3	2	1	6	2	4	3	1	2	0	2	5	2	5	1	1	4	5	4	1	1	0	0	1	0	2	1	0	3	2	2	1
0	0	0	0	1	0	0	0	0	0	0	0	0	2	53	154	0	50	37	25	32	29	40	14	17	12	23	31	15	8	7	3	10	6	8	6	6	12	6	18	20	14	3	2	3	2	1	2	7	3	1	5	5	4	2	9	12	33	26	11	16	45	70	100	185	29	20	23	15	6	6	4	7	3	7	9	3	5	13	9	16	24	12	17	11	8	5	16	12	8	5	4	5	3	4	5	2	2	2	2	4	3	0	3	7	6	3	4	2	4	1	3	4	2	3	5	2	2	7	6	12	7	10	5	9	12	6	9	6	8	5	10	3	7	4	7	6	4	4	5	11	9	11	4	9	4	4	4	7	0	2	4	4	2	2	3	4	2	2	2	1	0	1	3	2	0	0	0	2	1	2	0	1	5	2	0	4	2	4	1	1	2	2	2	3	1	0	0	1	1	0	2	2	4	2	0
0	0	0	0	0	0	0	0	1	1	1	0	0	0	44	76	50	0	308	158	71	65	78	120	56	28	43	51	31	14	9	10	34	13	28	18	11	18	33	35	27	20	12	2	7	5	5	4	10	3	5	3	9	12	6	14	40	193	86	30	31	58	38	27	35	19	27	23	9	12	11	7	10	11	10	9	5	9	6	15	33	14	24	21	6	6	11	5	14	5	2	3	5	6	3	4	5	2	1	1	2	6	2	3	3	3	6	8	2	6	4	4	7	5	3	6	1	5	8	3	9	10	13	7	4	8	6	6	10	5	7	3	13	25	12	2	6	6	5	3	5	6	4	3	2	4	4	5	1	0	0	4	4	1	3	1	2	5	4	3	2	2	1	4	0	2	1	2	1	1	0	2	5	1	4	2	2	0	2	2	5	2	1	2	0	2	5	2	2	3	1	1	1	1	1	1
0	0	0	0	0	1	0	1	1	2	0	1	2	0	30	39	37	308	0	80	28	38	59	60	47	23	35	39	64	27	16	11	41	12	19	17	14	17	45	41	33	31	9	7	4	6	2	7	4	4	4	2	6	18	11	10	31	209	46	13	16	34	28	20	24	20	16	13	15	9	7	8	15	6	8	7	3	8	7	8	16	6	8	11	14	5	2	5	6	5	4	4	8	4	4	1	3	1	2	2	4	3	1	2	1	5	4	2	4	2	5	1	3	5	4	4	4	5	7	4	5	6	8	3	8	11	7	6	3	6	2	4	8	11	3	3	2	1	5	4	4	9	12	3	1	3	1	4	3	1	5	3	3	4	2	0	6	3	3	6	6	2	3	0	5	0	4	2	2	2	1	1	2	1	3	1	2	0	0	4	1	1	1	1	4	1	1	1	1	2	2	0	2	0	0	1
0	0	0	0	0	0	0	2	0	2	0	0	0	2	20	42	25	158	80	0	87	35	36	126	94	111	310	140	101	25	21	11	49	28	36	13	6	14	21	9	9	14	10	3	3	4	2	4	10	8	11	4	20	20	14	20	26	45	60	14	19	77	33	22	30	19	22	29	17	16	19	14	15	14	14	11	10	3	8	19	33	20	19	11	11	13	15	12	6	9	4	5	11	3	6	4	5	7	4	7	4	1	4	5	3	4	7	5	2	2	4	10	0	7	6	7	4	5	8	15	11	18	16	9	7	7	5	7	9	5	8	8	12	19	14	12	9	3	6	2	5	19	7	2	5	2	4	5	7	4	2	1	7	7	3	5	2	4	1	7	1	1	0	3	2	1	3	2	2	0	0	1	3	3	3	0	3	4	0	1	5	1	1	2	1	1	0	3	0	0	0	0	1	1	0	0
0	0	0	0	0	0	1	0	0	0	2	1	0	0	22	51	32	71	28	87	0	69	65	71	53	66	108	49	29	17	18	9	20	26	34	9	12	7	18	15	5	11	5	8	5	4	5	4	12	5	8	7	17	8	13	16	35	28	85	41	55	272	24	27	44	57	106	48	20	18	30	11	21	17	16	14	9	18	16	34	137	42	52	45	53	24	11	14	15	12	5	8	10	3	4	8	3	5	6	5	3	4	3	11	7	10	14	8	6	5	5	12	8	6	7	4	7	6	9	28	30	17	43	20	23	26	15	11	13	8	16	11	18	101	23	16	13	12	10	7	18	34	15	12	10	5	6	5	3	6	3	4	8	8	6	2	6	7	3	6	3	4	3	1	2	5	0	2	2	2	2	2	1	4	1	1	4	3	5	1	5	8	4	4	1	1	2	2	1	1	1	1	1	2	0	1
0	0	0	0	0	0	2	0	0	2	0	1	1	1	57	98	29	65	38	35	69	0	972	92	52	18	30	16	23	15	5	11	23	11	14	13	14	21	31	18	18	16	11	3	5	5	3	7	4	6	8	10	13	15	4	7	21	91	386	133	205	82	14	15	31	37	29	22	8	6	8	12	9	13	27	24	12	16	11	22	66	32	69	75	19	12	6	10	13	11	6	7	5	3	6	7	4	4	2	3	7	9	4	2	4	5	11	6	6	7	4	6	5	3	5	8	3	7	8	8	36	20	47	7	21	18	3	5	8	10	6	11	10	41	16	13	20	12	6	6	12	10	7	4	6	3	2	3	3	5	4	1	8	6	1	5	4	4	4	2	5	4	5	5	5	0	1	3	2	0	0	2	2	2	1	1	7	1	0	2	4	6	2	3	5	4	3	4	3	3	5	2	1	2	0	1
0	0	0	1	1	1	3	0	1	2	0	3	1	2	96	177	40	78	59	36	65	972	0	65	40	28	31	30	19	9	8	15	14	9	23	16	15	17	29	20	20	13	10	4	2	3	3	2	2	7	11	3	7	11	8	7	22	90	214	87	100	106	32	35	67	36	50	18	17	14	9	10	7	10	16	32	9	13	10	17	66	28	61	54	23	11	10	16	22	13	7	2	8	5	7	6	7	2	5	3	5	2	4	6	5	4	4	3	6	2	2	5	6	4	6	2	2	3	5	6	31	18	38	16	12	17	6	9	9	12	9	11	8	29	6	14	16	4	11	2	12	12	6	5	7	6	5	4	7	2	3	3	4	4	6	2	3	3	5	4	2	1	5	5	2	1	4	5	3	1	2	0	3	1	0	1	5	3	1	4	6	6	2	1	1	2	2	2	5	2	2	2	3	0	1	0
0	0	0	1	0	0	0	0	0	0	1	1	0	0	20	33	14	120	60	126	71	92	65	0	620	65	72	27	54	32	22	14	64	31	45	24	11	25	39	18	22	36	13	7	6	6	6	7	15	9	6	7	15	29	20	27	90	99	262	32	48	42	11	14	23	24	23	9	12	13	12	12	10	35	30	21	9	14	11	22	48	16	21	32	23	11	10	13	9	4	5	4	4	5	10	8	3	6	4	7	5	3	3	1	8	3	6	6	6	6	2	7	1	4	3	5	6	2	10	12	17	15	22	4	10	7	3	4	5	7	5	8	11	26	20	14	15	2	5	4	10	11	4	4	3	5	2	9	1	1	3	1	6	1	4	0	4	4	3	2	2	2	1	1	2	0	3	3	2	1	0	0	4	0	1	2	0	4	3	1	3	1	4	3	2	2	1	0	2	1	1	2	1	1	1	1
0	0	0	1	0	2	0	1	0	0	1	1	1	1	20	19	17	56	47	94	53	52	40	620	0	52	60	28	53	50	35	38	116	40	79	28	11	28	35	22	8	23	27	11	4	8	11	8	19	13	12	12	22	44	28	38	136	48	111	18	40	33	17	11	16	20	15	6	11	3	15	18	22	22	23	19	6	9	13	14	28	15	21	19	11	10	8	5	11	8	2	6	3	5	6	8	7	4	1	1	4	6	3	5	7	1	8	8	8	5	7	6	4	3	4	7	2	5	5	11	10	12	22	13	13	8	4	4	1	10	10	8	16	18	24	16	8	7	4	3	6	14	6	5	5	5	2	5	8	4	2	6	5	7	3	6	5	1	4	6	0	2	1	1	3	1	2	4	1	1	1	2	2	1	5	1	3	1	1	4	4	6	2	6	0	2	4	4	2	2	1	1	1	2	2	3
0	0	0	0	0	0	0	0	1	1	0	0	1	1	6	11	12	28	23	111	66	18	28	65	52	0	300	53	98	40	13	8	50	96	82	9	4	11	14	6	10	6	10	5	7	4	3	9	13	6	15	10	15	14	12	20	31	16	26	3	18	35	24	19	17	12	23	22	22	29	41	23	33	24	16	5	10	7	10	18	21	16	12	5	27	19	10	7	3	6	4	8	8	13	6	10	5	3	4	9	4	7	6	2	7	7	10	7	8	7	4	12	7	3	1	7	10	8	18	15	14	13	10	13	6	9	7	8	17	5	4	10	20	28	27	2	7	7	2	3	6	21	9	8	9	8	1	3	4	5	6	1	11	4	1	1	3	3	4	2	1	3	4	2	2	2	1	1	1	1	3	1	1	3	1	1	0	1	1	3	4	0	1	5	2	3	2	0	1	3	1	2	0	2	2	0
0	0	0	1	0	0	0	1	0	1	0	0	1	0	10	19	23	43	35	310	108	30	31	72	60	300	0	122	79	17	11	12	45	26	64	14	7	9	12	12	11	17	7	5	8	3	5	5	1	9	12	7	6	14	7	13	25	31	27	16	28	61	28	18	11	30	44	30	23	27	25	25	26	10	14	8	7	7	8	14	39	23	12	14	26	24	10	9	10	8	2	5	3	3	9	9	6	4	3	3	8	6	4	7	10	6	7	10	7	8	1	15	4	9	2	4	2	8	15	10	16	10	16	22	8	6	4	14	13	5	6	10	8	37	18	3	3	6	6	8	6	33	14	5	11	1	3	4	5	5	2	3	4	1	4	4	8	4	2	2	3	4	1	2	3	0	3	2	1	0	2	3	3	2	1	2	4	1	1	4	4	6	1	4	3	1	4	1	3	1	1	2	1	0	3	1
0	0	0	0	1	0	0	0	1	0	1	1	1	0	15	23	31	51	39	140	49	16	30	27	28	53	122	0	56	13	10	10	21	14	22	6	7	8	13	8	8	6	4	4	3	3	1	4	6	7	1	1	9	2	5	5	16	27	23	9	10	47	82	31	24	20	31	39	31	14	11	6	14	13	7	9	5	5	4	12	23	11	14	13	10	13	12	10	6	1	7	5	6	3	4	8	1	8	3	4	1	3	2	3	2	10	9	5	5	4	0	4	8	3	2	5	5	7	6	6	11	5	9	4	15	11	9	10	14	10	8	9	6	14	9	4	8	6	5	3	6	17	6	5	3	3	2	2	5	4	3	1	3	6	2	0	4	3	3	3	4	1	2	5	2	4	1	1	3	0	2	3	2	1	2	2	3	2	2	0	1	1	0	1	3	1	4	0	1	1	0	1	0	1	2	0
0	0	0	0	0	0	0	0	0	0	0	0	0	1	10	14	15	31	64	101	29	23	19	54	53	98	79	56	0	67	28	31	195	57	52	18	2	18	16	16	13	16	16	9	6	7	3	7	9	10	16	10	14	18	13	17	35	33	26	8	11	17	16	9	11	8	16	11	9	11	12	11	14	10	9	7	5	3	3	11	8	9	12	11	8	5	10	4	5	5	5	3	6	3	2	8	3	4	1	3	3	6	4	1	7	6	7	6	4	4	3	4	5	3	5	7	1	2	3	7	6	5	8	4	7	3	2	5	6	7	3	4	6	10	10	7	8	3	3	2	5	7	11	5	6	2	4	1	3	3	3	2	4	5	3	1	3	3	3	0	3	0	4	1	4	4	0	1	1	2	0	2	4	1	1	0	7	4	2	4	0	3	2	0	2	4	0	1	1	1	2	2	0	1	0	1
0	0	0	0	0	0	0	0	1	0	0	1	1	1	7	3	8	14	27	25	17	15	9	32	50	40	17	13	67	0	283	135	163	34	31	13	16	19	16	21	9	34	51	22	10	9	9	4	12	13	15	9	25	36	20	37	35	25	16	8	9	14	6	4	8	7	3	11	6	5	8	13	8	6	13	5	3	5	6	11	15	6	7	6	7	1	5	3	9	6	1	0	1	4	3	7	4	2	2	4	3	3	2	2	4	2	5	7	5	3	5	8	7	1	2	6	1	5	7	7	4	5	10	6	5	5	4	2	8	6	1	9	9	13	18	11	3	1	1	3	0	8	3	4	4	4	1	2	3	4	3	3	4	3	3	3	8	2	3	2	1	1	1	0	2	0	0	0	0	2	0	1	3	1	2	0	0	1	0	3	1	3	0	2	1	0	1	1	1	0	2	4	1	0	1	2
0	0	0	0	0	1	2	0	1	0	0	0	0	0	8	9	7	9	16	21	18	5	8	22	35	13	11	10	28	283	0	222	67	27	16	12	9	19	21	11	10	23	59	38	14	4	8	4	18	8	7	8	16	49	24	21	24	11	6	5	6	11	8	7	6	9	4	6	8	3	7	8	2	9	10	8	2	6	7	4	8	4	6	7	3	5	7	5	3	7	1	2	3	3	5	5	2	0	1	2	2	7	1	2	6	3	3	4	6	1	3	6	7	1	4	4	2	2	4	4	1	10	5	5	9	1	1	3	4	3	6	0	4	5	6	4	4	3	1	2	1	3	3	7	3	2	1	0	1	4	1	0	2	1	2	6	2	6	1	1	0	2	3	3	0	1	0	0	0	0	5	2	2	0	0	1	2	3	0	6	3	0	3	3	3	1	2	2	1	0	2	1	4	0	2	1
0	0	0	0	0	1	0	0	0	1	0	0	2	0	4	5	3	10	11	11	9	11	15	14	38	8	12	10	31	135	222	0	66	50	33	9	9	9	16	9	6	11	73	40	16	14	9	13	24	17	12	10	54	71	43	42	40	13	12	5	15	7	5	6	7	4	5	1	4	6	5	9	9	12	11	10	4	6	7	4	8	5	5	3	5	3	1	3	4	5	4	5	7	5	4	8	2	1	2	3	5	2	1	4	1	5	2	6	5	10	3	7	7	7	4	4	7	4	2	4	4	4	4	6	5	6	4	2	4	5	3	3	4	8	14	13	2	6	2	1	4	1	4	2	3	4	2	3	4	3	3	3	4	6	3	1	4	4	2	0	2	0	4	2	0	3	1	1	2	0	1	0	4	3	2	1	4	1	1	1	1	0	0	1	0	1	1	1	0	1	1	0	1	1	2	1
0	0	0	1	0	1	0	2	0	2	1	1	0	2	10	9	10	34	41	49	20	23	14	64	116	50	45	21	195	163	67	66	0	82	91	19	11	24	19	18	13	24	27	18	8	6	8	12	9	15	13	10	22	27	18	34	57	35	31	11	12	23	19	8	10	7	9	14	14	15	14	15	22	20	24	11	7	3	7	5	17	11	9	10	14	7	2	3	3	7	2	4	1	1	6	3	4	3	3	4	3	3	4	3	4	5	4	5	1	5	10	12	3	3	7	5	4	6	9	9	8	5	13	11	4	4	8	0	4	3	3	10	12	18	15	16	10	2	3	2	5	17	5	1	1	4	3	2	1	4	3	3	2	4	2	3	4	4	2	2	3	1	2	4	3	2	3	0	0	0	2	1	3	5	1	1	0	1	1	1	3	5	1	1	5	0	2	0	1	1	0	0	1	0	3	0
0	0	0	0	0	0	0	2	1	1	0	0	1	0	6	6	6	13	12	28	26	11	9	31	40	96	26	14	57	34	27	50	82	0	560	8	8	10	16	7	5	10	25	22	16	10	7	17	41	25	24	9	70	33	24	72	54	9	24	12	15	9	6	7	6	7	12	11	11	11	19	25	36	31	19	9	9	14	15	7	12	5	5	8	22	4	5	3	7	7	7	8	11	5	7	7	8	8	3	9	2	5	3	4	5	3	7	8	10	5	13	20	9	9	7	3	8	8	8	13	9	15	12	10	9	6	2	2	8	1	7	6	14	20	27	12	3	5	1	2	7	14	6	6	6	4	4	3	2	3	1	6	2	1	2	3	6	6	3	4	2	1	2	2	0	4	0	1	2	2	2	1	2	1	3	1	2	3	4	2	1	4	0	0	1	0	1	2	1	2	3	3	2	1	5	1
0	0	0	0	1	0	0	1	1	0	2	0	1	0	4	10	8	28	19	36	34	14	23	45	79	82	64	22	52	31	16	33	91	560	0	16	15	20	15	9	6	10	27	13	16	10	6	19	21	31	23	12	60	36	21	65	63	15	23	8	18	8	13	8	15	10	12	10	10	21	31	28	29	47	24	15	8	13	14	19	24	7	12	12	17	15	5	3	9	13	4	4	7	3	10	11	8	5	5	5	3	5	1	3	3	2	0	9	9	8	9	18	11	6	4	13	11	8	6	13	11	18	17	15	16	4	4	6	9	6	8	10	23	24	39	15	9	3	2	4	5	19	12	4	9	8	5	4	7	6	6	8	2	6	6	5	1	5	6	5	3	2	4	2	3	2	4	1	2	0	0	2	1	6	5	2	3	3	1	1	3	2	1	1	0	3	2	0	0	2	0	3	0	0	3	2
0	0	0	0	0	0	1	1	0	1	1	1	0	3	15	13	6	18	17	13	9	13	16	24	28	9	14	6	18	13	12	9	19	8	16	0	122	290	54	21	12	27	24	11	13	10	5	9	9	5	11	9	15	31	31	28	59	28	20	26	23	12	6	2	7	8	12	6	7	3	4	5	6	10	23	35	13	14	9	11	16	5	13	18	11	8	1	8	5	8	3	5	7	2	5	5	3	2	1	6	6	5	1	1	2	4	7	7	8	7	9	3	5	5	8	4	2	3	7	0	4	18	9	6	14	4	5	3	4	2	7	3	3	17	16	21	8	5	1	1	1	4	2	7	2	2	3	0	4	4	2	2	2	4	4	0	3	3	6	5	2	4	2	2	4	0	2	3	1	0	3	0	3	3	3	5	1	1	1	2	4	2	1	4	4	1	3	5	4	4	0	0	2	0	1	2
0	0	0	0	0	3	0	0	1	0	2	0	1	0	14	11	6	11	14	6	12	14	15	11	11	4	7	7	2	16	9	9	11	8	15	122	0	91	37	14	20	24	5	7	2	7	8	2	2	5	5	4	9	10	20	9	22	14	27	20	18	10	2	8	5	6	6	2	3	4	2	2	5	6	12	21	7	9	11	5	10	7	8	10	5	5	3	5	5	10	3	5	4	6	3	4	0	1	2	0	3	4	2	0	3	2	2	3	6	3	3	2	4	3	1	2	2	5	4	2	5	15	6	7	7	7	4	1	0	5	4	4	7	7	5	10	11	4	9	1	4	5	3	1	1	1	1	0	5	0	4	4	3	0	2	3	1	3	4	3	4	2	0	3	3	1	5	2	2	1	1	4	0	1	5	4	0	4	1	5	1	4	4	2	2	0	2	2	3	0	1	1	1	0	0	1
0	0	0	0	0	1	1	0	0	0	0	1	1	2	13	19	12	18	17	14	7	21	17	25	28	11	9	8	18	19	19	9	24	10	20	290	91	0	158	27	17	44	28	11	9	9	7	5	5	8	4	5	7	36	30	15	64	41	36	15	25	11	5	6	7	3	3	2	6	5	12	5	4	15	13	26	8	5	6	7	15	4	10	13	8	8	3	3	0	8	0	2	5	3	5	1	3	1	5	2	3	3	1	4	0	2	2	6	3	4	6	4	2	4	4	1	5	3	2	4	10	11	5	8	4	3	2	4	2	5	4	8	5	8	10	25	6	3	4	3	1	8	2	3	4	1	4	1	2	1	2	2	1	2	1	1	1	4	3	2	3	1	2	1	2	1	0	1	0	2	1	1	5	2	3	1	0	2	1	3	1	1	2	0	2	1	0	4	1	2	0	2	0	1	0	2
0	0	0	0	1	2	0	0	1	0	0	0	2	1	33	15	6	33	45	21	18	31	29	39	35	14	12	13	16	16	21	16	19	16	15	54	37	158	0	64	37	129	21	5	3	4	1	5	11	2	10	4	15	26	7	13	43	113	49	24	37	14	11	9	7	7	11	9	6	7	13	2	6	7	13	17	7	10	7	14	27	4	13	9	9	3	6	5	7	3	3	3	2	1	3	6	1	3	2	4	3	0	1	3	4	4	4	4	5	5	9	5	1	1	1	3	1	2	4	14	10	12	12	9	4	4	5	2	5	9	4	5	8	9	11	18	5	3	2	0	4	6	2	1	0	1	1	1	6	2	1	5	0	2	3	2	3	2	5	5	5	4	2	2	4	3	5	1	1	1	0	1	3	1	4	1	1	2	4	2	6	0	1	3	3	1	3	1	2	0	1	1	1	1	1	1
0	0	0	0	0	0	0	1	0	1	1	1	3	1	45	22	18	35	41	9	15	18	20	18	22	6	12	8	16	21	11	9	18	7	9	21	14	27	64	0	949	119	8	5	1	3	4	5	3	5	5	3	4	9	6	3	13	56	20	15	18	13	14	11	6	8	8	8	7	3	8	3	5	5	5	17	6	4	4	8	6	6	10	7	5	4	5	5	5	1	0	3	2	4	5	2	1	2	6	0	1	4	2	1	1	0	3	3	5	3	5	6	3	2	5	3	2	2	4	6	5	5	12	4	5	3	3	2	4	3	1	1	3	12	8	6	1	2	5	1	5	6	1	2	3	2	2	1	2	2	1	1	0	3	3	2	5	2	3	4	2	3	4	1	0	0	4	1	0	0	1	3	0	1	1	2	2	2	0	0	5	2	2	0	1	3	0	1	1	0	1	1	3	2	1	2
0	0	0	1	2	3	1	0	1	1	1	0	0	2	32	26	20	27	33	9	5	18	20	22	8	10	11	8	13	9	10	6	13	5	6	12	20	17	37	949	0	70	10	8	4	2	3	3	0	4	2	4	7	7	9	4	11	40	19	7	9	12	8	9	6	3	7	6	8	7	2	4	3	7	7	8	3	5	6	9	2	7	7	7	5	3	1	3	2	5	3	2	4	5	1	3	3	3	2	0	2	1	1	1	6	4	2	3	4	1	2	5	1	2	0	2	2	3	3	3	9	10	6	3	2	6	1	7	3	7	2	2	7	4	5	4	10	3	2	4	2	2	6	3	2	0	2	3	1	1	1	3	4	1	4	1	3	2	3	3	1	1	1	3	1	1	2	0	0	0	2	1	1	0	4	2	3	1	1	2	0	5	2	1	2	1	0	0	3	1	1	0	1	1	1	0
0	0	0	1	1	0	1	0	0	0	0	1	0	2	17	15	14	20	31	14	11	16	13	36	23	6	17	6	16	34	23	11	24	10	10	27	24	44	129	119	70	0	14	9	6	5	2	7	4	4	6	2	6	18	7	11	23	62	22	16	20	10	3	11	7	3	6	8	3	7	4	8	5	6	12	9	5	6	3	6	11	3	5	10	5	5	1	2	5	6	4	1	0	3	2	4	2	2	1	2	1	2	1	1	1	1	5	5	2	4	3	2	2	1	2	5	2	2	4	4	7	6	10	3	2	6	3	3	6	4	4	4	6	3	6	7	5	3	2	3	4	3	0	3	4	2	2	0	2	2	2	2	0	5	3	4	3	2	1	2	2	4	4	0	2	1	3	1	2	3	0	1	0	2	3	0	1	0	2	0	5	1	3	3	1	0	0	1	2	1	1	2	2	1	2	2
0	0	0	0	0	0	2	1	1	0	1	0	2	2	4	7	3	12	9	10	5	11	10	13	27	10	7	4	16	51	59	73	27	25	27	24	5	28	21	8	10	14	0	91	34	12	11	17	24	29	14	16	50	573	156	102	60	6	12	9	10	12	5	4	3	5	8	10	2	3	6	6	14	13	18	13	10	9	10	6	13	5	2	7	9	4	1	2	2	5	4	2	3	5	6	5	1	5	2	6	1	1	4	3	2	2	3	7	12	2	8	6	10	5	7	6	5	4	6	7	8	7	11	4	12	6	6	2	4	1	1	12	12	7	14	12	4	2	2	5	2	7	8	2	3	5	1	1	3	1	3	0	2	6	1	3	2	4	5	1	2	1	2	1	3	3	1	0	0	1	1	0	5	4	0	1	0	1	0	4	1	1	2	1	4	2	1	3	1	0	1	1	3	1	0	1
0	0	0	0	0	0	0	0	0	0	1	0	1	0	3	3	2	2	7	3	8	3	4	7	11	5	5	4	9	22	38	40	18	22	13	11	7	11	5	5	8	9	91	0	65	26	25	29	29	27	14	17	38	44	51	30	19	6	7	11	7	8	2	1	1	3	5	3	3	5	8	8	6	9	9	8	5	7	4	6	5	4	4	5	6	3	6	0	5	5	6	0	2	6	5	5	3	7	3	2	2	3	3	0	2	4	2	4	4	8	11	11	9	7	9	6	1	3	8	7	6	6	2	8	4	8	2	1	2	2	6	4	5	3	9	8	5	3	4	2	1	3	3	4	1	2	0	1	0	3	1	1	3	5	3	2	2	3	3	4	2	4	2	0	1	1	3	3	0	1	0	0	2	2	2	4	3	1	2	1	0	2	2	0	1	2	1	0	0	2	0	0	3	0	1	0
0	0	0	0	2	0	1	0	0	1	0	0	0	0	1	4	3	7	4	3	5	5	2	6	4	7	8	3	6	10	14	16	8	16	16	13	2	9	3	1	4	6	34	65	0	128	134	67	41	34	28	44	48	21	37	30	11	5	1	7	8	0	5	1	6	5	4	1	2	2	5	5	11	12	10	10	5	10	10	3	2	2	2	0	2	4	0	1	2	5	3	4	7	3	8	11	1	5	3	4	2	0	3	5	1	1	3	6	9	8	15	11	18	10	6	5	3	5	6	4	6	11	4	11	5	5	1	1	2	3	2	7	3	4	8	4	3	2	1	2	2	5	2	3	3	2	1	3	3	2	6	6	3	3	2	1	4	9	3	8	2	4	1	2	2	1	4	1	2	0	1	0	5	3	1	3	0	2	3	1	2	2	2	2	2	1	3	1	1	1	1	2	2	0	2	0
0	0	0	1	0	0	0	0	0	1	0	0	0	2	0	2	2	5	6	4	4	5	3	6	8	4	3	3	7	9	4	14	6	10	10	10	7	9	4	3	2	5	12	26	128	0	488	39	20	17	22	28	22	15	12	18	9	4	6	5	6	5	4	1	1	3	3	2	2	2	3	8	2	5	4	7	9	10	4	5	4	3	4	5	3	2	4	0	5	3	6	5	5	6	6	4	7	2	3	6	3	2	1	4	4	1	2	9	13	10	23	13	11	10	10	4	9	4	5	9	4	3	7	10	4	5	1	4	2	2	1	2	5	6	5	11	4	5	2	1	3	5	0	5	0	3	3	4	6	1	4	2	4	1	0	1	1	2	6	5	6	0	1	2	1	1	1	4	0	0	3	2	1	3	8	0	0	1	2	1	6	0	0	0	1	0	1	0	2	1	1	4	0	2	0	0
0	0	0	0	0	0	0	0	1	0	0	0	0	0	0	2	1	5	2	2	5	3	3	6	11	3	5	1	3	9	8	9	8	7	6	5	8	7	1	4	3	2	11	25	134	488	0	74	35	40	25	34	21	13	22	14	10	2	9	5	4	0	5	1	3	0	6	4	4	2	3	9	9	11	6	2	6	5	7	2	5	4	3	1	5	0	0	3	1	5	3	3	5	6	4	4	3	5	7	3	1	1	0	1	3	4	2	7	19	6	18	10	13	7	6	14	5	5	3	4	1	4	4	3	6	2	2	2	1	2	2	3	6	6	16	12	5	6	1	4	1	3	5	2	3	2	2	3	2	4	11	2	6	1	4	0	3	4	5	2	2	2	1	0	0	0	1	2	4	2	1	3	2	1	2	3	1	3	2	3	1	1	0	0	2	4	1	2	1	1	1	1	2	0	2	2
0	0	0	0	0	1	1	0	0	0	0	1	0	1	4	3	2	4	7	4	4	7	2	7	8	9	5	4	7	4	4	13	12	17	19	9	2	5	5	5	3	7	17	29	67	39	74	0	177	79	67	65	45	17	16	22	7	6	5	3	2	11	3	3	4	2	8	3	5	5	10	14	12	15	9	10	3	8	7	6	5	8	3	6	9	5	2	6	1	6	7	1	6	9	11	8	7	6	5	6	3	4	1	3	5	2	7	7	12	11	16	25	25	8	16	7	9	6	6	8	4	2	3	6	6	4	1	2	2	3	3	4	11	6	11	13	3	3	2	1	3	5	7	4	3	2	5	1	7	4	5	2	4	6	3	3	1	4	7	6	3	2	1	0	1	1	1	1	3	0	0	1	6	3	2	2	1	3	3	1	2	2	1	2	1	2	1	0	0	0	1	2	0	1	3	0
0	0	0	0	0	0	0	0	1	0	0	1	0	3	6	3	7	10	4	10	12	4	2	15	19	13	1	6	9	12	18	24	9	41	21	9	2	5	11	3	0	4	24	29	41	20	35	177	0	183	153	67	139	17	41	61	12	8	6	7	5	3	3	4	4	5	4	5	7	7	16	20	23	24	18	10	11	9	7	7	10	4	4	10	13	7	3	2	3	6	6	7	9	6	7	11	5	5	2	8	5	1	3	1	4	7	5	10	15	21	23	32	29	20	12	11	5	10	13	13	4	9	5	11	9	5	2	1	2	3	5	9	11	11	19	12	6	2	3	5	2	10	10	5	3	4	4	1	6	4	10	6	5	3	2	0	1	4	7	6	4	0	3	1	4	0	0	1	2	0	0	3	5	1	4	2	1	2	3	3	2	1	2	4	2	4	0	0	4	2	3	0	2	1	2	1
0	0	0	0	0	0	0	0	0	0	0	0	2	0	4	6	3	3	4	8	5	6	7	9	13	6	9	7	10	13	8	17	15	25	31	5	5	8	2	5	4	4	29	27	34	17	40	79	183	0	333	332	82	18	49	43	18	11	7	10	11	4	1	5	3	7	7	3	8	5	6	22	18	37	36	10	9	17	25	13	15	1	4	5	9	8	4	1	2	7	7	8	11	10	17	17	14	4	10	5	3	5	5	3	3	4	5	14	30	18	33	52	47	19	16	14	18	11	14	15	7	10	7	18	18	6	1	1	4	5	1	12	23	13	33	14	6	5	1	5	3	7	4	3	6	5	3	1	3	4	8	4	3	5	5	0	6	3	6	4	5	6	1	2	2	2	0	2	2	1	0	1	4	5	4	1	4	3	2	2	6	2	3	2	0	1	1	3	1	2	1	1	2	1	2	4
0	0	0	0	0	0	0	0	1	0	0	1	1	1	4	4	1	5	4	11	8	8	11	6	12	15	12	1	16	15	7	12	13	24	23	11	5	4	10	5	2	6	14	14	28	22	25	67	153	333	0	111	57	16	29	24	15	3	5	11	8	5	3	5	5	5	5	2	6	4	14	38	17	32	16	11	8	3	12	10	12	8	6	7	15	11	5	3	5	8	5	8	13	16	20	17	14	4	10	11	8	1	6	3	6	9	4	14	32	24	48	104	99	18	16	33	22	15	18	20	7	5	14	14	20	5	4	4	6	6	7	14	28	11	39	20	6	5	3	4	8	6	4	4	9	5	5	9	7	6	16	2	11	6	5	3	3	7	8	5	5	1	2	1	3	1	3	2	0	1	0	2	2	3	5	5	1	1	2	3	3	4	1	4	3	1	0	1	3	0	3	0	2	1	2	1
0	0	0	0	0	0	0	0	1	0	0	0	2	0	4	3	5	3	2	4	7	10	3	7	12	10	7	1	10	9	8	10	10	9	12	9	4	5	4	3	4	2	16	17	44	28	34	65	67	332	111	0	40	12	30	29	12	7	6	5	4	3	3	2	4	5	8	4	7	4	10	6	9	17	26	8	11	12	19	5	11	5	7	8	8	9	2	2	2	8	1	7	15	13	17	16	12	5	6	7	6	5	3	7	6	4	3	17	43	33	53	20	38	23	24	10	13	10	11	18	3	9	4	8	10	8	2	2	6	6	5	6	13	8	24	16	5	10	3	2	4	3	4	0	8	5	3	1	5	3	7	9	9	6	2	2	2	8	6	8	5	5	4	1	3	1	2	1	1	2	1	3	6	3	2	4	2	1	1	0	5	2	1	1	2	2	0	1	5	4	1	3	1	1	0	1
0	0	0	0	1	0	1	0	0	0	1	0	1	1	5	4	5	9	6	20	17	13	7	15	22	15	6	9	14	25	16	54	22	70	60	15	9	7	15	4	7	6	50	38	48	22	21	45	139	82	57	40	0	66	99	357	30	8	18	10	8	11	4	2	2	5	8	5	6	4	14	14	22	21	26	14	9	12	18	12	9	5	4	3	10	9	8	3	1	4	8	7	12	9	7	6	7	5	5	1	5	5	1	2	7	2	3	6	18	13	6	20	20	7	10	7	8	8	9	20	5	8	4	13	12	10	3	6	5	8	3	8	17	14	29	22	1	3	3	1	5	8	2	2	7	4	1	5	2	7	6	5	4	3	2	1	2	8	2	2	5	3	3	1	3	0	1	1	1	0	1	1	4	2	5	4	2	1	1	3	1	7	0	2	3	1	1	2	2	1	1	2	2	1	0	0
0	0	0	0	0	0	1	1	2	0	0	0	0	1	6	13	4	12	18	20	8	15	11	29	44	14	14	2	18	36	49	71	27	33	36	31	10	36	26	9	7	18	573	44	21	15	13	17	17	18	16	12	66	0	241	218	83	9	15	13	15	12	6	4	5	5	10	9	4	7	8	16	11	14	24	11	9	10	12	12	7	4	4	9	14	12	5	1	6	6	5	3	9	5	10	5	7	2	2	6	2	4	3	1	7	1	3	7	5	5	7	20	10	4	6	11	6	5	7	9	4	7	9	11	10	10	1	5	7	4	6	5	5	15	12	11	6	3	4	3	2	10	2	3	1	5	1	2	1	1	1	5	4	2	3	4	3	7	5	3	2	3	1	1	3	1	3	1	1	3	1	1	1	4	4	0	1	1	1	4	0	2	3	2	2	1	1	0	0	0	0	2	2	1	0	1
0	0	0	0	1	0	0	0	0	1	0	0	0	1	10	7	2	6	11	14	13	4	8	20	28	12	7	5	13	20	24	43	18	24	21	31	20	30	7	6	9	7	156	51	37	12	22	16	41	49	29	30	99	241	0	253	68	10	10	11	10	10	6	4	2	3	4	6	6	6	5	14	9	20	24	15	15	14	18	11	5	6	8	9	7	7	6	1	5	8	6	6	4	8	3	5	3	6	4	5	2	2	2	6	3	2	4	4	13	9	17	13	12	8	7	4	9	3	5	5	6	10	8	11	11	2	2	3	2	3	1	7	14	21	18	26	4	9	3	3	3	8	7	2	3	4	2	1	5	6	5	2	5	6	5	4	7	8	6	6	2	4	3	1	4	2	1	2	2	0	0	2	3	0	1	3	2	4	2	0	3	2	1	0	1	0	0	2	1	0	1	3	1	0	0	2
0	0	0	0	0	1	0	0	0	0	2	0	1	0	6	8	9	14	10	20	16	7	7	27	38	20	13	5	17	37	21	42	34	72	65	28	9	15	13	3	4	11	102	30	30	18	14	22	61	43	24	29	357	218	253	0	69	7	12	10	21	8	5	5	5	8	14	6	3	8	8	19	18	36	38	19	16	14	15	10	8	5	2	10	10	14	2	2	11	3	5	5	8	6	9	8	2	3	6	6	5	4	5	3	7	5	5	6	14	12	9	21	9	10	7	7	8	8	8	14	4	12	11	11	8	6	2	4	5	8	3	9	15	10	30	17	7	5	7	2	7	11	6	5	3	5	4	2	6	1	4	4	4	3	5	1	4	5	1	2	4	3	5	6	2	1	2	1	0	2	0	2	3	2	4	1	3	3	0	0	2	3	7	0	0	0	1	1	1	3	4	0	1	2	1	1
0	0	0	0	0	1	0	0	0	0	1	0	0	0	10	13	12	40	31	26	35	21	22	90	136	31	25	16	35	35	24	40	57	54	63	59	22	64	43	13	11	23	60	19	11	9	10	7	12	18	15	12	30	83	68	69	0	37	65	17	33	18	8	8	7	10	13	8	6	6	10	11	12	38	47	26	14	17	12	23	24	6	14	18	15	8	8	3	6	6	4	2	4	9	11	10	8	2	3	5	4	3	2	5	5	3	9	15	7	10	8	9	14	4	3	6	5	10	3	8	12	12	19	19	12	5	7	3	5	6	11	6	15	15	29	18	8	5	3	1	6	5	7	3	7	5	5	1	5	0	4	3	2	4	6	2	5	3	3	0	6	4	3	3	0	1	4	1	2	0	3	1	3	5	4	3	2	0	4	3	1	3	2	2	2	0	1	0	2	2	1	1	1	0	1	0
0	0	0	1	0	1	0	0	0	1	2	0	0	3	39	49	33	193	209	45	28	91	90	99	48	16	31	27	33	25	11	13	35	9	15	28	14	41	113	56	40	62	6	6	5	4	2	6	8	11	3	7	8	9	10	7	37	0	127	38	30	42	9	14	31	14	16	14	10	5	11	6	5	5	16	19	6	11	2	14	19	11	14	20	8	6	3	6	8	4	2	7	6	1	1	4	3	3	0	6	2	4	1	4	3	5	2	1	1	9	2	10	3	3	2	4	3	3	6	11	15	12	16	10	7	10	4	7	6	7	8	5	6	15	11	12	2	2	2	2	8	6	4	0	4	3	5	3	6	2	4	2	3	0	1	2	4	0	4	4	2	1	3	0	3	1	2	3	1	2	3	1	0	2	2	2	2	2	3	3	1	2	3	4	1	1	1	1	1	2	0	0	7	0	3	2
0	0	0	1	1	1	0	1	1	0	0	3	1	0	27	48	26	86	46	60	85	386	214	262	111	26	27	23	26	16	6	12	31	24	23	20	27	36	49	20	19	22	12	7	1	6	9	5	6	7	5	6	18	15	10	12	65	127	0	77	177	62	19	14	27	27	34	16	10	5	14	8	9	21	24	33	22	12	18	26	52	20	33	33	23	10	6	12	12	10	3	5	4	3	3	2	3	2	4	6	5	3	5	4	5	9	8	10	6	4	8	4	7	4	6	0	3	4	7	6	18	13	34	15	24	15	9	7	6	6	12	9	12	26	23	14	9	5	3	3	10	12	7	2	8	3	4	3	4	5	1	0	5	2	5	2	3	2	6	6	4	4	5	4	6	2	3	2	0	0	3	1	4	2	4	0	2	5	5	0	3	7	2	1	1	2	3	4	4	3	1	2	4	2	2	2
0	0	0	1	0	1	0	2	0	1	0	2	1	1	24	47	11	30	13	14	41	133	87	32	18	3	16	9	8	8	5	5	11	12	8	26	20	15	24	15	7	16	9	11	7	5	5	3	7	10	11	5	10	13	11	10	17	38	77	0	321	28	7	14	20	27	28	18	7	4	5	1	15	20	31	70	18	29	21	20	66	34	72	139	17	13	11	12	17	20	9	13	6	8	8	9	6	1	5	2	3	4	3	5	1	4	7	11	11	6	6	4	4	5	5	9	4	4	9	8	34	47	55	15	28	18	10	10	7	7	14	18	18	26	19	18	22	8	7	8	8	13	5	6	9	6	2	4	8	1	2	5	6	2	10	5	5	4	3	8	6	7	4	6	7	2	3	3	2	3	4	4	2	4	4	0	3	3	1	2	8	7	5	7	4	1	1	3	3	3	4	4	7	2	5	2
0	0	0	0	3	0	0	0	0	1	1	0	1	1	35	25	16	31	16	19	55	205	100	48	40	18	28	10	11	9	6	15	12	15	18	23	18	25	37	18	9	20	10	7	8	6	4	2	5	11	8	4	8	15	10	21	33	30	177	321	0	52	8	9	20	27	29	16	2	16	11	8	15	26	31	75	29	28	20	50	86	39	68	68	21	10	14	9	8	26	11	10	8	8	13	5	4	2	4	7	9	6	7	7	6	12	13	8	4	7	5	13	6	3	5	9	5	8	9	15	43	44	109	23	31	13	13	6	9	16	12	12	27	51	28	23	14	10	6	5	17	14	4	9	8	7	6	4	11	5	3	7	6	7	10	2	10	8	4	5	3	1	5	5	7	5	5	0	2	2	3	5	5	1	1	2	3	6	1	1	2	7	1	10	3	2	1	2	3	6	4	2	1	1	3	2
0	0	0	2	0	0	1	0	1	0	0	0	1	0	14	90	45	58	34	77	272	82	106	42	33	35	61	47	17	14	11	7	23	9	8	12	10	11	14	13	12	10	12	8	0	5	0	11	3	4	5	3	11	12	10	8	18	42	62	28	52	0	56	47	73	122	131	85	39	18	11	14	10	13	16	16	7	9	11	22	81	58	50	32	34	22	11	24	16	12	7	7	10	7	4	6	3	6	5	4	6	7	4	5	11	12	10	8	4	3	3	8	6	4	3	3	7	7	12	9	20	12	30	17	17	16	16	7	23	9	16	12	10	42	11	10	14	11	5	5	18	29	9	0	10	6	7	6	5	3	4	2	6	6	2	3	7	7	7	6	0	3	5	2	5	2	0	1	2	0	3	3	0	1	1	4	3	3	2	3	6	3	4	2	5	1	2	3	0	0	1	2	2	3	2	2
0	0	0	1	1	0	1	0	0	0	1	1	0	1	19	32	70	38	28	33	24	14	32	11	17	24	28	82	16	6	8	5	19	6	13	6	2	5	11	14	8	3	5	2	5	4	5	3	3	1	3	3	4	6	6	5	8	9	19	7	8	56	0	586	73	42	30	90	30	21	11	4	5	6	11	6	2	1	3	8	17	20	10	20	15	16	14	23	19	6	3	3	2	1	1	3	3	3	4	2	1	4	1	3	4	9	5	4	2	7	3	3	3	1	1	4	2	6	2	10	7	5	15	4	11	8	5	9	17	8	6	6	6	16	4	2	8	5	4	8	14	11	9	2	9	4	6	4	5	4	3	3	6	3	2	2	4	4	2	5	1	1	3	2	1	1	2	1	0	0	0	1	1	1	2	1	1	2	2	1	2	2	3	4	4	2	1	3	2	2	2	0	2	3	3	3
0	0	0	0	0	0	0	0	1	0	1	0	1	1	18	48	100	27	20	22	27	15	35	14	11	19	18	31	9	4	7	6	8	7	8	2	8	6	9	11	9	11	4	1	1	1	1	3	4	5	5	2	2	4	4	5	8	14	14	14	9	47	586	0	104	49	31	97	29	13	11	2	11	7	4	6	5	7	4	12	17	13	24	14	12	4	11	28	14	8	1	5	3	6	3	2	1	2	1	4	6	2	3	3	3	7	8	3	0	3	2	4	3	2	4	2	3	3	4	4	11	7	7	10	5	12	10	11	12	6	6	8	6	8	4	7	1	8	7	10	6	11	10	5	8	5	6	2	4	1	3	2	2	0	2	0	5	2	1	4	1	0	3	4	5	1	4	4	2	2	2	0	3	4	4	1	2	4	3	1	7	3	3	3	2	2	2	0	1	2	3	1	1	1	1	0
0	0	0	0	2	0	1	1	0	1	1	0	0	0	44	177	185	35	24	30	44	31	67	23	16	17	11	24	11	8	6	7	10	6	15	7	5	7	7	6	6	7	3	1	6	1	3	4	4	3	5	4	2	5	2	5	7	31	27	20	20	73	73	104	0	100	56	48	23	7	6	8	8	7	10	11	4	4	5	14	29	40	32	32	23	18	12	28	42	14	8	8	4	1	3	6	2	2	3	3	6	6	4	7	5	5	10	4	5	3	0	7	1	2	4	3	2	4	9	5	13	13	14	7	12	10	9	14	19	14	7	6	13	15	6	3	3	10	9	9	15	15	8	5	1	5	3	3	5	3	1	3	3	6	7	4	4	7	3	4	3	3	4	1	7	3	4	1	1	5	3	3	4	3	6	3	1	2	2	4	2	7	2	3	4	1	1	3	2	2	3	3	2	3	3	4
0	0	0	0	0	0	2	0	0	0	0	0	0	0	20	53	29	19	20	19	57	37	36	24	20	12	30	20	8	7	9	4	7	7	10	8	6	3	7	8	3	3	5	3	5	3	0	2	5	7	5	5	5	5	3	8	10	14	27	27	27	122	42	49	100	0	340	117	32	25	14	17	16	10	10	12	8	7	5	17	55	101	91	52	21	21	20	72	45	12	10	8	6	9	6	11	7	4	5	4	7	7	8	5	6	7	13	10	4	4	6	6	1	3	2	5	2	2	8	8	46	18	35	12	18	40	20	16	28	23	24	14	12	33	7	10	15	13	9	4	22	22	15	9	14	6	7	8	7	2	2	5	5	6	5	3	11	8	4	6	2	6	3	3	7	7	4	1	6	0	3	0	3	2	7	4	6	5	2	4	5	8	7	3	2	3	2	1	3	4	1	2	0	0	3	2
0	0	0	0	2	1	0	0	0	1	0	0	2	1	17	39	20	27	16	22	106	29	50	23	15	23	44	31	16	3	4	5	9	12	12	12	6	3	11	8	7	6	8	5	4	3	6	8	4	7	5	8	8	10	4	14	13	16	34	28	29	131	30	31	56	340	0	97	35	35	12	15	21	18	18	13	14	12	14	38	114	142	79	40	80	27	24	47	50	13	6	8	16	11	10	9	10	3	7	4	5	10	9	10	7	12	13	12	5	4	5	7	5	4	4	9	6	7	11	12	71	16	39	23	26	47	25	19	29	18	17	20	22	84	11	14	6	15	14	14	21	55	13	8	11	6	2	5	11	5	3	2	5	5	10	4	11	7	12	5	5	4	5	3	4	5	2	7	1	0	4	0	5	1	1	0	3	3	3	4	4	7	1	6	1	1	4	1	3	3	0	1	3	1	2	3
0	0	0	0	1	1	0	0	1	0	0	1	2	0	11	25	23	23	13	29	48	22	18	9	6	22	30	39	11	11	6	1	14	11	10	6	2	2	9	8	6	8	10	3	1	2	4	3	5	3	2	4	5	9	6	6	8	14	16	18	16	85	90	97	48	117	97	0	108	34	17	8	7	10	10	3	5	11	8	10	31	26	27	16	21	25	34	35	26	6	4	6	7	4	7	5	2	2	3	4	9	10	5	4	10	14	10	5	2	3	1	7	5	6	5	7	2	8	8	8	22	9	18	9	12	11	19	18	23	17	10	10	5	28	5	6	7	12	7	4	20	30	15	11	7	6	6	3	2	5	2	3	7	9	2	9	3	2	4	6	3	2	0	3	2	1	3	0	3	1	2	3	0	2	2	3	3	1	2	5	8	3	1	1	1	2	0	1	1	3	2	0	0	1	1	2
0	0	0	0	0	1	0	0	0	0	0	1	1	1	6	14	15	9	15	17	20	8	17	12	11	22	23	31	9	6	8	4	14	11	10	7	3	6	6	7	8	3	2	3	2	2	4	5	7	8	6	7	6	4	6	3	6	10	10	7	2	39	30	29	23	32	35	108	0	89	25	11	19	10	4	2	7	7	5	10	21	15	23	12	40	37	34	27	16	10	5	7	6	7	8	11	4	4	2	5	8	5	6	5	11	20	11	3	1	6	0	5	5	5	2	2	2	4	14	10	17	11	15	11	13	13	26	35	58	15	16	12	7	10	9	3	4	10	8	6	6	53	54	11	11	6	5	5	9	4	4	2	5	3	4	3	6	9	1	4	6	2	7	3	2	2	2	4	4	0	2	1	2	2	4	3	1	1	2	2	3	5	3	3	3	3	1	0	2	3	0	4	2	0	2	1
0	0	0	0	0	0	1	0	0	0	0	0	1	0	3	7	6	12	9	16	18	6	14	13	3	29	27	14	11	5	3	6	15	11	21	3	4	5	7	3	7	7	3	5	2	2	2	5	7	5	4	4	4	7	6	8	6	5	5	4	16	18	21	13	7	25	35	34	89	0	66	29	35	21	10	9	6	5	11	11	24	16	12	8	61	123	30	16	11	2	9	6	9	8	10	9	7	13	3	12	21	8	11	8	15	40	15	8	5	5	5	11	9	3	8	6	11	15	18	31	18	8	9	21	19	37	28	21	58	20	23	19	18	27	12	2	6	7	14	9	19	206	110	26	28	9	8	5	14	2	7	6	11	5	6	5	3	9	3	3	4	2	2	4	5	4	2	4	2	0	4	3	3	0	2	2	0	5	4	6	1	2	2	5	2	3	6	3	2	1	3	1	2	2	0	2
0	0	0	0	0	0	0	1	1	0	0	0	1	0	1	8	6	11	7	19	30	8	9	12	15	41	25	11	12	8	7	5	14	19	31	4	2	12	13	8	2	4	6	8	5	3	3	10	16	6	14	10	14	8	5	8	10	11	14	5	11	11	11	11	6	14	12	17	25	66	0	147	402	30	10	8	10	12	8	14	20	10	17	14	51	79	17	3	7	7	2	15	14	13	12	28	8	14	9	20	17	4	7	9	25	18	21	15	7	10	7	27	9	16	9	21	17	37	59	48	15	18	21	20	19	17	22	11	34	14	16	16	15	32	39	15	10	8	6	8	14	79	41	16	16	12	8	9	6	4	10	6	6	4	5	7	6	9	5	4	5	1	5	3	3	2	0	3	1	0	3	1	1	4	3	5	2	2	4	4	4	4	2	3	0	3	3	2	1	3	2	3	2	1	0	2
0	0	0	0	0	0	0	0	1	1	1	0	0	0	3	5	4	7	8	14	11	12	10	12	18	23	25	6	11	13	8	9	15	25	28	5	2	5	2	3	4	8	6	8	5	8	9	14	20	22	38	6	14	16	14	19	11	6	8	1	8	14	4	2	8	17	15	8	11	29	147	0	372	39	18	8	7	10	20	18	13	8	14	8	29	31	9	5	5	19	5	8	11	13	9	28	15	14	7	20	10	5	4	5	12	11	14	24	11	6	14	71	22	9	8	31	13	28	58	65	9	7	11	16	18	17	10	6	11	13	9	18	26	28	25	10	8	8	8	5	6	28	13	8	13	6	13	4	15	8	10	6	9	6	5	9	4	8	3	4	3	4	3	5	3	0	3	1	0	0	3	2	2	5	1	4	0	1	3	3	3	0	3	1	1	1	0	0	0	1	2	2	2	1	0	1
0	0	0	0	1	0	1	1	0	1	0	0	0	0	6	7	7	10	15	15	21	9	7	10	22	33	26	14	14	8	2	9	22	36	29	6	5	4	6	5	3	5	14	6	11	2	9	12	23	18	17	9	22	11	9	18	12	5	9	15	15	10	5	11	8	16	21	7	19	35	402	372	0	56	19	10	14	9	17	28	28	14	14	8	49	67	11	5	11	13	4	11	14	7	13	38	14	12	14	15	10	5	9	12	16	13	17	22	7	9	11	49	19	9	16	32	18	29	70	100	14	17	12	30	33	22	9	11	13	11	12	22	33	39	50	17	8	5	9	10	10	57	22	13	16	14	5	8	13	7	6	11	6	10	5	5	6	16	7	13	4	4	6	3	2	5	3	1	2	2	2	3	3	3	2	4	5	1	3	2	4	4	0	2	6	4	1	2	2	1	0	0	3	1	0	1
0	0	0	0	0	0	0	0	0	0	0	0	0	2	12	10	3	11	6	14	17	13	10	35	22	24	10	13	10	6	9	12	20	31	47	10	6	15	7	5	7	6	13	9	12	5	11	15	24	37	32	17	21	14	20	36	38	5	21	20	26	13	6	7	7	10	18	10	10	21	30	39	56	0	111	29	25	32	54	72	46	20	20	16	37	19	5	3	6	18	13	17	19	13	22	31	20	10	9	5	11	6	7	4	6	11	16	34	27	24	17	31	14	11	16	20	21	17	28	57	25	29	22	60	75	19	8	7	5	11	17	27	165	62	2672	50	14	5	5	7	11	34	3	3	6	6	8	9	16	8	9	5	7	14	5	4	10	10	11	9	9	10	2	3	4	5	2	2	0	2	1	3	7	5	5	2	4	2	4	4	5	3	4	3	3	1	7	1	2	0	2	2	0	4	1	1
0	0	0	0	0	0	0	0	0	0	0	0	2	1	7	5	7	10	8	14	16	27	16	30	23	16	14	7	9	13	10	11	24	19	24	23	12	13	13	5	7	12	18	9	10	4	6	9	18	36	16	26	26	24	24	38	47	16	24	31	31	16	11	4	10	10	18	10	4	10	10	18	19	111	0	78	52	73	57	53	27	15	22	13	21	10	5	6	7	19	9	12	12	20	17	15	14	6	5	3	6	5	2	8	10	7	5	19	25	17	22	16	17	9	8	10	13	7	10	22	18	56	29	43	73	22	3	8	11	5	11	15	66	23	123	459	18	3	8	8	8	14	5	7	12	4	1	5	12	3	15	4	15	9	11	7	9	17	15	13	6	4	6	5	5	1	3	0	1	1	1	1	3	1	3	2	3	5	9	5	2	4	3	1	6	2	2	3	1	3	1	1	2	0	6	0
0	0	0	0	1	0	1	0	0	2	1	1	0	0	12	22	9	9	7	11	14	24	32	21	19	5	8	9	7	5	8	10	11	9	15	35	21	26	17	17	8	9	13	8	10	7	2	10	10	10	11	8	14	11	15	19	26	19	33	70	75	16	6	6	11	12	13	3	2	9	8	8	10	29	78	0	77	70	39	45	34	18	19	21	11	9	11	5	10	15	6	14	10	7	14	8	7	2	7	6	5	5	1	1	3	4	8	10	13	8	9	6	5	6	6	10	2	6	7	14	21	71	40	20	26	17	5	4	6	8	10	9	28	17	20	74	26	9	6	3	5	6	4	4	7	3	3	4	6	9	3	5	4	5	7	5	6	4	12	8	8	2	4	5	10	4	4	2	2	2	2	3	1	4	5	2	6	7	4	6	7	8	7	5	1	5	4	2	0	3	4	0	0	4	1	2
0	0	0	0	1	0	0	0	2	1	0	0	0	0	11	7	3	5	3	10	9	12	9	9	6	10	7	5	5	3	2	4	7	9	8	13	7	8	7	6	3	5	10	5	5	9	6	3	11	9	8	11	9	9	15	16	14	6	22	18	29	7	2	5	4	8	14	5	7	6	10	7	14	25	52	77	0	843	81	36	20	14	11	16	14	12	4	8	10	66	33	18	12	15	33	16	10	6	5	11	3	3	6	2	6	5	8	18	18	9	15	8	3	5	11	10	13	9	10	18	26	106	37	37	51	14	8	4	6	10	10	22	32	20	19	85	56	14	6	4	4	7	2	3	7	8	6	1	7	11	10	5	17	10	13	7	20	14	24	22	18	5	11	6	1	6	11	3	3	7	1	3	6	3	5	8	14	6	5	3	9	5	3	5	6	7	2	4	0	2	5	5	1	3	2	4
0	0	0	0	1	0	0	1	0	1	0	2	1	0	6	8	5	9	8	3	18	16	13	14	9	7	7	5	3	5	6	6	3	14	13	14	9	5	10	4	5	6	9	7	10	10	5	8	9	17	3	12	12	10	14	14	17	11	12	29	28	9	1	7	4	7	12	11	7	5	12	10	9	32	73	70	843	0	243	44	15	16	12	22	11	7	4	5	9	79	36	40	17	18	33	17	9	10	6	10	7	5	8	8	4	8	14	31	23	20	12	13	15	11	8	6	8	9	13	24	25	112	36	51	72	17	8	4	4	9	11	13	46	16	36	142	62	19	5	5	14	9	4	3	5	2	7	6	15	15	9	7	15	11	12	4	13	18	31	23	12	9	6	6	5	2	5	3	1	1	1	8	5	9	3	8	9	6	5	4	10	7	4	9	5	4	2	1	1	1	2	2	3	2	3	2
0	0	0	0	0	0	0	0	0	0	0	0	0	0	5	2	13	6	7	8	16	11	10	11	13	10	8	4	3	6	7	7	7	15	14	9	11	6	7	4	6	3	10	4	10	4	7	7	7	25	12	19	18	12	18	15	12	2	18	21	20	11	3	4	5	5	14	8	5	11	8	20	17	54	57	39	81	243	0	77	34	20	14	15	22	8	7	7	10	97	36	38	40	31	57	20	8	14	8	7	9	6	3	6	3	7	15	44	25	31	23	10	23	18	19	15	10	18	14	31	34	98	42	163	131	28	9	15	7	15	13	28	172	29	62	110	35	16	4	12	15	12	6	1	11	12	10	7	21	9	7	14	21	14	20	6	17	36	20	23	14	1	7	10	5	4	7	4	1	5	2	1	7	8	7	5	3	7	7	2	7	11	7	4	6	8	5	2	4	2	4	2	3	1	1	1
0	0	0	1	1	0	0	2	0	1	2	0	0	1	9	12	9	15	8	19	34	22	17	22	14	18	14	12	11	11	4	4	5	7	19	11	5	7	14	8	9	6	6	6	3	5	2	6	7	13	10	5	12	12	11	10	23	14	26	20	50	22	8	12	14	17	38	10	10	11	14	18	28	72	53	45	36	44	77	0	105	64	62	31	91	16	11	13	14	72	28	32	28	19	15	19	7	15	10	10	12	9	7	9	10	7	27	28	8	11	8	10	7	8	8	12	11	10	21	43	132	137	151	184	818	71	17	4	11	24	45	49	147	197	75	37	37	17	17	6	29	32	13	7	17	8	15	3	16	4	9	6	15	13	13	5	7	20	12	10	11	7	8	4	8	2	4	2	2	3	1	4	5	5	5	3	3	4	3	4	8	6	3	8	2	4	3	2	3	4	7	0	2	3	6	2
0	0	0	0	0	1	0	0	0	1	0	1	0	2	17	37	16	33	16	33	137	66	66	48	28	21	39	23	8	15	8	8	17	12	24	16	10	15	27	6	2	11	13	5	2	4	5	5	10	15	12	11	9	7	5	8	24	19	52	66	86	81	17	17	29	55	114	31	21	24	20	13	28	46	27	34	20	15	34	105	0	92	142	60	85	31	12	14	18	16	11	16	9	10	15	11	5	6	5	5	10	10	7	7	12	15	14	13	14	5	14	11	6	6	6	9	5	10	11	18	107	49	155	32	51	41	12	10	17	14	15	25	44	359	27	30	16	15	2	5	23	40	10	8	12	5	3	3	12	3	5	5	9	6	14	6	13	7	9	7	3	1	2	5	0	3	3	3	1	1	0	5	4	2	7	1	4	5	4	4	6	6	6	2	5	5	0	4	3	4	3	1	6	1	2	0
0	0	0	0	1	0	0	0	0	1	1	0	0	1	11	25	24	14	6	20	42	32	28	16	15	16	23	11	9	6	4	5	11	5	7	5	7	4	4	6	7	3	5	4	2	3	4	8	4	1	8	5	5	4	6	5	6	11	20	34	39	58	20	13	40	101	142	26	15	16	10	8	14	20	15	18	14	16	20	64	92	0	312	75	50	23	23	48	73	25	23	23	15	3	8	9	4	9	9	4	12	9	10	7	5	7	26	12	6	3	5	4	3	3	1	5	6	9	12	21	236	36	112	24	28	78	22	15	21	37	41	31	20	72	9	3	34	21	25	13	47	25	16	5	11	6	8	8	11	5	6	9	10	12	17	8	14	8	7	8	1	2	3	12	9	2	7	4	2	1	0	3	5	4	4	3	4	5	4	7	7	11	3	8	8	2	4	3	3	1	5	2	4	0	2	3
0	0	0	1	0	0	0	1	0	0	0	1	0	1	30	32	12	24	8	19	52	69	61	21	21	12	12	14	12	7	6	5	9	5	12	13	8	10	13	10	7	5	2	4	2	4	3	3	4	4	6	7	4	4	8	2	14	14	33	72	68	50	10	24	32	91	79	27	23	12	17	14	14	20	22	19	11	12	14	62	142	312	0	451	37	19	18	23	47	23	5	6	12	9	8	5	4	2	1	6	4	7	9	7	11	11	13	12	5	3	3	4	6	6	3	4	2	5	7	15	164	53	222	27	26	34	20	9	13	13	28	17	20	69	19	13	28	22	11	8	27	23	11	10	7	5	5	5	4	3	4	6	10	12	10	12	10	7	8	7	4	6	3	7	2	2	4	4	3	2	3	3	5	1	3	4	1	8	5	4	6	7	5	5	5	2	3	3	1	4	1	2	4	0	1	4
0	0	0	0	0	0	0	2	0	0	0	0	3	1	25	39	17	21	11	11	45	75	54	32	19	5	14	13	11	6	7	3	10	8	12	18	10	13	9	7	7	10	7	5	0	5	1	6	10	5	7	8	3	9	9	10	18	20	33	139	68	32	20	14	32	52	40	16	12	8	14	8	8	16	13	21	16	22	15	31	60	75	451	0	20	17	16	17	38	15	6	15	9	6	8	6	6	6	1	2	5	9	4	3	4	8	13	11	5	9	3	7	7	6	3	4	5	7	9	12	66	33	99	20	21	36	15	11	6	16	11	23	11	35	8	14	29	9	13	10	25	12	4	6	3	5	4	4	10	5	5	4	5	3	8	6	8	9	11	7	0	3	5	10	8	5	2	4	2	3	0	4	1	4	1	5	2	3	2	4	3	13	6	4	4	1	3	2	5	5	2	3	2	1	2	6
0	0	0	0	0	0	0	0	0	0	1	0	1	1	4	15	11	6	14	11	53	19	23	23	11	27	26	10	8	7	3	5	14	22	17	11	5	8	9	5	5	5	9	6	2	3	5	9	13	9	15	8	10	14	7	10	15	8	23	17	21	34	15	12	23	21	80	21	40	61	51	29	49	37	21	11	14	11	22	91	85	50	37	20	0	134	32	17	12	21	9	14	23	8	13	19	10	11	7	16	14	17	9	12	18	13	38	23	10	12	6	15	11	13	12	12	9	22	30	77	67	31	42	46	61	94	28	17	27	38	44	73	47	270	29	15	14	9	10	6	34	210	31	10	32	8	6	7	13	14	8	15	11	14	6	6	8	8	9	6	5	3	6	1	8	10	6	2	2	2	1	3	4	3	4	2	6	2	4	2	7	4	4	3	1	5	6	2	2	4	3	1	3	0	2	1
0	0	0	0	0	1	1	1	0	1	0	1	0	0	3	8	8	6	5	13	24	12	11	11	10	19	24	13	5	1	5	3	7	4	15	8	5	8	3	4	3	5	4	3	4	2	0	5	7	8	11	9	9	12	7	14	8	6	10	13	10	22	16	4	18	21	27	25	37	123	79	31	67	19	10	9	12	7	8	16	31	23	19	17	134	0	37	12	14	7	8	18	28	9	10	24	12	13	10	19	30	10	13	23	41	30	72	24	3	7	7	10	6	11	13	18	18	30	67	63	25	10	23	28	17	42	31	35	64	37	47	54	25	40	18	6	6	9	9	8	17	611	67	25	81	15	19	11	20	6	4	8	11	11	3	9	9	8	7	5	6	6	5	7	9	7	4	4	1	3	0	2	8	5	7	3	1	1	5	9	2	8	0	4	2	3	1	2	0	7	1	3	5	1	1	2
0	0	0	0	0	0	0	0	0	0	1	0	0	1	6	15	5	11	2	15	11	6	10	10	8	10	10	12	10	5	7	1	2	5	5	1	3	3	6	5	1	1	1	6	0	4	0	2	3	4	5	2	8	5	6	2	8	3	6	11	14	11	14	11	12	20	24	34	34	30	17	9	11	5	5	11	4	4	7	11	12	23	18	16	32	37	0	56	17	11	8	15	16	7	2	11	10	8	12	12	15	11	18	22	19	44	33	6	0	2	7	3	9	5	5	5	7	5	11	13	19	8	10	12	12	36	261	487	544	44	32	22	7	19	6	7	13	11	26	16	42	28	30	28	38	10	12	7	12	8	6	4	17	5	11	17	11	4	6	1	3	1	2	10	7	10	5	7	8	2	1	6	7	3	3	2	5	4	5	2	6	5	7	2	4	6	2	0	1	2	7	2	0	1	1	2
0	0	0	1	0	0	0	0	1	0	0	0	1	1	16	10	16	5	5	12	14	10	16	13	5	7	9	10	4	3	5	3	3	3	3	8	5	3	5	5	3	2	2	0	1	0	3	6	2	1	3	2	3	1	1	2	3	6	12	12	9	24	23	28	28	72	47	35	27	16	3	5	5	3	6	5	8	5	7	13	14	48	23	17	17	12	56	0	109	16	2	7	8	7	10	10	5	0	2	7	13	7	10	8	8	14	17	6	4	6	0	1	3	2	5	3	3	2	8	4	23	13	14	7	5	12	38	39	34	22	31	10	6	14	6	3	11	12	17	13	38	24	13	17	16	4	3	8	5	2	2	6	2	5	6	15	12	7	10	5	2	2	5	1	7	2	6	1	6	3	4	3	1	2	2	3	3	0	4	8	5	5	6	3	4	5	1	1	3	0	1	2	4	3	3	5
0	0	0	0	0	1	1	0	0	0	0	0	1	1	11	18	12	14	6	6	15	13	22	9	11	3	10	6	5	9	3	4	3	7	9	5	5	0	7	5	2	5	2	5	2	5	1	1	3	2	5	2	1	6	5	11	6	8	12	17	8	16	19	14	42	45	50	26	16	11	7	5	11	6	7	10	10	9	10	14	18	73	47	38	12	14	17	109	0	21	7	7	10	6	3	5	5	4	5	3	13	7	11	8	5	13	15	5	9	0	4	1	5	5	4	4	3	5	10	7	38	22	27	16	12	37	24	15	20	32	39	10	11	18	7	8	7	31	32	18	80	21	14	9	11	6	7	8	12	6	3	10	5	3	16	8	10	12	5	7	6	3	4	1	10	5	1	7	3	5	0	6	4	5	4	2	4	6	5	3	11	11	9	3	8	4	0	3	0	1	2	4	4	3	4	4
0	0	0	1	0	0	0	0	1	1	0	0	0	1	8	7	8	5	5	9	12	11	13	4	8	6	8	1	5	6	7	5	7	7	13	8	10	8	3	1	5	6	5	5	5	3	5	6	6	7	8	8	4	6	8	3	6	4	10	20	26	12	6	8	14	12	13	6	10	2	7	19	13	18	19	15	66	79	97	72	16	25	23	15	21	7	11	16	21	0	75	100	44	25	26	19	14	3	13	6	19	12	7	9	9	10	16	37	9	13	14	7	19	6	10	7	8	16	12	30	51	118	51	99	89	49	9	13	8	30	30	72	53	24	26	16	145	41	13	20	28	8	10	6	13	8	7	12	28	6	8	13	23	25	39	19	26	25	30	33	8	15	14	14	6	11	10	8	4	5	5	6	6	10	14	11	9	10	7	9	12	17	3	9	6	8	2	1	5	3	2	4	3	3	12	3
0	0	0	0	0	1	0	0	0	2	0	0	1	0	3	13	5	2	4	4	5	6	7	5	2	4	2	7	5	1	1	4	2	7	4	3	3	0	3	0	3	4	4	6	3	6	3	7	6	7	5	1	8	5	6	5	4	2	3	9	11	7	3	1	8	10	6	4	5	9	2	5	4	13	9	6	33	36	36	28	11	23	5	6	9	8	8	2	7	75	0	76	42	32	34	15	17	10	6	10	6	17	5	12	6	7	10	32	18	14	11	6	10	8	9	10	13	10	6	9	18	28	23	35	25	20	5	6	4	13	12	26	24	14	16	17	57	15	12	18	11	13	4	6	7	8	9	18	22	24	14	28	56	52	46	16	24	89	261	207	46	25	21	20	10	9	7	6	7	7	3	8	12	19	27	12	13	21	16	16	20	17	11	11	12	14	4	5	5	6	7	8	4	1	1	3
0	0	0	1	1	0	0	0	1	0	0	0	0	0	4	4	4	3	4	5	8	7	2	4	6	8	5	5	3	0	2	5	4	8	4	5	5	2	3	3	2	1	2	0	4	5	3	1	7	8	8	7	7	3	6	5	2	7	5	13	10	7	3	5	8	8	8	6	7	6	15	8	11	17	12	14	18	40	38	32	16	23	6	15	14	18	15	7	7	100	76	0	121	58	35	36	20	13	14	22	38	23	18	14	18	14	39	79	15	11	16	13	8	11	13	15	13	14	17	24	23	50	17	46	41	41	20	10	7	32	44	95	35	19	18	19	29	40	15	25	23	14	10	8	25	32	22	26	91	23	19	31	115	93	73	21	62	106	27	18	25	16	23	13	14	13	8	5	6	7	5	4	21	17	5	6	10	14	14	16	16	17	6	3	4	4	5	4	4	4	5	4	3	7	0	2
0	0	0	0	1	0	0	0	0	0	0	1	2	0	1	9	5	5	8	11	10	5	8	4	3	8	3	6	6	1	3	7	1	11	7	7	4	5	2	2	4	0	3	2	7	5	5	6	9	11	13	15	12	9	4	8	4	6	4	6	8	10	2	3	4	6	16	7	6	9	14	11	14	19	12	10	12	17	40	28	9	15	12	9	23	28	16	8	10	44	42	121	0	90	70	153	66	54	24	48	39	26	9	23	25	14	40	326	24	27	15	16	13	11	35	26	33	43	52	70	12	25	12	60	34	27	8	13	13	29	31	113	53	22	22	12	10	26	21	6	18	20	6	16	31	38	35	37	152	36	47	26	90	45	28	18	43	72	22	16	14	11	7	10	10	3	3	5	4	1	3	7	11	12	11	6	5	16	14	10	9	11	1	5	3	9	2	0	1	3	1	3	3	0	3	2
0	0	0	0	0	1	0	0	1	0	0	0	1	0	1	11	3	6	4	3	3	3	5	5	5	13	3	3	3	4	3	5	1	5	3	2	6	3	1	4	5	3	5	6	3	6	6	9	6	10	16	13	9	5	8	6	9	1	3	8	8	7	1	6	1	9	11	4	7	8	13	13	7	13	20	7	15	18	31	19	10	3	9	6	8	9	7	7	6	25	32	58	90	0	270	63	87	34	33	33	20	17	6	7	12	6	13	135	55	52	9	16	24	33	49	32	36	16	28	25	11	13	5	34	19	19	10	3	4	17	12	29	32	12	18	16	9	13	6	11	5	9	6	6	15	27	10	17	38	56	76	51	87	43	26	8	25	123	35	27	17	5	19	8	9	3	4	5	5	6	5	5	9	17	5	7	11	8	7	14	6	8	3	3	10	2	2	6	7	2	6	1	4	1	4	2
0	0	0	0	0	1	0	0	0	0	0	1	2	1	4	4	4	3	4	6	4	6	7	10	6	6	9	4	2	3	5	4	6	7	10	5	3	5	3	5	1	2	6	5	8	6	4	11	7	17	20	17	7	10	3	9	11	1	3	8	13	4	1	3	3	6	10	7	8	10	12	9	13	22	17	14	33	33	57	15	15	8	8	8	13	10	2	10	3	26	34	35	70	270	0	57	61	19	17	17	12	11	7	5	11	4	12	155	79	82	43	23	26	30	47	19	22	24	26	29	11	21	14	58	24	13	6	6	7	11	12	31	50	12	17	23	13	18	6	8	7	12	11	8	7	14	16	15	25	19	40	22	40	47	22	9	17	66	32	13	21	7	6	7	8	5	1	3	4	4	6	9	11	8	6	1	9	7	8	4	11	7	4	4	3	10	5	2	3	4	1	2	4	0	2	4
0	0	0	0	0	0	0	0	1	1	0	0	1	1	1	6	5	4	1	4	8	7	6	8	8	10	9	8	8	7	5	8	3	7	11	5	4	1	6	2	3	4	5	5	11	4	4	8	11	17	17	16	6	5	5	8	10	4	2	9	5	6	3	2	6	11	9	5	11	9	28	28	38	31	15	8	16	17	20	19	11	9	5	6	19	24	11	10	5	19	15	36	153	63	57	0	104	58	28	58	23	15	15	11	17	8	29	322	32	40	20	41	34	28	61	109	66	73	128	93	22	16	15	49	25	24	5	10	13	21	18	43	49	15	27	20	4	6	10	9	18	15	16	9	15	22	20	22	43	21	34	19	43	22	9	18	16	23	18	15	11	4	5	4	3	1	4	2	3	4	0	5	6	10	5	3	5	3	5	7	8	12	3	1	4	3	1	4	3	2	6	1	2	0	2	2
0	0	0	0	0	0	1	1	0	1	0	0	0	0	2	8	2	5	3	5	3	4	7	3	7	5	6	1	3	4	2	2	4	8	8	3	0	3	1	1	3	2	1	3	1	7	3	7	5	14	14	12	7	7	3	2	8	3	3	6	4	3	3	1	2	7	10	2	4	7	8	15	14	20	14	7	10	9	8	7	5	4	4	6	10	12	10	5	5	14	17	20	66	87	61	104	0	96	81	85	14	15	6	11	6	10	26	99	21	28	16	23	24	37	132	99	107	67	35	40	7	12	7	22	20	13	6	3	7	8	8	22	27	10	15	8	6	11	7	8	9	12	6	9	14	24	23	34	42	53	111	34	47	27	10	5	20	33	12	8	10	9	9	8	11	5	6	3	1	3	2	6	8	7	2	6	4	3	4	5	11	7	5	3	2	6	1	3	4	1	2	4	1	1	4	2
0	0	0	0	0	1	0	0	0	1	1	2	0	1	4	3	2	2	1	7	5	4	2	6	4	3	4	8	4	2	0	1	3	8	5	2	1	1	3	2	3	2	5	7	5	2	5	6	5	4	4	5	5	2	6	3	2	3	2	1	2	6	3	2	2	4	3	2	4	13	14	14	12	10	6	2	6	10	14	15	6	9	2	6	11	13	8	0	4	3	10	13	54	34	19	58	96	0	244	421	29	20	13	23	31	9	20	31	10	9	8	10	16	12	41	56	53	79	42	18	4	7	7	17	10	9	6	7	4	17	9	21	22	1	15	6	5	8	6	8	5	15	10	10	28	62	59	60	56	40	38	29	40	16	11	18	18	21	6	10	6	12	5	8	4	4	4	3	4	2	1	4	9	10	3	1	8	4	5	5	4	6	4	3	2	9	1	3	3	1	4	1	4	0	2	0
0	0	0	0	0	0	0	0	0	0	0	0	0	1	4	1	2	1	2	4	6	2	5	4	1	4	3	3	1	2	1	2	3	3	5	1	2	5	2	6	2	1	2	3	3	3	7	5	2	10	10	6	5	2	4	6	3	0	4	5	4	5	4	1	3	5	7	3	2	3	9	7	14	9	5	7	5	6	8	10	5	9	1	1	7	10	12	2	5	13	6	14	24	33	17	28	81	244	0	95	33	11	17	15	10	11	8	39	14	20	6	8	14	19	40	46	35	26	15	16	4	5	4	16	12	6	6	7	5	9	9	14	7	6	7	11	6	7	11	3	7	9	8	7	17	42	31	94	54	80	89	48	31	30	11	8	19	15	5	15	7	7	9	6	6	0	5	1	3	7	6	5	4	11	7	7	3	6	12	9	7	7	1	2	3	4	1	1	3	2	1	3	1	1	2	0
0	0	0	0	0	0	1	0	1	0	1	0	1	0	3	3	2	1	2	7	5	3	3	7	1	9	3	4	3	4	2	3	4	9	5	6	0	2	4	0	0	2	6	2	4	6	3	6	8	5	11	7	1	6	5	6	5	6	6	2	7	4	2	4	3	4	4	4	5	12	20	20	15	5	3	6	11	10	7	10	5	4	6	2	16	19	12	7	3	6	10	22	48	33	17	58	85	421	95	0	35	18	10	22	22	16	28	28	21	18	13	16	13	18	35	87	52	151	68	27	9	12	5	20	9	10	4	11	12	15	16	17	17	7	15	6	9	5	9	6	13	15	18	19	32	35	34	44	36	20	27	25	20	14	7	10	16	15	7	8	4	3	2	4	4	8	4	4	1	4	3	2	7	7	4	3	4	5	8	4	3	3	1	5	2	5	4	2	2	1	1	3	2	0	2	1
0	0	0	0	0	0	0	0	0	1	0	2	0	2	4	9	4	2	4	4	3	7	5	5	4	4	8	1	3	3	2	5	3	2	3	6	3	3	3	1	2	1	1	2	2	3	1	3	5	3	8	6	5	2	2	5	4	2	5	3	9	6	1	6	6	7	5	9	8	21	17	10	10	11	6	5	3	7	9	12	10	12	4	5	14	30	15	13	13	19	6	38	39	20	12	23	14	29	33	35	0	78	83	118	44	53	103	31	10	10	5	9	8	7	9	17	15	25	25	29	10	12	8	21	15	20	32	14	19	57	57	42	11	14	8	10	7	17	28	24	18	24	22	38	97	312	237	38	131	21	17	20	27	20	23	39	34	23	11	3	2	5	12	13	14	5	7	8	4	2	4	3	11	5	11	0	8	7	8	6	12	10	4	5	5	6	3	5	3	2	1	5	0	0	3	2
0	0	0	1	1	1	0	1	0	0	0	0	0	2	3	7	3	6	3	1	4	9	2	3	6	7	6	3	6	3	7	2	3	5	5	5	4	3	0	4	1	2	1	3	0	2	1	4	1	5	1	5	5	4	2	4	3	4	3	4	6	7	4	2	6	7	10	10	5	8	4	5	5	6	5	5	3	5	6	9	10	9	7	9	17	10	11	7	7	12	17	23	26	17	11	15	15	20	11	18	78	0	143	56	24	22	54	20	10	6	6	7	2	5	6	6	10	11	12	10	16	12	9	17	10	15	23	14	11	38	46	27	8	10	6	3	8	35	52	71	21	9	11	15	33	70	67	35	71	17	13	17	26	32	40	148	89	19	13	10	6	11	5	20	22	27	15	4	7	3	7	7	9	16	6	10	10	6	26	22	25	10	3	2	16	9	2	3	3	5	1	1	4	0	3	3
0	0	0	0	0	0	0	0	1	1	0	0	0	0	1	4	0	2	1	4	3	4	4	3	3	6	4	2	4	2	1	1	4	3	1	1	2	1	1	2	1	1	4	3	3	1	0	1	3	5	6	3	1	3	2	5	2	1	5	3	7	4	1	3	4	8	9	5	6	11	7	4	9	7	2	1	6	8	3	7	7	10	9	4	9	13	18	10	11	7	5	18	9	6	7	15	6	13	17	10	83	143	0	101	29	39	33	6	4	5	5	4	4	5	3	12	5	8	14	9	8	4	3	8	7	20	24	18	24	23	38	15	5	8	4	1	6	21	35	44	28	8	13	22	43	54	70	21	30	16	3	12	20	9	27	50	26	9	6	4	5	5	10	13	19	12	6	9	0	2	5	9	6	4	4	1	3	9	10	6	17	12	2	3	7	5	2	2	1	0	0	0	3	1	2	2
0	0	0	0	0	0	0	0	0	1	1	1	0	1	1	3	3	3	2	5	11	2	6	1	5	2	7	3	1	2	2	4	3	4	3	1	0	4	3	1	1	1	3	0	5	4	1	3	1	3	3	7	2	1	6	3	5	4	4	5	7	5	3	3	7	5	10	4	5	8	9	5	12	4	8	1	2	8	6	9	7	7	7	3	12	23	22	8	8	9	12	14	23	7	5	11	11	23	15	22	118	56	101	0	89	120	56	15	3	3	7	10	8	3	6	11	11	17	11	12	10	6	6	6	7	14	32	23	30	43	27	14	6	13	5	1	7	11	21	34	18	16	24	113	93	83	79	15	30	10	5	5	8	14	12	15	18	11	1	5	3	7	3	4	6	6	7	4	7	5	6	6	5	2	5	4	3	7	12	2	3	4	2	5	3	5	1	1	1	4	0	5	2	2	1	1
0	0	0	0	0	0	0	0	0	1	0	0	0	0	2	2	7	3	1	3	7	4	5	8	7	7	10	2	7	4	6	1	4	5	3	2	3	0	4	1	6	1	2	2	1	4	3	5	4	3	6	6	7	7	3	7	5	3	5	1	6	11	4	3	5	6	7	10	11	15	25	12	16	6	10	3	6	4	3	10	12	5	11	4	18	41	19	8	5	9	6	18	25	12	11	17	6	31	10	22	44	24	29	89	0	75	55	12	9	7	3	9	6	9	12	4	16	45	32	20	5	7	8	19	13	15	32	20	27	22	26	30	10	10	8	4	7	8	8	11	10	18	46	113	174	48	54	25	27	10	8	9	17	12	10	7	16	8	3	3	5	4	5	2	10	1	1	2	3	0	2	2	5	6	3	1	0	3	3	7	6	3	1	2	3	1	2	1	2	0	1	1	3	2	2	2
0	0	0	0	1	0	1	1	1	0	0	0	1	2	6	5	6	3	5	4	10	5	4	3	1	7	6	10	6	2	3	5	5	3	2	4	2	2	4	0	4	1	2	4	1	1	4	2	7	4	9	4	2	1	2	5	3	5	9	4	12	12	9	7	5	7	12	14	20	40	18	11	13	11	7	4	5	8	7	7	15	7	11	8	13	30	44	14	13	10	7	14	14	6	4	8	10	9	11	16	53	22	39	120	75	0	59	7	6	5	6	6	5	6	8	7	6	12	17	9	9	11	9	12	12	17	110	59	95	39	25	34	4	14	5	9	6	12	25	9	40	29	81	310	124	23	25	12	14	13	5	5	12	6	4	15	14	2	2	5	3	3	6	8	8	3	3	2	1	4	5	4	6	5	2	1	5	2	4	3	6	6	4	2	2	5	2	4	1	1	4	2	3	2	3	1
0	0	0	0	0	0	0	0	1	0	0	2	0	1	5	8	3	6	4	7	14	11	4	6	8	10	7	9	7	5	3	2	4	7	0	7	2	2	4	3	2	5	3	2	3	2	2	7	5	5	4	3	3	3	4	5	9	2	8	7	13	10	5	8	10	13	13	10	11	15	21	14	17	16	5	8	8	14	15	27	14	26	13	13	38	72	33	17	15	16	10	39	40	13	12	29	26	20	8	28	103	54	33	56	55	59	0	21	7	6	6	9	6	7	6	15	12	29	40	41	31	14	18	35	33	72	57	22	41	136	182	116	27	21	3	16	6	17	19	23	42	37	41	56	232	40	35	22	64	12	13	17	17	17	18	11	32	13	6	5	4	6	6	9	9	12	7	5	4	2	3	7	9	9	6	3	5	3	11	10	8	5	4	5	5	7	0	1	4	3	2	5	1	2	7	1
0	0	0	0	0	1	0	2	0	1	0	0	1	0	4	7	4	8	2	5	8	6	3	6	8	7	10	5	6	7	4	6	5	8	9	7	3	6	4	3	3	5	7	4	6	9	7	7	10	14	14	17	6	7	4	6	15	1	10	11	8	8	4	3	4	10	12	5	3	8	15	24	22	34	19	10	18	31	44	28	13	12	12	11	23	24	6	6	5	37	32	79	326	135	155	322	99	31	39	28	31	20	6	15	12	7	21	0	28	47	19	30	30	30	36	48	32	36	40	55	16	20	15	70	53	28	9	3	10	24	23	66	86	29	22	17	16	10	11	9	12	25	7	11	23	21	16	23	41	29	36	33	63	40	26	20	23	50	19	19	5	6	9	3	0	10	6	6	1	2	3	5	6	10	7	8	3	7	7	8	7	3	4	3	3	5	3	3	3	5	3	3	2	0	0	2
0	0	0	0	0	1	0	0	0	1	0	0	1	1	4	3	2	2	4	2	6	6	6	6	8	8	7	5	4	5	6	5	1	10	9	8	6	3	5	5	4	2	12	4	9	13	19	12	15	30	32	43	18	5	13	14	7	1	6	11	4	4	2	0	5	4	5	2	1	5	7	11	7	27	25	13	18	23	25	8	14	6	5	5	10	3	0	4	9	9	18	15	24	55	79	32	21	10	14	21	10	10	4	3	9	6	7	28	0	426	433	22	65	64	48	24	20	18	14	18	7	16	12	32	22	14	4	3	5	9	3	6	24	13	25	29	10	5	5	7	6	6	5	5	10	7	6	7	10	4	31	8	12	16	10	3	6	23	15	18	8	8	6	3	4	1	4	3	1	3	3	2	5	6	5	3	5	5	3	3	5	2	2	7	3	5	2	1	3	3	3	3	1	0	2	1
0	0	0	0	0	0	0	2	0	0	0	0	1	1	6	2	4	6	2	2	5	7	2	6	5	7	8	4	4	3	1	10	5	5	8	7	3	4	5	3	1	4	2	8	8	10	6	11	21	18	24	33	13	5	9	12	10	9	4	6	7	3	7	3	3	4	4	3	6	5	10	6	9	24	17	8	9	20	31	11	5	3	3	9	12	7	2	6	0	13	14	11	27	52	82	40	28	9	20	18	10	6	5	3	7	5	6	47	426	0	154	30	61	112	117	28	41	20	20	16	10	13	11	23	9	6	3	4	6	6	8	15	11	7	32	23	10	6	1	3	5	6	6	4	5	12	11	7	11	16	41	20	16	12	14	9	8	26	9	11	11	6	5	3	5	2	5	3	4	3	1	3	6	10	12	4	7	5	8	3	2	2	3	3	5	6	3	1	1	3	1	4	0	1	1	3
0	0	0	0	0	0	0	0	0	0	1	2	4	1	2	0	1	4	5	4	5	4	2	2	7	4	1	0	3	5	3	3	10	13	9	9	3	6	9	5	2	3	8	11	15	23	18	16	23	33	48	53	6	7	17	9	8	2	8	6	5	3	3	2	0	6	5	1	0	5	7	14	11	17	22	9	15	12	23	8	14	5	3	3	6	7	7	0	4	14	11	16	15	9	43	20	16	8	6	13	5	6	5	7	3	6	6	19	433	154	0	19	44	56	44	21	30	6	11	20	4	12	4	8	13	2	5	4	9	5	7	9	20	6	29	25	6	10	1	2	4	11	3	3	6	6	10	5	8	14	9	8	13	15	4	6	4	9	13	12	6	4	2	5	3	4	2	1	0	3	0	2	3	5	7	4	0	3	5	6	2	5	1	2	4	2	1	2	1	1	1	2	1	2	1	2
0	0	0	0	1	1	0	1	0	0	0	0	0	0	2	3	3	4	1	10	12	6	5	7	6	12	15	4	4	8	6	7	12	20	18	3	2	4	5	6	5	2	6	11	11	13	10	25	32	52	104	20	20	20	13	21	9	10	4	4	13	8	3	4	7	6	7	7	5	11	27	71	49	31	16	6	8	13	10	10	11	4	4	7	15	10	3	1	1	7	6	13	16	16	23	41	23	10	8	16	9	7	4	10	9	6	9	30	22	30	19	0	136	38	22	46	36	41	47	36	10	7	10	26	17	12	6	1	5	4	12	7	23	21	38	19	1	2	3	2	8	13	10	15	14	9	7	5	9	6	15	9	17	10	8	3	13	4	7	6	8	2	3	1	1	0	2	5	2	0	0	1	3	2	1	3	3	3	0	5	2	3	2	1	4	3	0	1	0	1	3	1	0	1	1	3
0	0	0	0	0	2	1	1	0	0	1	0	0	1	6	3	4	7	3	0	8	5	6	1	4	7	4	8	5	7	7	7	3	9	11	5	4	2	1	3	1	2	10	9	18	11	13	25	29	47	99	38	20	10	12	9	14	3	7	4	6	6	3	3	1	1	5	5	5	9	9	22	19	14	17	5	3	15	23	7	6	3	6	7	11	6	9	3	5	19	10	8	13	24	26	34	24	16	14	13	8	2	4	8	6	5	6	30	65	61	44	136	0	93	52	52	49	18	34	26	10	13	5	19	9	9	5	7	5	7	4	8	25	8	18	12	5	4	2	5	3	7	2	4	11	8	12	9	12	11	19	6	19	7	6	4	8	13	12	4	2	2	2	2	4	4	1	2	2	0	0	5	7	3	5	1	3	1	5	3	3	2	3	3	3	2	1	0	2	0	2	0	0	1	1	2
0	0	0	1	1	0	1	0	0	0	0	0	1	0	1	3	2	5	5	7	6	3	4	4	3	3	9	3	3	1	1	7	3	9	6	5	3	4	1	2	2	1	5	7	10	10	7	8	20	19	18	23	7	4	8	10	4	3	4	5	3	4	1	2	2	3	4	6	5	3	16	9	9	11	9	6	5	11	18	8	6	3	6	6	13	11	5	2	5	6	8	11	11	33	30	28	37	12	19	18	7	5	5	3	9	6	7	30	64	112	56	38	93	0	270	57	72	14	25	23	4	5	7	16	9	7	2	5	7	2	4	8	14	6	11	13	7	3	4	3	5	5	3	4	8	7	6	15	11	15	42	15	12	13	6	7	3	9	8	4	7	4	4	3	0	2	4	3	4	1	2	2	6	4	10	5	2	2	2	2	3	5	1	2	4	0	0	0	3	0	2	1	0	0	0	2
0	0	0	0	1	0	1	0	0	1	0	0	0	0	4	4	3	3	4	6	7	5	6	3	4	1	2	2	5	2	4	4	7	7	4	8	1	4	1	5	0	2	7	9	6	10	6	16	12	16	16	24	10	6	7	7	3	2	6	5	5	3	1	4	4	2	4	5	2	8	9	8	16	16	8	6	11	8	19	8	6	1	3	3	12	13	5	5	4	10	9	13	35	49	47	61	132	41	40	35	9	6	3	6	12	8	6	36	48	117	44	22	52	270	0	87	144	39	44	25	9	4	9	7	15	11	5	4	3	5	6	15	13	5	16	11	5	10	5	6	6	10	6	7	8	14	14	12	24	22	67	22	21	16	14	7	3	21	12	9	12	6	4	7	0	2	3	2	4	3	3	2	6	7	5	5	3	5	4	3	8	5	1	1	3	3	2	2	6	2	1	2	1	1	2	0
0	0	0	0	1	0	0	0	0	0	0	1	0	0	5	2	5	6	4	7	4	8	2	5	7	7	4	5	7	6	4	4	5	3	13	4	2	1	3	3	2	5	6	6	5	4	14	7	11	14	33	10	7	11	4	7	6	4	0	9	9	3	4	2	3	5	9	7	2	6	21	31	32	20	10	10	10	6	15	12	9	5	4	4	12	18	5	3	4	7	10	15	26	32	19	109	99	56	46	87	17	6	12	11	4	7	15	48	24	28	21	46	52	57	87	0	659	147	74	46	13	9	9	24	11	14	2	3	6	5	9	13	23	11	13	13	4	9	4	4	7	15	12	11	16	17	16	23	20	19	22	16	15	10	8	7	15	13	11	8	4	2	3	4	3	2	1	5	0	2	3	1	5	5	2	1	2	2	2	1	1	1	2	3	1	4	2	4	2	3	1	3	1	0	0	4
0	0	0	1	0	2	0	0	0	1	0	2	0	3	3	6	2	1	4	4	7	3	2	6	2	10	2	5	1	1	2	7	4	8	11	2	2	5	1	2	2	2	5	1	3	9	5	9	5	18	22	13	8	6	9	8	5	3	3	4	5	7	2	3	2	2	6	2	2	11	17	13	18	21	13	2	13	8	10	11	5	6	2	5	9	18	7	3	3	8	13	13	33	36	22	66	107	53	35	52	15	10	5	11	16	6	12	32	20	41	30	36	49	72	144	659	0	69	48	22	5	12	7	11	11	8	3	3	7	3	14	17	16	9	11	9	3	4	6	5	4	16	6	11	18	16	10	11	13	16	39	11	19	10	13	2	13	17	6	11	7	3	6	3	3	4	0	0	1	2	1	2	4	6	6	1	6	3	4	9	3	3	3	3	4	4	0	2	0	3	5	2	2	1	3	3
0	0	0	0	1	0	1	0	0	1	1	0	0	1	4	4	2	5	5	5	6	7	3	2	5	8	8	7	2	5	2	4	6	8	8	3	5	3	2	2	3	2	4	3	5	4	5	6	10	11	15	10	8	5	3	8	10	3	4	4	8	7	6	3	4	2	7	8	4	15	37	28	29	17	7	6	9	9	18	10	10	9	5	7	22	30	5	2	5	16	10	14	43	16	24	73	67	79	26	151	25	11	8	17	45	12	29	36	18	20	6	41	18	14	39	147	69	0	234	74	10	8	9	20	17	19	11	9	17	13	11	28	25	18	14	10	7	5	8	4	9	21	20	19	28	24	24	19	28	3	26	13	19	13	9	4	15	10	6	4	8	4	6	6	1	4	0	3	2	1	2	5	3	2	3	1	4	3	11	2	5	6	5	1	3	1	1	2	1	1	3	2	2	2	2	1
0	0	0	0	1	1	0	0	0	0	0	0	0	0	4	7	7	8	7	8	9	8	5	10	5	18	15	6	3	7	4	2	9	8	6	7	4	2	4	4	3	4	6	8	6	5	3	6	13	14	18	11	9	7	5	8	3	6	7	9	9	12	2	4	9	8	11	8	14	18	59	58	70	28	10	7	10	13	14	21	11	12	7	9	30	67	11	8	10	12	6	17	52	28	26	128	35	42	15	68	25	12	14	11	32	17	40	40	14	20	11	47	34	25	44	74	48	234	0	210	10	18	10	33	22	20	7	11	3	6	16	50	33	27	28	13	7	6	6	6	6	39	27	14	42	23	26	13	24	11	14	20	17	10	11	3	16	18	7	6	10	3	8	5	5	7	5	5	3	2	2	5	3	3	4	5	4	5	2	1	5	7	3	3	0	4	3	1	1	5	0	1	4	0	0	2
0	0	0	0	0	2	0	1	1	0	2	0	0	0	5	2	6	3	4	15	28	8	6	12	11	15	10	6	7	7	4	4	9	13	13	0	2	4	14	6	3	4	7	7	4	9	4	8	13	15	20	18	20	9	5	14	8	11	6	8	15	9	10	4	5	8	12	8	10	31	48	65	100	57	22	14	18	24	31	43	18	21	15	12	77	63	13	4	7	30	9	24	70	25	29	93	40	18	16	27	29	10	9	12	20	9	41	55	18	16	20	36	26	23	25	46	22	74	210	0	16	15	10	64	53	42	17	11	13	20	22	69	76	47	43	15	7	12	6	5	12	43	18	18	49	14	10	17	30	15	12	6	24	8	9	5	14	14	12	10	3	3	11	2	4	2	4	3	3	4	3	4	9	2	4	2	3	3	5	3	6	4	2	5	6	0	2	1	3	1	2	1	1	1	1	0
0	0	0	1	0	0	1	0	1	0	1	0	0	0	12	12	12	9	5	11	30	36	31	17	10	14	16	11	6	4	1	4	8	9	11	4	5	10	10	5	9	7	8	6	6	4	1	4	4	7	7	3	5	4	6	4	12	15	18	34	43	20	7	11	13	46	71	22	17	18	15	9	14	25	18	21	26	25	34	132	107	236	164	66	67	25	19	23	38	51	18	23	12	11	11	22	7	4	4	9	10	16	8	10	5	9	31	16	7	10	4	10	10	4	9	13	5	10	10	16	0	68	341	55	79	150	19	12	16	31	40	54	21	127	29	14	37	19	23	15	34	40	15	9	22	11	9	5	16	2	5	5	15	8	14	13	15	12	10	11	9	9	1	6	8	5	8	2	7	3	3	9	8	6	3	2	6	5	9	7	11	9	4	4	5	4	5	0	2	3	4	1	2	2	5	3
0	0	0	0	0	0	1	0	1	0	2	0	3	0	6	7	7	10	6	18	17	20	18	15	12	13	10	5	5	5	10	4	5	15	18	18	15	11	12	5	10	6	7	6	11	3	4	2	9	10	5	9	8	7	10	12	12	12	13	47	44	12	5	7	13	18	16	9	11	8	18	7	17	29	56	71	106	112	98	137	49	36	53	33	31	10	8	13	22	118	28	50	25	13	21	16	12	7	5	12	12	12	4	6	7	11	14	20	16	13	12	7	13	5	4	9	12	8	18	15	68	0	142	67	137	38	9	8	7	23	17	26	59	47	39	55	108	23	7	14	20	19	6	6	9	7	3	7	10	11	10	10	9	14	15	5	13	15	25	16	5	7	12	6	4	4	3	9	2	1	6	7	13	2	4	4	8	7	3	7	14	14	5	3	5	3	4	2	3	1	4	2	4	4	2	2
0	0	0	1	0	0	0	1	1	0	0	1	1	1	10	18	10	13	8	16	43	47	38	22	22	10	16	9	8	10	5	4	13	12	17	9	6	5	12	12	6	10	11	2	4	7	4	3	5	7	14	4	4	9	8	11	19	16	34	55	109	30	15	7	14	35	39	18	15	9	21	11	12	22	29	40	37	36	42	151	155	112	222	99	42	23	10	14	27	51	23	17	12	5	14	15	7	7	4	5	8	9	3	6	8	9	18	15	12	11	4	10	5	7	9	9	7	9	10	10	341	142	0	60	108	58	19	11	20	20	20	42	36	137	36	33	56	15	11	7	28	17	9	11	12	7	11	12	11	4	5	6	11	10	9	6	13	12	11	16	4	1	2	7	3	7	3	4	4	0	7	4	8	3	3	1	4	4	4	4	10	7	5	7	4	6	2	0	3	0	1	1	2	4	5	2
0	0	0	1	3	1	0	0	0	1	0	1	1	0	9	9	5	7	3	9	20	7	16	4	13	13	22	4	4	6	5	6	11	10	15	6	7	8	9	4	3	3	4	8	11	10	3	6	11	18	14	8	13	11	11	11	19	10	15	15	23	17	4	10	7	12	23	9	11	21	20	16	30	60	43	20	37	51	163	184	32	24	27	20	46	28	12	7	16	99	35	46	60	34	58	49	22	17	16	20	21	17	8	6	19	12	35	70	32	23	8	26	19	16	7	24	11	20	33	64	55	67	60	0	508	58	5	8	13	20	43	124	320	56	59	36	36	14	8	8	25	25	12	13	18	24	10	12	42	11	7	12	26	19	25	10	12	23	20	16	5	6	7	9	8	8	4	6	5	4	3	2	8	3	5	7	2	6	7	8	4	8	5	8	5	4	2	5	4	1	2	3	1	2	3	4
0	0	0	1	0	0	0	1	0	1	0	0	0	0	6	7	9	4	8	7	23	21	12	10	13	6	8	15	7	5	9	5	4	9	16	14	7	4	4	5	2	2	12	4	5	4	6	6	9	18	20	10	12	10	11	8	12	7	24	28	31	17	11	5	12	18	26	12	13	19	19	18	33	75	73	26	51	72	131	818	51	28	26	21	61	17	12	5	12	89	25	41	34	19	24	25	20	10	12	9	15	10	7	7	13	12	33	53	22	9	13	17	9	9	15	11	11	17	22	53	79	137	108	508	0	72	12	7	9	23	25	68	264	86	82	53	48	13	11	7	17	30	14	7	19	10	9	9	13	6	7	11	19	17	11	8	11	20	10	13	5	8	8	9	6	2	5	1	3	1	1	4	8	5	6	4	7	4	2	1	8	12	6	8	6	0	4	4	1	3	4	1	2	1	0	2
0	0	0	0	0	1	0	3	1	1	0	1	1	0	14	8	12	8	11	7	26	18	17	7	8	9	6	11	3	5	1	6	4	6	4	4	7	3	4	3	6	6	6	8	5	5	2	4	5	6	5	8	10	10	2	6	5	10	15	18	13	16	8	12	10	40	47	11	13	37	17	17	22	19	22	17	14	17	28	71	41	78	34	36	94	42	36	12	37	49	20	41	27	19	13	24	13	9	6	10	20	15	20	14	15	17	72	28	14	6	2	12	9	7	11	14	8	19	20	42	150	38	58	58	72	0	39	23	26	117	206	195	36	80	31	19	26	30	21	19	91	52	21	15	42	8	7	9	25	6	10	8	19	12	18	18	22	14	11	15	7	5	6	8	10	8	3	5	4	4	3	4	1	4	6	5	5	8	5	7	9	14	0	4	3	2	5	0	3	3	2	0	3	1	3	4
0	0	0	1	0	1	2	0	0	1	1	0	0	0	2	5	6	6	7	5	15	3	6	3	4	7	4	9	2	4	1	4	8	2	4	5	4	2	5	3	1	3	6	2	1	1	2	1	2	1	4	2	3	1	2	2	7	4	9	10	13	16	5	10	9	20	25	19	26	28	22	10	9	8	3	5	8	8	9	17	12	22	20	15	28	31	261	38	24	9	5	20	8	10	6	5	6	6	6	4	32	23	24	32	32	110	57	9	4	3	5	6	5	2	5	2	3	11	7	17	19	9	19	5	12	39	0	103	200	104	77	31	13	20	7	9	18	21	39	28	100	33	31	45	53	13	14	8	24	7	1	5	15	4	10	16	6	8	5	6	2	3	1	5	16	9	9	5	2	2	5	6	5	8	1	3	2	8	10	2	5	6	0	4	5	4	3	3	1	1	3	1	1	1	5	4
0	0	0	0	0	0	0	0	0	0	0	0	0	2	1	8	9	6	6	7	11	5	9	4	4	8	14	10	5	2	3	2	0	2	6	3	1	4	2	2	7	3	2	1	1	4	2	2	1	1	4	2	6	5	3	4	3	7	7	10	6	7	9	11	14	16	19	18	35	21	11	6	11	7	8	4	4	4	15	4	10	15	9	11	17	35	487	39	15	13	6	10	13	3	6	10	3	7	7	11	14	14	18	23	20	59	22	3	3	4	4	1	7	5	4	3	3	9	11	11	12	8	11	8	7	23	103	0	210	35	30	6	3	13	6	5	4	14	12	12	26	29	36	32	31	12	11	5	11	2	5	5	4	5	10	7	3	3	3	2	3	1	6	8	6	6	1	8	4	2	2	5	3	4	1	1	1	3	2	4	3	6	5	2	2	2	3	3	2	1	0	3	1	5	2	2
0	0	0	0	0	0	0	0	0	2	0	1	0	1	7	9	6	10	3	9	13	8	9	5	1	17	13	14	6	8	4	4	4	8	9	4	0	2	5	4	3	6	4	2	2	2	1	2	2	4	6	6	5	7	2	5	5	6	6	7	9	23	17	12	19	28	29	23	58	58	34	11	13	5	11	6	6	4	7	11	17	21	13	6	27	64	544	34	20	8	4	7	13	4	7	13	7	4	5	12	19	11	24	30	27	95	41	10	5	6	9	5	5	7	3	6	7	17	3	13	16	7	20	13	9	26	200	210	0	38	47	28	13	14	10	8	6	11	21	17	31	72	67	36	47	7	11	9	9	4	6	10	14	7	9	13	9	5	3	4	4	4	6	2	5	3	5	1	4	0	2	5	3	5	5	2	3	3	5	4	9	4	7	5	6	1	1	1	2	3	5	1	2	1	4	2
0	0	0	0	0	0	0	1	0	0	2	0	0	1	4	6	8	5	6	5	8	10	12	7	10	5	5	10	7	6	3	5	3	1	6	2	5	5	9	3	7	4	1	2	3	2	2	3	3	5	6	6	8	4	3	8	6	7	6	7	16	9	8	6	14	23	18	17	15	20	14	13	11	11	5	8	10	9	15	24	14	37	13	16	38	37	44	22	32	30	13	32	29	17	11	21	8	17	9	15	57	38	23	43	22	39	136	24	9	6	5	4	7	2	5	5	3	13	6	20	31	23	20	20	23	117	104	35	38	0	1045	79	7	32	5	6	18	48	63	40	335	26	23	25	48	28	16	11	39	6	11	8	18	19	35	25	33	10	9	7	4	12	9	8	15	10	8	9	6	3	5	4	6	8	3	3	4	6	6	11	20	8	3	3	1	6	2	3	4	1	2	3	6	4	3	5
0	0	0	0	0	1	0	0	0	0	1	1	1	1	5	11	5	7	2	8	16	6	9	5	10	4	6	8	3	1	6	3	3	7	8	7	4	4	4	1	2	4	1	6	2	1	2	3	5	1	7	5	3	6	1	3	11	8	12	14	12	16	6	6	7	24	17	10	16	23	16	9	12	17	11	10	10	11	13	45	15	41	28	11	44	47	32	31	39	30	12	44	31	12	12	18	8	9	9	16	57	46	38	27	26	25	182	23	3	8	7	12	4	4	6	9	14	11	16	22	40	17	20	43	25	206	77	30	47	1045	0	114	20	37	12	7	14	44	49	36	189	28	21	32	51	20	15	16	33	9	13	10	10	11	32	20	32	16	7	11	6	5	8	6	15	7	6	4	3	4	2	6	7	5	8	3	4	9	5	9	8	11	4	8	5	3	1	2	0	1	2	3	5	0	3	1
0	0	0	0	1	0	0	0	3	0	0	0	2	1	7	11	10	3	4	8	11	11	11	8	8	10	10	9	4	9	0	3	10	6	10	3	4	8	5	1	2	4	12	4	7	2	3	4	9	12	14	6	8	5	7	9	6	5	9	18	12	12	6	8	6	14	20	10	12	19	16	18	22	27	15	9	22	13	28	49	25	31	17	23	73	54	22	10	10	72	26	95	113	29	31	43	22	21	14	17	42	27	15	14	30	34	116	66	6	15	9	7	8	8	15	13	17	28	50	69	54	26	42	124	68	195	31	6	28	79	114	0	55	34	29	16	19	30	25	18	40	37	19	15	58	25	29	13	59	9	14	16	43	26	33	20	33	30	9	21	5	11	6	9	6	6	5	7	4	1	2	4	6	8	6	4	3	8	7	5	9	6	9	7	4	11	2	2	2	1	0	2	3	2	0	2
0	0	0	0	1	1	2	2	0	1	0	0	0	0	7	7	3	13	8	12	18	10	8	11	16	20	8	6	6	9	4	4	12	14	23	3	7	5	8	3	7	6	12	5	3	5	6	11	11	23	28	13	17	5	14	15	15	6	12	18	27	10	6	6	13	12	22	5	7	18	15	26	33	165	66	28	32	46	172	147	44	20	20	11	47	25	7	6	11	53	24	35	53	32	50	49	27	22	7	17	11	8	5	6	10	4	27	86	24	11	20	23	25	14	13	23	16	25	33	76	21	59	36	320	264	36	13	3	13	7	20	55	0	55	197	58	25	5	7	9	11	30	15	5	13	24	13	13	23	8	9	12	18	17	15	7	9	27	11	12	9	7	6	2	6	3	5	5	3	0	1	3	6	10	5	4	3	2	5	5	8	7	3	5	3	0	1	0	2	1	2	2	3	3	2	1
0	0	0	0	3	1	0	0	0	0	0	2	2	1	8	25	7	25	11	19	101	41	29	26	18	28	37	14	10	13	5	8	18	20	24	17	7	8	9	12	4	3	7	3	4	6	6	6	11	13	11	8	14	15	21	10	15	15	26	26	51	42	16	8	15	33	84	28	10	27	32	28	39	62	23	17	20	16	29	197	359	72	69	35	270	40	19	14	18	24	14	19	22	12	12	15	10	1	6	7	14	10	8	13	10	14	21	29	13	7	6	21	8	6	5	11	9	18	27	47	127	47	137	56	86	80	20	13	14	32	37	34	55	0	52	17	24	10	12	12	30	74	15	6	26	14	13	2	8	10	13	7	7	9	7	6	12	8	10	5	3	1	6	7	2	4	3	5	3	4	1	2	12	4	4	1	5	2	4	2	7	5	3	4	1	4	2	1	3	0	1	0	0	0	1	2
0	0	0	0	0	1	0	0	0	1	0	0	0	0	7	14	4	12	3	14	23	16	6	20	24	27	18	9	10	18	6	14	15	27	39	16	5	10	11	8	5	6	14	9	8	5	16	11	19	33	39	24	29	12	18	30	29	11	23	19	28	11	4	4	6	7	11	5	9	12	39	25	50	2672	123	20	19	36	62	75	27	9	19	8	29	18	6	6	7	26	16	18	22	18	17	27	15	15	7	15	8	6	4	5	8	5	3	22	25	32	29	38	18	11	16	13	11	14	28	43	29	39	36	59	82	31	7	6	10	5	12	29	197	52	0	60	24	12	8	6	7	16	8	6	13	2	5	11	12	11	10	4	21	9	10	3	4	16	13	8	4	2	6	6	1	2	3	4	2	0	0	2	2	5	3	1	3	2	2	3	3	2	4	6	2	4	1	1	3	1	1	1	1	3	0	0
0	0	0	0	1	2	0	0	1	0	0	1	0	0	5	8	7	2	3	12	16	13	14	14	16	2	3	4	7	11	4	13	16	12	15	21	10	25	18	6	4	7	12	8	4	11	12	13	12	14	20	16	22	11	26	17	18	12	14	18	23	10	2	7	3	10	14	6	3	2	15	10	17	50	459	74	85	142	110	37	30	3	13	14	15	6	7	3	8	16	17	19	12	16	23	20	8	6	11	6	10	3	1	1	4	9	16	17	29	23	25	19	12	13	11	13	9	10	13	15	14	55	33	36	53	19	9	5	8	6	7	16	58	17	60	0	31	10	6	7	8	6	7	5	6	7	5	9	7	6	6	8	10	9	7	3	7	14	16	12	0	5	6	6	7	1	5	3	4	0	3	1	3	9	4	3	5	2	3	6	3	5	2	5	6	2	3	3	1	0	5	2	2	2	1	0
0	0	0	0	0	0	0	1	0	0	0	0	0	4	8	11	6	6	2	9	13	20	16	15	8	7	3	8	8	3	4	2	10	3	9	8	11	6	5	1	10	5	4	5	3	4	5	3	6	6	6	5	1	6	4	7	8	2	9	22	14	14	8	1	3	15	6	7	4	6	10	8	8	14	18	26	56	62	35	37	16	34	28	29	14	6	13	11	7	145	57	29	10	9	13	4	6	5	6	9	7	8	6	7	7	6	6	16	10	10	6	1	5	7	5	4	3	7	7	7	37	108	56	36	48	26	18	4	6	18	14	19	25	24	24	31	0	25	17	14	18	10	4	3	9	9	3	8	6	5	4	11	12	17	22	11	15	14	36	29	18	8	7	10	9	6	5	5	4	9	2	4	21	9	9	6	17	10	9	10	10	18	9	7	5	2	4	6	1	4	1	1	6	5	2	0
0	0	0	0	0	0	0	0	0	0	0	0	0	0	7	6	4	6	1	3	12	12	4	2	7	7	6	6	3	1	3	6	2	5	3	5	4	3	3	2	3	3	2	3	2	5	6	3	2	5	5	10	3	3	9	5	5	2	5	8	10	11	5	8	10	13	15	12	10	7	8	8	5	5	3	9	14	19	16	17	15	21	22	9	9	9	11	12	31	41	15	40	26	13	18	6	11	8	7	5	17	35	21	11	8	12	17	10	5	6	10	2	4	3	10	9	4	5	6	12	19	23	15	14	13	30	21	14	11	48	44	30	5	10	12	10	25	0	75	106	80	7	7	12	11	20	16	21	20	9	10	13	17	17	60	38	45	11	17	19	12	14	19	23	44	13	11	16	9	5	6	5	16	9	6	7	10	13	23	15	40	49	10	10	11	7	9	5	4	7	1	6	6	9	5	3
0	0	0	0	1	1	1	1	1	0	1	1	3	0	5	3	4	5	5	6	10	6	11	5	4	2	6	5	3	1	1	2	3	1	2	1	9	4	2	5	2	2	2	4	1	2	1	2	3	1	3	3	3	4	3	7	3	2	3	7	6	5	4	7	9	9	14	7	8	14	6	8	9	5	8	6	6	5	4	17	2	25	11	13	10	9	26	17	32	13	12	15	21	6	6	10	7	6	11	9	28	52	35	21	8	25	19	11	5	1	1	3	2	4	5	4	6	8	6	6	23	7	11	8	11	21	39	12	21	63	49	25	7	12	8	6	17	75	0	338	85	13	9	16	14	9	12	14	16	11	4	9	11	13	21	41	32	13	11	5	4	8	8	10	30	27	15	9	9	5	6	5	9	7	9	5	5	8	12	7	19	17	8	7	5	6	4	2	4	5	2	4	4	5	0	3
0	0	0	0	1	0	0	0	0	0	0	1	1	0	4	4	5	3	4	2	7	6	2	4	3	3	8	3	2	3	2	1	2	2	4	1	1	3	0	1	4	3	5	2	2	1	4	1	5	5	4	2	1	3	3	2	1	2	3	8	5	5	8	10	9	4	14	4	6	9	8	5	10	7	8	3	4	5	12	6	5	13	8	10	6	8	16	13	18	20	18	25	6	11	8	9	8	8	3	6	24	71	44	34	11	9	23	9	7	3	2	2	5	3	6	4	5	4	6	5	15	14	7	8	7	19	28	12	17	40	36	18	9	12	6	7	14	106	338	0	36	11	8	11	16	18	15	13	13	8	5	14	20	19	45	96	46	15	6	10	9	9	17	23	63	25	15	14	10	5	7	16	12	7	6	5	5	10	18	10	24	29	8	11	13	12	2	3	5	4	2	7	6	3	6	6
0	0	0	1	1	1	0	0	1	0	0	1	1	2	9	14	11	5	4	5	18	12	12	10	6	6	6	6	5	0	1	4	5	7	5	1	4	1	4	5	2	4	2	1	2	3	1	3	2	3	8	4	5	2	3	7	6	8	10	8	17	18	14	6	15	22	21	20	6	19	14	6	10	11	8	5	4	14	15	29	23	47	27	25	34	17	42	38	80	28	11	23	18	5	7	18	9	5	7	13	18	21	28	18	10	40	42	12	6	5	4	8	3	5	6	7	4	9	6	12	34	20	28	25	17	91	100	26	31	335	189	40	11	30	7	8	18	80	85	36	0	15	17	10	35	11	18	12	26	7	8	9	11	11	15	22	21	14	6	5	5	4	4	8	19	7	7	9	5	2	3	6	3	13	6	5	2	7	3	12	8	14	7	6	6	6	6	2	2	1	2	3	6	3	5	5
0	0	0	0	0	0	1	0	0	0	0	1	1	1	6	15	9	6	9	19	34	10	12	11	14	21	33	17	7	8	3	1	17	14	19	4	5	8	6	6	2	3	7	3	5	5	3	5	10	7	6	3	8	10	8	11	5	6	12	13	14	29	11	11	15	22	55	30	53	206	79	28	57	34	14	6	7	9	12	32	40	25	23	12	210	611	28	24	21	8	13	14	20	9	12	15	12	15	9	15	24	9	8	16	18	29	37	25	6	6	11	13	7	5	10	15	16	21	39	43	40	19	17	25	30	52	33	29	72	26	28	37	30	74	16	6	10	7	13	11	15	0	47	21	29	14	18	6	18	4	4	13	6	11	7	8	11	11	3	3	2	5	4	5	1	3	4	1	4	2	4	4	5	0	3	4	2	1	1	7	4	7	2	2	3	3	4	0	4	4	3	1	3	2	0	3
0	0	0	0	0	0	0	0	1	0	0	0	0	0	8	5	11	4	12	7	15	7	6	4	6	9	14	6	11	3	3	4	5	6	12	2	3	2	2	1	6	0	8	3	2	0	5	7	10	4	4	4	2	2	7	6	7	4	7	5	4	9	9	10	8	15	13	15	54	110	41	13	22	3	5	4	2	4	6	13	10	16	11	4	31	67	30	13	14	10	4	10	6	6	11	16	6	10	8	18	22	11	13	24	46	81	41	7	5	6	3	10	2	3	6	12	6	20	27	18	15	6	9	12	14	21	31	36	67	23	21	19	15	15	8	7	4	7	9	8	17	47	0	65	55	11	12	4	12	6	7	5	11	7	3	7	5	2	5	3	0	3	5	3	4	3	2	4	4	3	3	1	4	3	1	1	3	2	0	4	7	4	1	4	1	2	3	2	1	4	0	1	5	3	2	1
0	0	0	0	1	0	1	0	0	0	1	0	1	0	1	3	4	3	3	2	12	4	5	4	5	8	5	5	5	4	7	2	1	6	4	7	1	3	1	2	3	3	2	4	3	5	2	4	5	3	4	0	2	3	2	5	3	0	2	6	9	0	2	5	5	9	8	11	11	26	16	8	13	3	7	4	3	3	1	7	8	5	10	6	10	25	28	17	9	6	6	8	16	6	8	9	9	10	7	19	38	15	22	113	113	310	56	11	5	4	3	15	4	4	7	11	11	19	14	18	9	6	11	13	7	15	45	32	36	25	32	15	5	6	6	5	3	12	16	11	10	21	65	0	104	29	27	6	13	11	3	12	8	10	8	8	8	4	7	4	1	1	4	6	6	3	1	5	6	3	3	3	3	2	3	3	2	7	2	3	9	8	6	3	5	3	1	2	0	1	1	3	2	1	0	2
0	0	0	0	0	0	0	0	0	2	0	0	1	0	5	3	9	2	1	5	10	6	7	3	5	9	11	3	6	4	3	3	1	6	9	2	1	4	0	3	2	4	3	1	3	0	3	3	3	6	9	8	7	1	3	3	7	4	8	9	8	10	9	8	1	14	11	7	11	28	16	13	16	6	12	7	7	5	11	17	12	11	7	3	32	81	38	16	11	13	7	25	31	15	7	15	14	28	17	32	97	33	43	93	174	124	232	23	10	5	6	14	11	8	8	16	18	28	42	49	22	9	12	18	19	42	53	31	47	48	51	58	13	26	13	6	9	11	14	16	35	29	55	104	0	41	38	11	47	13	11	8	13	12	8	6	17	8	9	8	5	4	6	6	7	7	7	7	4	3	4	5	6	3	5	4	1	4	7	5	2	3	6	3	1	5	5	2	3	1	2	0	1	2	4	0
0	0	0	0	0	0	0	1	0	0	0	0	1	0	6	2	4	4	3	2	5	3	6	5	5	8	1	3	2	4	2	4	4	4	8	2	1	1	1	2	0	2	5	2	2	3	2	2	4	5	5	5	4	5	4	5	5	3	3	6	7	6	4	5	5	6	6	6	6	9	12	6	14	6	4	3	8	2	12	8	5	6	5	5	8	15	10	4	6	8	8	32	38	27	14	22	24	62	42	35	312	70	54	83	48	23	40	21	7	12	6	9	8	7	14	17	16	24	23	14	11	7	7	24	10	8	13	12	7	28	20	25	24	14	2	7	9	20	9	18	11	14	11	29	41	0	1052	71	111	28	20	28	39	24	13	20	44	22	8	8	6	5	8	12	12	7	5	5	5	3	2	5	11	7	7	4	1	11	11	14	12	4	3	4	6	1	3	0	1	3	2	6	3	1	3	0
0	0	0	0	0	2	1	2	0	0	0	0	0	1	4	5	4	4	1	4	6	2	5	2	2	1	3	2	4	1	1	2	3	4	5	3	1	4	1	2	2	2	1	0	1	3	2	5	4	3	5	3	1	1	2	4	5	5	4	2	6	7	6	6	3	7	2	6	5	8	8	13	5	8	1	3	6	7	10	15	3	8	5	4	6	19	12	3	7	7	9	22	35	10	16	20	23	59	31	34	237	67	70	79	54	25	35	16	6	11	10	7	12	6	14	16	10	24	26	10	9	3	11	10	9	7	14	11	11	16	15	29	13	13	5	5	3	16	12	15	18	18	12	27	38	1052	0	79	74	17	16	24	18	18	17	22	31	12	8	8	6	5	7	8	11	7	2	4	5	2	3	4	11	10	5	6	5	8	12	7	10	2	1	1	6	4	3	1	3	0	2	2	2	1	0	2
0	0	0	0	0	1	0	0	0	0	0	1	0	1	1	3	4	5	4	5	5	3	4	9	5	3	4	2	1	2	0	3	2	3	4	0	0	1	1	1	3	0	1	1	3	4	3	1	1	1	9	1	5	2	1	2	1	3	3	4	4	6	4	2	3	8	5	3	5	5	9	4	8	9	5	4	1	6	7	3	3	8	5	4	7	11	7	8	8	12	18	26	37	17	15	22	34	60	94	44	38	35	21	15	25	12	22	23	7	7	5	5	9	15	12	23	11	19	13	17	5	7	12	12	9	9	8	5	9	11	16	13	13	2	11	9	8	21	14	13	12	6	4	6	11	71	79	0	62	85	40	101	61	51	26	28	41	33	8	8	9	9	15	19	13	7	4	4	5	1	4	10	25	18	12	6	5	8	14	9	11	6	2	1	9	4	2	2	3	2	6	5	3	1	2	2
0	0	0	1	0	2	0	0	0	0	1	0	1	0	8	7	7	1	3	7	3	3	7	1	8	4	5	5	3	3	1	4	1	2	7	4	5	2	6	2	1	2	3	0	3	6	2	7	6	3	7	5	2	1	5	6	5	6	4	8	11	5	5	4	5	7	11	2	9	14	6	15	13	16	12	6	7	15	21	16	12	11	4	10	13	20	12	5	12	28	22	91	152	38	25	43	42	56	54	36	131	71	30	30	27	14	64	41	10	11	8	9	12	11	24	20	13	28	24	30	16	10	11	42	13	25	24	11	9	39	33	59	23	8	12	7	6	20	16	13	26	18	12	13	47	111	74	62	0	41	32	51	112	53	30	23	59	51	21	15	15	8	21	13	9	10	8	5	5	2	4	6	9	17	8	4	9	9	22	3	11	9	8	4	3	7	2	2	1	4	2	6	0	2	0	3
0	0	0	0	0	0	2	0	0	1	1	1	0	0	3	4	0	0	1	4	6	5	2	1	4	5	5	4	3	4	4	3	4	3	6	4	0	1	2	2	1	2	1	3	2	1	4	4	4	4	6	3	7	1	6	1	0	2	5	1	5	3	4	1	3	2	5	5	4	2	4	8	7	8	3	9	11	15	9	4	3	5	3	5	14	6	8	2	6	6	24	23	36	56	19	21	53	40	80	20	21	17	16	10	10	13	12	29	4	16	14	6	11	15	22	19	16	3	11	15	2	11	4	11	6	6	7	2	4	6	9	9	8	10	11	6	5	9	11	8	7	4	6	11	13	28	17	85	41	0	101	475	63	58	19	15	32	59	16	19	16	15	15	9	12	10	10	6	2	4	6	8	20	27	12	7	6	5	10	25	7	4	5	7	9	3	0	2	1	3	6	1	1	0	4	5
0	0	0	0	0	0	0	1	0	0	1	0	1	2	1	2	2	0	5	2	3	4	3	3	2	6	2	3	3	3	1	3	3	1	6	2	4	2	1	1	1	2	3	1	6	4	11	5	10	8	16	7	6	1	5	4	4	4	1	2	3	4	3	3	1	2	3	2	4	7	10	10	6	9	15	3	10	9	7	9	5	6	4	5	8	4	6	2	3	8	14	19	47	76	40	34	111	38	89	27	17	13	3	5	8	5	13	36	31	41	9	15	19	42	67	22	39	26	14	12	5	10	5	7	7	10	1	5	6	11	13	14	9	13	10	6	4	10	4	5	8	4	7	3	11	20	16	40	32	101	0	52	39	26	12	7	10	44	17	13	20	7	9	8	2	9	3	3	2	3	2	7	10	19	8	3	9	4	7	3	6	7	3	2	1	3	4	3	2	1	0	0	1	1	0	0
0	0	0	0	0	0	0	1	0	1	1	0	1	0	1	3	4	4	3	1	4	1	3	1	6	1	3	1	2	3	0	3	3	6	8	2	4	2	5	1	3	2	0	1	6	2	2	2	6	4	2	9	5	5	2	4	3	2	0	5	7	2	3	2	3	5	2	3	2	6	6	6	11	5	4	5	5	7	14	6	5	9	6	4	15	8	4	6	10	13	28	31	26	51	22	19	34	29	48	25	20	17	12	5	9	5	17	33	8	20	8	9	6	15	22	16	11	13	20	6	5	10	6	12	11	8	5	5	10	8	10	16	12	7	4	8	11	13	9	14	9	13	5	12	8	28	24	101	51	475	52	0	115	140	34	14	36	89	13	21	18	22	21	17	10	12	6	5	5	6	6	8	36	39	13	9	6	20	14	12	21	7	2	1	7	5	5	2	3	7	6	3	2	0	2	4
0	0	0	0	0	1	0	0	1	0	0	1	0	1	2	4	4	4	3	7	8	8	4	6	5	11	4	3	4	4	2	4	2	2	2	2	3	1	0	0	4	0	2	3	3	4	6	4	5	3	11	9	4	4	5	4	2	3	5	6	6	6	6	2	3	5	5	7	5	11	6	9	6	7	15	4	17	15	21	15	9	10	10	5	11	11	17	2	5	23	56	115	90	87	40	43	47	40	31	20	27	26	20	8	17	12	17	63	12	16	13	17	19	12	21	15	19	19	17	24	15	9	11	26	19	19	15	4	14	18	10	43	18	7	21	10	12	17	11	20	11	6	11	8	13	39	18	61	112	63	39	115	0	361	68	36	93	303	35	32	18	20	23	14	7	13	4	5	3	1	3	11	24	34	16	8	6	12	24	18	14	8	4	3	7	3	3	1	4	3	3	4	6	1	1	2
0	0	0	0	0	0	1	2	1	0	0	0	0	0	3	4	2	1	4	7	8	6	4	1	7	4	1	6	5	3	1	6	4	1	6	4	0	2	2	3	1	5	6	5	3	1	1	6	3	5	6	6	3	2	6	3	4	0	2	2	7	6	3	0	6	6	5	9	3	5	4	6	10	14	9	5	10	11	14	13	6	12	12	3	14	11	5	5	3	25	52	93	45	43	47	22	27	16	30	14	20	32	9	14	12	6	17	40	16	12	15	10	7	13	16	10	10	13	10	8	8	14	10	19	17	12	4	5	7	19	11	26	17	9	9	9	17	17	13	19	11	11	7	10	12	24	18	51	53	58	26	140	361	0	114	33	151	254	39	37	30	27	46	18	9	9	5	6	2	5	8	5	28	42	20	9	18	17	22	23	19	18	5	5	12	4	3	5	10	4	5	4	6	2	4	3
0	0	0	1	0	0	0	1	0	0	1	0	1	0	6	3	2	3	2	3	6	1	6	4	3	1	4	2	3	3	2	3	2	2	6	4	2	1	3	3	4	3	1	3	2	0	4	3	2	5	5	2	2	3	5	5	6	1	5	10	10	2	2	2	7	5	10	2	4	6	5	5	5	5	11	7	13	12	20	13	14	17	10	8	6	3	11	6	16	39	46	73	28	26	22	9	10	11	11	7	23	40	27	12	10	4	18	26	10	14	4	8	6	6	14	8	13	9	11	9	14	15	9	25	11	18	10	10	9	35	32	33	15	7	10	7	22	60	21	45	15	7	3	8	8	13	17	26	30	19	12	34	68	114	0	40	281	60	34	43	15	23	57	45	44	32	5	10	12	9	7	15	32	20	23	8	11	20	26	36	55	33	10	20	16	7	4	6	7	5	5	9	3	5	3	2
0	0	0	0	1	0	2	0	1	0	0	1	1	1	2	4	3	1	0	5	2	5	2	0	6	1	4	0	1	3	6	1	3	3	5	0	3	1	2	2	1	4	3	2	1	1	0	3	0	0	3	2	1	4	4	1	2	2	2	5	2	3	2	0	4	3	4	9	3	5	7	9	5	4	7	5	7	4	6	5	6	8	12	6	6	9	17	15	8	19	16	21	18	8	9	18	5	18	8	10	39	148	50	15	7	15	11	20	3	9	6	3	4	7	7	7	2	4	3	5	13	5	6	10	8	18	16	7	13	25	20	20	7	6	3	3	11	38	41	96	22	8	7	8	6	20	22	28	23	15	7	14	36	33	40	0	94	19	5	6	6	13	17	28	77	41	15	16	11	10	8	16	35	20	9	15	11	24	55	36	27	23	4	15	11	7	4	9	4	2	5	7	8	4	5	6
0	0	0	0	1	0	0	0	0	1	0	0	0	0	1	2	4	2	6	2	6	4	3	4	5	3	8	4	3	8	2	4	4	6	1	3	1	1	3	5	3	3	2	2	4	1	3	1	1	6	3	2	2	3	7	4	5	4	3	5	10	7	4	5	4	11	11	3	6	3	6	4	6	10	9	6	20	13	17	7	13	14	10	8	8	9	11	12	10	26	24	62	43	25	17	16	20	18	19	16	34	89	26	18	16	14	32	23	6	8	4	13	8	3	3	15	13	15	16	14	15	13	13	12	11	22	6	3	9	33	32	33	9	12	4	7	15	45	32	46	21	11	5	8	17	44	31	41	59	32	10	36	93	151	281	94	0	55	23	28	15	21	38	24	28	24	7	10	7	5	8	13	42	26	16	7	12	29	28	27	38	18	11	9	7	10	7	2	3	5	6	7	2	2	5	4
0	0	0	0	0	0	1	0	2	0	1	0	1	1	3	2	2	5	3	4	7	4	3	4	1	3	4	3	3	2	6	4	4	6	5	3	3	4	2	2	2	2	4	3	9	2	4	4	4	3	7	8	8	7	8	5	3	0	2	4	8	7	4	2	7	8	7	2	9	9	9	8	16	10	17	4	14	18	36	20	7	8	7	9	8	8	4	7	12	25	89	106	72	123	66	23	33	21	15	15	23	19	9	11	8	2	13	50	23	26	9	4	13	9	21	13	17	10	18	14	12	15	12	23	20	14	8	3	5	10	16	30	27	8	16	14	14	11	13	15	14	11	2	4	8	22	12	33	51	59	44	89	303	254	60	19	55	0	80	56	32	25	24	15	13	7	5	8	2	2	2	9	27	21	20	11	15	18	11	20	13	13	2	8	6	7	5	3	3	2	8	5	2	1	1	1
0	0	0	1	1	1	1	0	0	1	0	0	0	0	2	2	2	4	3	1	3	4	5	3	4	4	2	3	3	3	1	2	2	3	6	6	4	3	5	3	3	1	5	3	3	6	5	7	7	6	8	6	2	5	6	1	3	4	6	3	4	7	2	1	3	4	12	4	1	3	5	3	7	11	15	12	24	31	20	12	9	7	8	11	9	7	6	10	5	30	261	27	22	35	32	18	12	6	5	7	11	13	6	1	3	2	6	19	15	9	13	7	12	8	12	11	6	6	7	12	10	25	11	20	10	11	5	3	3	9	7	9	11	10	13	16	36	17	11	6	6	3	5	7	9	8	8	8	21	16	17	13	35	39	34	5	23	80	0	813	94	29	19	15	11	6	6	5	3	3	5	7	16	29	19	11	23	21	10	10	13	10	7	7	7	7	5	4	7	5	8	5	8	2	3	4
0	0	0	0	0	0	3	0	1	2	2	0	1	1	3	6	2	3	6	7	6	2	4	2	6	2	2	3	0	2	1	0	2	4	5	5	3	2	5	4	3	2	1	4	8	5	2	6	6	4	5	8	2	3	6	2	0	4	6	8	5	6	5	4	4	6	5	6	4	3	4	4	13	9	13	8	22	23	23	10	7	8	7	7	6	5	1	5	7	33	207	18	16	27	13	15	8	10	15	8	3	10	4	5	3	5	5	19	18	11	12	6	4	4	9	8	11	4	6	10	11	16	16	16	13	15	6	2	4	7	11	21	12	5	8	12	29	19	5	10	5	3	3	4	8	8	8	8	15	19	13	21	32	37	43	6	28	56	813	0	116	43	35	22	12	4	8	5	2	3	5	10	34	23	39	15	26	16	15	14	27	17	7	9	8	11	6	2	6	8	10	5	3	3	7	2
0	0	0	0	1	1	0	0	0	0	0	0	0	0	5	3	1	2	6	1	3	5	2	2	0	1	3	4	3	1	0	2	3	2	3	2	4	3	5	2	1	2	2	2	2	6	2	3	4	5	5	5	5	2	2	4	6	2	4	6	3	0	1	1	3	2	5	3	6	4	5	3	4	9	6	8	18	12	14	11	3	1	4	0	5	6	3	2	6	8	46	25	14	17	21	11	10	6	7	4	2	6	5	3	5	3	4	5	8	11	6	8	2	7	12	4	7	8	10	3	9	5	4	5	5	7	2	3	4	4	6	5	9	3	4	0	18	12	4	9	5	2	0	1	5	6	6	9	15	16	20	18	18	30	15	6	15	32	94	116	0	88	24	12	12	9	5	6	2	1	6	13	29	39	60	25	25	21	14	24	13	6	5	8	8	7	6	4	2	8	5	6	1	3	3	2
0	0	0	0	3	0	0	0	1	1	0	0	0	0	3	3	0	2	2	1	4	4	1	2	2	3	4	1	0	1	2	0	1	1	2	4	2	1	4	3	1	4	1	4	4	0	2	2	0	6	1	5	3	3	4	3	4	1	4	7	1	3	1	0	3	6	4	2	2	2	1	4	4	10	4	2	5	9	1	7	1	2	6	3	3	6	1	2	3	15	25	16	11	5	7	4	9	12	7	3	5	11	5	7	4	3	6	6	8	6	4	2	2	4	6	2	3	4	3	3	9	7	1	6	8	5	3	1	4	12	5	11	7	1	2	5	8	14	8	9	4	5	3	1	4	5	5	9	8	15	7	22	20	27	23	13	21	25	29	43	88	0	71	23	18	14	3	5	8	7	13	29	94	191	610	57	44	48	31	50	20	11	9	7	19	15	3	5	7	6	17	9	4	2	4	6
0	0	0	0	0	0	0	1	1	1	0	0	1	1	3	1	1	1	3	0	3	5	5	1	1	4	1	2	4	1	3	4	2	2	4	2	0	2	2	4	1	4	2	2	1	1	1	1	3	1	2	4	3	1	3	5	3	3	5	4	5	5	3	3	4	3	5	0	7	2	5	3	6	2	6	4	11	6	7	8	2	3	3	5	6	5	2	5	4	14	21	23	7	19	6	5	9	5	9	2	12	5	10	3	5	6	6	9	6	5	2	3	2	4	4	3	6	6	8	11	1	12	2	7	8	6	1	6	6	9	8	6	6	6	6	6	7	19	8	17	4	4	5	4	6	8	7	15	21	15	9	21	23	46	57	17	38	24	19	35	24	71	0	173	31	34	13	9	20	13	23	33	203	72	59	40	44	222	85	201	151	18	8	23	39	23	14	4	13	11	15	17	3	5	4	5
0	0	0	0	0	0	0	0	2	1	0	0	3	0	1	2	3	4	0	3	1	5	5	1	1	2	2	5	1	0	3	2	4	2	2	2	3	1	2	1	3	0	1	0	2	2	0	0	1	2	1	1	1	1	1	6	3	0	4	6	5	2	2	4	1	3	3	3	3	4	3	5	3	3	5	5	6	6	10	4	5	12	7	10	1	7	10	1	1	14	20	13	10	8	7	4	8	8	6	4	13	20	13	4	2	8	9	3	3	3	5	1	2	3	7	4	3	6	5	2	6	6	7	9	9	8	5	8	2	8	6	9	2	7	6	6	10	23	10	23	8	5	3	6	6	12	8	19	13	9	8	17	14	18	45	28	24	15	15	22	12	23	173	0	59	80	25	24	27	19	19	83	49	33	21	29	33	183	139	125	458	59	8	28	34	35	10	8	12	13	8	19	6	1	8	4
0	0	0	0	1	0	0	0	0	1	0	0	0	1	1	3	2	0	5	2	2	5	2	2	3	2	3	2	4	2	0	0	3	0	3	4	3	2	4	0	1	2	3	1	2	1	0	1	4	2	3	3	3	3	4	2	0	3	6	7	7	5	1	5	7	7	4	2	2	5	3	3	2	4	5	10	1	5	5	8	0	9	2	8	8	9	7	7	10	6	10	14	10	9	8	3	11	4	6	4	14	22	19	6	10	8	9	0	4	5	3	1	4	0	0	3	3	1	5	4	8	4	3	8	6	10	16	6	5	15	15	6	6	2	1	7	9	44	30	63	19	1	4	6	7	12	11	13	9	12	2	10	7	9	44	77	28	13	11	12	12	18	31	59	0	135	57	50	37	12	16	21	16	8	11	11	13	17	70	38	71	43	12	15	25	14	11	4	2	5	7	9	4	3	10	9
0	0	0	1	0	0	0	1	0	0	0	0	0	0	0	2	0	2	0	1	5	0	1	0	1	2	0	4	4	0	1	3	2	4	2	0	1	1	3	0	1	1	3	1	1	1	0	1	0	2	1	1	0	1	2	1	1	1	2	2	5	2	1	1	3	7	5	1	2	4	2	0	5	5	1	4	6	2	4	2	3	2	2	5	10	7	10	2	5	11	9	13	3	3	5	1	5	4	0	8	5	27	12	6	1	3	12	10	1	2	4	0	4	2	2	2	4	4	7	2	5	4	7	8	2	8	9	6	3	10	7	6	3	4	2	1	6	13	27	25	7	3	3	3	7	7	7	7	10	10	9	12	13	9	32	41	24	7	6	4	9	14	34	80	135	0	67	82	55	27	22	43	26	12	7	17	12	32	106	45	68	21	14	14	20	33	5	2	4	8	8	10	4	3	10	8
0	0	0	0	0	0	0	0	1	1	0	0	0	0	5	1	0	1	4	3	0	1	4	3	2	1	3	1	0	0	0	1	3	0	4	2	5	0	5	4	2	3	1	3	4	1	1	1	0	0	3	2	1	3	1	2	4	2	3	3	5	0	2	4	4	4	2	3	2	2	0	3	3	2	3	4	11	5	7	4	3	7	4	2	6	4	5	6	1	10	7	8	3	4	1	4	6	4	5	4	7	15	6	7	1	3	7	6	4	5	2	2	1	4	3	1	0	0	5	4	8	3	3	4	5	3	9	1	5	8	6	5	5	3	3	5	5	11	15	15	7	4	2	1	7	5	2	4	8	10	3	6	4	5	5	15	7	5	6	8	5	3	13	25	57	67	0	247	88	34	17	14	5	8	12	3	6	16	17	16	26	33	29	26	15	18	11	5	4	3	2	9	11	12	10	24
0	0	0	1	1	0	2	0	0	0	0	1	1	0	0	6	0	2	2	2	2	3	5	3	4	1	2	1	1	0	0	1	0	1	1	3	2	1	1	1	0	1	0	3	1	4	2	1	1	2	2	1	1	1	2	1	1	3	2	3	0	1	1	4	1	1	7	0	4	4	3	1	1	2	0	2	3	3	4	2	3	4	4	4	2	4	7	1	7	8	6	5	5	5	3	2	3	3	1	4	8	4	9	4	2	2	5	6	3	3	1	5	2	3	2	5	0	3	5	3	2	9	4	6	1	5	5	8	1	9	4	7	5	5	4	3	5	16	9	14	9	1	4	5	7	5	4	4	5	6	3	5	5	6	10	16	10	8	5	5	6	5	9	24	50	82	247	0	136	34	33	25	7	11	13	5	5	13	26	14	23	25	20	13	16	27	19	7	7	3	2	10	8	6	7	17
0	0	0	0	0	1	0	0	0	0	0	1	1	0	6	2	2	1	2	2	2	2	3	2	1	1	1	3	1	0	0	2	0	2	2	1	2	0	1	0	0	2	0	0	2	0	4	3	2	2	0	1	1	1	2	0	2	1	0	2	2	2	0	2	1	6	1	3	4	2	1	0	2	0	1	2	3	1	1	2	1	2	3	2	2	1	8	6	3	4	7	6	4	5	4	3	1	4	3	1	4	7	0	7	3	1	4	1	1	4	0	2	2	4	4	0	1	2	3	3	7	2	4	5	3	4	2	4	4	6	3	4	3	3	2	4	4	9	9	10	5	4	4	6	4	5	5	5	5	2	2	5	3	2	12	11	7	2	3	2	2	8	20	27	37	55	88	136	0	94	127	49	8	11	12	8	14	21	26	19	23	23	24	32	29	94	26	10	12	10	16	26	8	14	10	25
0	0	0	0	0	0	1	0	0	0	0	1	0	1	4	4	1	1	2	0	2	0	1	1	1	1	0	0	2	2	0	0	0	2	0	0	1	2	1	0	0	3	1	1	0	0	2	0	0	1	1	2	0	3	0	2	0	2	0	3	2	0	0	2	5	0	0	1	0	0	0	0	2	2	1	2	7	1	5	3	1	1	2	3	2	3	2	3	5	5	7	7	1	6	4	4	3	2	7	4	2	3	2	5	0	4	2	2	3	3	3	0	0	1	3	2	2	1	2	4	3	1	0	4	1	4	2	2	0	3	4	1	0	4	0	0	9	5	5	5	2	2	3	3	3	3	2	1	2	4	3	6	1	5	9	10	5	2	3	3	1	7	13	19	12	27	34	34	94	0	130	24	7	10	8	12	9	16	13	5	14	13	25	30	33	61	37	17	3	12	11	34	8	14	14	55
0	0	0	0	0	0	0	0	1	0	0	0	1	0	3	3	2	0	1	0	2	0	2	0	1	3	2	2	0	0	5	1	2	2	0	3	1	1	0	1	2	0	1	0	1	3	1	0	0	0	0	1	1	1	0	0	3	3	3	4	3	3	0	2	3	3	4	2	2	4	3	3	2	1	1	2	1	1	2	1	0	0	3	0	1	0	1	4	0	5	3	5	3	5	6	0	2	1	6	3	4	7	5	6	2	5	3	3	3	1	0	0	0	2	3	3	1	2	2	3	3	6	7	3	1	3	5	2	2	5	2	2	1	1	0	3	2	6	6	7	3	4	3	3	4	2	3	4	4	6	2	6	3	8	7	8	8	2	5	5	6	13	23	19	16	22	17	33	127	130	0	71	14	8	9	11	15	30	22	23	14	11	18	23	25	103	44	7	13	15	12	41	7	4	5	17
0	0	0	0	1	0	0	1	1	0	0	1	1	1	1	1	0	2	1	1	2	2	0	0	2	1	3	3	2	1	2	0	1	1	2	0	4	1	1	3	1	1	0	0	0	2	3	1	3	1	2	3	1	1	2	2	1	1	1	4	5	3	1	0	3	0	0	3	1	3	1	2	3	3	1	3	3	8	1	4	5	3	3	4	3	2	6	3	6	6	8	4	7	5	9	5	6	4	5	2	3	7	9	6	2	4	7	5	2	3	2	1	5	2	2	1	2	5	5	4	9	7	4	2	4	4	6	5	5	4	6	4	3	2	2	1	4	5	5	16	6	4	1	3	5	5	4	10	6	8	7	8	11	5	15	16	13	9	7	10	13	29	33	83	21	43	14	25	49	24	71	0	38	17	15	32	45	145	44	59	56	24	23	25	47	87	16	17	15	9	16	31	7	9	2	8
0	0	0	0	0	0	0	0	0	1	0	1	1	1	1	2	1	5	2	3	1	2	3	4	2	1	3	2	4	3	2	4	3	2	1	3	0	5	3	0	1	0	5	2	5	1	2	6	5	4	2	6	4	1	3	3	3	0	4	2	5	0	1	3	4	3	5	0	2	3	1	2	3	7	3	1	6	5	7	5	4	5	5	1	4	8	7	1	4	6	12	21	11	9	11	6	8	9	4	7	11	9	6	5	5	6	9	6	5	6	3	3	7	6	6	5	4	3	3	9	8	13	8	8	8	1	5	3	3	6	7	6	6	12	2	3	21	16	9	12	3	5	4	3	6	11	11	25	9	20	10	36	24	28	32	35	42	27	16	34	29	94	203	49	16	26	5	7	8	7	14	38	0	283	56	27	25	79	61	299	43	19	3	10	15	8	4	4	10	9	3	9	3	2	6	5
0	0	0	1	0	0	0	1	0	0	0	0	0	1	2	0	5	1	1	3	4	2	1	0	1	3	2	1	1	1	0	3	5	1	6	3	1	2	1	1	0	2	4	2	3	3	1	3	1	5	3	3	2	4	0	2	5	2	2	4	1	1	1	4	3	2	1	2	2	0	4	5	3	5	1	4	3	9	8	5	2	4	1	4	3	5	3	2	5	10	19	17	12	17	8	10	7	10	11	7	5	16	4	2	6	5	9	10	6	10	5	2	3	4	7	5	6	2	3	2	6	2	3	3	5	4	8	4	5	8	5	8	10	4	5	9	9	9	7	7	13	0	3	2	3	7	10	18	17	27	19	39	34	42	20	20	26	21	29	23	39	191	72	33	8	12	8	11	11	10	8	17	283	0	86	28	24	55	41	100	20	11	9	7	11	9	4	6	5	3	11	7	4	4	4	5
0	0	0	0	0	0	0	0	0	0	2	1	1	2	1	2	2	4	3	3	1	1	0	1	5	1	1	2	1	2	0	2	1	3	5	3	5	3	4	1	4	3	0	2	1	8	2	2	4	4	5	2	5	4	1	4	4	2	4	4	1	1	2	4	6	7	1	2	4	2	3	1	2	5	3	5	5	3	7	5	7	4	3	1	4	7	3	2	4	14	27	5	11	5	6	5	2	3	7	4	11	6	4	5	3	2	6	7	5	12	7	1	5	10	5	2	6	3	4	4	3	4	3	5	6	6	1	1	5	3	8	6	5	4	3	4	9	6	9	6	6	3	1	3	5	7	5	12	8	12	8	13	16	20	23	9	16	20	19	39	60	610	59	21	11	7	12	13	12	8	9	15	56	86	0	101	86	66	22	25	33	21	12	13	29	16	10	6	11	9	15	13	1	4	5	1
0	0	0	3	0	1	0	0	0	1	0	0	1	0	3	5	0	2	1	0	1	1	1	2	1	1	2	2	0	0	1	1	1	1	2	5	4	1	1	2	2	0	1	4	3	0	3	2	2	1	5	4	4	0	3	1	3	2	0	0	2	4	1	1	3	4	0	3	3	2	5	4	4	2	2	2	8	8	5	3	1	3	4	5	2	3	2	3	2	11	12	6	6	7	1	3	6	1	7	3	0	10	1	4	1	1	3	8	3	4	4	3	1	5	5	1	1	1	5	2	2	4	1	7	4	5	3	1	2	3	3	4	4	1	1	3	6	7	5	5	5	4	1	3	4	4	6	6	4	7	3	9	8	9	8	15	7	11	11	15	25	57	40	29	11	17	3	5	8	12	11	32	27	28	101	0	116	48	19	23	17	11	16	24	43	20	9	10	11	15	29	23	9	6	5	4
0	0	0	0	1	0	0	0	1	0	0	0	0	1	1	2	4	2	2	3	4	7	5	0	3	0	4	3	7	0	2	4	0	2	3	1	0	0	1	2	3	1	0	3	0	0	1	1	1	4	1	2	2	1	2	3	2	2	2	3	3	3	1	2	1	6	3	3	1	0	2	0	5	4	3	6	14	9	3	3	4	4	1	2	6	1	5	3	4	9	13	10	5	11	9	5	4	8	3	4	8	10	3	3	0	5	5	3	5	7	0	3	3	2	3	2	6	4	4	3	6	8	4	2	7	5	2	1	3	4	4	3	3	5	3	5	17	10	5	5	2	2	3	2	1	1	5	5	9	6	9	6	6	18	11	11	12	15	23	26	25	44	44	33	13	12	6	5	14	9	15	45	25	24	86	116	0	61	21	26	38	31	8	28	90	29	11	21	13	20	40	20	6	5	8	10
0	0	0	0	0	0	0	1	1	1	0	0	0	0	5	5	2	0	0	4	3	1	3	4	1	1	1	2	4	1	3	1	1	3	3	1	4	2	2	2	1	0	1	1	2	1	3	3	2	3	1	1	1	1	4	3	0	2	5	3	6	3	2	4	2	5	3	1	1	5	2	1	1	2	5	7	6	6	7	4	5	5	8	3	2	1	4	0	6	10	21	14	16	8	7	3	3	4	6	5	7	6	9	7	3	2	3	7	5	5	3	3	1	2	5	2	3	3	5	3	5	7	4	6	4	8	8	3	3	6	9	8	2	2	2	2	10	13	8	10	7	1	2	7	4	11	8	8	9	5	4	20	12	17	20	24	29	18	21	16	21	48	222	183	17	32	16	13	21	16	30	145	79	55	66	48	61	0	77	170	80	21	12	21	64	32	13	10	9	15	18	19	7	1	5	7
0	0	0	0	0	0	0	0	0	0	0	0	0	0	1	1	4	2	0	0	5	0	1	3	1	1	1	2	2	0	0	1	1	4	1	1	1	1	4	0	1	2	0	2	3	2	2	3	3	2	2	1	1	1	2	0	4	3	5	1	1	2	2	3	2	2	3	2	2	4	4	3	3	4	9	4	5	5	7	3	4	4	5	2	4	5	5	4	5	7	16	14	14	7	8	5	4	5	12	8	8	26	10	12	3	4	11	7	3	8	5	0	5	2	4	2	4	11	2	5	9	3	4	7	2	5	10	2	5	6	5	7	5	4	2	3	9	23	12	18	3	1	0	2	7	11	12	14	22	10	7	14	24	22	26	55	28	11	10	15	14	31	85	139	70	106	17	26	26	13	22	44	61	41	22	19	21	77	0	236	79	18	7	19	17	16	8	5	4	9	6	12	1	3	2	3
0	0	0	0	0	0	2	0	0	0	0	0	1	1	5	1	1	2	4	1	1	2	4	1	4	3	4	0	4	3	6	1	1	2	1	2	5	3	2	0	2	0	4	1	1	1	3	1	3	2	3	0	3	4	0	0	3	3	0	2	1	3	1	1	4	4	4	5	2	6	4	3	2	4	5	6	3	4	2	4	4	7	4	4	2	9	2	8	3	9	16	16	10	14	4	7	5	5	9	4	6	22	6	2	7	3	10	8	3	3	6	5	3	2	3	1	9	2	1	3	7	7	4	8	1	7	2	4	4	11	9	5	5	2	3	6	10	15	7	10	12	7	4	3	5	14	7	9	3	25	3	12	18	23	36	36	27	20	10	14	24	50	201	125	38	45	16	14	19	5	23	59	299	100	25	23	26	170	236	0	59	22	9	15	22	24	8	5	9	6	8	7	6	6	4	11
0	0	0	0	1	1	0	1	0	0	0	1	0	0	1	4	1	5	1	5	5	4	6	3	4	4	4	1	0	1	3	1	3	1	3	4	1	1	6	5	0	5	1	0	2	6	1	2	2	6	3	5	1	0	3	2	1	1	3	8	2	6	2	7	2	5	4	8	3	1	4	3	4	5	2	7	9	10	7	8	6	7	6	3	7	2	6	5	11	12	20	16	9	6	11	8	11	4	7	3	12	25	17	3	6	6	8	7	5	2	2	2	3	3	8	1	3	5	5	6	11	14	10	4	8	9	5	3	9	20	8	9	8	7	3	3	10	40	19	24	8	4	7	9	2	12	10	11	11	7	6	21	14	19	55	27	38	13	13	27	13	20	151	458	71	68	26	23	23	14	14	56	43	20	33	17	38	80	79	59	0	93	14	34	38	22	5	9	7	7	8	9	3	4	6	6
0	0	0	0	0	0	0	0	0	1	0	0	0	1	8	5	2	2	1	1	8	6	6	1	6	0	6	1	3	3	0	0	5	4	2	2	4	1	0	2	5	1	1	2	2	0	1	2	1	2	4	2	7	2	2	3	3	2	7	7	7	3	2	3	7	8	7	3	5	2	4	0	4	3	4	8	5	7	11	6	6	11	7	13	4	8	5	5	11	17	17	17	11	8	7	12	7	6	7	3	10	10	12	4	3	6	5	3	2	2	5	3	2	5	5	1	3	6	7	4	9	14	7	8	12	14	6	6	4	8	11	6	7	5	2	5	18	49	17	29	14	7	4	8	3	4	2	6	9	4	7	7	8	18	33	23	18	13	10	17	6	11	18	59	43	21	33	25	23	13	11	24	19	11	21	11	31	21	18	22	93	0	47	65	40	33	13	11	12	14	6	8	13	6	8	12
0	0	0	0	1	0	1	0	0	0	1	1	0	1	1	4	2	1	1	1	4	2	2	4	2	1	1	0	2	0	3	0	1	0	1	1	4	2	1	2	2	3	2	2	2	0	0	1	2	3	1	1	0	3	1	7	2	3	2	5	1	4	3	3	2	7	1	1	3	2	2	3	0	4	3	7	3	4	7	3	6	3	5	6	4	0	7	6	9	3	11	6	1	3	4	3	5	4	1	1	4	3	2	2	1	4	4	4	2	3	1	2	3	1	1	2	3	5	3	2	4	5	5	5	6	0	0	5	7	3	4	9	3	3	4	2	9	10	8	8	7	2	1	6	6	3	1	2	8	5	3	2	4	5	10	4	11	2	7	7	5	9	8	8	12	14	29	20	24	25	18	23	3	9	12	16	8	12	7	9	14	47	0	185	30	33	42	19	15	13	7	10	25	7	19	20
0	0	0	1	1	0	3	0	1	0	0	0	2	1	2	1	2	2	1	2	4	3	1	3	6	5	4	1	0	2	3	1	1	0	1	4	2	0	3	0	1	3	1	0	2	0	0	2	4	2	4	1	2	2	0	0	2	4	1	7	10	2	4	3	3	3	6	1	3	5	3	1	2	3	1	5	5	9	4	8	2	8	5	4	3	4	2	3	3	9	11	3	5	3	4	1	3	3	2	5	5	2	3	5	2	2	5	3	7	3	2	1	3	2	1	3	3	1	3	5	4	3	7	8	8	4	4	2	5	3	8	7	5	4	6	5	7	10	7	11	6	2	4	3	3	4	1	1	4	7	2	1	3	5	20	15	9	8	7	9	8	7	23	28	15	14	26	13	32	30	23	25	10	7	13	24	28	21	19	15	34	65	185	0	96	61	55	30	19	25	14	33	15	6	15	11
0	0	0	0	1	1	0	0	0	0	1	0	0	0	8	1	3	0	4	1	1	5	1	2	0	2	3	3	2	1	3	0	5	1	0	4	2	2	3	1	2	1	4	1	2	1	2	1	2	0	3	2	3	2	1	0	2	1	1	4	3	5	4	2	4	2	1	1	3	2	0	1	6	3	6	1	6	5	6	2	5	8	5	4	1	2	4	4	8	6	12	4	3	10	3	4	2	2	3	2	5	16	7	3	3	2	5	3	3	5	4	4	3	4	3	1	4	3	0	6	5	5	4	5	6	3	5	2	6	1	5	4	3	1	2	6	5	11	5	13	6	3	1	5	1	6	6	9	3	9	1	7	7	12	16	11	7	6	7	8	8	19	39	34	25	20	15	16	29	33	25	47	15	11	29	43	90	64	17	22	38	40	30	96	0	141	42	22	32	36	37	51	12	8	10	17
0	0	0	0	1	0	0	0	0	0	1	1	0	1	3	0	1	2	1	1	1	4	2	2	2	3	1	1	4	0	1	1	0	0	3	1	0	1	1	3	1	0	2	2	1	0	4	2	4	1	1	2	1	1	0	0	0	1	2	1	2	1	2	2	1	3	1	2	3	3	3	1	4	1	2	5	7	4	8	4	5	2	2	1	5	3	6	5	4	8	14	4	9	2	10	3	6	9	4	5	6	9	5	5	1	5	7	5	5	6	2	3	2	0	3	4	4	1	4	0	4	3	6	4	0	2	4	2	1	6	3	11	0	4	4	2	2	7	6	12	6	3	2	3	5	1	4	4	7	3	3	5	3	4	7	7	10	7	7	11	7	15	23	35	14	33	18	27	94	61	103	87	8	9	16	20	29	32	16	24	22	33	33	61	141	0	62	32	16	21	31	114	13	9	11	23
0	0	0	0	0	1	0	0	0	0	2	2	1	2	2	0	0	5	1	0	2	3	2	1	4	2	4	4	0	1	2	1	2	1	2	3	2	0	3	0	0	0	1	1	3	1	1	1	0	1	0	0	1	1	0	1	1	1	3	1	1	2	1	2	1	2	4	0	1	6	3	0	1	7	2	4	2	2	5	3	0	4	3	3	6	1	2	1	0	2	4	5	2	2	5	1	1	1	1	4	3	2	2	1	2	2	0	3	2	3	1	0	1	0	2	2	0	1	3	2	5	4	2	2	4	5	3	3	1	2	1	2	1	2	1	3	4	9	4	2	6	4	3	1	5	3	3	2	2	0	4	5	3	3	4	4	7	5	5	6	6	3	14	10	11	5	11	19	26	37	44	16	4	4	10	9	11	13	8	8	5	13	42	55	42	62	0	94	34	38	29	65	26	15	25	67
0	0	0	1	0	1	1	0	0	0	0	0	0	0	2	1	0	2	1	3	2	4	2	0	4	0	1	0	1	1	2	1	0	2	0	5	2	4	1	1	0	1	3	0	1	0	2	0	0	3	1	1	2	0	2	1	0	1	4	3	2	3	3	0	3	1	1	1	0	3	2	0	2	1	3	2	4	1	2	2	4	3	3	2	2	2	0	1	3	1	5	4	0	6	2	4	3	3	1	2	5	3	2	1	1	4	1	3	1	1	2	1	0	0	2	4	2	2	1	1	0	2	0	5	4	0	3	3	1	3	2	2	0	1	1	3	6	5	2	3	2	0	2	2	2	0	1	2	2	2	3	2	1	5	6	9	2	3	4	2	4	5	4	8	4	2	5	7	10	17	7	17	4	6	6	10	21	10	5	5	9	11	19	30	22	32	94	0	89	111	37	37	21	14	22	26
0	0	0	0	1	1	0	1	1	2	1	0	2	0	4	0	1	2	1	0	1	3	5	2	2	1	3	1	1	1	1	0	1	1	0	4	3	1	2	1	3	2	1	0	1	2	1	0	4	1	3	5	2	0	1	1	2	1	4	3	3	0	2	1	2	3	3	1	2	2	1	0	2	2	1	0	0	1	4	3	3	3	1	5	2	0	1	3	0	5	5	4	1	7	3	3	4	3	3	2	3	3	1	1	2	1	4	3	3	1	1	0	2	3	6	2	0	1	1	3	2	3	3	4	1	3	1	2	2	4	0	2	2	3	3	1	1	4	4	5	2	4	1	0	3	1	3	3	1	1	2	3	4	10	7	4	3	3	7	6	2	7	13	12	2	4	4	7	12	3	13	15	10	5	11	11	13	9	4	9	7	12	15	19	32	16	34	89	0	1904	59	28	8	5	10	6
0	0	0	0	0	0	0	0	0	0	0	1	0	1	2	2	1	3	2	0	1	3	2	1	2	3	1	1	1	0	0	1	1	2	2	4	0	2	0	0	1	1	0	2	1	1	1	0	2	2	0	4	1	0	0	3	2	2	3	3	6	0	2	2	2	4	3	3	3	1	3	1	1	0	3	3	2	1	2	4	4	1	4	5	4	7	2	0	1	3	6	4	3	2	4	2	1	1	2	1	2	5	0	4	0	1	3	5	3	3	1	1	0	0	2	3	3	1	5	1	3	1	0	1	3	3	1	1	3	1	1	1	1	0	1	0	4	7	5	4	1	4	4	1	1	3	0	2	4	3	1	7	3	4	5	2	5	2	5	8	8	6	11	13	5	8	3	3	10	12	15	9	9	3	9	15	20	15	9	6	7	14	13	25	36	21	38	111	1904	0	73	39	3	11	8	12
0	0	0	0	1	0	1	0	0	0	0	0	0	0	2	1	0	1	2	0	1	5	2	1	1	1	1	0	2	2	2	1	0	3	0	0	1	0	1	1	1	1	1	0	1	1	1	1	3	1	3	1	1	0	1	4	1	0	1	4	4	1	2	3	3	1	0	2	0	3	2	2	0	2	1	4	5	2	4	7	3	5	1	2	3	1	7	1	2	2	7	5	1	6	1	6	2	4	1	1	1	1	0	0	1	4	2	3	3	1	1	3	2	2	1	1	5	3	0	2	4	4	1	2	4	2	3	0	5	2	2	0	2	1	1	5	1	1	2	2	2	3	0	1	2	2	2	6	2	6	0	6	3	5	5	5	6	8	8	10	5	17	15	8	7	8	2	2	16	11	12	16	3	11	15	29	40	18	6	8	8	6	7	14	37	31	29	37	59	73	0	84	5	7	3	6
0	0	0	0	1	0	1	0	0	2	0	0	0	0	1	0	2	1	0	0	1	2	2	2	1	2	2	1	2	4	1	0	0	3	3	0	1	2	1	1	0	2	1	0	2	4	1	2	0	1	0	3	2	2	3	0	1	0	2	4	2	2	0	1	3	2	1	0	4	1	3	2	0	2	1	0	5	2	2	0	1	2	2	3	1	3	2	2	4	4	8	4	3	1	2	1	4	1	3	3	5	1	0	5	1	2	5	3	3	4	2	1	0	1	2	3	2	2	1	1	1	2	1	3	1	0	1	3	1	3	3	2	2	0	1	2	1	6	4	7	3	1	1	3	0	6	2	5	6	1	0	3	4	4	9	7	7	5	5	5	6	9	17	19	9	10	9	10	26	34	41	31	9	7	13	23	20	19	12	7	9	8	10	33	51	114	65	37	28	39	84	0	16	9	8	26
0	0	0	0	0	0	0	0	2	2	0	0	1	0	3	3	2	1	2	1	1	1	3	1	1	0	1	0	0	1	4	1	1	2	0	2	1	0	1	3	1	2	3	3	2	0	2	0	2	2	2	1	2	2	1	1	1	7	4	7	1	2	2	1	2	0	3	0	2	2	2	2	3	0	2	0	1	3	3	2	6	4	4	2	3	5	0	4	4	3	4	3	3	4	4	2	1	4	1	2	0	4	3	2	3	3	1	2	1	0	1	0	0	0	1	1	2	2	4	1	2	4	2	1	2	3	1	1	2	6	5	3	3	0	1	2	6	6	4	6	6	3	5	2	1	3	2	3	0	1	1	2	6	6	3	8	2	2	8	3	1	4	3	6	4	4	11	8	8	8	7	7	3	4	1	9	6	7	1	6	3	13	25	15	12	13	26	21	8	3	5	16	0	78	239	40
0	0	0	1	0	2	1	1	1	1	1	1	0	0	2	2	4	1	0	1	2	2	0	1	2	2	0	1	1	0	0	1	0	1	0	0	0	1	1	2	1	1	1	0	0	2	0	1	1	1	1	1	1	1	0	2	0	0	2	2	1	3	3	1	3	0	1	1	0	2	1	1	1	4	0	4	3	2	1	3	1	0	0	1	0	1	1	3	3	3	1	7	0	1	0	0	1	0	1	0	0	0	1	2	2	2	2	0	0	1	2	1	1	0	1	0	1	2	0	1	2	4	4	2	1	1	1	5	1	4	0	2	3	0	3	2	5	9	5	3	3	2	3	1	2	1	1	1	2	0	1	0	1	2	5	4	2	1	2	3	3	2	5	1	3	3	12	6	14	14	4	9	2	4	4	6	5	1	3	6	4	6	7	6	8	9	15	14	5	11	7	9	78	0	150	53
0	0	0	0	0	0	1	0	0	0	0	0	0	1	2	2	2	1	0	0	0	0	1	1	2	2	3	2	0	1	2	2	3	5	3	1	0	0	1	1	1	2	0	1	2	0	2	3	2	2	2	0	0	0	0	1	1	3	2	5	3	2	3	1	3	3	2	1	2	0	0	0	0	1	6	1	2	3	1	6	2	2	1	2	2	1	1	3	4	12	1	0	3	4	2	2	4	2	2	2	3	3	2	1	2	3	7	0	2	1	1	1	1	0	2	0	3	2	0	1	5	2	5	3	0	3	5	2	4	3	3	0	2	1	0	1	2	5	0	6	5	0	2	0	4	3	0	2	0	4	0	2	1	4	3	5	5	1	3	7	3	4	4	8	10	10	10	7	10	14	5	2	6	4	5	5	8	5	2	4	6	8	19	15	10	11	25	22	10	8	3	8	239	150	0	65
0	0	0	0	0	3	0	1	0	1	0	1	0	0	1	1	0	1	1	0	1	1	0	1	3	0	1	0	1	2	1	1	0	1	2	2	1	2	1	2	0	2	1	0	0	0	2	0	1	4	1	1	0	1	2	1	0	2	2	2	2	2	3	0	4	2	3	2	1	2	2	1	1	1	0	2	4	2	1	2	0	3	4	6	1	2	2	5	4	3	3	2	2	2	4	2	2	0	0	1	2	3	2	1	2	1	1	2	1	3	2	3	2	2	0	4	3	1	2	0	3	2	2	4	2	4	4	2	2	5	1	2	1	2	0	0	0	3	3	6	5	3	1	2	0	0	2	2	3	5	0	4	2	3	2	6	4	1	4	2	2	6	5	4	9	8	24	17	25	55	17	8	5	5	1	4	10	7	3	11	6	12	20	11	17	23	67	26	6	12	6	26	40	53	65	0
