0	0	0	0	0	0	0	0	0	0	0	0	0	0	0	0	0	0	0	0	0	0	0	0	0	0	0	0	0	0	0	0	0	0	0	0	0	0	0	0	0	0	0	0	0	0	0	0	0	0	0	0	0	0	0	0	0	0	0	0	0	0
0	0	0	0	0	0	0	0	0	0	0	0	0	0	0	0	0	0	0	0	0	0	0	0	0	0	0	0	0	0	0	0	0	0	0	0	0	0	0	0	0	0	0	0	0	0	0	0	0	0	0	0	0	0	0	0	0	0	0	0	0	0
0	0	0	0	0	0	0	0	0	0	0	0	0	0	0	0	0	0	0	0	0	0	0	0	0	0	0	0	0	0	0	0	0	0	0	0	0	0	0	0	0	0	0	0	0	0	0	0	0	0	0	0	0	0	0	0	0	0	0	0	0	0
0	0	0	0	55	6	1	2	4	2	1	0	1	3	0	4	2	4	1	1	1	2	1	3	4	2	1	0	0	0	1	2	0	1	3	0	2	1	4	3	6	5	1	2	4	2	4	1	1	1	1	1	1	0	0	0	0	1	2	1	0	1
0	0	0	55	0	10	3	1	3	0	1	2	1	6	2	5	4	11	3	2	1	3	4	8	0	2	2	0	2	1	3	0	0	0	2	2	2	2	3	4	5	2	0	0	3	1	0	2	1	0	0	4	1	0	2	2	1	4	0	2	1	3
0	0	0	6	10	0	5	5	4	8	3	2	9	7	2	20	19	15	3	6	5	6	7	7	2	9	2	7	4	2	2	2	3	2	0	3	3	10	14	44	17	8	7	3	1	2	5	6	3	2	3	0	2	0	1	0	1	6	2	10	4	3
0	0	0	1	3	5	0	45	33	33	33	23	17	14	6	9	5	12	6	4	4	4	8	11	19	22	12	15	10	10	18	3	5	1	5	7	14	34	202	40	27	40	28	20	16	11	6	3	3	5	3	2	6	1	2	1	3	2	5	11	9	13
0	0	0	2	1	5	45	0	112	362	49	22	14	9	0	5	2	6	2	4	4	2	5	9	12	19	10	8	20	14	24	18	6	8	5	17	19	37	32	10	12	17	34	21	12	11	4	2	0	2	3	3	5	6	5	3	7	8	14	12	10	11
0	0	0	4	3	4	33	112	0	567	143	35	26	7	8	2	4	1	5	1	1	0	5	8	6	14	18	26	31	29	71	28	8	16	16	21	41	44	13	5	10	10	14	16	14	4	4	2	6	2	3	3	2	2	4	2	8	8	11	8	10	10
0	0	0	2	0	8	33	362	567	0	111	29	13	15	2	6	9	2	3	1	2	5	4	6	12	12	17	12	19	19	44	22	5	18	12	22	36	49	19	8	6	17	22	21	5	3	2	6	4	3	4	1	2	10	0	4	4	4	11	8	8	13
0	0	0	1	1	3	33	49	143	111	0	83	53	15	3	6	3	3	0	4	1	3	4	6	12	26	35	71	42	36	38	20	11	14	14	24	22	56	25	9	6	21	14	17	9	7	3	1	4	1	2	3	2	6	7	2	4	7	7	7	5	9
0	0	0	0	2	2	23	22	35	29	83	0	119	15	5	7	6	3	2	4	4	7	5	5	24	77	53	46	36	39	44	17	7	7	7	7	13	10	23	5	9	26	26	18	14	11	8	8	5	2	3	5	3	6	8	6	6	9	9	9	8	12
0	0	0	1	1	9	17	14	26	13	53	119	0	29	13	6	7	7	4	5	5	4	11	10	34	165	378	61	27	20	26	2	6	8	4	5	9	14	14	7	8	41	17	8	8	4	2	3	2	8	4	3	2	5	6	2	4	3	1	1	4	6
0	0	0	3	6	7	14	9	7	15	15	15	29	0	43	43	26	9	7	5	9	12	31	54	52	50	22	20	10	6	12	1	1	5	1	5	8	7	21	12	25	78	19	13	9	10	13	11	6	4	2	0	2	1	1	2	3	5	2	2	0	3
0	0	0	0	2	2	6	0	8	2	3	5	13	43	0	53	62	12	11	6	12	50	110	34	13	13	7	8	6	5	3	2	0	3	1	0	6	4	10	7	16	14	9	3	9	7	6	6	4	1	4	1	2	1	6	2	2	4	2	2	1	3
0	0	0	4	5	20	9	5	2	6	6	7	6	43	53	0	240	39	14	13	17	23	132	49	17	12	10	4	4	5	8	3	0	4	2	1	3	9	13	49	35	18	9	5	10	5	4	7	4	4	2	3	0	2	3	3	1	1	4	1	2	2
0	0	0	2	4	19	5	2	4	9	3	6	7	26	62	240	0	42	25	13	29	47	110	29	9	9	6	2	0	4	0	1	2	2	3	2	4	3	14	19	21	14	2	2	2	4	5	4	3	1	0	3	1	1	1	0	3	1	2	3	2	2
0	0	0	4	11	15	12	6	1	2	3	3	7	9	12	39	42	0	32	40	43	17	24	9	9	5	2	1	4	1	2	2	2	1	2	1	1	7	5	15	7	3	3	1	2	1	3	0	1	3	2	3	0	1	3	2	0	0	1	4	3	3
0	0	0	1	3	3	6	2	5	3	0	2	4	7	11	14	25	32	0	460	144	28	16	6	3	5	3	1	1	0	2	1	3	3	3	2	2	6	3	9	5	4	2	3	0	0	3	3	4	1	0	1	0	0	3	1	1	2	5	0	0	0
0	0	0	1	2	6	4	4	1	1	4	4	5	5	6	13	13	40	460	0	439	27	8	5	3	6	3	1	0	0	3	2	1	3	4	1	1	2	6	4	4	9	2	0	3	2	3	5	2	1	1	0	0	1	1	0	1	0	1	0	0	1
0	0	0	1	1	5	4	4	1	2	1	4	5	9	12	17	29	43	144	439	0	69	16	6	5	3	3	3	2	2	2	3	2	2	0	2	1	4	6	4	6	6	2	2	2	2	1	1	1	0	1	0	2	1	2	2	0	1	2	1	1	2
0	0	0	2	3	6	4	2	0	5	3	7	4	12	50	23	47	17	28	27	69	0	34	11	10	3	5	2	4	0	3	4	1	2	3	1	5	4	3	8	2	11	3	3	3	7	3	3	3	1	2	1	3	1	2	3	2	4	1	0	1	1
0	0	0	1	4	7	8	5	5	4	4	5	11	31	110	132	110	24	16	8	16	34	0	78	17	11	4	4	2	0	5	1	1	0	1	1	1	3	13	16	22	16	9	4	4	8	9	3	7	3	3	3	5	4	1	0	2	3	4	4	4	1
0	0	0	3	8	7	11	9	8	6	6	5	10	54	34	49	29	9	6	5	6	11	78	0	52	11	9	8	4	3	3	6	2	1	0	0	3	8	7	24	52	33	20	5	3	13	15	10	6	5	3	5	2	3	3	4	3	5	3	3	3	3
0	0	0	4	0	2	19	12	6	12	12	24	34	52	13	17	9	9	3	3	5	10	17	52	0	59	18	8	10	3	7	5	5	5	3	2	5	3	17	6	40	165	56	12	13	25	32	7	9	7	5	3	6	2	5	6	11	4	6	4	3	2
0	0	0	2	2	9	22	19	14	12	26	77	165	50	13	12	9	5	5	6	3	3	11	11	59	0	61	20	13	8	13	8	4	3	3	4	7	13	18	9	7	78	29	9	7	11	16	5	4	6	4	6	6	6	3	1	7	12	12	3	4	2
0	0	0	1	2	2	12	10	18	17	35	53	378	22	7	10	6	2	3	3	3	5	4	9	18	61	0	98	47	38	14	8	5	8	12	8	9	20	19	5	6	28	20	4	6	7	11	5	3	2	3	1	5	1	3	1	3	6	8	4	4	6
0	0	0	0	0	7	15	8	26	12	71	46	61	20	8	4	2	1	1	1	3	2	4	8	8	20	98	0	217	56	38	6	11	20	13	14	22	22	18	6	6	12	9	6	11	4	8	3	6	3	4	2	5	5	5	1	7	5	3	7	4	1
0	0	0	0	2	4	10	20	31	19	42	36	27	10	6	4	0	4	1	0	2	4	2	4	10	13	47	217	0	227	37	16	17	28	30	20	15	20	4	3	10	10	9	4	5	2	4	3	4	3	4	4	3	1	1	5	5	3	2	5	4	5
0	0	0	0	1	2	10	14	29	19	36	39	20	6	5	5	4	1	0	0	2	0	0	3	3	8	38	56	227	0	125	29	16	56	23	11	11	17	5	4	4	7	5	12	7	3	6	1	5	5	4	2	4	8	8	4	4	4	4	1	8	3
0	0	0	1	3	2	18	24	71	44	38	44	26	12	3	8	0	2	2	3	2	3	5	3	7	13	14	38	37	125	0	58	29	43	15	20	20	14	7	5	7	6	12	6	10	3	6	4	4	3	1	3	5	9	8	5	7	5	11	8	4	6
0	0	0	2	0	2	3	18	28	22	20	17	2	1	2	3	1	2	1	2	3	4	1	6	5	8	8	6	16	29	58	0	72	121	50	49	17	13	8	4	4	12	8	4	4	3	3	1	4	2	2	1	4	3	9	6	3	4	9	12	4	6
0	0	0	0	0	3	5	6	8	5	11	7	6	1	0	0	2	2	3	1	2	1	1	2	5	4	5	11	17	16	29	72	0	132	63	17	4	8	5	1	2	2	4	4	2	1	2	2	4	3	2	6	10	12	5	6	2	1	1	3	7	3
0	0	0	1	0	2	1	8	16	18	14	7	8	5	3	4	2	1	3	3	2	2	0	1	5	3	8	20	28	56	43	121	132	0	184	25	14	12	9	2	7	3	3	4	5	3	5	2	0	1	2	3	1	3	5	4	6	2	3	3	3	6
0	0	0	3	2	0	5	5	16	12	14	7	4	1	1	2	3	2	3	4	0	3	1	0	3	3	12	13	30	23	15	50	63	184	0	28	10	8	2	7	1	2	0	4	3	4	2	0	1	3	1	1	4	4	1	4	4	2	6	3	2	1
0	0	0	0	2	3	7	17	21	22	24	7	5	5	0	1	2	1	2	1	2	1	1	0	2	4	8	14	20	11	20	49	17	25	28	0	75	7	9	3	2	6	6	4	3	1	2	0	3	2	3	3	3	3	5	2	1	4	7	3	3	4
0	0	0	2	2	3	14	19	41	36	22	13	9	8	6	3	4	1	2	1	1	5	1	3	5	7	9	22	15	11	20	17	4	14	10	75	0	37	11	5	7	6	10	9	3	4	0	2	1	0	2	0	1	3	6	3	2	5	7	7	4	9
0	0	0	1	2	10	34	37	44	49	56	10	14	7	4	9	3	7	6	2	4	4	3	8	3	13	20	22	20	17	14	13	8	12	8	7	37	0	40	11	11	15	15	11	2	5	3	2	6	4	3	3	6	1	2	2	1	3	3	3	2	2
0	0	0	4	3	14	202	32	13	19	25	23	14	21	10	13	14	5	3	6	6	3	13	7	17	18	19	18	4	5	7	8	5	9	2	9	11	40	0	48	31	26	23	17	8	5	2	5	3	5	2	2	2	0	4	1	1	3	4	4	5	6
0	0	0	3	4	44	40	10	5	8	9	5	7	12	7	49	19	15	9	4	4	8	16	24	6	9	5	6	3	4	5	4	1	2	7	3	5	11	48	0	70	22	7	5	5	10	10	6	5	6	2	2	1	1	4	1	2	3	5	3	5	6
0	0	0	6	5	17	27	12	10	6	6	9	8	25	16	35	21	7	5	4	6	2	22	52	40	7	6	6	10	4	7	4	2	7	1	2	7	11	31	70	0	51	26	11	11	22	6	3	7	5	2	3	1	3	2	5	3	5	7	8	1	6
0	0	0	5	2	8	40	17	10	17	21	26	41	78	14	18	14	3	4	9	6	11	16	33	165	78	28	12	10	7	6	12	2	3	2	6	6	15	26	22	51	0	67	20	6	19	11	8	4	4	1	2	2	1	4	3	5	4	13	5	5	7
0	0	0	1	0	7	28	34	14	22	14	26	17	19	9	9	2	3	2	2	2	3	9	20	56	29	20	9	9	5	12	8	4	3	0	6	10	15	23	7	26	67	0	66	37	26	22	11	7	5	5	7	6	2	5	6	9	11	17	10	2	9
0	0	0	2	0	3	20	21	16	21	17	18	8	13	3	5	2	1	3	0	2	3	4	5	12	9	4	6	4	12	6	4	4	4	4	4	9	11	17	5	11	20	66	0	70	20	12	8	9	11	7	2	8	5	5	9	10	27	70	49	10	10
0	0	0	4	3	1	16	12	14	5	9	14	8	9	9	10	2	2	0	3	2	3	4	3	13	7	6	11	5	7	10	4	2	5	3	3	3	2	8	5	11	6	37	70	0	30	32	15	23	16	8	11	6	7	11	11	25	53	91	40	7	11
0	0	0	2	1	2	11	11	4	3	7	11	4	10	7	5	4	1	0	2	2	7	8	13	25	11	7	4	2	3	3	3	1	3	4	1	4	5	5	10	22	19	26	20	30	0	80	25	13	12	3	7	4	1	3	9	9	13	11	8	2	4
0	0	0	4	0	5	6	4	4	2	3	8	2	13	6	4	5	3	3	3	1	3	9	15	32	16	11	8	4	6	6	3	2	5	2	2	0	3	2	10	6	11	22	12	32	80	0	72	29	15	12	5	6	9	3	5	8	11	14	5	2	1
0	0	0	1	2	6	3	2	2	6	1	8	3	11	6	7	4	0	3	5	1	3	3	10	7	5	5	3	3	1	4	1	2	2	0	0	2	2	5	6	3	8	11	8	15	25	72	0	39	27	10	10	5	8	12	14	7	17	4	6	4	2
0	0	0	1	1	3	3	0	6	4	4	5	2	6	4	4	3	1	4	2	1	3	7	6	9	4	3	6	4	5	4	4	4	0	1	3	1	6	3	5	7	4	7	9	23	13	29	39	0	222	37	20	15	6	34	39	27	27	18	6	2	4
0	0	0	1	0	2	5	2	2	3	1	2	8	4	1	4	1	3	1	1	0	1	3	5	7	6	2	3	3	5	3	2	3	1	3	2	0	4	5	6	5	4	5	11	16	12	15	27	222	0	89	35	19	12	38	40	44	32	14	12	1	5
0	0	0	1	0	3	3	3	3	4	2	3	4	2	4	2	0	2	0	1	1	2	3	3	5	4	3	4	4	4	1	2	2	2	1	3	2	3	2	2	2	1	5	7	8	3	12	10	37	89	0	77	39	15	37	98	28	13	3	5	4	0
0	0	0	1	4	0	2	3	3	1	3	5	3	0	1	3	3	3	1	0	0	1	3	5	3	6	1	2	4	2	3	1	6	3	1	3	0	3	2	2	3	2	7	2	11	7	5	10	20	35	77	0	110	48	30	81	51	17	10	8	4	5
0	0	0	1	1	2	6	5	2	2	2	3	2	2	2	0	1	0	0	0	2	3	5	2	6	6	5	5	3	4	5	4	10	1	4	3	1	6	2	1	1	2	6	8	6	4	6	5	15	19	39	110	0	129	56	128	50	21	12	8	7	3
0	0	0	0	0	0	1	6	2	10	6	6	5	1	1	2	1	1	0	1	1	1	4	3	2	6	1	5	1	8	9	3	12	3	4	3	3	1	0	1	3	1	2	5	7	1	9	8	6	12	15	48	129	0	48	53	57	14	17	16	3	10
0	0	0	0	2	1	2	5	4	0	7	8	6	1	6	3	1	3	3	1	2	2	1	3	5	3	3	5	1	8	8	9	5	5	1	5	6	2	4	4	2	4	5	5	11	3	3	12	34	38	37	30	56	48	0	121	86	25	19	8	4	3
0	0	0	0	2	0	1	3	2	4	2	6	2	2	2	3	0	2	1	0	2	3	0	4	6	1	1	1	5	4	5	6	6	4	4	2	3	2	1	1	5	3	6	9	11	9	5	14	39	40	98	81	128	53	121	0	78	25	19	12	3	4
0	0	0	0	1	1	3	7	8	4	4	6	4	3	2	1	3	0	1	1	0	2	2	3	11	7	3	7	5	4	7	3	2	6	4	1	2	1	1	2	3	5	9	10	25	9	8	7	27	44	28	51	50	57	86	78	0	73	28	10	7	5
0	0	0	1	4	6	2	8	8	4	7	9	3	5	4	1	1	0	2	0	1	4	3	5	4	12	6	5	3	4	5	4	1	2	2	4	5	3	3	3	5	4	11	27	53	13	11	17	27	32	13	17	21	14	25	25	73	0	87	18	3	6
0	0	0	2	0	2	5	14	11	11	7	9	1	2	2	4	2	1	5	1	2	1	4	3	6	12	8	3	2	4	11	9	1	3	6	7	7	3	4	5	7	13	17	70	91	11	14	4	18	14	3	10	12	17	19	19	28	87	0	53	11	8
0	0	0	1	2	10	11	12	8	8	7	9	1	2	2	1	3	4	0	0	1	0	4	3	4	3	4	7	5	1	8	12	3	3	3	3	7	3	4	3	8	5	10	49	40	8	5	6	6	12	5	8	8	16	8	12	10	18	53	0	45	22
0	0	0	0	1	4	9	10	10	8	5	8	4	0	1	2	2	3	0	0	1	1	4	3	3	4	4	4	4	8	4	4	7	3	2	3	4	2	5	5	1	5	2	10	7	2	2	4	2	1	4	4	7	3	4	3	7	3	11	45	0	112
0	0	0	1	3	3	13	11	10	13	9	12	6	3	3	2	2	3	0	1	2	1	1	3	2	2	6	1	5	3	6	6	3	6	1	4	9	2	6	6	6	7	9	10	11	4	1	2	4	5	0	5	3	10	3	4	5	6	8	22	112	0
