0	0	0	0	0	0	0	0	0	0	0	0	0	0	0	0	0	0	0	0	0	0	0	0	0	0	0	0	0	0	0	0	0	0	0	0	0	0	0	0	0	0	0	0	0	0	0	0	0	0	0	0	0	0	0	0	0	0	0	0	0	0	0	0	0	0	0	0	0	0	0	0	0	0	0	0	0	0	0	0	0	0	0	0	0	0	0	0	0	0	0	0	0	0	0	0	0	0	0	0	0	0	0	0	0	0	0	0	0	0	0	0	0	0	0	0	0	0	0	0	0	0	0	0	0	0	0	0	0	0	0	0	0	0	0	0	0	0	0	0	0	0	0	0	0	0	0	0	0	0	0	0	0	0	0	0	0	0	0	0	0	0	0	0	0	0	0	0	0	0	0	0	0	0	0	0	0	0	0	0	0	0	0	0	0	0	0	0	0	0	0	0	0	0	0	0
0	0	0	0	0	0	0	0	0	0	0	0	0	0	0	0	0	0	0	0	0	0	0	0	0	0	0	0	0	0	0	0	0	0	0	0	0	0	0	0	0	0	0	0	0	0	0	0	0	0	0	0	0	0	0	0	0	0	0	0	0	0	0	0	0	0	0	0	0	0	0	0	0	0	0	0	0	0	0	0	0	0	0	0	0	0	0	0	0	0	0	0	0	0	0	0	0	0	0	0	0	0	0	0	0	0	0	0	0	0	0	0	0	0	0	0	0	0	0	0	0	0	0	0	0	0	0	0	0	0	0	0	0	0	0	0	0	0	0	0	0	0	0	0	0	0	0	0	0	0	0	0	0	0	0	0	0	0	0	0	0	0	0	0	0	0	0	0	0	0	0	0	0	0	0	0	0	0	0	0	0	0	0	0	0	0	0	0	0	0	0	0	0	0	0	0
0	0	0	0	0	0	0	0	0	0	0	0	0	0	0	0	0	0	0	0	0	0	0	0	0	0	0	0	0	0	0	0	0	0	0	0	0	0	0	0	0	0	0	0	0	0	0	0	0	0	0	0	0	0	0	0	0	0	0	0	0	0	0	0	0	0	0	0	0	0	0	0	0	0	0	0	0	0	0	0	0	0	0	0	0	0	0	0	0	0	0	0	0	0	0	0	0	0	0	0	0	0	0	0	0	0	0	0	0	0	0	0	0	0	0	0	0	0	0	0	0	0	0	0	0	0	0	0	0	0	0	0	0	0	0	0	0	0	0	0	0	0	0	0	0	0	0	0	0	0	0	0	0	0	0	0	0	0	0	0	0	0	0	0	0	0	0	0	0	0	0	0	0	0	0	0	0	0	0	0	0	0	0	0	0	0	0	0	0	0	0	0	0	0	0	0
0	0	0	0	133	41	19	13	8	33	8	9	8	7	9	10	12	9	7	8	10	5	7	10	7	8	6	10	7	3	9	14	17	18	5	6	6	5	3	6	3	7	8	3	8	3	4	5	2	4	5	4	3	2	2	2	3	2	2	2	1	2	2	1	0	5	3	2	3	1	1	2	2	2	4	2	0	0	0	0	1	1	1	2	3	3	2	0	2	1	3	0	2	1	2	2	2	1	1	1	2	2	1	0	2	2	0	2	2	0	5	0	1	2	1	4	3	1	1	2	3	1	4	2	1	1	3	5	4	4	1	0	2	3	3	3	2	2	0	3	0	1	3	0	0	1	0	0	1	1	0	0	1	2	1	2	1	0	0	0	0	1	1	0	0	1	1	0	1	2	2	2	0	5	1	0	1	0	1	0	3	0	2	4	2	1	2	1	2	0	0	0	1	0	0	1
0	0	0	133	0	203	47	40	17	36	19	8	15	8	10	8	14	16	11	12	14	11	8	13	12	6	8	17	8	5	12	18	26	40	16	11	8	4	3	5	5	4	5	5	6	4	9	4	7	0	9	3	5	1	2	6	1	4	4	5	2	3	3	3	4	3	4	2	2	4	2	1	2	4	2	7	4	1	1	3	1	2	0	1	4	2	4	3	3	3	2	1	1	2	1	3	1	4	2	1	2	1	1	3	2	1	2	2	2	1	0	0	1	1	0	1	2	1	3	2	2	3	1	1	0	3	4	0	0	1	1	0	1	2	3	1	2	1	0	1	2	1	0	1	0	3	0	0	0	1	1	1	0	2	0	1	0	0	1	1	1	3	2	0	1	1	1	0	1	0	2	1	1	2	2	2	1	2	2	2	1	1	0	3	0	0	2	1	0	0	0	2	2	2	0	0
0	0	0	41	203	0	129	62	35	53	19	11	6	7	9	15	16	20	22	20	16	10	10	20	25	17	17	10	15	13	18	33	29	77	21	6	12	4	5	3	4	6	9	7	3	5	5	6	7	4	7	2	2	4	2	3	2	2	2	0	0	4	2	5	3	5	3	3	0	3	2	4	2	2	3	1	2	6	2	1	1	4	1	6	4	2	3	4	0	2	1	1	0	0	2	1	0	3	1	3	0	2	0	1	4	0	0	0	2	2	0	4	1	3	2	1	2	1	1	2	3	1	2	2	5	2	3	3	2	0	1	1	2	1	4	3	4	1	5	1	1	0	0	0	0	1	2	0	0	2	2	1	0	0	1	1	3	1	2	1	0	4	1	1	0	0	3	1	3	0	0	3	1	4	0	3	2	0	0	0	2	2	0	1	1	2	2	0	0	1	3	1	1	2	0	1
0	0	0	19	47	129	0	113	52	41	16	9	14	9	17	11	8	13	17	12	18	18	13	37	41	20	12	12	18	9	19	44	55	104	29	21	9	2	5	2	3	7	5	5	5	5	5	6	3	2	3	3	6	3	2	2	3	2	2	3	3	6	5	4	5	3	5	4	0	6	6	4	6	4	5	3	2	5	4	3	6	2	1	3	4	3	2	2	3	3	3	1	1	0	0	0	1	4	1	1	0	4	4	2	2	2	4	2	2	2	1	0	0	4	1	4	3	2	0	5	1	2	2	0	2	2	1	2	2	5	1	3	1	4	6	2	5	1	2	0	0	3	3	1	0	0	1	1	2	1	1	2	0	0	2	2	3	1	1	0	1	2	3	2	1	1	2	2	0	5	1	0	0	3	2	1	2	6	0	0	0	3	3	1	4	4	0	1	1	0	0	0	0	1	1	2
0	0	0	13	40	62	113	0	179	122	32	24	18	15	22	17	24	37	38	13	13	12	14	25	35	11	12	4	5	10	8	16	21	102	41	25	14	6	12	4	3	13	11	9	10	9	9	9	9	7	10	4	5	4	5	8	9	8	2	4	2	1	4	5	2	4	4	2	2	1	3	1	6	4	6	6	4	2	3	4	3	4	5	2	3	3	0	1	4	6	1	2	3	1	2	3	1	3	1	1	1	1	2	2	1	3	0	0	2	1	0	1	4	1	3	1	2	2	9	1	3	6	6	3	4	1	5	3	0	4	3	3	6	3	2	4	8	3	1	2	3	2	2	2	1	2	4	0	0	0	2	1	1	1	0	4	2	3	1	2	1	0	2	2	2	1	1	0	1	1	1	1	2	0	1	2	2	2	2	1	4	2	1	1	3	3	2	0	2	2	2	0	1	1	0	1
0	0	0	8	17	35	52	179	0	120	68	15	27	24	60	41	84	86	50	16	8	20	17	24	17	7	11	6	13	9	5	9	14	44	89	36	19	8	6	7	7	9	19	16	12	13	9	10	19	18	11	8	2	11	4	2	7	7	7	4	0	6	7	4	7	7	7	4	4	3	8	5	7	7	2	7	3	10	8	3	4	4	8	8	4	3	7	1	4	5	3	3	5	4	3	3	5	2	3	2	0	1	1	4	1	2	1	3	1	2	2	2	4	3	5	1	3	1	5	5	4	3	6	5	8	6	3	6	8	2	4	2	1	7	5	9	6	5	0	2	1	2	1	3	2	1	2	0	0	1	2	0	2	3	1	3	1	2	1	2	1	2	1	1	2	4	4	0	1	1	0	2	0	1	2	1	1	4	6	5	5	6	4	1	3	4	3	2	2	0	1	1	2	2	0	1
0	0	0	33	36	53	41	122	120	0	129	25	38	41	48	34	42	37	33	22	9	12	9	18	11	13	8	8	4	9	5	4	23	45	31	14	15	9	7	1	9	5	11	14	13	8	7	8	21	11	7	5	3	5	8	4	1	7	2	10	3	2	3	6	8	1	6	4	3	5	1	7	5	7	3	5	4	4	4	7	1	5	6	2	4	3	2	7	2	4	0	2	6	5	1	3	3	0	1	1	1	2	2	2	3	2	0	3	0	5	5	4	3	3	3	3	2	4	4	6	6	8	3	0	1	1	3	8	3	2	1	2	3	1	4	7	5	4	3	3	1	3	0	0	0	1	2	1	1	2	0	0	1	3	1	4	3	1	1	2	4	2	2	2	4	1	1	0	2	1	2	2	1	2	3	4	4	1	4	4	2	2	3	3	1	2	1	5	3	3	0	2	1	1	1	1
0	0	0	8	19	19	16	32	68	129	0	125	145	56	85	54	28	23	21	9	9	5	4	6	10	3	5	4	7	2	6	11	9	19	17	13	5	6	2	3	10	12	7	12	14	12	11	9	19	15	20	10	4	6	8	14	8	2	0	7	1	6	4	3	7	9	1	4	1	3	3	5	4	5	6	7	2	3	3	6	4	2	4	5	3	3	1	0	2	2	3	2	5	2	4	3	2	3	4	0	3	3	1	4	3	0	2	0	3	1	2	2	3	0	5	3	10	2	5	9	3	6	0	1	2	8	3	2	5	5	7	3	0	2	6	9	3	4	1	2	2	3	1	2	2	1	2	2	4	0	3	2	2	2	2	3	1	3	0	0	1	0	1	3	0	3	0	1	0	1	1	3	1	6	3	5	4	1	2	2	3	0	0	2	3	2	6	2	4	1	3	1	1	0	1	1
0	0	0	9	8	11	9	24	15	25	125	0	205	77	31	30	22	8	5	6	4	3	5	7	5	5	6	2	1	1	2	5	10	14	14	3	7	9	3	5	2	7	11	5	8	9	11	16	27	21	13	6	10	9	11	8	6	5	3	2	2	5	3	5	1	3	2	0	5	6	6	0	2	4	2	3	1	4	6	1	6	3	3	2	2	3	2	1	3	2	3	4	2	1	3	0	2	2	1	2	6	2	4	2	1	0	1	1	3	1	1	3	2	0	7	4	4	7	6	1	2	8	6	6	1	5	1	3	4	4	5	8	6	5	6	8	5	5	1	1	0	1	1	0	3	2	2	0	2	1	2	2	3	1	2	5	2	1	0	1	2	3	4	1	0	2	0	0	5	2	0	1	3	1	1	3	1	2	2	2	4	6	5	1	4	1	4	0	4	0	0	3	0	1	0	0
0	0	0	8	15	6	14	18	27	38	145	205	0	318	79	37	26	12	6	8	9	4	6	7	7	3	1	2	3	4	4	5	4	15	10	8	8	5	6	7	7	11	10	12	8	13	13	19	43	38	25	11	12	17	8	21	4	10	5	7	2	3	4	13	4	5	4	1	4	9	3	0	6	3	2	2	1	4	5	4	2	5	2	4	6	4	3	6	3	1	4	1	6	1	1	4	1	0	2	3	1	0	2	2	3	0	2	3	1	4	5	1	1	3	2	3	5	6	4	9	4	5	7	3	4	4	3	3	1	4	2	5	5	5	2	7	4	5	4	1	2	1	0	1	2	0	1	3	2	3	2	2	0	1	3	1	0	1	0	1	1	3	1	1	2	0	0	2	1	1	0	1	0	2	1	5	1	1	1	0	0	7	7	2	1	2	3	0	3	1	1	2	0	3	3	2
0	0	0	7	8	7	9	15	24	41	56	77	318	0	111	83	40	17	17	7	7	8	6	11	7	3	6	1	1	3	3	5	10	9	11	6	14	8	7	5	12	9	25	16	14	22	22	33	138	67	39	11	12	13	18	14	5	8	8	8	4	2	9	8	10	3	2	2	7	5	3	3	8	6	4	3	3	6	5	3	6	5	5	6	10	3	1	6	5	4	2	3	4	6	2	2	2	3	3	6	2	4	3	3	3	1	3	4	1	2	0	4	1	2	5	6	9	3	10	7	3	3	3	8	4	5	10	7	8	4	6	1	4	6	5	10	8	4	4	4	3	3	1	1	3	1	2	1	2	0	0	4	1	3	2	2	2	0	2	2	0	1	2	3	0	0	2	1	5	2	2	1	3	4	1	2	4	2	3	2	0	1	3	0	1	0	2	4	1	0	2	3	1	3	1	1
0	0	0	9	10	9	17	22	60	48	85	31	79	111	0	285	113	33	18	9	5	10	5	4	11	6	7	5	10	5	7	4	11	10	33	20	8	11	12	10	8	14	25	23	28	26	16	17	65	43	37	8	11	6	19	20	10	11	8	7	3	1	9	12	9	5	5	4	2	4	6	4	12	5	4	3	7	2	6	3	4	3	3	3	5	4	1	9	2	6	5	4	4	7	2	0	2	3	0	4	5	1	0	5	3	7	2	1	3	2	1	1	3	6	2	5	2	7	7	8	3	10	10	6	7	8	10	10	12	2	2	4	6	9	7	17	6	6	6	3	4	5	1	2	1	2	3	0	0	1	0	1	4	2	1	2	3	1	0	2	3	3	0	1	0	0	1	3	1	2	3	3	3	9	5	4	4	4	2	2	2	4	1	5	3	5	3	3	2	3	3	1	2	1	0	2
0	0	0	10	8	15	11	17	41	34	54	30	37	83	285	0	198	43	21	9	7	9	5	5	4	0	12	3	7	2	4	6	3	19	22	22	17	25	7	11	9	20	36	33	38	55	40	33	93	42	37	23	12	18	26	27	18	23	9	21	3	5	11	24	10	7	5	7	10	4	13	4	11	3	10	7	11	12	4	6	3	6	3	6	8	3	2	6	1	4	3	5	2	2	5	5	5	5	10	10	4	2	6	2	2	2	3	3	4	0	1	6	2	3	4	6	5	9	5	5	8	6	7	3	5	8	4	6	3	4	2	3	10	8	9	12	11	13	5	3	1	2	4	2	1	3	3	3	1	0	1	4	2	1	3	4	1	1	1	3	1	0	1	0	3	4	6	4	0	8	3	2	4	3	5	6	2	3	3	2	4	7	7	5	3	2	4	3	0	3	1	3	2	3	1	1
0	0	0	12	14	16	8	24	84	42	28	22	26	40	113	198	0	175	45	29	20	17	8	16	12	8	6	6	1	2	5	6	20	23	72	39	25	30	7	14	15	25	40	44	41	46	23	20	34	25	17	9	3	7	10	12	13	8	8	9	2	5	8	11	17	9	12	2	6	9	5	6	13	5	7	6	9	13	10	9	6	3	9	11	5	2	3	6	2	6	3	3	3	4	6	3	1	2	6	6	4	5	2	0	1	0	5	6	2	1	4	0	4	7	5	5	2	7	6	6	7	2	4	4	5	3	9	3	3	1	4	2	3	7	14	18	6	4	5	4	3	3	1	2	3	0	4	1	1	2	2	1	1	3	3	0	2	4	0	0	2	4	1	1	4	3	0	5	0	4	4	5	5	3	5	1	2	4	2	2	1	3	6	4	3	1	3	1	2	0	1	3	0	5	3	2
0	0	0	9	16	20	13	37	86	37	23	8	12	17	33	43	175	0	174	46	26	26	25	21	17	11	10	10	11	1	7	16	18	60	142	53	34	26	11	22	13	36	34	27	40	40	16	10	14	14	20	7	6	6	7	4	7	12	6	12	5	4	7	22	20	12	6	4	8	14	2	7	14	5	10	10	2	8	4	4	7	5	6	7	4	2	3	3	4	3	6	3	5	2	4	6	4	7	1	4	5	4	4	5	2	4	2	3	4	0	3	4	5	2	2	1	3	7	5	7	6	2	5	6	6	3	4	4	6	0	1	1	7	4	5	9	9	6	1	1	0	2	1	3	1	3	2	3	2	2	2	3	2	3	1	3	1	0	0	2	1	2	2	0	1	1	0	1	1	4	1	1	2	4	1	5	2	3	0	2	2	2	3	5	4	6	4	2	0	1	1	1	4	0	1	0
0	0	0	7	11	22	17	38	50	33	21	5	6	17	18	21	45	174	0	170	41	55	38	63	50	27	22	12	17	10	11	26	48	83	130	42	31	16	9	22	15	25	30	14	21	17	8	11	10	7	8	5	7	3	4	1	5	6	5	7	5	6	4	13	14	10	12	5	8	10	17	9	3	6	13	10	7	5	6	5	5	3	4	6	7	3	6	1	3	3	4	4	7	2	3	2	5	2	3	2	4	3	1	3	2	1	4	8	3	3	1	2	1	1	3	2	6	2	2	5	6	3	1	5	4	3	1	3	4	1	1	1	3	6	3	5	4	4	3	0	3	1	2	0	2	2	3	1	1	1	5	0	1	5	4	5	3	1	2	2	4	3	1	1	1	1	0	3	2	3	4	4	3	2	2	3	2	2	0	2	2	1	2	3	0	4	1	2	0	1	0	0	3	0	3	1
0	0	0	8	12	20	12	13	16	22	9	6	8	7	9	9	29	46	170	0	158	125	43	48	32	27	40	16	20	13	11	30	63	47	42	23	12	11	7	23	19	35	27	14	12	15	8	11	5	5	4	5	3	2	5	1	3	2	5	5	4	3	5	7	11	10	4	3	1	12	9	7	8	11	5	4	2	5	3	5	2	3	4	3	3	2	3	3	3	4	4	0	2	1	4	0	3	0	5	2	3	2	4	3	5	2	5	5	3	2	4	2	3	0	1	2	4	3	2	0	1	3	2	3	3	3	5	3	0	2	2	1	1	0	1	8	5	0	3	0	2	3	0	0	0	2	3	1	0	0	1	1	0	3	1	2	1	1	1	0	1	2	1	1	2	0	0	2	1	1	1	2	1	4	1	2	0	0	1	3	2	2	1	2	0	2	4	5	0	0	3	4	2	2	2	0
0	0	0	10	14	16	18	13	8	9	9	4	9	7	5	7	20	26	41	158	0	119	28	35	29	27	92	34	24	13	13	48	64	29	18	18	11	5	5	8	19	17	14	5	13	8	7	3	6	8	2	5	4	2	6	4	6	5	4	5	2	2	3	7	7	12	11	3	10	13	5	9	7	4	4	2	5	2	3	4	4	4	3	2	2	4	3	2	2	9	2	3	2	2	3	0	1	4	2	0	2	2	1	2	0	3	3	2	2	1	0	2	4	1	1	2	1	2	1	5	1	1	0	2	5	1	5	3	1	0	2	3	2	2	3	5	1	7	4	0	3	3	2	3	0	2	3	0	1	2	2	1	0	0	3	0	2	0	1	1	2	5	1	1	2	1	4	0	0	0	4	2	1	2	1	3	0	2	1	0	3	2	4	1	3	0	1	2	2	2	0	0	1	3	0	2
0	0	0	5	11	10	18	12	20	12	5	3	4	8	10	9	17	26	55	125	119	0	89	138	60	65	92	24	19	19	17	34	68	38	37	22	17	11	13	17	16	15	15	13	17	13	6	4	4	4	3	4	5	4	1	3	1	3	3	9	4	1	5	4	9	13	10	8	3	3	7	4	11	8	4	9	4	7	4	5	2	5	5	5	7	4	5	5	0	5	3	3	2	4	2	2	5	2	5	1	1	2	4	5	4	4	2	2	1	1	0	3	1	0	1	1	1	2	2	2	4	0	1	2	3	4	0	3	2	1	2	4	3	3	5	3	4	4	2	1	2	0	2	2	1	3	4	0	0	0	0	3	1	1	2	4	4	1	2	0	0	3	0	5	1	0	2	1	1	3	1	0	3	1	1	1	4	6	2	0	2	6	3	1	2	0	2	3	0	5	3	4	1	2	0	2
0	0	0	7	8	10	13	14	17	9	4	5	6	6	5	5	8	25	38	43	28	89	0	398	188	107	38	21	32	14	16	33	44	34	29	28	30	6	9	14	16	10	4	7	12	10	7	6	6	5	3	2	3	0	2	3	5	3	5	6	2	4	5	6	10	7	5	1	5	8	9	6	10	5	5	9	4	5	1	5	1	3	5	6	3	4	5	3	3	0	3	4	0	4	5	6	1	4	3	3	2	0	0	3	3	2	3	3	3	0	1	3	1	5	2	6	3	4	3	4	1	1	5	3	1	4	0	3	0	2	3	3	4	0	4	2	3	4	1	0	2	3	0	1	0	1	0	1	1	0	0	1	1	0	3	2	1	1	3	1	0	3	5	2	1	2	0	5	1	4	4	1	5	4	2	2	3	0	1	0	3	7	5	3	2	4	1	1	2	0	3	0	1	4	0	3
0	0	0	10	13	20	37	25	24	18	6	7	7	11	4	5	16	21	63	48	35	138	398	0	575	94	38	19	28	15	14	34	75	46	52	19	20	5	9	13	13	8	8	13	14	6	5	6	5	7	5	2	3	3	3	3	4	2	4	6	3	2	7	3	11	8	5	4	5	6	8	5	5	10	6	8	4	12	6	4	1	5	4	6	6	2	4	6	2	1	7	1	2	5	3	3	3	1	2	6	1	3	1	0	5	3	0	3	2	2	2	2	1	6	3	4	0	4	3	3	4	3	1	4	2	3	1	0	1	2	0	1	3	8	7	5	6	3	1	0	2	4	1	2	1	1	2	0	1	0	1	1	2	3	2	2	1	1	1	1	2	2	2	2	1	3	4	1	1	1	1	1	1	3	5	4	1	0	4	2	2	3	3	1	0	2	0	1	0	2	2	2	1	3	0	0
0	0	0	7	12	25	41	35	17	11	10	5	7	7	11	4	12	17	50	32	29	60	188	575	0	88	27	19	31	17	31	36	85	42	35	15	20	8	8	7	12	13	4	6	13	5	4	3	3	2	5	5	3	1	4	4	1	3	5	4	2	1	7	6	6	10	5	4	7	5	1	1	4	10	6	9	6	5	5	8	5	0	4	11	8	3	7	6	2	0	3	0	2	3	4	3	3	3	5	3	3	2	1	2	1	2	2	1	1	1	1	1	1	1	3	3	1	3	4	1	2	3	1	2	3	3	2	3	2	1	2	2	4	4	3	3	3	1	0	2	0	0	3	0	1	2	0	0	1	0	0	2	4	4	2	1	0	0	0	1	1	2	4	2	0	2	1	2	3	0	1	2	2	2	4	1	2	2	1	0	4	1	4	3	3	4	2	3	4	1	0	1	1	2	1	1
0	0	0	8	6	17	20	11	7	13	3	5	3	3	6	0	8	11	27	27	27	65	107	94	88	0	113	31	102	34	45	65	64	24	5	17	13	7	3	8	11	5	5	1	7	8	2	1	5	4	5	0	0	2	1	2	2	2	3	3	3	3	3	4	7	4	4	2	1	3	9	3	7	3	4	6	2	3	3	6	3	1	5	1	2	6	6	4	2	1	2	6	1	3	3	2	5	2	2	1	1	2	1	2	0	1	2	1	1	1	0	0	1	0	2	4	1	2	1	2	6	2	2	3	0	2	1	0	5	0	1	3	1	3	1	2	2	2	2	0	3	0	1	2	0	0	3	1	1	1	0	2	1	2	2	3	1	1	0	0	2	1	1	1	0	0	2	0	4	5	2	0	2	3	1	3	3	2	2	2	1	4	2	2	3	1	3	0	0	0	1	0	2	1	1	1
0	0	0	6	8	17	12	12	11	8	5	6	1	6	7	12	6	10	22	40	92	92	38	38	27	113	0	178	116	39	47	98	54	33	23	17	3	7	8	10	15	5	10	7	4	7	2	5	5	3	2	3	2	2	3	1	4	7	2	7	3	2	5	4	1	5	2	2	1	4	3	4	4	5	4	6	2	4	2	1	2	2	3	2	3	6	5	0	4	2	3	1	4	4	2	4	3	2	5	4	1	1	3	1	2	2	2	0	0	1	0	0	1	2	3	4	3	1	0	1	2	2	2	3	0	0	3	3	2	0	3	2	0	4	2	2	0	1	3	4	1	4	1	1	0	0	1	1	1	0	2	3	0	3	1	2	2	2	1	1	0	2	2	2	0	1	0	0	2	0	1	3	1	0	1	2	1	0	0	0	1	6	4	1	2	3	1	3	1	1	0	1	0	0	0	0
0	0	0	10	17	10	12	4	6	8	4	2	2	1	5	3	6	10	12	16	34	24	21	19	19	31	178	0	148	75	76	88	60	14	9	7	9	3	2	5	5	4	6	3	4	4	6	3	5	3	1	1	1	3	2	1	1	4	0	5	2	4	2	3	6	8	4	1	4	1	7	3	2	3	2	0	3	2	4	3	1	2	1	4	5	2	1	0	0	3	2	1	3	3	5	4	0	2	4	3	2	3	1	2	0	1	3	1	1	0	3	0	0	2	1	2	3	2	2	1	1	2	1	1	2	1	0	2	1	0	0	0	1	5	0	3	3	4	0	2	4	1	0	2	1	4	1	0	1	1	2	1	0	2	4	0	1	1	2	0	0	2	3	0	3	3	1	2	1	2	0	0	1	1	0	0	0	2	1	0	0	3	1	1	1	0	2	2	0	0	1	0	1	0	0	0
0	0	0	7	8	15	18	5	13	4	7	1	3	1	10	7	1	11	17	20	24	19	32	28	31	102	116	148	0	129	90	79	31	11	11	12	5	5	1	4	11	2	5	3	2	6	3	1	3	2	5	3	3	0	0	0	3	3	2	1	1	3	1	2	5	7	3	2	1	4	5	2	5	4	5	3	7	7	2	1	0	0	2	3	5	1	2	0	1	3	2	0	1	1	5	1	2	0	3	1	0	2	0	0	0	1	3	3	4	1	1	0	1	1	0	0	0	1	0	2	1	4	0	2	2	1	2	0	3	1	1	0	2	2	5	1	2	3	1	1	2	1	1	0	1	1	1	0	1	0	4	2	1	0	0	0	2	1	0	1	1	2	1	3	1	1	0	0	2	0	0	1	0	1	0	2	0	2	0	0	2	1	3	0	1	0	3	2	0	1	1	1	1	2	1	0
0	0	0	3	5	13	9	10	9	9	2	1	4	3	5	2	2	1	10	13	13	19	14	15	17	34	39	75	129	0	111	41	30	14	8	7	4	1	4	3	4	3	3	2	1	5	4	2	1	3	2	1	2	2	0	0	2	2	1	1	1	1	3	3	8	1	1	2	5	2	1	2	1	6	4	5	4	1	2	1	3	4	3	1	2	1	3	3	1	2	1	1	3	1	2	1	1	4	1	1	0	0	1	2	1	0	1	0	2	0	0	2	4	2	3	0	0	0	2	3	2	1	2	2	1	1	1	1	2	1	1	2	1	0	3	1	3	2	1	2	0	0	4	1	0	1	1	0	3	0	0	1	0	0	1	1	1	0	1	0	1	0	3	0	0	2	0	2	0	2	0	1	3	3	1	1	0	0	1	2	1	0	2	1	0	0	0	0	0	1	1	2	0	1	1	2
0	0	0	9	12	18	19	8	5	5	6	2	4	3	7	4	5	7	11	11	13	17	16	14	31	45	47	76	90	111	0	138	49	16	10	9	5	5	4	3	7	4	5	1	5	4	2	0	4	2	2	4	1	1	5	2	5	2	1	3	1	0	0	2	6	3	3	1	2	1	2	4	3	4	4	6	2	3	4	1	2	2	2	2	2	2	0	2	1	4	4	0	2	1	4	0	0	1	0	1	2	1	0	3	3	2	0	1	2	0	0	0	0	2	0	0	1	2	4	1	0	1	2	0	1	1	1	0	1	2	0	2	1	3	2	1	3	3	6	1	2	0	0	2	1	1	1	0	1	0	1	0	1	1	1	0	0	0	1	1	2	3	1	1	0	0	1	1	2	0	0	1	1	0	1	0	1	0	0	2	1	0	0	1	1	0	0	0	1	1	1	1	0	0	2	0
0	0	0	14	18	33	44	16	9	4	11	5	5	5	4	6	6	16	26	30	48	34	33	34	36	65	98	88	79	41	138	0	220	37	14	11	7	6	3	12	5	4	8	7	3	5	2	4	7	2	1	4	4	1	4	4	0	1	3	2	1	1	3	2	1	6	3	6	2	3	3	5	6	3	2	5	4	8	4	7	0	5	5	4	3	4	1	3	1	0	2	1	1	1	1	2	2	3	2	1	1	1	2	0	1	3	3	2	1	1	1	0	0	1	2	2	0	2	2	2	3	1	3	3	1	1	1	2	0	2	0	0	0	1	2	1	2	3	2	2	1	1	1	0	1	1	2	2	0	0	1	3	1	1	0	1	2	1	1	0	2	0	0	1	1	2	1	0	1	1	1	1	1	3	3	2	1	2	2	1	2	2	2	0	3	0	2	1	2	1	0	0	2	2	0	1
0	0	0	17	26	29	55	21	14	23	9	10	4	10	11	3	20	18	48	63	64	68	44	75	85	64	54	60	31	30	49	220	0	113	24	17	8	5	3	7	13	16	8	9	13	11	3	3	8	7	1	4	3	1	3	0	4	3	0	4	0	1	6	4	8	8	4	3	5	5	5	8	6	5	0	2	6	5	0	0	8	5	0	2	6	0	4	8	2	3	1	3	1	1	1	1	3	1	3	0	3	1	0	4	3	0	0	4	3	1	2	2	0	1	2	2	1	1	2	5	2	2	3	1	0	2	1	3	2	1	2	1	2	3	4	2	5	2	0	2	1	3	1	0	1	0	2	0	0	1	0	0	3	3	4	0	1	1	0	2	2	0	1	2	1	1	0	3	0	1	3	3	2	2	2	4	0	0	2	0	0	2	6	3	0	3	0	3	2	1	0	1	1	0	1	0
0	0	0	18	40	77	104	102	44	45	19	14	15	9	10	19	23	60	83	47	29	38	34	46	42	24	33	14	11	14	16	37	113	0	69	25	17	8	4	7	6	16	10	14	11	8	6	8	9	10	5	8	4	4	5	4	3	3	6	3	1	2	4	8	8	3	2	7	4	4	4	6	5	5	7	5	5	10	2	6	5	4	4	0	3	5	2	3	0	4	2	3	3	4	5	3	5	1	3	1	5	1	2	4	3	0	0	6	2	1	2	1	1	0	1	1	3	2	5	3	4	0	5	5	3	2	4	0	1	4	3	3	3	5	4	2	6	5	5	1	0	0	2	2	0	0	0	2	0	0	1	3	2	1	1	1	1	0	2	3	0	0	0	0	0	1	1	1	1	1	2	0	3	2	1	1	0	2	5	1	3	0	5	1	1	3	0	2	0	2	0	2	0	2	0	0
0	0	0	5	16	21	29	41	89	31	17	14	10	11	33	22	72	142	130	42	18	37	29	52	35	5	23	9	11	8	10	14	24	69	0	157	43	18	10	18	11	21	22	16	27	21	7	6	11	7	4	3	1	4	9	8	5	7	7	13	4	8	9	6	10	13	9	7	3	9	12	8	14	9	10	10	10	9	9	3	5	1	5	7	3	3	6	6	6	1	2	2	8	3	1	2	6	1	1	1	4	2	1	4	4	5	3	1	2	6	3	3	0	2	1	5	5	2	4	8	3	6	5	2	3	6	5	3	1	3	3	4	2	6	4	5	8	3	1	6	3	2	1	5	4	1	2	0	3	1	3	2	2	4	2	3	3	1	1	2	6	2	0	0	2	3	3	6	0	4	2	1	5	2	3	1	2	5	1	6	1	4	3	1	2	2	2	1	1	6	1	1	0	2	3	2
0	0	0	6	11	6	21	25	36	14	13	3	8	6	20	22	39	53	42	23	18	22	28	19	15	17	17	7	12	7	9	11	17	25	157	0	71	38	32	21	14	16	15	24	27	18	5	4	7	11	13	7	3	2	5	7	6	10	5	15	11	5	10	9	11	9	10	5	8	9	10	8	14	13	8	14	13	14	16	7	11	6	7	9	11	9	5	5	9	7	2	1	5	5	1	3	2	2	1	3	1	3	1	1	1	2	1	4	3	6	4	3	2	2	4	2	3	4	3	1	6	2	4	5	1	5	7	4	2	1	1	0	7	10	4	11	10	8	1	2	4	2	3	1	2	2	2	2	0	2	2	3	6	1	2	2	1	2	0	0	2	4	1	1	4	3	4	4	1	3	1	4	3	5	1	3	0	3	7	2	3	5	4	5	1	7	0	1	1	4	3	1	3	1	1	4
0	0	0	6	8	12	9	14	19	15	5	7	8	14	8	17	25	34	31	12	11	17	30	20	20	13	3	9	5	4	5	7	8	17	43	71	0	110	49	46	24	25	15	27	43	22	8	9	6	4	8	7	5	5	4	7	4	7	7	25	9	12	25	15	25	32	13	5	6	11	12	16	27	23	17	22	17	29	22	15	7	8	11	14	20	12	7	8	9	8	8	5	11	4	6	7	10	4	2	7	8	5	4	3	4	1	4	2	3	6	8	1	5	3	0	2	2	6	6	11	3	0	2	4	5	4	3	1	2	7	1	4	4	8	8	13	5	10	4	3	2	5	1	1	4	5	1	5	3	3	1	3	5	4	3	3	2	1	2	4	2	3	5	2	4	3	5	7	1	2	4	1	1	2	5	5	4	7	3	2	4	10	7	4	5	3	6	5	5	1	2	2	1	2	2	0
0	0	0	5	4	4	2	6	8	9	6	9	5	8	11	25	30	26	16	11	5	11	6	5	8	7	7	3	5	1	5	6	5	8	18	38	110	0	225	98	36	33	20	35	101	23	16	10	13	6	8	13	8	8	2	6	12	32	15	40	11	15	54	61	71	39	17	9	11	16	25	28	46	13	17	32	47	51	31	21	25	20	24	27	36	18	10	18	8	10	10	5	14	16	12	7	10	3	10	12	7	7	3	10	8	4	7	12	4	4	5	5	9	9	4	3	3	6	6	8	6	8	3	3	4	4	2	6	3	3	5	9	5	7	10	16	18	8	5	2	4	3	6	5	4	5	5	4	1	4	1	1	6	8	4	4	2	4	2	4	1	4	3	1	2	1	2	4	4	3	5	5	8	7	5	8	3	8	7	2	4	6	10	8	6	5	6	1	3	5	0	5	4	4	3	4
0	0	0	3	3	5	5	12	6	7	2	3	6	7	12	7	7	11	9	7	5	13	9	9	8	3	8	2	1	4	4	3	3	4	10	32	49	225	0	76	18	16	18	27	40	16	11	5	6	3	12	6	4	6	7	8	11	26	26	99	21	37	83	67	69	43	36	26	21	23	37	36	75	37	53	74	114	56	54	41	30	22	49	57	64	31	10	17	15	18	13	14	19	11	21	9	6	7	11	9	13	7	4	2	12	8	12	14	6	15	4	5	5	9	5	3	4	7	4	2	6	4	4	9	1	5	3	4	3	2	4	6	4	11	6	17	23	12	7	7	7	3	6	4	4	3	5	1	1	4	3	6	4	7	6	10	2	1	3	2	2	5	5	5	1	6	2	7	5	5	4	8	9	7	8	7	5	2	0	7	7	17	21	18	9	5	8	8	6	3	5	1	7	2	4	6
0	0	0	6	5	3	2	4	7	1	3	5	7	5	10	11	14	22	22	23	8	17	14	13	7	8	10	5	4	3	3	12	7	7	18	21	46	98	76	0	105	84	40	85	76	20	19	9	8	2	10	5	2	5	8	5	10	23	13	32	14	26	47	59	338	226	58	20	26	33	69	49	86	13	18	27	21	21	17	17	15	14	19	22	15	17	11	11	13	4	12	6	9	11	8	9	9	12	6	6	14	4	6	5	7	2	5	10	8	4	3	7	3	3	5	2	4	3	4	8	5	8	2	3	4	5	4	0	0	5	5	1	0	5	8	11	9	7	4	2	8	2	1	2	0	6	1	2	1	4	0	3	5	4	2	3	6	2	2	1	5	0	3	3	2	2	5	6	2	3	5	10	6	1	4	4	7	1	0	3	8	9	9	0	6	4	2	3	2	1	1	2	2	2	6	2
0	0	0	3	5	4	3	3	7	9	10	2	7	12	8	9	15	13	15	19	19	16	16	13	12	11	15	5	11	4	7	5	13	6	11	14	24	36	18	105	0	270	57	51	34	37	15	12	5	4	2	6	1	2	6	2	3	10	4	10	12	13	26	26	75	101	32	17	28	33	43	29	39	12	9	13	12	7	6	11	10	13	10	8	8	9	8	5	3	3	4	3	6	12	11	7	4	4	9	7	7	7	5	2	5	5	6	1	0	3	7	3	7	6	5	1	7	4	5	8	1	3	4	3	3	4	2	4	4	0	4	0	3	4	4	4	7	5	2	4	0	0	4	3	2	4	3	6	0	2	1	4	2	6	4	2	4	2	1	1	3	6	3	3	2	5	4	1	4	2	2	4	3	3	2	0	2	4	1	4	3	1	4	5	3	1	1	2	3	2	1	3	3	3	2	3
0	0	0	7	4	6	7	13	9	5	12	7	11	9	14	20	25	36	25	35	17	15	10	8	13	5	5	4	2	3	4	4	16	16	21	16	25	33	16	84	270	0	125	161	100	61	21	10	12	9	4	6	4	5	6	9	7	15	13	19	8	7	13	24	60	57	26	26	24	46	39	9	19	11	10	18	12	7	10	11	12	14	16	9	7	6	5	3	4	3	3	2	10	8	5	8	3	1	6	4	8	6	3	4	7	1	3	4	2	8	2	2	8	1	5	1	4	3	6	5	4	1	2	6	3	4	5	4	6	3	3	7	4	2	6	7	10	6	3	2	2	2	1	5	5	1	2	0	3	3	2	3	4	4	4	3	1	1	1	3	2	2	1	1	1	1	0	1	9	2	4	5	6	3	4	4	4	1	2	3	1	4	10	0	1	2	3	4	2	0	2	3	1	1	1	1
0	0	0	8	5	9	5	11	19	11	7	11	10	25	25	36	40	34	30	27	14	15	4	8	4	5	10	6	5	3	5	8	8	10	22	15	15	20	18	40	57	125	0	310	95	355	49	25	32	12	12	9	3	4	5	11	15	15	12	15	3	18	22	32	47	15	20	17	23	47	22	13	11	7	5	14	7	6	7	5	10	11	10	5	5	9	4	4	3	3	4	11	9	11	3	4	5	1	4	5	9	5	2	4	9	3	3	7	4	4	4	4	1	4	5	2	5	4	11	6	5	6	5	5	4	2	3	2	1	3	4	7	3	8	6	9	12	8	1	4	5	3	2	3	1	5	1	1	1	4	1	2	3	1	4	0	2	2	0	2	1	2	1	1	0	2	2	10	5	2	3	2	3	4	2	1	2	1	2	2	4	6	14	5	5	5	1	1	5	0	1	1	2	1	3	4
0	0	0	3	5	7	5	9	16	14	12	5	12	16	23	33	44	27	14	14	5	13	7	13	6	1	7	3	3	2	1	7	9	14	16	24	27	35	27	85	51	161	310	0	477	265	40	22	26	21	11	13	9	8	12	9	15	39	13	20	9	19	35	65	72	45	21	12	32	51	33	12	22	8	8	13	15	11	22	15	14	11	15	12	9	7	8	7	5	7	9	5	14	14	2	9	5	9	12	16	9	4	3	5	1	3	7	7	3	5	5	7	7	8	4	5	3	7	8	10	9	3	1	3	3	2	5	6	6	4	3	3	4	4	8	14	16	6	0	1	3	5	0	2	3	2	1	3	3	0	2	2	1	2	4	2	4	2	1	0	4	2	4	2	1	1	2	2	1	5	3	6	2	3	3	4	4	4	4	2	3	3	5	8	4	4	1	1	3	1	0	0	0	2	1	1
0	0	0	8	6	3	5	10	12	13	14	8	8	14	28	38	41	40	21	12	13	17	12	14	13	7	4	4	2	1	5	3	13	11	27	27	43	101	40	76	34	100	95	477	0	130	40	18	22	11	15	11	2	3	9	11	23	30	19	37	8	10	33	79	92	27	22	13	27	24	30	25	30	9	14	15	15	26	13	22	18	22	14	14	16	12	7	12	8	11	8	6	5	7	7	4	4	10	10	9	7	3	5	2	8	2	5	9	7	2	3	5	3	6	11	2	8	7	6	18	7	6	4	6	5	7	5	5	2	5	2	1	3	7	3	12	13	9	7	3	6	6	3	5	1	5	3	2	2	0	2	1	3	2	2	3	1	3	2	2	2	5	2	3	3	2	0	1	3	2	4	2	4	4	4	2	2	1	1	5	1	4	9	9	3	3	2	5	2	1	1	1	0	2	0	2
0	0	0	3	4	5	5	9	13	8	12	9	13	22	26	55	46	40	17	15	8	13	10	6	5	8	7	4	6	5	4	5	11	8	21	18	22	23	16	20	37	61	355	265	130	0	103	45	43	28	19	18	6	12	11	12	24	31	11	18	5	14	25	55	24	16	14	12	20	32	18	8	10	4	9	9	6	10	15	13	17	6	10	10	13	5	8	6	3	9	8	1	6	8	4	1	7	5	6	8	12	3	4	6	4	4	4	6	4	3	2	6	4	6	8	3	3	4	8	16	9	6	7	8	10	4	6	7	7	6	8	4	1	5	9	13	18	7	6	3	7	4	3	2	1	1	1	0	3	2	2	1	4	4	2	4	4	3	1	3	2	3	2	0	0	2	2	1	4	1	4	3	5	4	1	7	3	3	2	2	4	7	2	5	5	3	3	4	2	4	3	1	4	2	1	3
0	0	0	4	9	5	5	9	9	7	11	11	13	22	16	40	23	16	8	8	7	6	7	5	4	2	2	6	3	4	2	2	3	6	7	5	8	16	11	19	15	21	49	40	40	103	0	252	57	31	27	32	16	22	16	20	76	64	25	30	4	10	20	50	14	7	16	18	28	17	16	4	10	4	5	8	8	10	11	15	13	13	10	13	7	6	4	7	6	5	13	4	13	13	4	5	6	7	9	5	12	2	4	5	4	3	4	3	1	3	10	8	6	5	7	4	13	11	12	20	16	14	10	7	7	1	8	8	7	6	3	6	4	7	12	17	19	13	12	6	6	7	1	2	1	3	4	1	3	0	3	1	1	5	1	2	2	4	1	1	3	2	1	2	2	1	3	2	6	4	5	6	8	8	3	1	4	5	5	4	0	4	5	3	6	2	4	5	1	0	0	5	1	3	2	2
0	0	0	5	4	6	6	9	10	8	9	16	19	33	17	33	20	10	11	11	3	4	6	6	3	1	5	3	1	2	0	4	3	8	6	4	9	10	5	9	12	10	25	22	18	45	252	0	120	55	33	21	11	15	17	41	36	32	9	15	6	8	11	17	9	9	3	8	9	15	11	8	3	1	6	6	4	1	12	8	4	10	5	8	5	3	4	3	7	6	11	4	7	15	9	3	2	4	7	7	5	4	5	7	4	3	5	7	2	3	6	8	4	4	9	3	11	5	18	15	20	10	12	11	6	8	6	5	3	5	2	3	4	6	13	18	20	9	8	7	6	3	7	3	3	1	1	2	4	2	3	4	5	2	1	4	1	0	1	1	4	2	1	0	0	3	2	4	1	3	6	4	3	2	4	5	4	2	4	2	2	8	5	7	6	5	1	1	3	2	1	3	0	0	1	4
0	0	0	2	7	7	3	9	19	21	19	27	43	138	65	93	34	14	10	5	6	4	6	5	3	5	5	5	3	1	4	7	8	9	11	7	6	13	6	8	5	12	32	26	22	43	57	120	0	203	75	27	12	16	26	37	25	24	8	15	4	5	11	20	10	10	4	4	4	8	6	3	4	5	6	7	8	4	9	2	6	4	7	9	4	4	2	6	5	6	6	7	4	1	3	7	3	1	4	10	11	5	6	4	5	3	4	3	3	4	5	5	2	4	8	5	6	7	9	10	4	7	12	10	11	4	8	4	6	3	5	5	4	7	10	8	5	6	7	3	4	4	2	1	1	1	1	2	1	0	1	3	1	2	2	3	0	3	1	2	2	1	4	1	0	1	5	1	1	1	1	3	4	3	5	1	0	1	5	2	4	2	5	5	2	1	3	2	1	1	1	4	3	2	3	2
0	0	0	4	0	4	2	7	18	11	15	21	38	67	43	42	25	14	7	5	8	4	5	7	2	4	3	3	2	3	2	2	7	10	7	11	4	6	3	2	4	9	12	21	11	28	31	55	203	0	211	32	34	30	58	70	23	14	10	11	1	4	12	10	8	6	2	4	6	9	2	2	6	5	1	4	6	4	5	6	1	13	1	2	5	3	1	3	4	9	2	4	5	0	2	2	3	2	8	3	1	5	3	2	0	3	2	2	2	6	0	4	2	6	10	4	16	5	18	8	11	15	11	10	6	11	12	7	7	2	7	5	8	6	8	23	19	13	4	3	6	2	1	2	3	1	2	1	0	1	2	2	3	3	3	1	2	3	4	4	2	2	1	2	4	2	2	4	1	4	4	3	5	5	5	3	5	5	2	3	3	7	5	7	3	3	5	2	3	2	3	0	4	1	2	3
0	0	0	5	9	7	3	10	11	7	20	13	25	39	37	37	17	20	8	4	2	3	3	5	5	5	2	1	5	2	2	1	1	5	4	13	8	8	12	10	2	4	12	11	15	19	27	33	75	211	0	81	59	62	100	143	34	21	18	15	7	8	7	12	9	8	5	12	2	7	8	5	8	6	3	6	5	11	10	5	4	4	9	6	14	5	4	3	6	4	6	2	4	4	4	1	3	3	2	7	2	1	2	2	7	3	2	2	8	3	4	7	3	4	12	5	12	10	23	19	19	19	15	8	11	9	13	10	8	11	7	5	10	9	13	28	21	18	10	11	6	5	4	3	1	2	2	0	0	2	3	4	1	2	4	2	2	2	1	4	1	0	0	3	1	3	4	7	4	0	2	3	5	8	8	9	6	3	6	7	4	7	5	4	2	1	2	2	2	5	0	1	1	2	1	2
0	0	0	4	3	2	3	4	8	5	10	6	11	11	8	23	9	7	5	5	5	4	2	2	5	0	3	1	3	1	4	4	4	8	3	7	7	13	6	5	6	6	9	13	11	18	32	21	27	32	81	0	175	172	110	219	64	26	18	17	4	5	11	15	11	4	4	5	3	6	6	5	6	10	5	9	4	6	8	4	11	3	4	5	1	7	5	7	4	9	5	3	10	9	3	5	0	3	7	8	7	5	1	8	6	2	3	2	1	4	11	5	8	16	20	11	20	30	45	39	52	80	46	48	14	25	19	16	11	15	13	13	16	14	19	41	49	38	20	7	7	7	7	3	7	3	1	1	2	1	4	6	4	2	0	2	3	2	0	2	4	0	1	3	0	0	2	2	4	1	9	10	12	16	11	4	5	5	5	2	3	6	11	7	6	6	7	6	5	3	2	3	0	4	0	2
0	0	0	3	5	2	6	5	2	3	4	10	12	12	11	12	3	6	7	3	4	5	3	3	3	0	2	1	3	2	1	4	3	4	1	3	5	8	4	2	1	4	3	9	2	6	16	11	12	34	59	175	0	350	154	142	32	20	10	9	6	2	8	10	9	6	6	6	4	3	7	2	7	2	2	3	2	4	6	10	6	8	7	5	6	4	2	5	6	5	9	2	5	3	9	3	2	2	2	3	8	4	1	6	3	3	5	1	0	2	4	8	11	11	14	14	19	27	34	23	28	85	51	32	11	32	21	19	15	18	6	7	11	20	14	28	14	21	17	10	9	8	2	1	4	4	1	1	5	1	2	1	1	3	2	6	3	1	1	0	2	2	2	5	1	0	2	1	2	3	2	7	3	7	9	8	2	4	4	3	2	5	4	3	6	4	3	7	2	3	2	2	2	4	1	0
0	0	0	2	1	4	3	4	11	5	6	9	17	13	6	18	7	6	3	2	2	4	0	3	1	2	2	3	0	2	1	1	1	4	4	2	5	8	6	5	2	5	4	8	3	12	22	15	16	30	62	172	350	0	328	77	30	16	9	10	3	2	3	5	8	1	3	2	3	2	4	2	6	6	6	3	10	6	6	7	4	3	6	8	4	0	5	0	7	8	7	8	4	4	1	5	3	2	5	9	6	6	2	4	0	4	1	3	2	4	5	5	7	7	6	9	12	11	22	21	32	70	44	39	13	36	34	16	16	15	13	8	10	21	24	25	17	16	11	8	9	4	2	4	3	1	4	1	1	3	1	1	0	4	0	3	4	4	1	0	0	1	2	2	2	1	1	2	4	0	4	3	12	11	13	5	8	6	6	3	4	4	8	8	7	4	4	3	7	2	4	3	1	3	0	2
0	0	0	2	2	2	2	5	4	8	8	11	8	18	19	26	10	7	4	5	6	1	2	3	4	1	3	2	0	0	5	4	3	5	9	5	4	2	7	8	6	6	5	12	9	11	16	17	26	58	100	110	154	328	0	90	23	11	15	9	1	8	4	4	6	3	1	6	4	7	4	3	3	5	3	2	6	4	9	5	5	3	5	7	7	2	3	3	3	4	4	2	5	6	4	1	3	1	5	3	9	5	4	4	4	2	3	5	2	6	2	5	9	5	6	9	19	15	25	18	22	31	26	21	13	26	26	23	9	14	7	4	11	11	12	29	14	9	11	3	3	1	1	0	1	1	3	0	1	0	0	2	3	2	2	2	2	2	2	2	2	2	1	0	1	1	1	0	2	4	3	9	6	9	4	6	9	2	3	1	4	1	7	4	2	2	8	3	3	3	3	0	2	1	3	3
0	0	0	2	6	3	2	8	2	4	14	8	21	14	20	27	12	4	1	1	4	3	3	3	4	2	1	1	0	0	2	4	0	4	8	7	7	6	8	5	2	9	11	9	11	12	20	41	37	70	143	219	142	77	90	0	80	27	13	19	4	4	6	12	12	8	4	1	9	10	6	3	3	4	5	8	8	6	4	10	12	8	5	9	6	6	0	7	7	8	6	11	5	8	5	2	4	3	4	6	4	6	4	10	8	3	3	4	4	3	6	1	3	11	11	6	18	29	53	42	40	34	29	29	10	15	16	13	7	11	10	3	6	13	14	26	25	15	16	7	6	5	4	5	4	1	2	1	3	3	3	1	1	3	0	4	2	2	1	2	1	2	0	1	2	1	2	5	3	2	0	6	2	12	14	6	8	3	2	3	2	5	10	3	4	8	6	7	2	3	1	2	2	0	1	0
0	0	0	3	1	2	3	9	7	1	8	6	4	5	10	18	13	7	5	3	6	1	5	4	1	2	4	1	3	2	5	0	4	3	5	6	4	12	11	10	3	7	15	15	23	24	76	36	25	23	34	64	32	30	23	80	0	131	67	31	10	7	15	54	18	8	6	7	10	15	10	8	7	6	5	10	15	16	19	21	22	15	12	12	13	7	5	12	11	15	15	9	16	9	4	6	6	7	16	23	12	9	4	4	10	2	6	8	4	6	11	18	17	16	20	13	25	27	67	130	57	18	26	25	12	9	9	13	8	4	6	9	8	11	24	36	61	26	20	11	9	9	3	7	6	7	1	4	1	1	5	3	6	2	3	5	1	3	0	1	2	1	3	2	2	3	5	3	1	5	10	14	6	11	13	10	5	6	8	3	5	6	13	7	5	6	6	4	3	2	1	3	1	1	4	0
0	0	0	2	4	2	2	8	7	7	2	5	10	8	11	23	8	12	6	2	5	3	3	2	3	2	7	4	3	2	2	1	3	3	7	10	7	32	26	23	10	15	15	39	30	31	64	32	24	14	21	26	20	16	11	27	131	0	192	83	12	17	80	121	20	14	22	12	23	24	28	22	15	8	6	8	16	16	23	40	46	43	27	26	17	11	10	13	16	18	24	13	22	24	17	15	6	4	15	20	28	16	14	13	10	4	5	7	6	5	8	12	15	23	22	13	17	30	46	54	19	13	7	12	8	13	1	4	5	4	4	3	6	6	18	25	42	32	10	6	8	6	6	2	1	5	2	1	5	1	2	2	3	6	2	1	4	2	2	6	3	4	5	3	4	4	5	4	8	6	8	13	8	8	14	5	4	6	5	5	8	6	13	17	7	6	10	5	2	3	1	4	2	1	3	3
0	0	0	2	4	2	2	2	7	2	0	3	5	8	8	9	8	6	5	5	4	3	5	4	5	3	2	0	2	1	1	3	0	6	7	5	7	15	26	13	4	13	12	13	19	11	25	9	8	10	18	18	10	9	15	13	67	192	0	75	15	18	58	53	17	13	10	19	26	12	10	13	6	10	13	10	28	23	26	68	69	62	41	31	16	11	11	24	20	33	63	28	41	36	18	10	14	10	25	55	44	29	22	10	22	15	17	3	18	15	18	17	29	27	36	19	19	39	37	93	29	18	10	13	8	8	8	8	4	4	6	5	8	8	23	19	46	35	16	17	12	4	9	8	3	4	6	4	3	3	1	1	2	4	5	2	6	2	4	4	4	6	3	1	3	7	7	14	9	5	16	10	10	14	9	9	8	8	5	4	9	9	25	16	6	4	6	5	13	5	5	5	3	4	1	2
0	0	0	2	5	0	3	4	4	10	7	2	7	8	7	21	9	12	7	5	5	9	6	6	4	3	7	5	1	1	3	2	4	3	13	15	25	40	99	32	10	19	15	20	37	18	30	15	15	11	15	17	9	10	9	19	31	83	75	0	16	39	238	127	31	18	26	20	32	16	31	26	26	18	11	25	62	70	76	126	90	39	79	112	48	29	20	20	28	37	21	15	23	24	15	11	6	11	17	20	12	6	12	9	17	6	5	10	6	9	10	10	7	10	15	14	14	17	9	22	18	4	10	10	1	9	2	6	5	3	3	3	2	8	24	36	37	16	15	7	12	9	7	7	7	6	7	0	1	3	7	2	6	8	1	0	2	7	2	5	3	4	4	7	2	7	4	6	6	10	10	12	12	6	11	11	14	6	7	8	11	11	35	14	6	6	9	5	7	3	0	1	3	5	4	3
0	0	0	1	2	0	3	2	0	3	1	2	2	4	3	3	2	5	5	4	2	4	2	3	2	3	3	2	1	1	1	1	0	1	4	11	9	11	21	14	12	8	3	9	8	5	4	6	4	1	7	4	6	3	1	4	10	12	15	16	0	115	36	13	13	8	21	24	18	9	23	28	21	18	10	18	16	13	28	33	32	46	85	59	50	47	39	44	26	28	26	52	80	61	121	40	23	31	26	21	22	26	16	30	46	34	51	89	54	32	28	12	18	11	9	5	9	13	4	18	7	7	6	5	5	2	5	2	1	1	2	1	0	3	6	4	8	7	7	6	10	8	5	5	8	1	11	5	5	6	11	6	16	21	11	6	9	5	11	5	9	18	11	6	10	15	14	23	17	25	16	13	6	2	4	5	6	7	0	10	10	10	27	33	12	9	6	3	3	8	6	3	2	4	4	2
0	0	0	2	3	4	6	1	6	2	6	5	3	2	1	5	5	4	6	3	2	1	4	2	1	3	2	4	3	1	0	1	1	2	8	5	12	15	37	26	13	7	18	19	10	14	10	8	5	4	8	5	2	2	8	4	7	17	18	39	115	0	86	39	38	21	68	43	39	14	41	129	35	28	26	24	26	26	21	53	104	134	199	94	66	33	35	26	20	12	30	30	62	96	93	42	32	31	35	18	13	18	26	23	25	15	35	34	17	13	11	14	16	12	9	5	6	7	7	9	7	8	1	6	2	4	5	2	4	2	2	3	4	6	6	5	15	10	4	7	13	11	11	5	3	4	9	4	6	1	4	3	11	10	6	5	7	4	2	2	8	9	6	1	6	6	4	11	12	8	4	13	10	4	3	3	4	4	7	10	9	7	19	9	16	6	4	3	3	3	5	3	3	5	3	3
0	0	0	2	3	2	5	4	7	3	4	3	4	9	9	11	8	7	4	5	3	5	5	7	7	3	5	2	1	3	0	3	6	4	9	10	25	54	83	47	26	13	22	35	33	25	20	11	11	12	7	11	8	3	4	6	15	80	58	238	36	86	0	205	74	39	52	28	44	23	47	63	30	24	16	40	47	26	34	65	218	133	164	77	63	24	24	18	16	30	29	21	36	30	22	11	13	9	16	23	21	9	8	7	11	10	8	11	11	6	20	13	21	16	15	8	9	13	14	18	15	4	6	9	3	5	6	6	11	4	6	3	3	5	11	18	19	18	11	5	5	8	4	7	4	3	4	3	5	5	1	1	7	4	2	4	1	1	3	3	10	6	3	3	9	6	3	14	7	12	7	12	7	8	7	9	3	5	5	7	10	10	29	12	7	2	5	2	6	2	1	3	4	2	7	5
0	0	0	1	3	5	4	5	4	6	3	5	13	8	12	24	11	22	13	7	7	4	6	3	6	4	4	3	2	3	2	2	4	8	6	9	15	61	67	59	26	24	32	65	79	55	50	17	20	10	12	15	10	5	4	12	54	121	53	127	13	39	205	0	88	34	31	17	49	43	40	29	32	11	9	15	26	16	27	36	75	41	40	39	34	15	4	13	7	18	18	17	22	25	15	14	8	7	15	18	16	12	9	11	4	9	15	9	8	7	5	9	13	9	3	11	9	13	15	30	17	8	3	10	6	4	3	10	5	3	5	6	9	4	22	16	18	7	7	4	4	6	4	6	0	3	6	4	2	1	6	1	2	7	0	4	2	2	2	3	3	3	4	4	4	4	5	9	6	7	7	11	6	8	2	4	4	8	2	1	3	5	17	9	9	2	4	7	4	2	0	2	3	2	2	0
0	0	0	0	4	3	5	2	7	8	7	1	4	10	9	10	17	20	14	11	7	9	10	11	6	7	1	6	5	8	6	1	8	8	10	11	25	71	69	338	75	60	47	72	92	24	14	9	10	8	9	11	9	8	6	12	18	20	17	31	13	38	74	88	0	172	77	32	56	78	176	58	83	14	15	26	21	16	18	19	37	31	28	19	24	21	15	11	5	11	10	6	20	20	13	20	13	14	13	6	10	10	4	5	7	6	10	6	6	8	5	10	8	8	8	4	5	7	4	8	6	6	5	3	3	1	3	5	1	3	0	0	5	5	5	14	7	8	1	7	6	5	3	3	2	1	5	3	1	4	2	5	4	7	4	6	2	1	0	3	4	3	2	5	1	4	5	2	3	4	3	4	4	4	1	7	4	2	4	8	6	3	12	8	2	4	3	6	0	4	2	2	2	2	2	1
0	0	0	5	3	5	3	4	7	1	9	3	5	3	5	7	9	12	10	10	12	13	7	8	10	4	5	8	7	1	3	6	8	3	13	9	32	39	43	226	101	57	15	45	27	16	7	9	10	6	8	4	6	1	3	8	8	14	13	18	8	21	39	34	172	0	104	26	40	43	186	67	131	22	17	32	14	5	10	14	22	17	18	15	15	11	15	8	6	7	8	7	6	19	15	13	8	12	6	12	10	7	7	2	10	7	8	6	7	4	9	5	3	6	9	3	6	2	5	4	6	3	2	1	1	2	3	4	4	3	3	0	1	3	7	9	10	7	4	0	2	1	2	1	3	2	4	4	4	2	2	4	5	6	0	3	4	2	0	1	3	6	4	1	1	5	4	5	6	1	4	3	5	2	3	1	1	5	5	4	4	4	10	7	4	4	2	3	4	4	0	5	3	0	0	0
0	0	0	3	4	3	5	4	7	6	1	2	4	2	5	5	12	6	12	4	11	10	5	5	5	4	2	4	3	1	3	3	4	2	9	10	13	17	36	58	32	26	20	21	22	14	16	3	4	2	5	4	6	3	1	4	6	22	10	26	21	68	52	31	77	104	0	117	90	60	448	517	82	28	19	32	16	14	9	25	51	47	36	20	40	19	13	13	14	11	9	16	15	32	35	44	20	14	21	10	12	13	6	12	12	15	12	15	10	8	9	4	8	4	9	9	5	7	4	7	6	5	6	8	1	1	6	8	4	3	1	0	6	4	5	7	6	6	5	3	1	8	6	5	2	5	6	5	1	2	5	7	3	4	4	3	5	3	2	2	2	5	2	4	5	5	9	10	4	6	4	5	5	4	2	6	4	2	2	4	6	3	9	12	4	3	6	6	3	3	3	0	4	3	1	1
0	0	0	2	2	3	4	2	4	4	4	0	1	2	4	7	2	4	5	3	3	8	1	4	4	2	2	1	2	2	1	6	3	7	7	5	5	9	26	20	17	26	17	12	13	12	18	8	4	4	12	5	6	2	6	1	7	12	19	20	24	43	28	17	32	26	117	0	181	58	87	61	30	14	11	13	6	8	8	10	36	55	27	17	15	10	12	5	3	6	11	10	16	51	36	65	45	39	43	13	18	16	9	8	18	13	13	13	9	10	7	10	6	9	6	7	6	7	10	8	10	4	0	4	2	4	3	1	4	3	1	2	3	6	6	5	13	12	4	7	0	5	6	1	3	4	5	3	1	1	1	2	2	7	2	3	3	4	3	0	2	3	0	2	7	6	5	5	5	8	3	2	6	4	2	2	2	4	2	1	2	2	10	5	4	5	4	2	2	2	0	4	2	2	3	3
0	0	0	3	2	0	0	2	4	3	1	5	4	7	2	10	6	8	8	1	10	3	5	5	7	1	1	4	1	5	2	2	5	4	3	8	6	11	21	26	28	24	23	32	27	20	28	9	4	6	2	3	4	3	4	9	10	23	26	32	18	39	44	49	56	40	90	181	0	164	133	51	22	13	16	16	17	9	12	18	50	55	32	12	19	8	10	4	5	10	15	7	16	42	30	20	20	28	20	12	18	12	10	14	16	10	8	9	5	7	4	11	8	6	8	3	9	3	10	10	5	1	8	7	4	1	5	1	1	0	1	3	3	7	5	9	11	5	7	8	5	5	3	0	2	5	5	3	0	0	3	3	3	3	2	2	4	3	0	0	3	3	1	3	6	6	5	8	4	3	0	1	3	4	3	3	2	1	1	5	7	5	10	11	3	4	1	2	3	2	2	2	4	2	1	2
0	0	0	1	4	3	6	1	3	5	3	6	9	5	4	4	9	14	10	12	13	3	8	6	5	3	4	1	4	2	1	3	5	4	9	9	11	16	23	33	33	46	47	51	24	32	17	15	8	9	7	6	3	2	7	10	15	24	12	16	9	14	23	43	78	43	60	58	164	0	99	30	21	6	6	10	17	7	4	17	21	20	16	14	12	7	4	3	7	12	10	5	15	15	11	13	14	14	18	14	21	10	3	7	12	7	2	9	4	5	4	5	8	2	5	7	3	5	5	11	6	4	6	4	8	6	3	5	3	5	6	2	3	2	3	11	9	5	4	2	4	7	6	5	3	0	3	1	1	2	2	0	1	0	3	2	4	5	1	0	5	3	2	6	4	0	3	8	3	7	2	1	4	1	3	1	0	4	2	5	0	6	8	5	9	5	1	3	3	2	0	2	6	3	0	0
0	0	0	1	2	2	6	3	8	1	3	6	3	3	6	13	5	2	17	9	5	7	9	8	1	9	3	7	5	1	2	3	5	4	12	10	12	25	37	69	43	39	22	33	30	18	16	11	6	2	8	6	7	4	4	6	10	28	10	31	23	41	47	40	176	186	448	87	133	99	0	120	68	19	13	17	18	21	14	14	39	46	36	24	16	23	11	13	8	11	6	9	15	27	24	22	19	15	11	7	11	7	6	9	13	5	13	11	4	4	7	1	7	9	7	1	6	7	5	4	8	1	4	7	3	2	1	4	1	0	4	1	4	2	7	5	7	10	7	1	3	2	3	2	4	2	1	3	1	0	1	2	10	3	2	0	0	5	0	2	5	0	1	2	1	5	4	5	4	4	2	5	1	2	3	6	4	3	5	4	1	4	9	9	8	2	4	1	2	8	4	3	0	0	4	1
0	0	0	2	1	4	4	1	5	7	5	0	0	3	4	4	6	7	9	7	9	4	6	5	1	3	4	3	2	2	4	5	8	6	8	8	16	28	36	49	29	9	13	12	25	8	4	8	3	2	5	5	2	2	3	3	8	22	13	26	28	129	63	29	58	67	517	61	51	30	120	0	89	46	36	44	28	13	18	27	34	42	54	30	35	33	11	9	15	11	9	13	27	50	46	36	21	23	19	10	11	9	8	9	12	14	20	11	10	12	9	8	5	4	6	4	4	5	6	5	5	3	4	4	2	6	3	2	1	1	2	6	7	1	7	6	6	12	3	2	2	6	2	6	2	3	3	1	1	1	5	3	3	3	1	6	4	2	3	1	2	4	2	2	8	7	4	14	5	8	2	3	6	7	6	3	4	2	6	3	3	7	11	7	10	5	5	2	5	1	2	4	7	2	3	5
0	0	0	2	2	2	6	6	7	5	4	2	6	8	12	11	13	14	3	8	7	11	10	5	4	7	4	2	5	1	3	6	6	5	14	14	27	46	75	86	39	19	11	22	30	10	10	3	4	6	8	6	7	6	3	3	7	15	6	26	21	35	30	32	83	131	82	30	22	21	68	89	0	84	46	79	35	28	21	29	29	14	34	23	30	44	15	9	8	9	5	9	18	13	16	19	13	7	10	9	3	9	2	11	7	5	4	13	5	8	3	0	2	8	8	8	1	6	10	10	6	5	4	5	2	4	2	3	1	3	1	4	2	2	9	8	9	11	6	1	6	4	1	1	3	0	6	2	1	2	6	3	4	11	5	7	1	3	7	0	9	6	5	1	4	4	5	8	6	5	4	5	1	4	4	4	6	0	2	3	5	4	10	8	7	2	4	3	2	2	1	1	6	3	0	2
0	0	0	2	4	2	4	4	7	7	5	4	3	6	5	3	5	5	6	11	4	8	5	10	10	3	5	3	4	6	4	3	5	5	9	13	23	13	37	13	12	11	7	8	9	4	4	1	5	5	6	10	2	6	5	4	6	8	10	18	18	28	24	11	14	22	28	14	13	6	19	46	84	0	1027	258	52	19	23	24	22	9	33	25	47	125	43	21	13	6	6	8	6	14	16	12	8	7	5	8	7	5	4	7	10	4	10	11	6	8	3	7	3	6	7	2	3	2	4	4	5	1	2	1	3	4	3	3	4	2	4	2	5	3	7	7	4	6	5	3	5	9	3	4	4	2	3	4	2	5	6	5	7	16	9	5	7	2	3	0	6	12	2	3	5	5	9	11	4	4	5	6	8	3	4	3	4	6	8	5	8	8	20	9	9	2	8	2	2	4	2	6	2	4	2	2
0	0	0	4	2	3	5	6	2	3	6	2	2	4	4	10	7	10	13	5	4	4	5	6	6	4	4	2	5	4	4	2	0	7	10	8	17	17	53	18	9	10	5	8	14	9	5	6	6	1	3	5	2	6	3	5	5	6	13	11	10	26	16	9	15	17	19	11	16	6	13	36	46	1027	0	254	46	11	16	14	12	18	26	27	42	170	51	19	12	8	12	12	13	18	11	6	5	7	6	15	4	3	2	6	5	2	11	17	9	8	7	6	6	6	3	3	5	4	3	5	3	2	8	4	6	3	1	1	2	1	3	5	1	3	7	10	7	7	3	9	6	2	5	4	3	3	5	2	1	3	4	3	9	15	6	4	7	5	1	0	3	2	4	5	2	8	5	10	7	6	10	8	7	1	2	1	3	7	4	6	5	9	13	6	6	5	3	3	3	4	2	2	7	5	4	5
0	0	0	2	7	1	3	6	7	5	7	3	2	3	3	7	6	10	10	4	2	9	9	8	9	6	6	0	3	5	6	5	2	5	10	14	22	32	74	27	13	18	14	13	15	9	8	6	7	4	6	9	3	3	2	8	10	8	10	25	18	24	40	15	26	32	32	13	16	10	17	44	79	258	254	0	110	37	23	34	25	19	25	31	76	152	44	29	14	18	8	10	15	19	16	17	14	6	8	9	2	6	3	9	4	12	6	13	4	6	7	7	7	8	5	3	6	13	4	5	6	1	9	6	4	5	2	0	3	3	4	4	3	5	6	12	9	8	3	5	0	4	5	4	3	1	5	5	2	2	1	0	9	10	9	9	2	6	3	4	4	7	6	2	3	3	12	5	5	7	4	8	6	5	7	4	6	5	4	4	14	12	25	12	6	10	8	5	2	5	4	1	4	5	3	10
0	0	0	0	4	2	2	4	3	4	2	1	1	3	7	11	9	2	7	2	5	4	4	4	6	2	2	3	7	4	2	4	6	5	10	13	17	47	114	21	12	12	7	15	15	6	8	4	8	6	5	4	2	10	6	8	15	16	28	62	16	26	47	26	21	14	16	6	17	17	18	28	35	52	46	110	0	187	106	62	35	19	54	98	214	71	49	68	30	25	16	11	17	13	14	9	9	8	12	8	10	7	5	10	9	8	13	15	19	11	10	13	8	10	10	9	8	3	5	5	6	5	4	4	4	3	1	5	3	7	3	4	8	7	13	19	17	19	9	10	8	8	7	5	5	4	4	4	5	3	5	3	12	10	6	5	8	7	4	1	7	8	3	3	4	6	9	10	12	14	6	8	15	7	7	6	8	5	3	5	15	38	53	18	8	9	10	5	2	8	4	3	14	8	4	5
0	0	0	0	1	6	5	2	10	4	3	4	4	6	2	12	13	8	5	5	2	7	5	12	5	3	4	2	7	1	3	8	5	10	9	14	29	51	56	21	7	7	6	11	26	10	10	1	4	4	11	6	4	6	4	6	16	16	23	70	13	26	26	16	16	5	14	8	9	7	21	13	28	19	11	37	187	0	378	61	18	25	27	48	75	26	38	53	45	29	16	7	12	11	13	3	8	6	6	18	10	4	6	8	9	4	8	10	11	8	13	11	10	10	8	8	11	12	4	13	12	4	5	9	6	8	3	6	8	6	3	10	14	20	24	31	24	15	9	10	12	7	1	5	8	6	3	4	4	2	7	5	8	9	9	15	11	1	3	3	7	4	4	4	5	4	5	9	5	7	8	14	16	16	18	16	18	7	8	5	22	31	59	22	21	10	7	5	7	4	4	4	7	7	2	7
0	0	0	0	1	2	4	3	8	4	3	6	5	5	6	4	10	4	6	3	3	4	1	6	5	3	2	4	2	2	4	4	0	2	9	16	22	31	54	17	6	10	7	22	13	15	11	12	9	5	10	8	6	6	9	4	19	23	26	76	28	21	34	27	18	10	9	8	12	4	14	18	21	23	16	23	106	378	0	102	26	9	34	65	47	27	17	53	41	44	24	15	14	13	11	3	8	6	10	10	7	6	6	11	10	4	11	8	14	16	17	5	11	12	15	7	5	13	14	11	29	9	7	13	12	10	8	7	6	5	3	5	6	16	43	40	42	38	14	4	14	16	4	8	7	5	5	4	4	3	4	5	6	11	7	10	6	2	4	4	7	3	8	7	4	3	9	9	6	7	9	21	26	18	21	19	18	14	12	9	18	43	79	33	11	12	10	12	5	6	5	1	1	7	3	6
0	0	0	0	3	1	3	4	3	7	6	1	4	3	3	6	9	4	5	5	4	5	5	4	8	6	1	3	1	1	1	7	0	6	3	7	15	21	41	17	11	11	5	15	22	13	15	8	2	6	5	4	10	7	5	10	21	40	68	126	33	53	65	36	19	14	25	10	18	17	14	27	29	24	14	34	62	61	102	0	95	58	193	480	117	24	20	66	80	95	61	25	57	37	21	13	11	14	18	27	28	12	14	23	26	14	17	24	16	29	22	13	23	25	19	17	10	11	16	10	18	9	0	13	4	3	6	4	6	3	6	8	6	4	24	23	22	29	12	5	13	7	12	12	7	5	5	3	3	4	2	6	6	8	7	9	3	0	6	2	5	5	4	6	7	4	8	20	17	16	10	19	25	13	18	9	13	8	10	13	16	23	81	46	19	23	8	6	7	9	3	3	5	6	2	6
0	0	0	1	1	1	6	3	4	1	4	6	2	6	4	3	6	7	5	2	4	2	1	1	5	3	2	1	0	3	2	0	8	5	5	11	7	25	30	15	10	12	10	14	18	17	13	4	6	1	4	11	6	4	5	12	22	46	69	90	32	104	218	75	37	22	51	36	50	21	39	34	29	22	12	25	35	18	26	95	0	1243	182	88	43	17	18	22	19	30	47	31	78	123	40	31	16	26	45	61	45	24	17	20	30	12	17	10	19	10	23	30	32	18	18	14	4	10	13	16	8	4	6	11	2	7	4	5	4	1	3	6	4	4	7	8	20	12	8	6	14	14	4	8	0	8	12	6	4	2	1	5	6	10	7	4	7	5	3	3	6	2	4	3	1	8	1	17	10	5	13	10	16	5	4	5	4	1	6	2	9	9	17	15	7	5	10	8	3	5	5	3	3	3	6	3
0	0	0	1	2	4	2	4	4	5	2	3	5	5	3	6	3	5	3	3	4	5	3	5	0	1	2	2	0	4	2	5	5	4	1	6	8	20	22	14	13	14	11	11	22	6	13	10	4	13	4	3	8	3	3	8	15	43	62	39	46	134	133	41	31	17	47	55	55	20	46	42	14	9	18	19	19	25	9	58	1243	0	126	72	31	19	16	28	19	27	48	34	89	238	60	27	16	28	77	36	48	38	17	25	33	12	19	16	9	16	16	14	25	25	16	11	15	10	9	10	9	7	10	9	8	6	6	5	1	5	4	0	3	6	17	8	17	14	10	8	5	7	6	6	4	4	10	6	7	5	3	2	6	5	6	1	3	4	2	2	3	5	3	3	4	5	9	15	8	13	7	8	6	7	3	4	3	4	5	3	6	7	13	9	9	11	5	9	1	2	2	5	3	4	3	4
0	0	0	1	0	1	1	5	8	6	4	3	2	5	3	3	9	6	4	4	3	5	5	4	4	5	3	1	2	3	2	5	0	4	5	7	11	24	49	19	10	16	10	15	14	10	10	5	7	1	9	4	7	6	5	5	12	27	41	79	85	199	164	40	28	18	36	27	32	16	36	54	34	33	26	25	54	27	34	193	182	126	0	390	139	33	26	43	36	49	44	37	84	64	40	26	19	17	24	30	25	20	14	28	31	17	25	25	12	18	15	13	19	12	13	9	7	10	4	17	12	13	4	7	4	6	5	3	5	6	3	4	5	11	17	19	10	24	10	11	8	8	6	4	5	4	4	6	4	5	2	7	8	12	5	10	3	3	7	6	4	1	4	7	6	7	12	14	6	9	16	15	7	11	10	5	7	4	7	5	6	16	28	16	10	7	10	1	5	0	3	3	4	2	3	3
0	0	0	2	1	6	3	2	8	2	5	2	4	6	3	6	11	7	6	3	2	5	6	6	11	1	2	4	3	1	2	4	2	0	7	9	14	27	57	22	8	9	5	12	14	10	13	8	9	2	6	5	5	8	7	9	12	26	31	112	59	94	77	39	19	15	20	17	12	14	24	30	23	25	27	31	98	48	65	480	88	72	390	0	285	45	39	72	57	46	31	36	47	43	30	17	11	16	13	22	16	13	18	20	17	14	13	27	27	20	24	18	11	17	9	12	13	9	15	10	3	6	6	7	3	8	10	2	4	6	4	4	7	10	13	14	19	17	11	11	10	15	6	6	4	8	7	3	2	8	5	7	12	14	10	8	5	6	3	2	10	9	9	5	13	5	6	15	8	11	12	16	12	9	4	12	12	8	9	6	6	23	69	33	14	8	6	7	5	2	8	5	4	6	4	3
0	0	0	3	4	4	4	3	4	4	3	2	6	10	5	8	5	4	7	3	2	7	3	6	8	2	3	5	5	2	2	3	6	3	3	11	20	36	64	15	8	7	5	9	16	13	7	5	4	5	14	1	6	4	7	6	13	17	16	48	50	66	63	34	24	15	40	15	19	12	16	35	30	47	42	76	214	75	47	117	43	31	139	285	0	114	73	92	33	36	28	25	21	27	29	12	14	7	15	15	10	10	6	13	18	15	17	10	16	17	12	12	15	7	14	9	8	4	3	8	7	2	6	11	2	7	2	6	3	6	2	2	6	14	14	12	16	5	4	10	11	6	11	6	7	6	5	5	1	5	2	6	13	19	4	4	15	10	5	5	6	10	3	3	4	3	11	12	11	9	10	8	10	6	8	5	6	5	6	12	19	13	49	23	16	15	4	7	5	7	4	6	4	5	6	4
0	0	0	3	2	2	3	3	3	3	3	3	4	3	4	3	2	2	3	2	4	4	4	2	3	6	6	2	1	1	2	4	0	5	3	9	12	18	31	17	9	6	9	7	12	5	6	3	4	3	5	7	4	0	2	6	7	11	11	29	47	33	24	15	21	11	19	10	8	7	23	33	44	125	170	152	71	26	27	24	17	19	33	45	114	0	240	61	24	16	8	9	19	12	18	10	7	13	3	3	7	4	10	5	11	10	9	28	16	12	13	5	7	4	5	7	2	5	4	6	4	4	6	4	4	3	1	3	4	1	0	2	5	7	8	7	12	9	4	5	5	9	8	3	5	13	6	3	4	5	7	6	13	18	12	4	8	6	3	3	6	9	5	7	9	5	8	15	14	7	12	11	7	15	7	5	8	8	7	9	15	12	32	18	9	6	9	7	6	3	3	10	7	2	9	5
0	0	0	2	4	3	2	0	7	2	1	2	3	1	1	2	3	3	6	3	3	5	5	4	7	6	5	1	2	3	0	1	4	2	6	5	7	10	10	11	8	5	4	8	7	8	4	4	2	1	4	5	2	5	3	0	5	10	11	20	39	35	24	4	15	15	13	12	10	4	11	11	15	43	51	44	49	38	17	20	18	16	26	39	73	240	0	69	39	17	16	8	17	21	21	16	14	9	6	12	11	13	8	12	19	10	19	32	33	17	14	10	6	11	7	3	4	5	3	3	6	5	3	7	3	2	3	4	1	2	6	3	7	9	7	7	3	11	5	8	10	9	7	7	4	9	12	8	8	6	9	14	19	29	12	15	13	10	8	7	5	15	7	10	9	16	8	17	6	13	7	16	7	5	8	9	8	6	11	8	12	15	42	19	16	21	6	11	3	4	4	4	10	10	4	9
0	0	0	0	3	4	2	1	1	7	0	1	6	6	9	6	6	3	1	3	2	5	3	6	6	4	0	0	0	3	2	3	8	3	6	5	8	18	17	11	5	3	4	7	12	6	7	3	6	3	3	7	5	0	3	7	12	13	24	20	44	26	18	13	11	8	13	5	4	3	13	9	9	21	19	29	68	53	53	66	22	28	43	72	92	61	69	0	204	34	23	27	32	18	12	2	10	8	10	16	7	10	14	13	11	9	13	19	52	24	22	10	9	18	8	7	9	7	3	14	13	3	5	7	6	7	9	11	4	5	3	3	2	6	14	12	10	10	10	7	12	13	9	10	12	7	10	2	7	5	9	16	17	47	18	20	18	6	9	5	14	15	10	1	10	6	11	15	19	26	11	16	14	10	15	10	18	9	11	13	30	50	203	57	32	20	17	7	16	8	4	4	6	6	12	5
0	0	0	2	3	0	3	4	4	2	2	3	3	5	2	1	2	4	3	3	2	0	3	2	2	2	4	0	1	1	1	1	2	0	6	9	9	8	15	13	3	4	3	5	8	3	6	7	5	4	6	4	6	7	3	7	11	16	20	28	26	20	16	7	5	6	14	3	5	7	8	15	8	13	12	14	30	45	41	80	19	19	36	57	33	24	39	204	0	107	36	30	37	14	20	8	6	6	14	15	13	11	18	15	12	5	15	28	34	37	63	17	13	23	20	20	14	13	8	21	8	10	10	9	5	5	7	5	2	2	3	7	5	12	17	19	15	18	18	16	22	26	24	6	13	10	13	3	11	5	7	18	21	31	17	19	14	6	7	10	14	19	9	15	11	9	16	24	18	33	27	46	35	7	19	19	13	14	31	22	47	43	506	313	86	45	27	21	8	6	5	9	12	14	6	9
0	0	0	1	3	2	3	6	5	4	2	2	1	4	6	4	6	3	3	4	9	5	0	1	0	1	2	3	3	2	4	0	3	4	1	7	8	10	18	4	3	3	3	7	11	9	5	6	6	9	4	9	5	8	4	8	15	18	33	37	28	12	30	18	11	7	11	6	10	12	11	11	9	6	8	18	25	29	44	95	30	27	49	46	36	16	17	34	107	0	206	67	62	25	9	10	5	5	27	47	30	18	19	27	17	15	15	20	34	48	146	43	25	55	44	27	17	20	15	24	16	10	14	9	10	7	4	5	5	8	8	4	9	9	21	11	17	54	30	18	32	43	15	14	11	9	6	6	3	8	5	10	11	18	3	7	5	8	4	4	16	4	9	4	6	10	12	28	14	23	40	49	36	18	24	13	13	12	15	13	30	15	101	134	34	17	19	8	13	6	7	4	6	4	13	7
0	0	0	3	2	1	3	1	3	0	3	3	4	2	5	3	3	6	4	4	2	3	3	7	3	2	3	2	2	1	4	2	1	2	2	2	8	10	13	12	4	3	4	9	8	8	13	11	6	2	6	5	9	7	4	6	15	24	63	21	26	30	29	18	10	8	9	11	15	10	6	9	5	6	12	8	16	16	24	61	47	48	44	31	28	8	16	23	36	206	0	139	144	44	23	9	12	6	42	124	64	35	32	43	39	20	18	13	25	72	111	93	82	105	59	22	22	37	16	28	19	8	14	10	13	4	6	5	3	6	5	2	2	10	20	7	16	37	30	15	24	35	17	14	11	9	5	7	8	3	6	9	11	6	11	5	4	6	7	7	8	9	6	3	2	12	9	28	22	23	21	30	22	15	18	15	8	11	14	4	9	9	34	47	24	11	10	12	7	3	3	8	2	3	4	7
0	0	0	0	1	1	1	2	3	2	2	4	1	3	4	5	3	3	4	0	3	3	4	1	0	6	1	1	0	1	0	1	3	3	2	1	5	5	14	6	3	2	11	5	6	1	4	4	7	4	2	3	2	8	2	11	9	13	28	15	52	30	21	17	6	7	16	10	7	5	9	13	9	8	12	10	11	7	15	25	31	34	37	36	25	9	8	27	30	67	139	0	344	48	21	16	10	22	45	87	51	57	94	162	108	47	42	57	54	218	83	88	65	36	13	24	9	15	7	14	10	6	10	4	4	4	4	6	2	4	3	4	4	9	7	8	8	13	9	13	15	18	21	10	6	9	13	9	7	4	8	7	15	9	8	5	10	3	6	5	10	5	4	6	9	15	15	35	32	32	31	21	10	8	6	5	7	8	9	7	8	9	24	33	16	15	16	5	7	6	3	6	4	4	2	3
0	0	0	2	1	0	1	3	5	6	5	2	6	4	4	2	3	5	7	2	2	2	0	2	2	1	4	3	1	3	2	1	1	3	8	5	11	14	19	9	6	10	9	14	5	6	13	7	4	5	4	10	5	4	5	5	16	22	41	23	80	62	36	22	20	6	15	16	16	15	15	27	18	6	13	15	17	12	14	57	78	89	84	47	21	19	17	32	37	62	144	344	0	152	42	20	28	24	61	106	46	68	38	69	102	41	48	30	48	53	52	38	61	26	16	22	3	19	7	18	11	2	6	10	8	0	5	5	4	1	6	4	7	4	6	13	14	13	12	10	13	14	11	8	13	7	11	6	5	7	6	7	7	14	6	2	7	8	5	0	9	15	4	8	10	11	13	24	16	23	17	18	13	7	7	6	8	5	6	6	10	9	25	31	20	7	8	10	9	4	3	0	9	2	4	5
0	0	0	1	2	0	0	1	4	5	2	1	1	6	7	2	4	2	2	1	2	4	4	5	3	3	4	3	1	1	1	1	1	4	3	5	4	16	11	11	12	8	11	14	7	8	13	15	1	0	4	9	3	4	6	8	9	24	36	24	61	96	30	25	20	19	32	51	42	15	27	50	13	14	18	19	13	11	13	37	123	238	64	43	27	12	21	18	14	25	44	48	152	0	85	40	48	52	141	52	61	61	21	55	71	37	37	24	26	25	23	19	31	21	9	8	8	8	7	13	9	4	5	7	3	3	3	2	1	1	4	2	1	9	5	10	18	16	15	4	9	8	4	1	9	7	4	7	2	4	2	5	10	5	7	3	3	3	3	5	3	1	5	8	8	11	13	16	14	11	10	8	6	8	4	4	9	2	7	3	11	4	14	9	5	5	3	4	5	1	1	3	3	2	5	2
0	0	0	2	1	2	0	2	3	1	4	3	1	2	2	5	6	4	3	4	3	2	5	3	4	3	2	5	5	2	4	1	1	5	1	1	6	12	21	8	11	5	3	2	7	4	4	9	3	2	4	3	9	1	4	5	4	17	18	15	121	93	22	15	13	15	35	36	30	11	24	46	16	16	11	16	14	13	11	21	40	60	40	30	29	18	21	12	20	9	23	21	42	85	0	146	110	64	40	27	15	32	17	30	43	33	55	43	15	19	11	12	9	4	7	5	4	4	3	7	4	7	2	6	5	1	2	1	0	6	2	1	1	6	4	6	7	11	8	1	12	5	2	3	3	0	10	7	6	7	5	5	8	8	6	4	5	7	7	0	4	9	9	9	8	5	16	18	15	4	10	9	4	2	2	3	2	4	5	4	5	7	8	10	11	7	4	6	4	5	3	2	0	5	2	6
0	0	0	2	3	1	0	3	3	3	3	0	4	2	0	5	3	6	2	0	0	2	6	3	3	2	4	4	1	1	0	2	1	3	2	3	7	7	9	9	7	8	4	9	4	1	5	3	7	2	1	5	3	5	1	2	6	15	10	11	40	42	11	14	20	13	44	65	20	13	22	36	19	12	6	17	9	3	3	13	31	27	26	17	12	10	16	2	8	10	9	16	20	40	146	0	290	87	28	13	8	14	9	13	20	24	28	25	12	7	9	7	10	9	3	7	3	4	4	4	4	1	5	2	3	2	1	1	1	2	2	2	1	1	3	7	11	3	1	1	3	2	4	2	1	5	6	4	8	1	4	3	6	6	4	6	5	5	4	2	5	9	5	3	5	8	11	13	5	7	4	5	4	4	1	1	2	3	2	2	1	2	10	9	5	4	4	3	4	3	5	3	3	1	3	2
0	0	0	2	1	0	1	1	5	3	2	2	1	2	2	5	1	4	5	3	1	5	1	3	3	5	3	0	2	1	0	2	3	5	6	2	10	10	6	9	4	3	5	5	4	7	6	2	3	3	3	0	2	3	3	4	6	6	14	6	23	32	13	8	13	8	20	45	20	14	19	21	13	8	5	14	9	8	8	11	16	16	19	11	14	7	14	10	6	5	12	10	28	48	110	290	0	268	39	11	13	26	12	28	31	29	28	26	10	14	7	12	7	15	2	6	9	5	2	8	4	5	0	3	5	2	3	2	2	2	2	0	1	5	2	2	7	4	0	2	4	5	2	9	8	8	3	3	7	2	2	1	10	3	5	3	11	7	1	0	6	7	10	3	8	12	8	14	4	8	7	2	3	2	4	6	2	2	5	2	5	9	2	9	9	4	2	4	3	3	4	0	4	7	5	2
0	0	0	1	4	3	4	3	2	0	3	2	0	3	3	5	2	7	2	0	4	2	4	1	3	2	2	2	0	4	1	3	1	1	1	2	4	3	7	12	4	1	1	9	10	5	7	4	1	2	3	3	2	2	1	3	7	4	10	11	31	31	9	7	14	12	14	39	28	14	15	23	7	7	7	6	8	6	6	14	26	28	17	16	7	13	9	8	6	5	6	22	24	52	64	87	268	0	57	19	23	36	17	30	47	49	31	18	8	12	7	14	16	8	4	7	3	11	5	5	8	6	2	3	4	5	2	5	3	3	0	1	2	4	2	7	11	2	6	2	2	8	7	2	6	6	14	10	1	5	3	2	6	7	3	6	1	2	4	4	4	4	4	6	5	9	5	4	8	7	6	1	5	6	2	2	11	5	7	5	4	3	3	7	3	3	1	4	4	1	4	1	2	1	0	4
0	0	0	1	2	1	1	1	3	1	4	1	2	3	0	10	6	1	3	5	2	5	3	2	5	2	5	4	3	1	0	2	3	3	1	1	2	10	11	6	9	6	4	12	10	6	9	7	4	8	2	7	2	5	5	4	16	15	25	17	26	35	16	15	13	6	21	43	20	18	11	19	10	5	6	8	12	6	10	18	45	77	24	13	15	3	6	10	14	27	42	45	61	141	40	28	39	57	0	105	142	123	28	43	85	29	38	20	11	24	17	25	41	30	21	8	8	7	13	12	14	8	5	1	5	4	3	1	4	1	1	3	2	4	3	1	3	13	2	8	12	8	7	5	3	2	5	4	1	3	2	5	9	8	2	7	5	4	5	2	3	2	2	6	9	12	5	15	7	10	7	10	3	2	2	7	6	6	2	3	2	2	11	11	10	1	3	2	3	2	2	1	3	2	4	2
0	0	0	1	1	3	1	1	2	1	0	2	3	6	4	10	6	4	2	2	0	1	3	6	3	1	4	3	1	1	1	1	0	1	1	3	7	12	9	6	7	4	5	16	9	8	5	7	10	3	7	8	3	9	3	6	23	20	55	20	21	18	23	18	6	12	10	13	12	14	7	10	9	8	15	9	8	18	10	27	61	36	30	22	15	3	12	16	15	47	124	87	106	52	27	13	11	19	105	0	828	121	52	44	58	28	19	21	9	42	31	72	149	42	29	25	18	18	13	25	14	6	10	8	11	2	5	3	4	2	1	5	1	5	7	7	11	16	16	9	9	22	13	8	9	10	11	5	1	6	6	6	10	5	6	2	8	4	4	4	7	8	5	7	9	7	7	9	6	14	15	12	10	6	3	5	6	6	9	6	10	7	17	16	12	8	5	2	5	5	1	2	1	4	2	3
0	0	0	2	2	0	0	1	0	1	3	6	1	2	5	4	4	5	4	3	2	1	2	1	3	1	1	2	0	0	2	1	3	5	4	1	8	7	13	14	7	8	9	9	7	12	12	5	11	1	2	7	8	6	9	4	12	28	44	12	22	13	21	16	10	10	12	18	18	21	11	11	3	7	4	2	10	10	7	28	45	48	25	16	10	7	11	7	13	30	64	51	46	61	15	8	13	23	142	828	0	122	41	46	41	18	12	12	16	26	32	51	102	45	25	24	12	25	11	13	15	9	6	6	6	7	1	2	1	2	4	8	3	4	5	5	13	15	8	11	16	10	10	4	6	7	5	4	2	5	8	4	10	2	1	2	5	6	0	3	4	3	6	3	2	7	7	16	11	5	14	14	8	6	5	8	7	5	3	4	6	6	14	13	14	8	8	3	5	2	3	5	3	1	2	2
0	0	0	2	1	2	4	1	1	2	3	2	0	4	1	2	5	4	3	2	2	2	0	3	2	2	1	3	2	0	1	1	1	1	2	3	5	7	7	4	7	6	5	4	3	3	2	4	5	5	1	5	4	6	5	6	9	16	29	6	26	18	9	12	10	7	13	16	12	10	7	9	9	5	3	6	7	4	6	12	24	38	20	13	10	4	13	10	11	18	35	57	68	61	32	14	26	36	123	121	122	0	96	168	264	66	35	20	20	40	18	74	87	21	12	17	16	13	9	10	11	3	5	7	8	0	7	6	1	2	2	2	7	4	6	0	6	13	13	4	10	21	14	4	6	7	9	7	7	5	4	6	8	5	4	2	3	1	2	3	5	6	6	9	11	9	21	21	20	17	13	8	3	11	4	3	9	4	6	5	5	2	12	17	16	6	11	5	7	6	1	4	1	3	5	4
0	0	0	1	1	0	4	2	1	2	1	4	2	3	0	6	2	4	1	4	1	4	0	1	1	1	3	1	0	1	0	2	0	2	1	1	4	3	4	6	5	3	2	3	5	4	4	5	6	3	2	1	1	2	4	4	4	14	22	12	16	26	8	9	4	7	6	9	10	3	6	8	2	4	2	3	5	6	6	14	17	17	14	18	6	10	8	14	18	19	32	94	38	21	17	9	12	17	28	52	41	96	0	432	122	71	43	32	32	105	38	130	66	24	16	16	8	9	6	11	4	1	5	8	3	3	2	2	1	2	5	2	3	6	7	4	4	14	14	9	10	21	19	11	10	17	12	16	8	4	11	8	10	12	3	5	3	4	7	6	17	17	6	12	14	16	15	29	40	32	23	18	5	5	8	7	6	2	8	2	5	5	10	16	16	10	8	12	9	3	3	5	5	4	7	8
0	0	0	0	3	1	2	2	4	2	4	2	2	3	5	2	0	5	3	3	2	5	3	0	2	2	1	2	0	2	3	0	4	4	4	1	3	10	2	5	2	4	4	5	2	6	5	7	4	2	2	8	6	4	4	10	4	13	10	9	30	23	7	11	5	2	12	8	14	7	9	9	11	7	6	9	10	8	11	23	20	25	28	20	13	5	12	13	15	27	43	162	69	55	30	13	28	30	43	44	46	168	432	0	574	151	120	48	47	76	39	68	41	24	11	11	5	5	10	8	7	5	7	5	2	4	4	2	1	0	2	1	2	2	7	8	5	8	11	4	19	18	14	6	7	10	13	8	11	8	10	8	9	6	3	8	11	5	5	6	12	13	12	9	11	24	27	32	25	27	23	16	7	5	12	6	7	8	3	5	4	4	14	17	10	13	4	9	6	6	2	6	3	7	6	6
0	0	0	2	2	4	2	1	1	3	3	1	3	3	3	2	1	2	2	5	0	4	3	5	1	0	2	0	0	1	3	1	3	3	4	1	4	8	12	7	5	7	9	1	8	4	4	4	5	0	7	6	3	0	4	8	10	10	22	17	46	25	11	4	7	10	12	18	16	12	13	12	7	10	5	4	9	9	10	26	30	33	31	17	18	11	19	11	12	17	39	108	102	71	43	20	31	47	85	58	41	264	122	574	0	135	82	34	35	61	29	56	51	15	8	13	3	8	5	9	9	5	7	8	1	0	4	1	5	5	6	1	7	4	5	3	9	14	7	7	6	17	8	10	11	10	14	11	5	11	11	3	7	9	5	4	5	5	0	3	8	8	14	6	16	14	16	27	29	17	23	8	10	2	6	3	7	4	9	3	9	6	9	13	14	8	12	7	4	2	2	3	5	5	1	7
0	0	0	2	1	0	2	3	2	2	0	0	0	1	7	2	0	4	1	2	3	4	2	3	2	1	2	1	1	0	2	3	0	0	5	2	1	4	8	2	5	1	3	3	2	4	3	3	3	3	3	2	3	4	2	3	2	4	15	6	34	15	10	9	6	7	15	13	10	7	5	14	5	4	2	12	8	4	4	14	12	12	17	14	15	10	10	9	5	15	20	47	41	37	33	24	29	49	29	28	18	66	71	151	135	0	294	55	32	35	24	29	26	11	14	7	8	12	2	8	6	6	1	5	3	4	2	4	3	3	3	1	2	1	3	7	7	9	4	7	9	9	16	9	11	10	11	15	11	14	8	5	5	9	5	8	5	6	3	4	10	23	10	15	22	37	23	27	18	21	10	6	4	3	5	3	3	8	3	8	7	6	6	10	12	5	12	4	4	4	7	0	5	6	8	3
0	0	0	0	2	0	4	0	1	0	2	1	2	3	2	3	5	2	4	5	3	2	3	0	2	2	2	3	3	1	0	3	0	0	3	1	4	7	12	5	6	3	3	7	5	4	4	5	4	2	2	3	5	1	3	3	6	5	17	5	51	35	8	15	10	8	12	13	8	2	13	20	4	10	11	6	13	8	11	17	17	19	25	13	17	9	19	13	15	15	18	42	48	37	55	28	28	31	38	19	12	35	43	120	82	294	0	113	48	39	18	16	14	16	5	10	2	7	4	3	7	5	2	2	2	1	3	4	0	3	2	4	3	3	4	2	4	5	9	7	5	9	11	6	9	9	18	12	8	8	12	13	14	8	6	7	9	5	7	9	4	15	14	19	20	34	25	52	23	16	11	9	6	4	6	8	6	3	3	6	4	6	8	19	11	9	10	7	5	3	2	2	5	1	6	6
0	0	0	2	2	0	2	0	3	3	0	1	3	4	1	3	6	3	8	5	2	2	3	3	1	1	0	1	3	0	1	2	4	6	1	4	2	12	14	10	1	4	7	7	9	6	3	7	3	2	2	2	1	3	5	4	8	7	3	10	89	34	11	9	6	6	15	13	9	9	11	11	13	11	17	13	15	10	8	24	10	16	25	27	10	28	32	19	28	20	13	57	30	24	43	25	26	18	20	21	12	20	32	48	34	55	113	0	218	37	34	17	16	12	9	10	3	8	8	10	6	5	2	4	4	2	3	2	1	2	2	3	5	4	4	5	4	4	2	8	10	13	15	14	10	10	21	11	9	11	11	9	20	15	10	5	12	5	5	5	19	20	23	20	16	31	26	101	42	34	22	12	11	6	8	9	9	6	7	5	11	5	21	20	17	13	13	8	5	4	2	5	5	5	3	7
0	0	0	2	2	2	2	2	1	0	3	3	1	1	3	4	2	4	3	3	2	1	3	2	1	1	0	1	4	2	2	1	3	2	2	3	3	4	6	8	0	2	4	3	7	4	1	2	3	2	8	1	0	2	2	4	4	6	18	6	54	17	11	8	6	7	10	9	5	4	4	10	5	6	9	4	19	11	14	16	19	9	12	27	16	16	33	52	34	34	25	54	48	26	15	12	10	8	11	9	16	20	32	47	35	32	48	218	0	96	48	29	17	15	15	10	9	3	1	1	4	2	3	3	6	4	3	1	2	5	1	2	2	5	8	5	7	10	10	11	9	21	32	17	16	33	44	16	14	14	18	16	40	31	19	18	21	15	10	13	25	45	29	15	25	35	49	359	104	83	32	24	16	4	6	9	10	7	5	8	17	10	27	41	30	22	19	15	11	13	3	7	7	8	12	9
0	0	0	0	1	2	2	1	2	5	1	1	4	2	2	0	1	0	3	2	1	1	0	2	1	1	1	0	1	0	0	1	1	1	6	6	6	4	15	4	3	8	4	5	2	3	3	3	4	6	3	4	2	4	6	3	6	5	15	9	32	13	6	7	8	4	8	10	7	5	4	12	8	8	8	6	11	8	16	29	10	16	18	20	17	12	17	24	37	48	72	218	53	25	19	7	14	12	24	42	26	40	105	76	61	35	39	37	96	0	239	98	51	48	32	19	10	13	5	15	9	8	3	5	2	2	3	2	3	6	5	4	7	3	8	4	7	8	7	12	26	45	30	26	26	21	31	8	9	15	13	16	16	12	10	8	8	3	12	5	20	15	12	6	13	23	36	85	64	88	62	33	16	11	11	6	10	9	4	13	11	14	25	51	46	17	14	16	10	8	3	4	6	3	6	6
0	0	0	5	0	0	1	0	2	5	2	1	5	0	1	1	4	3	1	4	0	0	1	2	1	0	0	3	1	0	0	1	2	2	3	4	8	5	4	3	7	2	4	5	3	2	10	6	5	0	4	11	4	5	2	6	11	8	18	10	28	11	20	5	5	9	9	7	4	4	7	9	3	3	7	7	10	13	17	22	23	16	15	24	12	13	14	22	63	146	111	83	52	23	11	9	7	7	17	31	32	18	38	39	29	24	18	34	48	239	0	72	44	68	41	24	14	27	11	19	13	6	8	11	11	4	6	3	2	2	3	4	6	6	13	10	9	24	24	20	36	102	32	21	23	16	22	10	7	9	6	9	16	13	10	7	9	6	4	9	11	15	7	8	10	11	15	46	42	65	143	78	28	14	10	13	15	8	13	21	15	19	44	134	74	24	49	17	13	6	3	7	8	2	6	5
0	0	0	0	0	4	0	1	2	4	2	3	1	4	1	6	0	4	2	2	2	3	3	2	1	0	0	0	0	2	0	0	2	1	3	3	1	5	5	7	3	2	4	7	5	6	8	8	5	4	7	5	8	5	5	1	18	12	17	10	12	14	13	9	10	5	4	10	11	5	1	8	0	7	6	7	13	11	5	13	30	14	13	18	12	5	10	10	17	43	93	88	38	19	12	7	12	14	25	72	51	74	130	68	56	29	16	17	29	98	72	0	306	78	43	39	21	20	14	9	20	4	4	13	2	3	4	3	3	2	3	3	4	5	5	8	11	12	12	11	13	30	27	21	17	16	4	8	7	4	2	11	9	10	4	4	7	5	4	7	17	5	8	9	5	11	12	25	18	24	53	25	18	10	11	7	8	6	4	6	9	8	13	32	25	9	7	13	4	6	9	5	4	8	4	7
0	0	0	1	1	1	0	4	4	3	3	2	1	1	3	2	4	5	1	3	4	1	1	1	1	1	1	0	1	4	0	0	0	1	0	2	5	9	5	3	7	8	1	7	3	4	6	4	2	2	3	8	11	7	9	3	17	15	29	7	18	16	21	13	8	3	8	6	8	8	7	5	2	3	6	7	8	10	11	23	32	25	19	11	15	7	6	9	13	25	82	65	61	31	9	10	7	16	41	149	102	87	66	41	51	26	14	16	17	51	44	306	0	92	44	39	18	24	11	17	18	4	9	8	11	8	3	2	3	4	2	2	1	9	6	12	6	14	18	19	17	23	14	14	6	14	10	9	3	5	5	6	12	6	2	6	7	2	3	2	6	10	5	1	4	4	13	11	8	17	24	17	14	10	8	5	8	4	7	7	10	5	7	16	14	13	9	5	5	7	2	3	1	2	1	4
0	0	0	2	1	3	4	1	3	3	0	0	3	2	6	3	7	2	1	0	1	0	5	6	1	0	2	2	1	2	2	1	1	0	2	2	3	9	9	3	6	1	4	8	6	6	5	4	4	6	4	16	11	7	5	11	16	23	27	10	11	12	16	9	8	6	4	9	6	2	9	4	8	6	6	8	10	10	12	25	18	25	12	17	7	4	11	18	23	55	105	36	26	21	4	9	15	8	30	42	45	21	24	24	15	11	16	12	15	48	68	78	92	0	298	117	58	68	25	35	28	19	22	11	15	11	7	2	4	5	8	5	7	4	11	15	18	43	47	30	35	42	19	14	4	15	10	1	9	5	6	9	16	7	5	7	5	3	2	3	4	8	6	5	5	5	9	10	19	22	36	40	22	24	21	10	13	6	8	9	8	9	15	32	18	13	17	10	12	6	4	4	4	7	4	5
0	0	0	1	0	2	1	3	5	3	5	7	2	5	2	4	5	2	3	1	1	1	2	3	3	2	3	1	0	3	0	2	2	1	1	4	0	4	5	5	5	5	5	4	11	8	7	9	8	10	12	20	14	6	6	11	20	22	36	15	9	9	15	3	8	9	9	6	8	5	7	6	8	7	3	5	10	8	15	19	18	16	13	9	14	5	7	8	20	44	59	13	16	9	7	3	2	4	21	29	25	12	16	11	8	14	5	9	15	32	41	43	44	298	0	250	123	168	31	53	78	19	29	27	17	13	8	6	6	3	10	7	10	7	19	17	22	70	81	46	49	32	14	14	13	11	9	5	5	3	3	11	3	6	3	3	8	2	5	2	3	7	4	3	3	4	11	7	10	12	23	32	24	26	23	9	12	4	11	7	5	19	21	21	17	7	16	15	12	6	5	4	5	3	1	4
0	0	0	4	1	1	4	1	1	3	3	4	3	6	5	6	5	1	2	2	2	1	6	4	3	4	4	2	0	0	0	2	2	1	5	2	2	3	3	2	1	1	2	5	2	3	4	3	5	4	5	11	14	9	9	6	13	13	19	14	5	5	8	11	4	3	9	7	3	7	1	4	8	2	3	3	9	8	7	17	14	11	9	12	9	7	3	7	20	27	22	24	22	8	5	7	6	7	8	25	24	17	16	11	13	7	10	10	10	19	24	39	39	117	250	0	87	98	17	24	27	22	19	17	15	11	12	7	6	12	5	12	2	10	10	11	14	33	93	34	51	40	11	9	15	6	9	5	3	3	6	6	3	4	4	8	4	2	0	5	4	2	3	1	0	10	8	9	11	12	22	23	29	35	18	8	10	12	12	7	11	5	6	16	8	15	10	13	6	7	2	2	5	4	4	6
0	0	0	3	2	2	3	2	3	2	10	4	5	9	2	5	2	3	6	4	1	1	3	0	1	1	3	3	0	0	1	0	1	3	5	3	2	3	4	4	7	4	5	3	8	3	13	11	6	16	12	20	19	12	19	18	25	17	19	14	9	6	9	9	5	6	5	6	9	3	6	4	1	3	5	6	8	11	5	10	4	15	7	13	8	2	4	9	14	17	22	9	3	8	4	3	9	3	8	18	12	16	8	5	3	8	2	3	9	10	14	21	18	58	123	87	0	743	64	82	124	38	45	26	10	17	8	13	7	8	10	6	5	11	20	9	31	44	69	22	23	16	11	6	2	5	5	6	3	1	2	5	4	4	3	1	2	2	0	3	2	5	0	3	2	3	3	3	7	8	13	13	7	28	15	6	13	2	12	9	7	5	8	13	14	9	13	10	10	6	4	4	2	4	5	1
0	0	0	1	1	1	2	2	1	4	2	7	6	3	7	9	7	7	2	3	2	2	4	4	3	2	1	2	1	0	2	2	1	2	2	4	6	6	7	3	4	3	4	7	7	4	11	5	7	5	10	30	27	11	15	29	27	30	39	17	13	7	13	13	7	2	7	7	3	5	7	5	6	2	4	13	3	12	13	11	10	10	10	9	4	5	5	7	13	20	37	15	19	8	4	4	5	11	7	18	25	13	9	5	8	12	7	8	3	13	27	20	24	68	168	98	743	0	69	114	153	35	32	31	15	22	12	11	3	7	7	9	7	17	9	15	18	57	53	19	19	9	4	10	5	6	4	4	2	0	3	8	6	4	5	0	4	1	3	3	3	4	5	4	3	11	6	7	5	6	17	20	23	25	10	14	5	4	7	2	6	10	16	16	10	8	11	11	5	4	2	3	3	2	4	2
0	0	0	1	3	1	0	9	5	4	5	6	4	10	7	5	6	5	2	2	1	2	3	3	4	1	0	2	0	2	4	2	2	5	4	3	6	6	4	4	5	6	11	8	6	8	12	18	9	18	23	45	34	22	25	53	67	46	37	9	4	7	14	15	4	5	4	10	10	5	5	6	10	4	3	4	5	4	14	16	13	9	4	15	3	4	3	3	8	15	16	7	7	7	3	4	2	5	13	13	11	9	6	10	5	2	4	8	1	5	11	14	11	25	31	17	64	69	0	106	86	48	26	17	14	16	13	8	9	4	4	7	7	8	8	20	14	21	24	14	8	6	5	4	0	6	1	3	0	3	2	2	2	1	2	1	2	3	2	1	2	2	4	3	2	4	2	3	6	5	10	5	11	11	8	6	1	5	3	3	6	4	10	10	7	6	3	6	6	0	0	0	3	1	8	3
0	0	0	2	2	2	5	1	5	6	9	1	9	7	8	5	6	7	5	0	5	2	4	3	1	2	1	1	2	3	1	2	5	3	8	1	11	8	2	8	8	5	6	10	18	16	20	15	10	8	19	39	23	21	18	42	130	54	93	22	18	9	18	30	8	4	7	8	10	11	4	5	10	4	5	5	5	13	11	10	16	10	17	10	8	6	3	14	21	24	28	14	18	13	7	4	8	5	12	25	13	10	11	8	9	8	3	10	1	15	19	9	17	35	53	24	82	114	106	0	249	44	25	30	18	14	10	5	4	8	4	6	12	16	34	30	62	83	25	13	21	8	10	6	5	4	3	6	3	2	1	5	5	6	6	6	3	1	1	2	3	4	3	2	3	2	3	7	7	14	5	10	13	20	19	10	5	8	9	6	5	11	20	14	6	3	5	5	7	5	2	4	5	4	2	2
0	0	0	3	2	3	1	3	4	6	3	2	4	3	3	8	7	6	6	1	1	4	1	4	2	6	2	1	1	2	0	3	2	4	3	6	3	6	6	5	1	4	5	9	7	9	16	20	4	11	19	52	28	32	22	40	57	19	29	18	7	7	15	17	6	6	6	10	5	6	8	5	6	5	3	6	6	12	29	18	8	9	12	3	7	4	6	13	8	16	19	10	11	9	4	4	4	8	14	14	15	11	4	7	9	6	7	6	4	9	13	20	18	28	78	27	124	153	86	249	0	112	72	80	28	26	17	14	9	13	10	7	10	15	23	28	55	91	47	16	14	18	5	4	3	5	3	2	6	3	3	5	5	6	5	2	4	3	3	4	1	1	0	0	7	0	4	9	7	7	7	11	18	25	16	12	12	6	6	5	12	8	8	17	6	7	5	8	5	3	2	5	4	1	1	2
0	0	0	1	3	1	2	6	3	8	6	8	5	3	10	6	2	2	3	3	1	0	1	3	3	2	2	2	4	1	1	1	2	0	6	2	0	8	4	8	3	1	6	3	6	6	14	10	7	15	19	80	85	70	31	34	18	13	18	4	7	8	4	8	6	3	5	4	1	4	1	3	5	1	2	1	5	4	9	9	4	7	13	6	2	4	5	3	10	10	8	6	2	4	7	1	5	6	8	6	9	3	1	5	5	6	5	5	2	8	6	4	4	19	19	22	38	35	48	44	112	0	839	168	45	92	38	26	22	15	18	12	18	22	18	28	26	35	36	16	12	8	3	4	5	4	3	0	1	1	2	3	3	8	4	0	3	3	2	5	2	1	2	1	3	0	2	3	6	10	5	8	15	21	12	4	12	7	1	5	4	8	8	6	4	3	6	5	5	2	2	0	5	2	0	2
0	0	0	4	1	2	2	6	6	3	0	6	7	3	10	7	4	5	1	2	0	1	5	1	1	2	2	1	0	2	2	3	3	5	5	4	2	3	4	2	4	2	5	1	4	7	10	12	12	11	15	46	51	44	26	29	26	7	10	10	6	1	6	3	5	2	6	0	8	6	4	4	4	2	8	9	4	5	7	0	6	10	4	6	6	6	3	5	10	14	14	10	6	5	2	5	0	2	5	10	6	5	5	7	7	1	2	2	3	3	8	4	9	22	29	19	45	32	26	25	72	839	0	338	66	185	61	34	31	23	25	15	8	28	26	19	25	50	35	13	4	6	6	8	4	4	2	3	1	1	1	3	3	0	3	0	2	2	5	2	4	0	4	3	6	3	4	1	3	4	12	10	20	33	17	16	6	5	11	6	6	8	7	7	7	5	10	7	4	3	4	5	1	4	4	2
0	0	0	2	1	2	0	3	5	0	1	6	3	8	6	3	4	6	5	3	2	2	3	4	2	3	3	1	2	2	0	3	1	5	2	5	4	3	9	3	3	6	5	3	6	8	7	11	10	10	8	48	32	39	21	29	25	12	13	10	5	6	9	10	3	1	8	4	7	4	7	4	5	1	4	6	4	9	13	13	11	9	7	7	11	4	7	7	9	9	10	4	10	7	6	2	3	3	1	8	6	7	8	5	8	5	2	4	3	5	11	13	8	11	27	17	26	31	17	30	80	168	338	0	132	132	71	35	18	27	20	27	20	37	29	34	43	48	42	26	13	7	5	7	6	3	4	4	3	1	1	1	5	1	1	5	1	4	4	3	3	1	4	1	1	3	4	6	4	5	12	10	20	68	33	18	15	6	9	10	11	14	7	6	7	7	8	9	4	6	2	4	2	5	6	1
0	0	0	1	0	5	2	4	8	1	2	1	4	4	7	5	5	6	4	3	5	3	1	2	3	0	0	2	2	1	1	1	0	3	3	1	5	4	1	4	3	3	4	3	5	10	7	6	11	6	11	14	11	13	13	10	12	8	8	1	5	2	3	6	3	1	1	2	4	8	3	2	2	3	6	4	4	6	12	4	2	8	4	3	2	4	3	6	5	10	13	4	8	3	5	3	5	4	5	11	6	8	3	2	1	3	2	4	6	2	11	2	11	15	17	15	10	15	14	18	28	45	66	132	0	152	95	54	30	37	64	59	47	50	40	15	19	34	34	24	17	9	4	9	6	1	4	5	3	1	2	5	5	1	2	5	3	3	4	6	1	2	3	3	1	1	0	3	4	9	7	8	32	83	42	18	23	19	12	6	13	4	9	9	8	10	5	7	8	9	2	3	6	9	0	2
0	0	0	1	3	2	2	1	6	1	8	5	4	5	8	8	3	3	3	3	1	4	4	3	3	2	0	1	1	1	1	1	2	2	6	5	4	4	5	5	4	4	2	2	7	4	1	8	4	11	9	25	32	36	26	15	9	13	8	9	2	4	5	4	1	2	1	4	1	6	2	6	4	4	3	5	3	8	10	3	7	6	6	8	7	3	2	7	5	7	4	4	0	3	1	2	2	5	4	2	7	0	3	4	0	4	1	2	4	2	4	3	8	11	13	11	17	22	16	14	26	92	185	132	152	0	245	82	46	79	59	32	25	27	14	18	19	22	21	24	14	8	6	0	4	2	2	1	4	2	1	3	2	1	4	3	3	0	2	0	1	1	2	0	4	2	4	2	2	4	4	5	10	32	19	9	14	6	7	5	5	9	5	6	5	8	12	5	4	4	5	4	4	3	2	1
0	0	0	3	4	3	1	5	3	3	3	1	3	10	10	4	9	4	1	5	5	0	0	1	2	1	3	0	2	1	1	1	1	4	5	7	3	2	3	4	2	5	3	5	5	6	8	6	8	12	13	19	21	34	26	16	9	1	8	2	5	5	6	3	3	3	6	3	5	3	1	3	2	3	1	2	1	3	8	6	4	6	5	10	2	1	3	9	7	4	6	4	5	3	2	1	3	2	3	5	1	7	2	4	4	2	3	3	3	3	6	4	3	7	8	12	8	12	13	10	17	38	61	71	95	245	0	220	90	86	60	54	49	34	32	24	28	20	17	14	6	8	4	3	7	0	2	4	4	0	2	7	3	1	4	2	3	0	1	1	6	2	0	0	2	4	3	3	6	5	2	11	12	19	16	16	15	8	9	6	6	4	4	7	3	3	8	5	4	3	3	3	3	7	4	1
0	0	0	5	0	3	2	3	6	8	2	3	3	7	10	6	3	4	3	3	3	3	3	0	3	0	3	2	0	1	0	2	3	0	3	4	1	6	4	0	4	4	2	6	5	7	8	5	4	7	10	16	19	16	23	13	13	4	8	6	2	2	6	10	5	4	8	1	1	5	4	2	3	3	1	0	5	6	7	4	5	5	3	2	6	3	4	11	5	5	5	6	5	2	1	1	2	5	1	3	2	6	2	2	1	4	4	2	1	2	3	3	2	2	6	7	13	11	8	5	14	26	34	35	54	82	220	0	257	95	70	88	89	36	21	15	13	8	13	7	11	5	5	2	3	2	3	4	1	2	4	4	2	1	4	6	3	1	0	1	2	1	2	2	1	2	1	5	5	5	4	6	13	23	13	17	13	8	6	4	6	6	5	7	3	6	4	7	2	3	3	3	4	4	5	3
0	0	0	4	0	2	2	0	8	3	5	4	1	8	12	3	3	6	4	0	1	2	0	1	2	5	2	1	3	2	1	0	2	1	1	2	2	3	3	0	4	6	1	6	2	7	7	3	6	7	8	11	15	16	9	7	8	5	4	5	1	4	11	5	1	4	4	4	1	3	1	1	1	4	2	3	3	8	6	6	4	1	5	4	3	4	1	4	2	5	3	2	4	1	0	1	2	3	4	4	1	1	1	1	5	3	0	1	2	3	2	3	3	4	6	6	7	3	9	4	9	22	31	18	30	46	90	257	0	160	69	69	52	27	14	17	10	4	10	4	6	3	5	6	2	3	1	2	3	3	2	6	5	1	3	1	1	1	1	2	1	1	1	1	3	1	0	4	2	1	5	4	7	14	11	12	8	5	7	6	6	6	5	2	0	1	6	4	1	2	5	4	2	4	1	3
0	0	0	4	1	0	5	4	2	2	5	4	4	4	2	4	1	0	1	2	0	1	2	2	1	0	0	0	1	1	2	2	1	4	3	1	7	3	2	5	0	3	3	4	5	6	6	5	3	2	11	15	18	15	14	11	4	4	4	3	1	2	4	3	3	3	3	3	0	5	0	1	3	2	1	3	7	6	5	3	1	5	6	6	6	1	2	5	2	8	6	4	1	1	6	2	2	3	1	2	2	2	2	0	5	3	3	2	5	6	2	2	4	5	3	12	8	7	4	8	13	15	23	27	37	79	86	95	160	0	169	79	23	24	14	9	17	9	8	14	7	1	0	4	5	2	3	3	0	0	2	1	2	1	1	3	1	2	2	2	2	2	6	4	2	3	1	4	2	6	3	7	17	17	10	11	10	12	10	3	8	3	4	8	0	4	5	8	3	7	6	4	4	3	0	3
0	0	0	1	1	1	1	3	4	1	7	5	2	6	2	2	4	1	1	2	2	2	3	0	2	1	3	0	1	1	0	0	2	3	3	1	1	5	4	5	4	3	4	3	2	8	3	2	5	7	7	13	6	13	7	10	6	4	6	3	2	2	6	5	0	3	1	1	1	6	4	2	1	4	3	4	3	3	3	6	3	4	3	4	2	0	6	3	3	8	5	3	6	4	2	2	2	0	1	1	4	2	5	2	6	3	2	2	1	5	3	3	2	8	10	5	10	7	4	4	10	18	25	20	64	59	60	70	69	169	0	229	39	20	13	5	10	11	9	12	15	2	2	3	6	2	3	3	2	3	3	2	3	5	3	4	3	1	3	0	3	4	2	2	3	0	4	6	2	2	4	7	13	28	16	5	19	13	7	4	6	6	5	5	4	10	4	5	6	6	4	7	0	4	6	2
0	0	0	0	0	1	3	3	2	2	3	8	5	1	4	3	2	1	1	1	3	4	3	1	2	3	2	0	0	2	2	0	1	3	4	0	4	9	6	1	0	7	7	3	1	4	6	3	5	5	5	13	7	8	4	3	9	3	5	3	1	3	3	6	0	0	0	2	3	2	1	6	4	2	5	4	4	10	5	8	6	0	4	4	2	2	3	3	7	4	2	4	4	2	1	2	0	1	3	5	8	2	2	1	1	1	4	3	2	4	4	3	2	5	7	12	6	9	7	6	7	12	15	27	59	32	54	88	69	79	229	0	108	43	18	14	10	8	20	13	7	10	5	5	3	1	4	2	2	2	0	1	3	9	4	3	2	0	2	1	3	1	2	5	3	2	3	0	3	6	3	8	10	20	22	18	18	13	9	4	4	11	7	5	3	5	4	5	6	4	5	6	6	3	2	2
0	0	0	2	1	2	1	6	1	3	0	6	5	4	6	10	3	7	3	1	2	3	4	3	4	1	0	1	2	1	1	0	2	3	2	7	4	5	4	0	3	4	3	4	3	1	4	4	4	8	10	16	11	10	11	6	8	6	8	2	0	4	3	9	5	1	6	3	3	3	4	7	2	5	1	3	8	14	6	6	4	3	5	7	6	5	7	2	5	9	2	4	7	1	1	1	1	2	2	1	3	7	3	2	7	2	3	5	2	7	6	4	1	7	10	2	5	7	7	12	10	18	8	20	47	25	49	89	52	23	39	108	0	129	27	19	9	8	14	13	6	4	1	6	3	3	1	2	3	1	2	6	5	2	0	5	3	1	1	2	2	7	1	2	1	0	6	5	2	6	5	3	12	24	22	19	20	9	12	9	10	12	7	6	6	3	7	8	5	6	5	1	7	3	1	3
0	0	0	3	2	1	4	3	7	1	2	5	5	6	9	8	7	4	6	0	2	3	0	8	4	3	4	5	2	0	3	1	3	5	6	10	8	7	11	5	4	2	8	4	7	5	7	6	7	6	9	14	20	21	11	13	11	6	8	8	3	6	5	4	5	3	4	6	7	2	2	1	2	3	3	5	7	20	16	4	4	6	11	10	14	7	9	6	12	9	10	9	4	9	6	1	5	4	4	5	4	4	6	2	4	1	3	4	5	3	6	5	9	4	7	10	11	17	8	16	15	22	28	37	50	27	34	36	27	24	20	43	129	0	98	40	25	24	18	18	13	8	2	6	5	3	2	1	0	0	3	1	9	6	4	9	4	1	3	3	6	3	2	0	4	6	0	2	3	5	4	11	27	27	56	55	30	14	12	9	9	8	12	12	11	5	10	7	7	5	6	6	5	5	2	4
0	0	0	3	3	4	6	2	5	4	6	6	2	5	7	9	14	5	3	1	3	5	4	7	3	1	2	0	5	3	2	2	4	4	4	4	8	10	6	8	4	6	6	8	3	9	12	13	10	8	13	19	14	24	12	14	24	18	23	24	6	6	11	22	5	7	5	6	5	3	7	7	9	7	7	6	13	24	43	24	7	17	17	13	14	8	7	14	17	21	20	7	6	5	4	3	2	2	3	7	5	6	7	7	5	3	4	4	8	8	13	5	6	11	19	10	20	9	8	34	23	18	26	29	40	14	32	21	14	14	13	18	27	98	0	133	143	65	30	20	10	7	4	7	6	5	6	1	4	4	2	9	7	7	3	7	4	5	2	6	2	7	4	2	0	4	4	2	6	3	10	15	31	34	54	33	22	11	12	9	25	23	24	24	11	14	12	9	8	5	4	5	8	4	5	6
0	0	0	3	1	3	2	4	9	7	9	8	7	10	17	12	18	9	5	8	5	3	2	5	3	2	2	3	1	1	1	1	2	2	5	11	13	16	17	11	4	7	9	14	12	13	17	18	8	23	28	41	28	25	29	26	36	25	19	36	4	5	18	16	14	9	7	5	9	11	5	6	8	7	10	12	19	31	40	23	8	8	19	14	12	7	7	12	19	11	7	8	13	10	6	7	2	7	1	7	5	0	4	8	3	7	2	5	5	4	10	8	12	15	17	11	9	15	20	30	28	28	19	34	15	18	24	15	17	9	5	14	19	40	133	0	196	37	8	11	8	5	2	3	4	4	2	4	2	0	6	3	2	3	1	5	2	4	1	5	2	2	2	1	2	2	1	6	5	6	6	12	16	22	27	15	18	8	7	6	10	16	24	16	7	7	10	6	2	5	1	2	2	4	5	2
0	0	0	2	2	4	5	8	6	5	3	5	4	8	6	11	6	9	4	5	1	4	3	6	3	2	0	3	2	3	3	2	5	6	8	10	5	18	23	9	7	10	12	16	13	18	19	20	5	19	21	49	14	17	14	25	61	42	46	37	8	15	19	18	7	10	6	13	11	9	7	6	9	4	7	9	17	24	42	22	20	17	10	19	16	12	3	10	15	17	16	8	14	18	7	11	7	11	3	11	13	6	4	5	9	7	4	4	7	7	9	11	6	18	22	14	31	18	14	62	55	26	25	43	19	19	28	13	10	17	10	10	9	25	143	196	0	139	24	13	19	14	7	7	4	2	8	3	1	1	6	3	5	9	5	4	3	0	3	2	3	3	6	1	4	4	2	12	4	9	7	10	22	28	22	13	16	6	14	5	3	16	14	13	12	8	14	10	7	5	1	4	1	4	4	1
0	0	0	2	1	1	1	3	5	4	4	5	5	4	6	13	4	6	4	0	7	4	4	3	1	2	1	4	3	2	3	3	2	5	3	8	10	8	12	7	5	6	8	6	9	7	13	9	6	13	18	38	21	16	9	15	26	32	35	16	7	10	18	7	8	7	6	12	5	5	10	12	11	6	7	8	19	15	38	29	12	14	24	17	5	9	11	10	18	54	37	13	13	16	11	3	4	2	13	16	15	13	14	8	14	9	5	4	10	8	24	12	14	43	70	33	44	57	21	83	91	35	50	48	34	22	20	8	4	9	11	8	8	24	65	37	139	0	83	34	34	19	6	5	12	6	7	4	4	2	6	4	6	8	3	7	2	2	7	2	4	4	3	5	2	3	3	8	9	6	22	28	41	73	48	15	15	22	10	7	10	14	33	25	15	11	13	9	11	2	7	6	6	5	4	6
0	0	0	0	0	5	2	1	0	3	1	1	4	4	6	5	5	1	3	3	4	2	1	1	0	2	3	0	1	1	6	2	0	5	1	1	4	5	7	4	2	3	1	0	7	6	12	8	7	4	10	20	17	11	11	16	20	10	16	15	7	4	11	7	1	4	5	4	7	4	7	3	6	5	3	3	9	9	14	12	8	10	10	11	4	4	5	10	18	30	30	9	12	15	8	1	0	6	2	16	8	13	14	11	7	4	9	2	10	7	24	12	18	47	81	93	69	53	24	25	47	36	35	42	34	21	17	13	10	8	9	20	14	18	30	8	24	83	0	138	85	25	10	9	4	7	6	3	11	1	6	6	6	10	5	3	3	4	3	3	2	9	2	0	7	7	4	7	10	14	18	42	65	141	52	21	18	14	9	16	10	10	13	25	22	16	12	29	11	10	6	2	6	3	3	8
0	0	0	3	1	1	0	2	2	3	2	1	1	4	3	3	4	1	0	0	0	1	0	0	2	0	4	2	1	2	1	2	2	1	6	2	3	2	7	2	4	2	4	1	3	3	6	7	3	3	11	7	10	8	3	7	11	6	17	7	6	7	5	4	7	0	3	7	8	2	1	2	1	3	9	5	10	10	4	5	6	8	11	11	10	5	8	7	16	18	15	13	10	4	1	1	2	2	8	9	11	4	9	4	7	7	7	8	11	12	20	11	19	30	46	34	22	19	14	13	16	16	13	26	24	24	14	7	4	14	12	13	13	18	20	11	13	34	138	0	353	58	13	12	9	4	8	3	7	4	6	3	13	5	5	6	4	3	5	10	9	3	5	4	3	7	10	10	9	16	22	58	118	102	83	51	40	28	29	13	22	16	10	31	37	24	36	44	38	14	7	12	4	6	6	5
0	0	0	0	2	1	0	3	1	1	2	0	2	3	4	1	3	0	3	2	3	2	2	2	0	3	1	4	2	0	2	1	1	0	3	4	2	4	7	8	0	2	5	3	6	7	6	6	4	6	6	7	9	9	3	6	9	8	12	12	10	13	5	4	6	2	1	0	5	4	3	2	6	5	6	0	8	12	14	13	14	5	8	10	11	5	10	12	22	32	24	15	13	9	12	3	4	2	12	9	16	10	10	19	6	9	5	10	9	26	36	13	17	35	49	51	23	19	8	21	14	12	4	13	17	14	6	11	6	7	15	7	6	13	10	8	19	34	85	353	0	169	23	25	14	9	13	4	3	1	12	10	10	6	8	11	9	5	4	3	9	7	5	3	3	3	6	14	16	27	57	185	109	54	50	30	35	28	19	25	17	22	25	48	37	26	63	52	32	12	6	9	3	2	5	7
0	0	0	1	1	0	3	2	2	3	3	1	1	3	5	2	3	2	1	3	3	0	3	4	0	0	4	1	1	0	0	1	3	0	2	2	5	3	3	2	0	2	3	5	6	4	7	3	4	2	5	7	8	4	1	5	9	6	4	9	8	11	8	6	5	1	8	5	5	7	2	6	4	9	2	4	8	7	16	7	14	7	8	15	6	9	9	13	26	43	35	18	14	8	5	2	5	8	8	22	10	21	21	18	17	9	9	13	21	45	102	30	23	42	32	40	16	9	6	8	18	8	6	7	9	8	8	5	3	1	2	10	4	8	7	5	14	19	25	58	169	0	60	70	32	12	16	4	3	2	8	16	11	12	10	8	5	7	11	8	7	13	10	7	8	4	15	15	41	57	273	229	44	18	17	18	20	21	20	15	28	12	23	52	65	32	51	44	32	6	6	7	13	6	12	3
0	0	0	3	0	0	3	2	1	0	1	1	0	1	1	4	1	1	2	0	2	2	0	1	3	1	1	0	1	4	0	1	1	2	1	3	1	6	6	1	4	1	2	0	3	3	1	7	2	1	4	7	2	2	1	4	3	6	9	7	5	11	4	4	3	2	6	6	3	6	3	2	1	3	5	5	7	1	4	12	4	6	6	6	11	8	7	9	24	15	17	21	11	4	2	4	2	7	7	13	10	14	19	14	8	16	11	15	32	30	32	27	14	19	14	11	11	4	5	10	5	3	6	5	4	6	4	5	5	0	2	5	1	2	4	2	7	6	10	13	23	60	0	362	119	109	59	20	19	9	22	34	29	13	19	6	17	10	12	9	35	28	19	9	12	14	27	34	76	94	116	45	14	12	10	9	12	8	11	14	11	10	13	20	42	37	35	31	23	18	3	13	14	14	16	21
0	0	0	0	1	0	1	2	3	0	2	0	1	1	2	2	2	3	0	0	3	2	1	2	0	2	1	2	0	1	2	0	0	2	5	1	1	5	4	2	3	5	3	2	5	2	2	3	1	2	3	3	1	4	0	5	7	2	8	7	5	5	7	6	3	1	5	1	0	5	2	6	1	4	4	4	5	5	8	12	8	6	4	6	6	3	7	10	6	14	14	10	8	1	3	2	9	2	5	8	4	4	11	6	10	9	6	14	17	26	21	21	14	14	14	9	6	10	4	6	4	4	8	7	9	0	3	2	6	4	3	5	6	6	7	3	7	5	9	12	25	70	362	0	191	67	24	21	21	8	20	40	23	7	13	8	13	14	16	10	27	20	15	10	11	12	25	21	31	54	96	47	15	12	10	8	5	17	16	17	25	6	8	17	60	35	58	38	46	13	6	13	11	7	11	27
0	0	0	0	0	0	0	1	2	0	2	3	2	3	1	1	3	1	2	0	0	1	0	1	1	0	0	1	1	0	1	1	1	0	4	2	4	4	4	0	2	5	1	3	1	1	1	3	1	3	1	7	4	3	1	4	6	1	3	7	8	3	4	0	2	3	2	3	2	3	4	2	3	4	3	3	5	8	7	7	0	4	5	4	7	5	4	12	13	11	11	6	13	9	3	1	8	6	3	9	6	6	10	7	11	11	9	10	16	26	23	17	6	4	13	15	2	5	0	5	3	5	4	6	6	4	7	3	2	5	6	3	3	5	6	4	4	12	4	9	14	32	119	191	0	118	55	30	32	19	37	113	46	17	18	20	22	10	12	20	99	37	20	11	9	15	16	31	58	72	65	21	11	9	14	13	11	13	18	17	21	12	10	28	45	48	38	24	31	22	8	14	27	15	29	36
0	0	0	1	3	1	0	2	1	1	1	2	0	1	2	3	0	3	2	2	2	3	1	1	2	0	0	4	1	1	1	1	0	0	1	2	5	5	3	6	4	1	5	2	5	1	3	1	1	1	2	3	4	1	1	1	7	5	4	6	1	4	3	3	1	2	5	4	5	0	2	3	0	2	3	1	4	6	5	5	8	4	4	8	6	13	9	7	10	9	9	9	7	7	0	5	8	6	2	10	7	7	17	10	10	10	9	10	33	21	16	16	14	15	11	6	5	6	6	4	5	4	4	3	1	2	0	2	3	2	2	1	3	3	5	4	2	6	7	4	9	12	109	67	118	0	194	80	82	30	62	49	19	18	9	10	15	14	25	17	80	20	26	8	41	22	50	27	56	45	36	18	10	3	11	7	8	6	9	10	5	6	7	7	13	20	15	11	15	6	13	6	7	10	12	17
0	0	0	0	0	2	1	4	2	2	2	2	1	2	3	3	4	2	3	3	3	4	0	2	0	3	1	1	1	1	1	2	2	0	2	2	1	5	5	1	3	2	1	1	3	1	4	1	1	2	2	1	1	4	3	2	1	2	6	7	11	9	4	6	5	4	6	5	5	3	1	3	6	3	5	5	4	3	5	5	12	10	4	7	5	6	12	10	13	6	5	13	11	4	10	6	3	14	5	11	5	9	12	13	14	11	18	21	44	31	22	4	10	10	9	9	5	4	1	3	3	3	2	4	4	2	2	3	1	3	3	4	1	2	6	2	8	7	6	8	13	16	59	24	55	194	0	93	73	42	63	40	40	13	9	7	28	13	18	17	88	60	30	29	79	77	210	80	161	71	25	15	8	4	4	4	5	11	15	10	8	7	10	10	23	15	17	7	8	12	8	11	12	7	14	13
0	0	0	0	0	0	1	0	0	1	2	0	3	1	0	3	1	3	1	1	0	0	1	0	0	1	1	0	0	0	0	2	0	2	0	2	5	4	1	2	6	0	1	3	2	0	1	2	2	1	0	1	1	1	0	1	4	1	4	0	5	4	3	4	3	4	5	3	3	1	3	1	2	4	2	5	4	4	4	3	6	6	6	3	5	3	8	2	3	6	7	9	6	7	7	4	3	10	4	5	4	7	16	8	11	15	12	11	16	8	10	8	9	1	5	5	6	4	3	6	2	0	3	4	5	1	4	4	2	3	3	2	2	1	1	4	3	4	3	3	4	4	20	21	30	80	93	0	187	108	96	20	23	8	3	7	17	22	28	18	45	28	37	46	123	57	58	29	35	24	16	11	3	3	6	2	4	6	5	8	7	7	5	13	9	4	9	9	12	8	2	6	4	12	6	14
0	0	0	1	0	0	2	0	0	1	4	2	2	2	0	1	1	2	1	0	1	0	1	1	1	1	1	1	1	3	1	0	0	0	3	0	3	1	1	1	0	3	1	3	2	3	3	4	1	0	0	2	5	1	1	3	1	5	3	1	5	6	5	2	1	4	1	1	0	1	1	1	1	2	1	2	5	4	4	3	4	7	4	2	1	4	8	7	11	3	8	7	5	2	6	8	7	1	1	1	2	7	8	11	5	11	8	9	14	9	7	7	3	9	5	3	3	2	0	3	6	1	1	3	3	4	4	1	3	0	2	2	3	0	4	2	1	4	11	7	3	3	19	21	32	82	73	187	0	162	309	39	30	6	11	11	26	24	49	39	108	35	52	27	45	23	33	21	28	11	14	7	6	3	5	3	2	9	8	6	8	3	6	6	9	13	18	10	10	2	7	5	13	7	21	16
0	0	0	1	1	2	1	0	1	2	0	1	3	0	1	0	2	2	1	0	2	0	0	0	0	1	0	1	0	0	0	0	1	0	1	2	3	4	4	4	2	3	4	0	0	2	0	2	0	1	2	1	1	3	0	3	1	1	3	3	6	1	5	1	4	2	2	1	0	2	0	1	2	5	3	2	3	2	3	4	2	5	5	8	5	5	6	5	5	8	3	4	7	4	7	1	2	5	3	6	5	5	4	8	11	14	8	11	14	15	9	4	5	5	3	3	1	0	3	2	3	1	1	1	1	2	0	2	3	0	3	2	1	0	4	0	1	2	1	4	1	2	9	8	19	30	42	108	162	0	134	25	17	10	11	10	18	47	61	39	47	45	77	72	83	27	32	17	16	16	16	3	5	1	6	5	6	6	3	7	4	6	5	6	8	6	9	3	4	4	4	4	8	14	19	12
0	0	0	0	1	2	1	2	2	0	3	2	2	0	0	1	2	2	5	1	2	0	0	1	0	0	2	2	4	0	1	1	0	1	3	2	1	1	3	0	1	2	1	2	2	2	3	3	1	2	3	4	2	1	0	3	5	2	1	7	11	4	1	6	2	2	5	1	3	2	1	5	6	6	4	1	5	7	4	2	1	3	2	5	2	7	9	9	7	5	6	8	6	2	5	4	2	3	2	6	8	4	11	10	11	8	12	11	18	13	6	2	5	6	3	6	2	3	2	1	3	2	1	1	2	1	2	4	2	2	3	0	2	3	2	6	6	6	6	6	12	8	22	20	37	62	63	96	309	134	0	68	33	14	12	14	39	37	93	86	268	72	50	33	53	26	49	25	32	25	10	7	7	6	2	2	4	5	7	10	8	7	8	12	13	17	13	7	17	11	9	6	18	13	23	24
0	0	0	0	1	1	2	1	0	0	2	2	2	4	1	4	1	3	0	1	1	3	1	1	2	2	3	1	2	1	0	3	0	3	2	3	3	1	6	3	4	3	2	2	1	1	1	4	3	2	4	6	1	1	2	1	3	2	1	2	6	3	1	1	5	4	7	2	3	0	2	3	3	5	3	0	3	5	5	6	5	2	7	7	6	6	14	16	18	10	9	7	7	5	5	3	1	2	5	6	4	6	8	8	3	5	13	9	16	16	9	11	6	9	11	6	5	8	2	5	5	3	3	1	5	3	7	4	6	1	2	1	6	1	9	3	3	4	6	3	10	16	34	40	113	49	40	20	39	25	68	0	98	34	45	32	76	45	37	57	242	92	27	17	20	22	17	22	28	43	18	30	16	13	7	6	10	10	23	21	20	15	9	19	33	49	37	19	26	26	12	22	28	23	53	61
0	0	0	1	0	0	0	1	2	1	2	3	0	1	4	2	1	2	1	0	0	1	1	2	4	1	0	0	1	0	1	1	3	2	2	6	5	6	4	5	2	4	3	1	3	4	1	5	1	3	1	4	1	0	3	1	6	3	2	6	16	11	7	2	4	5	3	2	3	1	10	3	4	7	9	9	12	8	6	6	6	6	8	12	13	13	19	17	21	11	11	15	7	10	8	6	10	6	9	10	10	8	10	9	7	5	14	20	40	16	16	9	12	16	3	3	4	6	2	5	5	3	3	5	5	2	3	2	5	2	3	3	5	9	7	2	5	6	6	13	10	11	29	23	46	19	40	23	30	17	33	98	0	143	76	52	164	41	33	27	56	168	36	13	25	11	32	39	38	42	19	20	13	7	8	8	8	11	14	24	29	15	20	26	49	51	28	17	13	12	11	17	44	19	25	26
0	0	0	2	2	0	0	1	3	3	2	1	1	3	2	1	3	3	5	3	0	1	0	3	4	2	3	2	0	0	1	1	3	1	4	1	4	8	7	4	6	4	1	2	2	4	5	2	2	3	2	2	3	4	2	3	2	6	4	8	21	10	4	7	7	6	4	7	3	0	3	3	11	16	15	10	10	9	11	8	10	5	12	14	19	18	29	47	31	18	6	9	14	5	8	6	3	7	8	5	2	5	12	6	9	9	8	15	31	12	13	10	6	7	6	4	4	4	1	6	6	8	0	1	1	1	1	1	1	1	5	9	2	6	7	3	9	8	10	5	6	12	13	7	17	18	13	8	6	10	14	34	143	0	90	82	63	28	22	13	22	43	28	12	9	14	16	27	18	33	17	27	6	7	4	10	11	18	15	39	31	23	22	21	37	44	27	19	12	12	6	9	21	23	24	15
0	0	0	1	0	1	2	0	1	1	2	2	3	2	1	3	3	1	4	1	3	2	3	2	2	2	1	4	0	1	1	0	4	1	2	2	3	4	6	2	4	4	4	4	2	2	1	1	2	3	4	0	2	0	2	0	3	2	5	1	11	6	2	0	4	0	4	2	2	3	2	1	5	9	6	9	6	9	7	7	7	6	5	10	4	12	12	18	17	3	11	8	6	7	6	4	5	3	2	6	1	4	3	3	5	5	6	10	19	10	10	4	2	5	3	4	3	5	2	6	5	4	3	1	2	4	4	4	3	1	3	4	0	4	3	1	5	3	5	5	8	10	19	13	18	9	9	3	11	11	12	45	76	90	0	695	102	32	21	26	31	38	15	6	12	12	8	7	12	18	6	9	10	4	7	13	7	14	19	28	30	23	14	14	24	34	14	33	12	13	10	10	65	95	60	30
0	0	0	2	1	1	2	4	3	4	3	5	1	2	2	4	0	3	5	2	0	4	2	2	1	3	2	0	0	1	0	1	0	1	3	2	3	4	10	3	2	3	0	2	3	4	2	4	3	1	2	2	6	3	2	4	5	1	2	0	6	5	4	4	6	3	3	3	2	2	0	6	7	5	4	9	5	15	10	9	4	1	10	8	4	4	15	20	19	7	5	5	2	3	4	6	3	6	7	2	2	2	5	8	4	8	7	5	18	8	7	4	6	7	3	8	1	0	1	6	2	0	0	5	5	3	2	6	1	3	4	3	5	9	7	5	4	7	3	6	11	8	6	8	20	10	7	7	11	10	14	32	52	82	695	0	49	32	15	27	16	28	16	5	13	5	10	7	12	7	10	13	15	4	8	13	8	34	36	47	33	20	15	11	20	44	26	14	18	18	19	34	102	121	46	34
0	0	0	1	0	3	3	2	1	3	1	2	0	2	3	1	2	1	3	1	2	4	1	1	0	1	2	1	2	1	0	2	1	1	3	1	2	2	2	6	4	1	2	4	1	4	2	1	0	2	2	3	3	4	2	2	1	4	6	2	9	7	1	2	2	4	5	3	4	4	0	4	1	7	7	2	8	11	6	3	7	3	3	5	15	8	13	18	14	5	4	10	7	3	5	5	11	1	5	8	5	3	3	11	5	5	9	12	21	8	9	7	7	5	8	4	2	4	2	3	4	3	2	1	3	3	3	3	1	1	3	2	3	4	4	2	3	2	3	4	9	5	17	13	22	15	28	17	26	18	39	76	164	63	102	49	0	188	71	59	57	82	41	14	18	16	23	21	27	24	12	8	5	3	7	8	8	10	13	18	18	13	5	17	20	28	12	12	8	11	2	8	32	27	54	40
0	0	0	0	0	1	1	3	2	1	3	1	1	0	1	1	4	0	1	1	0	1	1	1	0	1	2	1	1	0	0	1	1	0	1	2	1	4	1	2	2	1	2	2	3	3	4	0	3	3	2	2	1	4	2	2	3	2	2	7	5	4	1	2	1	2	3	4	3	5	5	2	3	2	5	6	7	1	2	0	5	4	3	6	10	6	10	6	6	8	6	3	8	3	7	5	7	2	4	4	6	1	4	5	5	6	5	5	15	3	6	5	2	3	2	2	2	1	3	1	3	3	2	4	3	0	0	1	1	2	1	0	1	1	5	4	0	2	4	3	5	7	10	14	10	14	13	22	24	47	37	45	41	28	32	32	188	0	127	50	38	56	39	29	15	15	12	19	13	9	10	11	5	3	6	3	4	8	8	7	11	7	8	6	5	23	8	7	8	1	2	15	24	22	31	22
0	0	0	0	1	2	1	1	1	1	0	0	0	2	0	1	0	0	2	1	1	2	3	1	0	0	1	2	0	1	1	1	0	2	1	0	2	2	3	2	1	1	0	1	2	1	1	1	1	4	1	0	1	1	2	1	0	2	4	2	11	2	3	2	0	0	2	3	0	1	0	3	7	3	1	3	4	3	4	6	3	2	7	3	5	3	8	9	7	4	7	6	5	3	7	4	1	4	5	4	0	2	7	5	0	3	7	5	10	12	4	4	3	2	5	0	0	3	2	1	3	2	5	4	4	2	1	0	1	2	3	2	1	3	2	1	3	7	3	5	4	11	12	16	12	25	18	28	49	61	93	37	33	22	21	15	71	127	0	600	88	47	39	33	24	14	15	18	10	12	12	7	5	7	5	4	6	8	9	14	16	8	8	9	12	7	9	4	13	11	8	10	19	26	86	35
0	0	0	0	1	1	0	2	2	2	0	1	1	2	2	3	0	2	2	0	1	0	1	1	1	0	1	0	1	0	1	0	2	3	2	0	4	4	2	1	1	3	2	0	2	3	1	1	2	4	4	2	0	0	2	2	1	6	4	5	5	2	3	3	3	1	2	0	0	0	2	1	0	0	0	4	1	3	4	2	3	2	6	2	5	3	7	5	10	4	7	5	0	5	0	2	0	4	2	4	3	3	6	6	3	4	9	5	13	5	9	7	2	3	2	5	3	3	1	2	4	5	2	3	6	0	1	1	2	2	0	1	2	3	6	5	2	2	3	10	3	8	9	10	20	17	17	18	39	39	86	57	27	13	26	27	59	50	600	0	49	26	24	20	14	9	10	10	12	13	10	11	5	3	2	6	9	11	9	7	7	4	11	6	9	13	16	17	14	11	22	24	24	25	73	50
0	0	0	0	1	0	1	1	1	4	1	2	1	0	3	1	2	1	4	1	2	0	0	2	1	2	0	0	1	1	2	2	2	0	6	2	2	1	2	5	3	2	1	4	2	2	3	4	2	2	1	4	2	0	2	1	2	3	4	3	9	8	10	3	4	3	2	2	3	5	5	2	9	6	3	4	7	7	7	5	6	3	4	10	6	6	5	14	14	16	8	10	9	3	4	5	6	4	3	7	4	5	17	12	8	10	4	19	25	20	11	17	6	4	3	4	2	3	2	3	1	2	4	3	1	1	6	2	1	2	3	3	2	6	2	2	3	4	2	9	9	7	35	27	99	80	88	45	108	47	268	242	56	22	31	16	57	38	88	49	0	147	45	26	32	27	40	34	45	35	24	15	5	10	6	6	8	10	10	14	20	11	12	10	19	28	18	16	18	11	7	11	17	18	37	42
0	0	0	1	3	4	2	0	2	2	0	3	3	1	3	0	4	2	3	2	5	3	3	2	2	1	2	2	2	0	3	0	0	0	2	4	3	4	5	0	6	2	2	2	5	3	2	2	1	2	0	0	2	1	2	2	1	4	6	4	18	9	6	3	3	6	5	3	3	3	0	4	6	12	2	7	8	4	3	5	2	5	1	9	10	9	15	15	19	4	9	5	15	1	9	9	7	4	2	8	3	6	17	13	8	23	15	20	45	15	15	5	10	8	7	2	5	4	2	4	1	1	0	1	2	1	2	1	1	2	4	1	7	3	7	2	3	4	9	3	7	13	28	20	37	20	60	28	35	45	72	92	168	43	38	28	82	56	47	26	147	0	94	31	46	33	66	54	49	48	19	14	10	3	4	8	5	10	13	6	12	7	10	22	24	27	12	13	13	13	5	18	15	12	27	15
0	0	0	1	2	1	3	2	1	2	1	4	1	2	0	1	1	2	1	1	1	0	5	2	4	1	2	3	1	3	1	0	1	0	0	1	5	3	5	3	3	1	1	4	2	2	1	1	4	1	0	1	2	2	1	0	3	5	3	4	11	6	3	4	2	4	2	0	1	2	1	2	5	2	4	6	3	4	8	4	4	3	4	9	3	5	7	10	9	9	6	4	4	5	9	5	10	4	2	5	6	6	6	12	14	10	14	23	29	12	7	8	5	6	4	3	0	5	4	3	0	2	4	4	3	2	0	2	1	6	2	2	1	2	4	2	6	3	2	5	5	10	19	15	20	26	30	37	52	77	50	27	36	28	15	16	41	39	39	24	45	94	0	162	92	61	45	31	26	17	7	6	5	3	7	4	6	2	4	8	5	5	10	9	4	11	8	8	6	8	3	2	14	10	14	13
0	0	0	0	0	1	2	2	1	2	3	1	1	3	1	0	1	0	1	1	1	5	2	2	2	1	2	0	3	0	1	1	2	0	0	1	2	1	5	3	3	1	1	2	3	0	2	0	1	2	3	3	5	2	0	1	2	3	1	7	6	1	3	4	5	1	4	2	3	6	2	2	1	3	5	2	3	4	7	6	3	3	7	5	3	7	10	1	15	4	3	6	8	8	9	3	3	6	6	7	3	9	12	9	6	15	19	20	15	6	8	9	1	5	3	1	3	4	3	2	0	1	3	1	3	0	0	2	1	4	2	5	2	0	2	1	1	5	0	4	3	7	9	10	11	8	29	46	27	72	33	17	13	12	6	5	14	29	33	20	26	31	162	0	130	69	39	15	22	6	5	6	4	6	1	2	4	6	0	4	2	4	6	7	10	12	6	5	4	4	3	6	3	9	8	9
0	0	0	0	1	0	1	2	2	4	0	0	2	0	0	3	4	1	1	2	2	1	1	1	0	0	0	3	1	0	0	1	1	0	2	4	4	2	1	2	2	1	0	1	3	0	2	0	0	4	1	0	1	2	1	2	2	4	3	2	10	6	9	4	1	1	5	7	6	4	1	8	4	5	2	3	4	5	4	7	1	4	6	13	4	9	9	10	11	6	2	9	10	8	8	5	8	5	9	9	2	11	14	11	16	22	20	16	25	13	10	5	4	5	3	0	2	3	2	3	7	3	6	1	1	4	2	1	3	2	3	3	1	4	0	2	4	2	7	3	3	8	12	11	9	41	79	123	45	83	53	20	25	9	12	13	18	15	24	14	32	46	92	130	0	199	145	34	27	19	13	11	5	4	6	2	3	5	3	2	8	6	5	12	9	7	11	13	2	5	9	3	6	6	8	8
0	0	0	1	1	0	1	1	4	1	3	2	0	0	0	4	3	1	1	0	1	0	2	3	2	0	1	3	1	2	0	2	1	1	3	3	3	1	6	2	5	1	2	1	2	2	1	3	1	2	3	0	0	1	1	1	3	4	7	7	15	6	6	4	4	5	5	6	6	0	5	7	4	5	8	3	6	4	3	4	8	5	7	5	3	5	16	6	9	10	12	15	11	11	5	8	12	9	12	7	7	9	16	24	14	37	34	31	35	23	11	11	4	5	4	10	3	11	4	2	0	0	3	3	1	2	4	2	1	3	0	2	0	6	4	2	4	3	7	7	3	4	14	12	15	22	77	57	23	27	26	22	11	14	12	5	16	15	14	9	27	33	61	69	199	0	392	59	56	26	17	12	8	5	5	5	5	2	3	6	5	5	4	14	10	16	9	6	6	3	1	3	7	4	6	9
0	0	0	1	1	3	2	1	4	1	0	0	0	2	1	6	0	0	0	0	4	2	0	4	1	2	0	1	0	0	1	1	0	1	3	4	5	2	2	5	4	0	2	2	0	2	3	2	5	2	4	2	2	1	1	2	5	5	7	4	14	4	3	5	5	4	9	5	5	3	4	4	5	9	5	12	9	5	9	8	1	9	12	6	11	8	8	11	16	12	9	15	13	13	16	11	8	5	5	7	7	21	15	27	16	23	25	26	49	36	15	12	13	9	11	8	3	6	2	3	4	2	4	4	0	4	3	1	0	1	4	3	6	0	4	1	2	3	4	10	6	15	27	25	16	50	210	58	33	32	49	17	32	16	8	10	23	12	15	10	40	66	45	39	145	392	0	112	83	40	23	11	6	2	7	2	6	9	6	5	6	7	10	18	16	9	9	5	7	7	6	8	10	4	8	8
0	0	0	0	0	1	2	0	0	0	1	0	2	1	3	4	5	1	3	2	0	1	5	1	2	0	0	2	0	2	1	0	3	1	6	4	7	4	7	6	1	1	10	2	1	1	2	4	1	4	7	2	1	2	0	5	3	4	14	6	23	11	14	9	2	5	10	5	8	8	5	14	8	11	10	5	10	9	9	20	17	15	14	15	12	15	17	15	24	28	28	35	24	16	18	13	14	4	15	9	16	21	29	32	27	27	52	101	359	85	46	25	11	10	7	9	3	7	3	7	9	3	1	6	3	2	3	5	4	4	6	0	5	2	2	6	12	8	7	10	14	15	34	21	31	27	80	29	21	17	25	22	39	27	7	7	21	19	18	10	34	54	31	15	34	59	112	0	370	134	42	28	9	3	8	6	2	4	13	3	19	5	13	33	42	28	25	14	11	5	3	7	7	7	10	11
0	0	0	1	1	3	0	1	1	2	0	5	1	5	1	0	0	1	2	1	0	1	1	1	3	4	2	1	2	0	2	1	0	1	0	1	1	4	5	2	4	9	5	1	3	4	6	1	1	1	4	4	2	4	2	3	1	8	9	6	17	12	7	6	3	6	4	5	4	3	4	5	6	4	7	5	12	5	6	17	10	8	6	8	11	14	6	19	18	14	22	32	16	14	15	5	4	8	7	6	11	20	40	25	29	18	23	42	104	64	42	18	8	19	10	11	7	5	6	7	7	6	3	4	4	2	6	5	2	2	2	3	2	3	6	5	4	9	10	9	16	41	76	31	58	56	161	35	28	16	32	28	38	18	12	12	27	13	10	12	45	49	26	22	27	56	83	370	0	321	64	24	15	13	6	8	7	7	9	12	15	11	13	27	39	33	30	12	15	12	3	11	13	14	6	10
0	0	0	2	0	0	5	1	1	1	1	2	1	2	2	8	4	4	3	1	0	3	4	1	0	5	0	2	0	2	0	1	1	1	4	3	2	3	5	3	2	2	2	5	2	1	4	3	1	4	0	1	3	0	4	2	5	6	5	10	25	8	12	7	4	1	6	8	3	7	4	8	5	4	6	7	14	7	7	16	5	13	9	11	9	7	13	26	33	23	23	32	23	11	4	7	8	7	10	14	5	17	32	27	17	21	16	34	83	88	65	24	17	22	12	12	8	6	5	14	7	10	4	5	9	4	5	5	1	6	2	6	6	5	3	6	9	6	14	16	27	57	94	54	72	45	71	24	11	16	25	43	42	33	18	7	24	9	12	13	35	48	17	6	19	26	40	134	321	0	134	51	20	16	18	13	11	13	15	16	25	17	19	56	142	61	34	32	25	20	8	10	17	10	11	13
0	0	0	2	2	0	1	1	0	2	1	0	0	2	3	3	4	1	4	1	4	1	4	1	1	2	1	0	0	0	0	1	3	2	2	1	4	5	4	5	2	4	3	3	4	4	5	6	1	4	2	9	2	4	3	0	10	8	16	10	16	4	7	7	3	4	4	3	0	2	2	2	4	5	10	4	6	8	9	10	13	7	16	12	10	12	7	11	27	40	21	31	17	10	10	4	7	6	7	15	14	13	23	23	23	10	11	22	32	62	143	53	24	36	23	22	13	17	10	5	7	5	12	12	7	4	2	4	5	3	4	3	5	4	10	6	7	22	18	22	57	273	116	96	65	36	25	16	14	16	10	18	19	17	6	10	12	10	12	10	24	19	7	5	13	17	23	42	64	134	0	137	29	14	10	18	9	8	16	10	7	9	29	48	120	43	53	32	28	15	8	12	10	12	13	10
0	0	0	2	1	3	0	1	2	2	3	1	1	1	3	2	5	1	4	2	2	0	1	1	2	0	3	0	1	1	1	1	3	0	1	4	1	5	8	10	4	5	2	6	2	3	6	4	3	3	3	10	7	3	9	6	14	13	10	12	13	13	12	11	4	3	5	2	1	1	5	3	5	6	8	8	8	14	21	19	10	8	15	16	8	11	16	16	46	49	30	21	18	8	9	5	2	1	10	12	14	8	18	16	8	6	9	12	24	33	78	25	17	40	32	23	13	20	5	10	11	8	10	10	8	5	11	6	4	7	7	8	3	11	15	12	10	28	42	58	185	229	45	47	21	18	15	11	7	3	7	30	20	27	9	13	8	11	7	11	15	14	6	6	11	12	11	28	24	51	137	0	79	30	36	17	24	23	30	24	48	25	32	137	161	73	132	79	35	26	12	12	12	7	9	12
0	0	0	0	1	1	0	2	0	1	1	3	0	3	3	4	5	2	3	1	1	3	5	1	2	2	1	1	0	3	1	1	2	3	5	3	1	8	9	6	3	6	3	2	4	5	8	3	4	5	5	12	3	12	6	2	6	8	10	12	6	10	7	6	4	5	5	6	3	4	1	6	1	8	7	6	15	16	26	25	16	6	7	12	10	7	7	14	35	36	22	10	13	6	4	4	3	5	3	10	8	3	5	7	10	4	6	11	16	16	28	18	14	22	24	29	7	23	11	13	18	15	20	20	32	10	12	13	7	17	13	10	12	27	31	16	22	41	65	118	109	44	14	15	11	10	8	3	6	5	7	16	13	6	10	15	5	5	5	5	5	10	5	4	5	8	6	9	15	20	29	79	0	108	256	78	105	37	36	35	46	38	35	64	35	37	49	34	28	13	9	9	13	10	6	10
0	0	0	5	2	4	3	0	1	2	6	1	2	4	9	3	3	4	2	4	2	1	4	3	2	3	0	1	1	3	0	3	2	2	2	5	2	7	7	1	3	3	4	3	4	4	8	2	3	5	8	16	7	11	9	12	11	8	14	6	2	4	8	8	4	2	4	4	4	1	2	7	4	3	1	5	7	16	18	13	5	7	11	9	6	15	5	10	7	18	15	8	7	8	2	4	2	6	2	6	6	11	5	5	2	3	4	6	4	11	14	10	10	24	26	35	28	25	11	20	25	21	33	68	83	32	19	23	14	17	28	20	24	27	34	22	28	73	141	102	54	18	12	12	9	3	4	3	3	1	6	13	7	7	4	4	3	3	7	3	10	3	3	6	4	5	2	3	13	16	14	30	108	0	184	55	51	22	26	16	18	13	15	27	12	19	19	24	13	7	7	11	9	8	5	6
0	0	0	1	2	0	2	1	2	3	3	1	1	1	5	5	5	1	2	1	1	1	2	5	4	1	1	0	0	1	1	3	2	1	3	1	5	5	8	4	2	4	2	3	4	1	3	4	5	5	8	11	9	13	4	14	13	14	9	11	4	3	7	2	1	3	2	2	3	3	3	6	4	4	2	7	7	18	21	18	4	3	10	4	8	7	8	15	19	24	18	6	7	4	2	1	4	2	2	3	5	4	8	12	6	5	6	8	6	11	10	11	8	21	23	18	15	10	8	19	16	12	17	33	42	19	16	13	11	10	16	22	22	56	54	27	22	48	52	83	50	17	10	10	14	11	4	6	5	6	2	7	8	4	7	8	7	6	5	2	6	4	7	1	6	5	7	8	6	18	10	36	256	184	0	183	170	49	47	21	43	31	23	22	18	18	28	31	19	13	7	5	13	9	6	4
0	0	0	0	2	3	1	2	1	4	5	3	5	2	4	6	1	5	3	2	3	1	2	4	1	3	2	0	2	1	0	2	4	1	1	3	5	8	7	4	0	4	1	4	2	7	1	5	1	3	9	4	8	5	6	6	10	5	9	11	5	3	9	4	7	1	6	2	3	1	6	3	4	3	1	4	6	16	19	9	5	4	5	12	5	5	9	10	19	13	15	5	6	4	3	1	6	2	7	5	8	3	7	6	3	3	8	9	9	6	13	7	5	10	9	8	6	14	6	10	12	4	16	18	18	9	16	17	12	11	5	18	19	55	33	15	13	15	21	51	30	18	9	8	13	7	4	2	3	5	2	6	8	10	13	13	8	3	4	6	6	8	4	2	2	5	2	6	8	13	18	17	78	55	183	0	703	65	58	30	51	48	27	24	15	20	34	42	18	15	8	13	5	7	3	10
0	0	0	1	1	2	2	2	1	4	4	1	1	4	4	2	2	2	2	0	0	4	3	1	2	3	1	0	0	0	1	1	0	0	2	0	4	3	5	7	2	4	2	4	2	3	4	4	0	5	6	5	2	8	9	8	5	4	8	14	6	4	3	4	4	1	4	2	2	0	4	4	6	4	3	6	8	18	18	13	4	3	7	12	6	8	8	18	13	13	8	7	8	9	2	2	2	11	6	6	7	9	6	7	7	3	6	9	10	10	15	8	8	13	12	10	13	5	1	5	12	12	6	15	23	14	15	13	8	10	19	18	20	30	22	18	16	15	18	40	35	20	12	5	11	8	5	4	2	6	4	10	8	11	7	8	8	4	6	9	8	5	6	4	3	5	6	2	7	11	9	24	105	51	170	703	0	146	84	41	43	38	20	22	18	20	42	46	22	11	14	11	8	8	6	10
0	0	0	0	2	0	6	2	4	1	1	2	1	2	4	3	4	3	2	0	2	6	0	0	2	2	0	2	2	0	0	2	0	2	5	3	7	8	2	1	4	1	1	4	1	3	5	2	1	5	3	5	4	6	2	3	6	6	8	6	7	4	5	8	2	5	2	4	1	4	3	2	0	6	7	5	5	7	14	8	1	4	4	8	5	8	6	9	14	12	11	8	5	2	4	3	2	5	6	6	5	4	2	8	4	8	3	6	7	9	8	6	4	6	4	12	2	4	5	8	6	7	5	6	19	6	8	8	5	12	13	13	9	14	11	8	6	22	14	28	28	21	8	17	13	6	11	6	9	6	5	10	11	18	14	34	10	8	8	11	10	10	2	6	5	2	9	4	7	13	8	23	37	22	49	65	146	0	557	177	81	20	10	13	23	37	47	88	35	51	23	22	27	17	21	9
0	0	0	1	2	0	0	2	6	4	2	2	1	3	2	3	2	0	0	1	1	2	1	4	1	2	0	1	0	1	0	2	2	5	1	7	3	7	0	0	1	2	2	4	1	2	5	4	5	2	6	5	4	6	3	2	8	5	5	7	0	7	5	2	4	5	2	2	1	2	5	6	2	8	4	4	3	8	12	10	6	5	7	9	6	7	11	11	31	15	14	9	6	7	5	2	5	7	2	9	3	6	8	3	9	3	3	7	5	4	13	4	7	8	11	12	12	7	3	9	6	1	11	9	12	7	9	6	7	10	7	9	12	12	12	7	14	10	9	29	19	20	11	16	18	9	15	5	8	3	7	23	14	15	19	36	13	8	9	9	10	13	4	0	3	3	6	13	9	15	16	30	36	26	47	58	84	557	0	460	133	42	27	29	33	59	52	73	32	29	25	25	27	14	16	20
0	0	0	0	2	0	0	1	5	4	2	2	0	2	2	2	2	2	2	3	0	0	0	2	0	2	0	0	0	2	2	1	0	1	6	2	2	2	7	3	4	3	2	2	5	2	4	2	2	3	7	2	3	3	1	3	3	5	4	8	10	10	7	1	8	4	4	1	5	5	4	3	3	5	6	4	5	5	9	13	2	3	5	6	12	9	8	13	22	13	4	7	6	3	4	2	2	5	3	6	4	5	2	5	3	8	6	5	8	13	21	6	7	9	7	7	9	2	3	6	5	5	6	10	6	5	6	4	6	3	4	4	9	9	9	6	5	7	16	13	25	15	14	17	17	10	10	8	6	7	10	21	24	39	28	47	18	7	14	7	14	6	8	4	2	6	5	3	12	16	10	24	35	16	21	30	41	177	460	0	164	36	22	27	36	80	83	77	48	34	19	22	57	23	16	18
0	0	0	3	1	2	0	4	5	2	3	4	0	0	2	4	1	2	2	2	3	2	3	2	4	1	1	0	2	1	1	2	0	3	1	3	4	4	7	8	3	1	4	3	1	4	0	2	4	3	4	3	2	4	4	2	5	8	9	11	10	9	10	3	6	4	6	2	7	0	1	3	5	8	5	14	15	22	18	16	9	6	6	6	19	15	12	30	47	30	9	8	10	11	5	1	5	4	2	10	6	5	5	4	9	7	4	11	17	11	15	9	10	8	5	11	7	6	6	5	12	4	6	11	13	5	6	6	6	8	6	4	10	9	25	10	3	10	10	22	17	28	11	25	21	5	8	7	8	4	8	20	29	31	30	33	18	11	16	7	20	12	5	2	8	5	6	19	15	25	7	48	46	18	43	51	43	81	133	164	0	120	50	56	65	86	83	37	22	26	6	23	27	15	13	11
0	0	0	0	1	2	3	2	6	2	0	6	7	1	4	7	3	2	1	2	2	6	7	3	1	4	6	3	1	0	0	2	2	0	4	5	10	6	17	9	1	4	6	3	4	7	4	8	2	7	7	6	5	4	1	5	6	6	9	11	10	7	10	5	3	4	3	2	5	6	4	7	4	8	9	12	38	31	43	23	9	7	16	23	13	12	15	50	43	15	9	9	9	4	7	2	9	3	2	7	6	2	5	4	6	6	6	5	10	14	19	8	5	9	19	5	5	10	4	11	8	8	8	14	4	9	4	6	6	3	6	11	12	8	23	16	16	14	10	16	22	12	10	6	12	6	7	7	3	6	7	15	15	23	23	20	13	7	8	4	11	7	5	4	6	5	7	5	11	17	9	25	38	13	31	48	38	20	42	36	120	0	66	40	32	38	28	21	12	10	14	8	7	14	6	13
0	0	0	2	0	0	3	1	4	3	0	5	7	3	1	7	6	3	2	1	4	3	5	3	4	2	4	1	3	2	0	2	6	5	3	4	7	10	21	9	4	10	14	5	9	2	5	5	5	5	5	11	4	8	7	10	13	13	25	35	27	19	29	17	12	10	9	10	10	8	9	11	10	20	13	25	53	59	79	81	17	13	28	69	49	32	42	203	506	101	34	24	25	14	8	10	2	3	11	17	14	12	10	14	9	6	8	21	27	25	44	13	7	15	21	6	8	16	10	20	8	8	7	7	9	5	4	5	5	4	5	7	7	12	24	24	14	33	13	10	25	23	13	8	10	7	10	5	6	5	8	9	20	22	14	15	5	8	8	11	12	10	10	6	5	4	10	13	13	19	29	32	35	15	23	27	20	10	27	22	50	66	0	122	41	23	26	20	11	5	4	6	8	6	7	5
0	0	0	4	3	1	1	1	1	3	2	1	2	0	5	5	4	5	3	2	1	1	3	1	3	2	1	1	0	1	1	0	3	1	1	5	4	8	18	0	5	0	5	8	9	5	3	7	5	7	4	7	3	8	4	3	7	17	16	14	33	9	12	9	8	7	12	5	11	5	9	7	8	9	6	12	18	22	33	46	15	9	16	33	23	18	19	57	313	134	47	33	31	9	10	9	9	7	11	16	13	17	16	17	13	10	19	20	41	51	134	32	16	32	21	16	13	16	10	14	17	6	7	6	9	6	7	7	2	8	5	5	6	12	24	16	13	25	25	31	48	52	20	17	28	7	10	13	6	6	12	19	26	21	14	11	17	6	9	6	10	22	9	7	12	14	18	33	27	56	48	137	64	27	22	24	22	13	29	27	56	40	122	0	168	55	54	30	14	21	7	4	9	14	4	16
0	0	0	2	0	1	4	3	3	1	3	4	1	1	3	3	3	4	0	0	3	2	2	0	3	3	2	1	1	0	1	3	0	1	2	1	5	6	9	6	3	1	5	4	3	5	6	6	2	3	2	6	6	7	2	4	5	7	6	6	12	16	7	9	2	4	4	4	3	9	8	10	7	9	6	6	8	21	11	19	7	9	10	14	16	9	16	32	86	34	24	16	20	5	11	5	9	3	10	12	14	16	16	10	14	12	11	17	30	46	74	25	14	18	17	8	14	10	7	6	6	4	7	7	8	5	3	3	0	0	4	3	6	11	11	7	12	15	22	37	37	65	42	60	45	13	23	9	9	8	13	33	49	37	24	20	20	5	12	9	19	24	4	10	9	10	16	42	39	142	120	161	35	12	18	15	18	23	33	36	65	32	41	168	0	229	119	44	23	12	11	18	20	13	20	14
0	0	0	1	0	2	4	3	4	2	2	1	2	0	5	2	1	6	4	2	0	0	4	2	4	1	3	0	0	0	0	0	3	3	2	7	3	5	5	4	1	2	5	4	3	3	2	5	1	3	1	6	4	4	2	8	6	6	4	6	9	6	2	2	4	4	3	5	4	5	2	5	2	2	5	10	9	10	12	23	5	11	7	8	15	6	21	20	45	17	11	15	7	5	7	4	4	3	1	8	8	6	10	13	8	5	9	13	22	17	24	9	13	13	7	15	9	8	6	3	7	3	5	7	10	8	3	6	1	4	10	5	3	5	14	7	8	11	16	24	26	32	37	35	48	20	15	4	13	6	17	49	51	44	34	44	28	23	7	13	28	27	11	12	7	16	9	28	33	61	43	73	37	19	18	20	20	37	59	80	86	38	23	55	229	0	191	95	43	37	19	26	32	20	24	22
0	0	0	2	2	2	0	2	3	1	6	4	3	2	3	4	3	4	1	4	1	2	1	0	2	3	1	2	3	0	0	2	0	0	2	0	6	6	8	2	1	3	1	1	2	3	4	1	3	5	2	7	3	4	8	6	6	10	6	9	6	4	5	4	3	2	6	4	1	1	4	5	4	8	3	8	10	7	10	8	10	5	10	6	4	9	6	17	27	19	10	16	8	3	4	4	2	1	3	5	8	11	8	4	12	12	10	13	19	14	49	7	9	17	16	10	13	11	3	5	5	6	10	8	5	12	8	4	6	5	4	4	7	10	12	10	14	13	12	36	63	51	35	58	38	15	17	9	18	9	13	37	28	27	14	26	12	8	9	16	18	12	8	6	11	9	9	25	30	34	53	132	49	19	28	34	42	47	52	83	83	28	26	54	119	191	0	524	82	35	22	16	21	14	16	21
0	0	0	1	1	0	1	0	2	5	2	0	0	4	3	3	1	2	2	5	2	3	1	1	3	0	3	2	2	0	0	1	3	2	1	1	5	1	8	3	2	4	1	1	5	4	5	1	2	2	2	6	7	3	3	7	4	5	5	5	3	3	2	7	6	3	6	2	2	3	1	2	3	2	3	5	5	5	12	6	8	9	1	7	7	7	11	7	21	8	12	5	10	4	6	3	4	4	2	2	3	5	12	9	7	4	7	8	15	16	17	13	5	10	15	13	10	11	6	5	8	5	7	9	7	5	5	7	4	8	5	5	8	7	9	6	10	9	29	44	52	44	31	38	24	11	7	9	10	3	7	19	17	19	33	14	12	7	4	17	16	13	8	5	13	6	5	14	12	32	32	79	34	24	31	42	46	88	73	77	37	21	20	30	44	95	524	0	222	51	26	20	21	12	11	21
0	0	0	2	0	0	1	2	2	3	4	4	3	1	2	0	2	0	0	0	2	0	2	0	4	0	1	0	0	0	1	2	2	0	1	1	5	3	6	2	3	2	5	3	2	2	1	3	1	3	2	5	2	7	3	2	3	2	13	7	3	3	6	4	0	4	3	2	3	3	2	5	2	2	3	2	2	7	5	7	3	1	5	5	5	6	3	16	8	13	7	7	9	5	4	4	3	4	3	5	5	7	9	6	4	4	5	5	11	10	13	4	5	12	12	6	10	5	6	7	5	5	4	4	8	4	4	2	1	3	6	6	5	7	8	2	7	11	11	38	32	32	23	46	31	15	8	12	10	4	17	26	13	12	12	18	8	8	13	14	18	13	6	4	2	6	7	11	15	25	28	35	28	13	19	18	22	35	32	48	22	12	11	14	23	43	82	222	0	142	33	27	30	9	13	17
0	0	0	0	0	1	0	2	0	3	1	0	1	0	3	3	0	1	1	0	2	5	0	2	1	0	1	0	1	1	1	1	1	2	6	4	1	5	3	1	2	0	0	1	1	4	0	2	1	2	5	3	3	2	3	3	2	3	5	3	8	3	2	2	4	4	3	2	2	2	8	1	2	4	4	5	8	4	6	9	5	2	0	2	7	3	4	8	6	6	3	6	4	1	5	3	3	1	2	5	2	6	3	6	2	4	3	4	13	8	6	6	7	6	6	7	6	4	0	5	3	2	3	6	9	4	3	3	2	7	6	4	6	5	5	5	5	2	10	14	12	6	18	13	22	6	12	8	2	4	11	26	12	12	13	18	11	1	11	11	11	13	8	4	5	3	7	5	12	20	15	26	13	7	13	15	11	51	29	34	26	10	5	21	12	37	35	51	142	0	96	73	40	22	24	34
0	0	0	0	0	3	0	2	1	0	3	0	1	2	3	1	1	1	0	3	0	3	3	2	0	1	0	1	1	1	1	0	0	0	1	3	2	0	5	1	1	2	1	0	1	3	0	1	1	3	0	2	2	4	3	1	1	1	5	0	6	5	1	0	2	0	3	0	2	0	4	2	1	2	2	4	4	4	5	3	5	2	3	8	4	3	4	4	5	7	3	3	3	1	3	5	4	4	2	1	3	1	3	2	2	7	2	2	3	3	3	9	2	4	5	2	4	2	0	2	2	2	4	2	2	5	3	3	5	6	4	5	5	6	4	1	1	7	6	7	6	6	3	6	8	13	8	2	7	4	9	12	11	6	10	19	2	2	8	22	7	5	3	3	9	1	6	3	3	8	8	12	9	7	7	8	14	23	25	19	6	14	4	7	11	19	22	26	33	96	0	256	38	22	18	27
0	0	0	0	2	1	0	0	1	2	1	3	2	3	1	3	3	1	0	4	0	4	0	2	1	0	1	0	1	2	1	0	1	2	1	1	2	5	1	2	3	3	1	0	1	1	5	3	4	0	1	3	2	3	0	2	3	4	5	1	3	3	3	2	2	5	0	4	2	2	3	4	1	6	2	1	3	4	1	3	3	5	3	5	6	10	4	4	9	4	8	6	0	3	2	3	0	1	1	2	5	4	5	6	3	0	2	5	7	4	7	5	3	4	4	2	4	3	0	4	5	0	5	4	3	4	3	3	4	4	7	6	1	6	5	2	4	6	2	12	9	7	13	13	14	6	11	6	5	4	6	22	17	9	10	34	8	15	10	24	11	18	2	6	3	3	8	7	11	10	12	12	9	11	5	13	11	22	25	22	23	8	6	4	18	26	16	20	27	73	256	0	166	45	56	81
0	0	0	1	2	1	0	1	2	1	1	0	0	1	2	2	0	4	3	2	1	1	1	1	1	2	0	1	1	0	0	2	1	0	0	3	1	4	7	2	3	1	2	0	0	4	1	0	3	4	1	0	2	1	2	2	1	2	3	3	2	3	4	3	2	3	4	2	4	6	0	7	6	2	7	4	14	7	1	5	3	3	4	4	4	7	10	6	12	6	2	4	9	3	0	3	4	2	3	1	3	1	5	3	5	5	5	5	7	6	8	4	1	4	5	5	2	3	3	5	4	5	1	2	6	4	3	4	2	4	0	6	7	5	8	2	1	6	6	4	3	13	14	11	27	7	12	4	13	8	18	28	44	21	65	102	32	24	19	24	17	15	14	3	6	7	10	7	13	17	10	12	13	9	13	5	8	27	27	57	27	7	8	9	20	32	21	21	30	40	38	166	0	199	116	96
0	0	0	0	2	2	1	1	2	1	0	1	3	3	1	3	5	0	0	2	3	2	4	3	2	1	0	0	2	1	0	2	0	2	2	1	2	4	2	2	3	1	1	2	2	2	3	0	2	1	2	4	4	3	1	0	1	1	4	5	4	5	2	2	2	0	3	2	2	3	0	2	3	4	5	5	8	7	7	6	3	4	2	6	5	2	10	6	14	4	3	4	2	2	5	1	7	1	2	4	1	3	4	7	5	6	1	5	8	3	2	8	2	7	3	4	4	2	1	4	1	2	4	5	9	3	7	4	4	3	4	3	3	5	4	4	4	5	3	6	2	6	14	7	15	10	7	12	7	14	13	23	19	23	95	121	27	22	26	25	18	12	10	9	6	4	4	7	14	10	12	7	10	8	9	7	8	17	14	23	15	14	6	14	13	20	14	12	9	22	22	45	199	0	84	41
0	0	0	0	0	0	1	0	0	1	1	0	3	1	0	1	3	1	3	2	0	0	0	0	1	1	0	0	1	1	2	0	1	0	3	1	2	3	4	6	2	1	3	1	0	1	2	1	3	2	1	0	1	0	3	1	4	3	1	4	4	3	7	2	2	0	1	3	1	0	4	3	0	2	4	3	4	2	3	2	6	3	3	4	6	9	4	12	6	13	4	2	4	5	2	3	5	0	4	2	2	5	7	6	1	8	6	3	12	6	6	4	1	4	1	4	5	4	8	2	1	0	4	6	0	2	4	5	1	0	6	2	1	2	5	5	4	4	3	6	5	12	16	11	29	12	14	6	21	19	23	53	25	24	60	46	54	31	86	73	37	27	14	8	8	6	8	10	6	11	13	9	6	5	6	3	6	21	16	16	13	6	7	4	20	24	16	11	13	24	18	56	116	84	0	197
0	0	0	1	0	1	2	1	1	1	1	0	2	1	2	1	2	0	1	0	2	2	3	0	1	1	0	0	0	2	0	1	0	0	2	4	0	4	6	2	3	1	4	1	2	3	2	4	2	3	2	2	0	2	3	0	0	3	2	3	2	3	5	0	1	0	1	3	2	0	1	5	2	2	5	10	5	7	6	6	3	4	3	3	4	5	9	5	9	7	7	3	5	2	6	2	2	4	2	3	2	4	8	6	7	3	6	7	9	6	5	7	4	5	4	6	1	2	3	2	2	2	2	1	2	1	1	3	3	3	2	2	3	4	6	2	1	6	8	5	7	3	21	27	36	17	13	14	16	12	24	61	26	15	30	34	40	22	35	50	42	15	13	9	8	9	8	11	10	13	10	12	10	6	4	10	10	9	20	18	11	13	5	16	14	22	21	21	17	34	27	81	96	41	197	0
