0	0	0	0	0	0	0	0	0	0	0	0	0	0	0	0	0	0	0	0	0	0	0	0	0	0	0	0	0	0	0	0	0	0	0	0	0	0	0	0	0	0	0	0	0	0	0	0	0	0	0	0	0	0	0	0	0	0	0	0	0	0
0	0	0	0	0	0	0	0	0	0	0	0	0	0	0	0	0	0	0	0	0	0	0	0	0	0	0	0	0	0	0	0	0	0	0	0	0	0	0	0	0	0	0	0	0	0	0	0	0	0	0	0	0	0	0	0	0	0	0	0	0	0
0	0	0	0	0	0	0	0	0	0	0	0	0	0	0	0	0	0	0	0	0	0	0	0	0	0	0	0	0	0	0	0	0	0	0	0	0	0	0	0	0	0	0	0	0	0	0	0	0	0	0	0	0	0	0	0	0	0	0	0	0	0
0	0	0	0	283	59	34	31	36	8	8	1	2	0	1	0	0	3	5	3	3	5	8	19	23	23	5	10	6	12	3	4	3	3	9	4	9	5	2	0	3	3	3	2	0	1	1	1	2	0	1	2	3	4	5	11	8	9	10	28	10	5
0	0	0	283	0	46	48	51	21	14	7	2	1	0	0	1	3	1	1	1	1	3	6	13	21	15	6	5	3	7	6	3	3	0	8	3	3	2	5	4	1	1	5	1	3	0	4	3	0	7	5	2	0	3	4	8	12	9	10	14	10	4
0	0	0	59	46	0	40	30	28	7	2	2	0	1	1	1	0	1	3	4	3	4	6	14	63	53	11	12	3	8	3	2	6	4	9	6	4	2	0	0	2	3	0	2	3	1	2	4	2	1	6	0	1	5	4	8	7	7	8	12	7	5
0	0	0	34	48	40	0	35	15	6	0	1	2	0	0	0	1	0	2	2	1	1	2	3	5	13	7	5	2	2	3	1	4	2	3	4	3	2	2	2	0	3	3	2	2	0	1	1	3	5	1	1	3	1	3	4	8	5	7	10	5	2
0	0	0	31	51	30	35	0	42	11	3	2	0	0	4	0	0	0	0	1	2	8	4	7	14	5	5	6	2	2	4	6	3	3	7	4	0	2	1	1	2	3	0	2	4	0	2	1	2	1	1	2	2	2	4	4	5	3	5	4	10	4
0	0	0	36	21	28	15	42	0	21	13	2	0	0	1	1	0	2	4	4	2	5	19	52	50	24	18	18	13	10	6	16	14	7	4	3	2	5	0	2	4	3	8	2	2	6	3	3	4	2	7	3	3	4	3	7	11	4	8	8	10	4
0	0	0	8	14	7	6	11	21	0	33	12	2	3	2	1	2	6	3	3	6	28	78	31	13	7	12	11	8	11	13	41	20	12	13	2	3	4	6	3	1	2	2	3	1	5	1	0	7	8	12	11	6	4	10	4	5	3	5	4	9	7
0	0	0	8	7	2	0	3	13	33	0	26	6	1	3	1	6	13	12	8	55	781	41	9	11	3	3	12	6	10	4	33	11	6	3	5	5	12	8	2	4	2	3	0	2	5	3	2	8	6	7	13	8	5	2	6	5	3	1	4	6	12
0	0	0	1	2	2	1	2	2	12	26	0	23	7	5	5	8	44	34	63	71	32	11	3	5	3	2	3	2	2	4	6	7	3	4	2	1	3	2	4	0	2	4	1	3	6	0	1	1	3	4	9	4	3	0	1	1	2	2	2	1	11
0	0	0	2	1	0	2	0	0	2	6	23	0	54	129	25	51	42	9	25	6	5	3	2	1	1	2	1	1	4	2	3	4	4	1	2	0	3	1	3	4	3	3	2	1	3	2	3	4	2	2	7	3	1	1	4	0	2	1	0	0	3
0	0	0	0	0	1	0	0	0	3	1	7	54	0	299	61	63	13	4	9	7	5	1	2	0	1	0	2	1	2	1	2	0	1	1	2	0	1	2	3	1	0	2	1	1	1	1	1	1	2	1	5	1	2	2	0	2	0	1	0	4	3
0	0	0	1	0	1	0	4	1	2	3	5	129	299	0	54	99	20	3	13	7	7	1	0	0	0	0	0	3	3	3	2	3	1	0	0	1	1	4	1	2	2	1	2	2	2	1	1	3	2	3	1	1	3	2	1	0	0	3	1	0	2
0	0	0	0	1	1	0	0	1	1	1	5	25	61	54	0	99	9	6	11	6	2	6	0	0	1	0	1	1	1	1	2	5	0	0	0	2	1	1	1	0	3	1	2	1	3	2	0	0	2	1	2	1	1	1	1	2	2	1	2	1	2
0	0	0	0	3	0	1	0	0	2	6	8	51	63	99	99	0	32	10	16	7	0	2	1	0	0	2	3	1	1	2	2	1	3	1	3	0	0	3	0	1	1	1	1	1	2	6	0	2	0	4	2	3	2	1	0	0	2	1	2	1	1
0	0	0	3	1	1	0	0	2	6	13	44	42	13	20	9	32	0	30	72	19	8	4	3	2	2	2	2	2	2	2	7	6	1	2	2	1	2	0	5	4	0	0	2	3	0	2	3	2	5	3	3	2	1	1	1	1	1	0	1	0	4
0	0	0	5	1	3	2	0	4	3	12	34	9	4	3	6	10	30	0	63	46	13	8	1	4	3	2	4	5	2	1	5	3	4	0	1	1	1	0	0	0	2	2	3	2	1	2	0	2	4	1	2	1	4	4	3	3	1	2	0	2	4
0	0	0	3	1	4	2	1	4	3	8	63	25	9	13	11	16	72	63	0	31	17	7	9	0	2	2	3	1	2	7	3	3	1	1	2	2	3	3	4	1	0	3	3	2	2	1	0	2	5	5	8	3	2	0	2	2	2	2	0	2	1
0	0	0	3	1	3	1	2	2	6	55	71	6	7	7	6	7	19	46	31	0	38	16	6	3	1	5	2	4	4	8	15	2	5	0	2	1	3	5	3	9	1	1	1	5	2	5	1	5	2	3	10	6	1	4	2	3	2	2	2	3	8
0	0	0	5	3	4	1	8	5	28	781	32	5	5	7	2	0	8	13	17	38	0	41	9	6	2	7	10	14	7	10	47	23	14	4	2	5	7	5	0	2	2	5	1	1	4	3	3	7	9	12	20	7	6	7	5	5	2	2	2	12	14
0	0	0	8	6	6	2	4	19	78	41	11	3	1	1	6	2	4	8	7	16	41	0	26	11	6	13	17	17	19	23	207	49	29	9	5	6	4	4	2	5	6	5	4	3	5	4	3	5	17	18	16	11	0	9	7	8	2	6	6	7	25
0	0	0	19	13	14	3	7	52	31	9	3	2	2	0	0	1	3	1	9	6	9	26	0	40	30	49	85	35	28	13	25	17	15	20	6	6	5	9	4	2	3	2	3	1	2	4	3	8	4	11	5	7	1	3	9	5	8	7	5	17	7
0	0	0	23	21	63	5	14	50	13	11	5	1	0	0	0	0	2	4	0	3	6	11	40	0	87	21	21	6	16	6	6	7	6	7	5	6	3	3	1	2	5	1	3	2	1	4	2	5	8	4	2	4	5	3	4	5	8	5	7	3	4
0	0	0	23	15	53	13	5	24	7	3	3	1	1	0	1	0	2	3	2	1	2	6	30	87	0	38	22	16	11	6	8	4	8	10	6	8	9	3	4	1	2	4	4	2	2	2	4	5	5	3	2	4	4	1	7	5	4	6	5	9	3
0	0	0	5	6	11	7	5	18	12	3	2	2	0	0	0	2	2	2	2	5	7	13	49	21	38	0	151	50	43	17	19	18	22	16	7	10	12	6	1	7	3	4	2	4	4	1	6	5	6	8	4	6	6	7	10	7	6	7	11	13	8
0	0	0	10	5	12	5	6	18	11	12	3	1	2	0	1	3	2	4	3	2	10	17	85	21	22	151	0	88	76	38	22	51	19	19	7	6	13	4	5	3	9	8	5	3	3	3	6	7	13	8	4	8	1	8	7	5	4	8	6	9	13
0	0	0	6	3	3	2	2	13	8	6	2	1	1	3	1	1	2	5	1	4	14	17	35	6	16	50	88	0	61	67	27	60	49	21	7	16	50	11	2	7	5	5	5	5	4	8	8	19	15	25	11	15	8	15	14	7	3	7	8	13	14
0	0	0	12	7	8	2	2	10	11	10	2	4	2	3	1	1	2	2	2	4	7	19	28	16	11	43	76	61	0	41	32	40	15	7	4	7	11	6	1	3	6	5	1	4	8	3	13	11	12	9	5	7	5	5	8	7	5	4	3	5	15
0	0	0	3	6	3	3	4	6	13	4	4	2	1	3	1	2	2	1	7	8	10	23	13	6	6	17	38	67	41	0	28	116	29	17	6	12	63	21	9	2	9	11	5	11	13	13	10	37	31	58	21	19	15	9	11	4	5	3	5	5	19
0	0	0	4	3	2	1	6	16	41	33	6	3	2	2	2	2	7	5	3	15	47	207	25	6	8	19	22	27	32	28	0	115	16	8	3	6	12	9	5	3	7	4	3	6	7	6	4	11	14	20	22	9	6	6	6	5	5	5	7	13	33
0	0	0	3	3	6	4	3	14	20	11	7	4	0	3	5	1	6	3	3	2	23	49	17	7	4	18	51	60	40	116	115	0	41	16	7	6	36	15	8	4	7	10	9	8	8	7	5	13	28	28	26	15	8	7	5	6	3	6	6	14	30
0	0	0	3	0	4	2	3	7	12	6	3	4	1	1	0	3	1	4	1	5	14	29	15	6	8	22	19	49	15	29	16	41	0	66	16	35	101	19	11	12	8	11	12	10	5	9	13	24	88	66	31	30	20	41	24	18	5	7	7	34	107
0	0	0	9	8	9	3	7	4	13	3	4	1	1	0	0	1	2	0	1	0	4	9	20	7	10	16	19	21	7	17	8	16	66	0	44	34	27	9	7	9	8	11	3	9	3	4	4	10	25	12	15	16	21	59	146	20	11	12	12	73	38
0	0	0	4	3	6	4	4	3	2	5	2	2	2	0	0	3	2	1	2	2	2	5	6	5	6	7	7	7	4	6	3	7	16	44	0	58	13	8	9	16	19	7	8	9	6	3	6	10	12	9	6	15	9	51	32	16	14	12	14	17	10
0	0	0	9	3	4	3	0	2	3	5	1	0	0	1	2	0	1	1	2	1	5	6	6	6	8	10	6	16	7	12	6	6	35	34	58	0	26	12	7	20	50	20	11	15	9	3	5	14	30	21	7	42	39	177	33	14	8	6	10	16	16
0	0	0	5	2	2	2	2	5	4	12	3	3	1	1	1	0	2	1	3	3	7	4	5	3	9	12	13	50	11	63	12	36	101	27	13	26	0	59	10	16	16	16	1	31	14	8	18	86	129	137	22	70	29	29	13	8	9	6	0	13	27
0	0	0	2	5	0	2	1	0	6	8	2	1	2	4	1	3	0	0	3	5	5	4	9	3	3	6	4	11	6	21	9	15	19	9	8	12	59	0	43	28	8	25	16	41	35	20	20	145	46	64	29	90	24	16	5	1	6	3	1	3	14
0	0	0	0	4	0	2	1	2	3	2	4	3	3	1	1	0	5	0	4	3	0	2	4	1	4	1	5	2	1	9	5	8	11	7	9	7	10	43	0	23	12	32	52	57	74	27	7	17	20	13	11	22	33	5	4	3	5	3	0	2	7
0	0	0	3	1	2	0	2	4	1	4	0	4	1	2	0	1	4	0	1	9	2	5	2	2	1	7	3	7	3	2	3	4	12	9	16	20	16	28	23	0	149	46	22	35	23	9	10	20	18	14	11	32	132	14	6	5	4	5	3	9	9
0	0	0	3	1	3	3	3	3	2	2	2	3	0	2	3	1	0	2	0	1	2	6	3	5	2	3	9	5	6	9	7	7	8	8	19	50	16	8	12	149	0	25	18	22	4	8	7	15	18	7	9	16	55	23	10	5	8	5	2	7	8
0	0	0	3	5	0	3	0	8	2	3	4	3	2	1	1	1	0	2	3	1	5	5	2	1	4	4	8	5	5	11	4	10	11	11	7	20	16	25	32	46	25	0	76	295	75	24	41	33	17	8	9	25	33	12	6	6	6	2	2	2	8
0	0	0	2	1	2	2	2	2	3	0	1	2	1	2	2	1	2	3	3	1	1	4	3	3	4	2	5	5	1	5	3	9	12	3	8	11	1	16	52	22	18	76	0	73	70	15	18	14	10	14	6	13	12	8	3	5	3	3	4	4	5
0	0	0	0	3	3	2	4	2	1	2	3	1	1	2	1	1	3	2	2	5	1	3	1	2	2	4	3	5	4	11	6	8	10	9	9	15	31	41	57	35	22	295	73	0	239	38	38	37	18	16	14	31	29	7	5	3	3	2	2	4	9
0	0	0	1	0	1	0	0	6	5	5	6	3	1	2	3	2	0	1	2	2	4	5	2	1	2	4	3	4	8	13	7	8	5	3	6	9	14	35	74	23	4	75	70	239	0	61	35	28	6	15	6	28	11	2	7	3	1	7	0	5	5
0	0	0	1	4	2	1	2	3	1	3	0	2	1	1	2	6	2	2	1	5	3	4	4	4	2	1	3	8	3	13	6	7	9	4	3	3	8	20	27	9	8	24	15	38	61	0	73	30	7	10	6	10	11	5	1	3	0	0	1	7	7
0	0	0	1	3	4	1	1	3	0	2	1	3	1	1	0	0	3	0	0	1	3	3	3	2	4	6	6	8	13	10	4	5	13	4	6	5	18	20	7	10	7	41	18	38	35	73	0	26	14	9	8	16	13	7	8	4	1	1	1	3	3
0	0	0	2	0	2	3	2	4	7	8	1	4	1	3	0	2	2	2	2	5	7	5	8	5	5	5	7	19	11	37	11	13	24	10	10	14	86	145	17	20	15	33	14	37	28	30	26	0	49	61	17	42	25	20	6	4	3	1	4	4	20
0	0	0	0	7	1	5	1	2	8	6	3	2	2	2	2	0	5	4	5	2	9	17	4	8	5	6	13	15	12	31	14	28	88	25	12	30	129	46	20	18	18	17	10	18	6	7	14	49	0	155	52	185	54	49	18	5	6	3	6	12	60
0	0	0	1	5	6	1	1	7	12	7	4	2	1	3	1	4	3	1	5	3	12	18	11	4	3	8	8	25	9	58	20	28	66	12	9	21	137	64	13	14	7	8	14	16	15	10	9	61	155	0	66	69	21	20	13	1	4	5	5	12	51
0	0	0	2	2	0	1	2	3	11	13	9	7	5	1	2	2	3	2	8	10	20	16	5	2	2	4	4	11	5	21	22	26	31	15	6	7	22	29	11	11	9	9	6	14	6	6	8	17	52	66	0	27	11	22	6	2	5	7	4	9	50
0	0	0	3	0	1	3	2	3	6	8	4	3	1	1	1	3	2	1	3	6	7	11	7	4	4	6	8	15	7	19	9	15	30	16	15	42	70	90	22	32	16	25	13	31	28	10	16	42	185	69	27	0	129	34	11	10	6	6	2	12	32
0	0	0	4	3	5	1	2	4	4	5	3	1	2	3	1	2	1	4	2	1	6	0	1	5	4	6	1	8	5	15	6	8	20	21	9	39	29	24	33	132	55	33	12	29	11	11	13	25	54	21	11	129	0	42	12	8	6	4	2	5	12
0	0	0	5	4	4	3	4	3	10	2	0	1	2	2	1	1	1	4	0	4	7	9	3	3	1	7	8	15	5	9	6	7	41	59	51	177	29	16	5	14	23	12	8	7	2	5	7	20	49	20	22	34	42	0	46	13	14	9	6	16	31
0	0	0	11	8	8	4	4	7	4	6	1	4	0	1	1	0	1	3	2	2	5	7	9	4	7	10	7	14	8	11	6	5	24	146	32	33	13	5	4	6	10	6	3	5	7	1	8	6	18	13	6	11	12	46	0	65	14	28	7	88	24
0	0	0	8	12	7	8	5	11	5	5	1	0	2	0	2	0	1	3	2	3	5	8	5	5	5	7	5	7	7	4	5	6	18	20	16	14	8	1	3	5	5	6	5	3	3	3	4	4	5	1	2	10	8	13	65	0	58	180	41	42	9
0	0	0	9	9	7	5	3	4	3	3	2	2	0	0	2	2	1	1	2	2	2	2	8	8	4	6	4	3	5	5	5	3	5	11	14	8	9	6	5	4	8	6	3	3	1	0	1	3	6	4	5	6	6	14	14	58	0	53	65	17	6
0	0	0	10	10	8	7	5	8	5	1	2	1	1	3	1	1	0	2	2	2	2	6	7	5	6	7	8	7	4	3	5	6	7	12	12	6	6	3	3	5	5	2	3	2	7	0	1	1	3	5	7	6	4	9	28	180	53	0	50	29	5
0	0	0	28	14	12	10	4	8	4	4	2	0	0	1	2	2	1	0	0	2	2	6	5	7	5	11	6	8	3	5	7	6	7	12	14	10	0	1	0	3	2	2	4	2	0	1	1	4	6	5	4	2	2	6	7	41	65	50	0	20	3
0	0	0	10	10	7	5	10	10	9	6	1	0	4	0	1	1	0	2	2	3	12	7	17	3	9	13	9	13	5	5	13	14	34	73	17	16	13	3	2	9	7	2	4	4	5	7	3	4	12	12	9	12	5	16	88	42	17	29	20	0	21
0	0	0	5	4	5	2	4	4	7	12	11	3	3	2	2	1	4	4	1	8	14	25	7	4	3	8	13	14	15	19	33	30	107	38	10	16	27	14	7	9	8	8	5	9	5	7	3	20	60	51	50	32	12	31	24	9	6	5	3	21	0
