0	0	0	0	0	0	0	0	0	0	0	0	0	0	0	0	0	0	0	0	0	0	0	0	0	0	0	0	0	0	0	0	0	0	0	0	0	0	0	0	0	0	0	0	0	0	0	0	0	0	0	0	0	0	0	0	0	0	0	0	0	0	0	0	0	0	0	0	0	0	0	0	0	0	0	0	0	0	0	0	0	0	0	0	0	0	0	0	0	0	0	0	0	0	0	0	0	0	0	0	0	0	0	0	0	0	0	0	0	0	0	0	0	0	0	0	0	0	0	0	0	0	0	0	0
0	0	0	0	0	0	0	0	0	0	0	0	0	0	0	0	0	0	0	0	0	0	0	0	0	0	0	0	0	0	0	0	0	0	0	0	0	0	0	0	0	0	0	0	0	0	0	0	0	0	0	0	0	0	0	0	0	0	0	0	0	0	0	0	0	0	0	0	0	0	0	0	0	0	0	0	0	0	0	0	0	0	0	0	0	0	0	0	0	0	0	0	0	0	0	0	0	0	0	0	0	0	0	0	0	0	0	0	0	0	0	0	0	0	0	0	0	0	0	0	0	0	0	0	0
0	0	0	0	0	0	0	0	0	0	0	0	0	0	0	0	0	0	0	0	0	0	0	0	0	0	0	0	0	0	0	0	0	0	0	0	0	0	0	0	0	0	0	0	0	0	0	0	0	0	0	0	0	0	0	0	0	0	0	0	0	0	0	0	0	0	0	0	0	0	0	0	0	0	0	0	0	0	0	0	0	0	0	0	0	0	0	0	0	0	0	0	0	0	0	0	0	0	0	0	0	0	0	0	0	0	0	0	0	0	0	0	0	0	0	0	0	0	0	0	0	0	0	0	0
0	0	0	0	65	33	15	5	3	2	6	4	1	2	2	1	5	3	3	4	5	8	2	9	9	2	6	8	13	10	6	6	12	22	22	22	21	14	4	15	8	9	3	7	3	2	3	2	2	2	1	3	8	4	5	1	3	6	2	0	4	4	3	2	3	1	1	3	5	3	0	3	5	1	1	0	0	0	2	0	1	0	0	2	0	2	0	0	1	2	1	0	2	0	3	1	0	0	1	0	1	0	2	1	2	1	2	3	2	3	1	0	0	2	0	2	2	1	2	0	3	1	0	0	1
0	0	0	65	0	233	52	19	13	8	10	7	3	3	8	4	2	4	14	13	10	14	4	5	19	25	15	12	17	36	18	19	20	28	48	144	84	19	16	32	26	14	5	6	4	2	1	2	1	0	4	4	3	5	6	6	1	0	1	1	7	1	3	1	2	3	3	5	3	5	2	1	2	1	0	2	1	0	2	1	0	2	0	1	1	0	1	3	1	2	2	0	0	1	0	2	3	1	1	2	0	1	3	1	0	1	1	0	1	1	2	0	2	2	2	2	1	2	2	3	3	6	2	0	0
0	0	0	33	233	0	70	18	9	9	11	6	6	2	3	6	5	10	13	9	17	17	2	11	20	28	11	13	27	66	41	35	22	11	29	54	53	53	21	34	19	21	9	12	5	3	3	2	4	2	3	5	4	13	7	7	3	2	2	3	4	1	3	0	3	0	2	9	9	5	2	3	0	3	0	0	2	2	2	0	0	0	2	0	0	1	1	0	0	2	0	3	2	2	0	2	0	2	0	3	2	4	1	3	1	2	2	1	3	4	2	0	2	0	0	0	1	1	2	3	2	2	1	2	2
0	0	0	15	52	70	0	26	14	14	10	7	7	3	7	4	14	12	17	25	67	26	7	11	15	30	18	20	35	86	41	53	37	7	16	10	30	26	64	146	39	11	7	9	3	8	6	4	3	3	3	7	2	11	14	8	4	1	1	1	2	1	0	0	3	4	5	9	5	1	2	2	0	1	0	1	0	0	2	0	0	2	1	1	0	0	3	0	2	1	0	0	3	0	1	1	1	2	1	0	3	3	5	1	2	0	2	3	1	3	0	2	2	2	0	1	3	0	0	2	4	2	5	4	4
0	0	0	5	19	18	26	0	76	47	50	21	16	16	12	11	32	30	37	25	18	23	4	6	8	10	4	3	12	25	20	23	32	5	11	14	25	30	163	71	65	45	9	6	5	3	1	6	9	2	8	8	12	19	6	1	4	6	5	3	2	9	4	4	8	6	8	14	19	8	9	3	5	4	4	0	1	2	1	1	4	0	1	2	1	0	4	0	1	1	1	0	1	3	2	1	3	5	3	1	2	1	4	3	1	3	2	2	2	1	5	4	0	0	2	4	1	2	3	2	1	3	4	3	3
0	0	0	3	13	9	14	76	0	1522	445	42	34	30	35	31	43	38	35	4	17	21	10	10	6	8	9	5	12	13	20	13	28	8	4	11	14	23	44	21	39	92	23	20	12	4	8	8	10	11	10	26	44	61	30	18	10	13	7	2	3	14	5	10	5	6	16	32	31	27	10	4	2	2	1	1	1	3	2	3	1	3	2	0	3	0	2	2	3	1	2	5	2	2	4	5	4	4	3	5	4	3	3	4	4	2	2	6	1	2	6	4	4	2	0	1	6	3	1	5	3	15	7	8	8
0	0	0	2	8	9	14	47	1522	0	669	41	58	37	25	25	32	31	25	12	18	9	12	9	10	7	3	5	5	13	12	22	22	14	7	12	20	30	22	12	31	67	16	7	8	8	9	8	13	7	11	29	53	66	18	19	12	21	8	5	6	5	5	8	8	7	11	42	31	24	15	2	3	3	2	1	2	2	1	3	5	2	1	1	3	0	3	2	6	2	3	1	2	6	3	3	5	2	7	9	2	2	4	5	2	4	6	4	6	2	1	1	2	3	1	5	4	3	6	3	4	7	12	8	3
0	0	0	6	10	11	10	50	445	669	0	81	83	36	43	28	29	36	27	13	10	15	10	11	12	6	5	2	6	12	12	14	11	12	7	8	11	20	29	17	30	37	14	13	6	11	9	3	10	8	13	20	33	41	19	22	14	14	7	7	9	7	3	8	5	4	8	27	38	27	12	7	6	3	4	1	1	1	2	2	2	3	2	2	1	2	4	0	1	4	2	3	1	2	7	9	12	5	3	5	2	3	7	4	3	3	4	5	2	2	1	2	2	2	3	1	5	2	3	0	7	6	7	10	3
0	0	0	4	7	6	7	21	42	41	81	0	1091	259	187	41	36	25	22	13	10	10	5	7	3	1	9	5	2	6	4	4	9	8	2	6	6	12	14	7	15	16	14	6	3	4	7	5	7	17	26	32	27	16	5	11	12	15	10	5	5	10	6	11	10	6	5	26	8	9	16	3	7	5	3	0	2	3	2	3	2	2	0	3	3	5	0	2	3	0	5	2	2	7	7	10	16	11	3	6	9	8	3	7	2	3	4	1	2	3	0	2	5	4	3	2	4	0	2	4	13	8	8	7	8
0	0	0	1	3	6	7	16	34	58	83	1091	0	310	108	27	28	22	15	10	3	14	8	3	4	8	4	4	6	4	6	5	12	4	7	2	7	9	13	9	9	17	13	7	4	7	2	11	14	11	17	20	29	21	8	12	15	19	14	6	5	5	12	9	5	9	6	25	17	11	15	7	3	3	2	2	6	4	4	2	1	2	1	0	3	8	2	0	5	5	0	5	4	4	9	7	8	5	3	12	8	13	4	6	1	3	6	1	2	7	1	9	3	3	4	4	4	4	4	7	5	6	8	9	4
0	0	0	2	3	2	3	16	30	37	36	259	310	0	93	41	8	12	6	7	11	10	9	5	4	2	0	7	4	2	6	4	6	4	3	2	5	4	8	4	7	7	6	8	9	6	7	10	11	10	26	26	25	12	10	15	7	26	18	6	12	10	12	18	5	10	9	13	11	10	9	8	5	8	2	2	3	4	3	2	3	3	2	0	3	3	1	0	3	5	1	3	6	12	12	5	7	7	4	9	9	6	4	5	2	0	3	2	1	3	3	5	3	2	3	5	5	4	8	2	11	12	13	8	4
0	0	0	2	8	3	7	12	35	25	43	187	108	93	0	88	42	27	21	10	9	10	8	7	4	4	3	3	3	6	4	7	10	4	2	9	6	5	14	5	5	8	12	13	8	9	9	13	17	20	42	49	16	20	11	8	15	21	15	5	5	3	3	15	4	10	8	20	10	7	15	4	8	2	1	3	2	3	2	2	2	5	4	3	3	2	0	2	1	3	2	9	5	8	13	4	7	11	6	7	11	13	9	8	4	3	5	5	4	3	1	2	3	7	3	3	5	5	9	8	13	11	10	6	9
0	0	0	1	4	6	4	11	31	25	28	41	27	41	88	0	54	20	20	15	13	11	12	10	6	5	3	4	5	9	8	4	13	2	3	6	3	5	10	10	11	12	15	15	14	23	20	34	35	29	55	397	61	37	16	24	14	32	14	4	7	8	9	9	13	9	18	34	16	11	8	7	2	4	2	1	4	3	4	6	4	3	2	2	3	5	0	2	3	4	5	0	3	6	10	7	11	9	9	15	9	13	8	16	7	11	5	7	4	7	7	2	4	6	6	3	9	3	9	8	17	34	27	11	3
0	0	0	5	2	5	14	32	43	32	29	36	28	8	42	54	0	1216	134	45	29	36	26	14	9	8	3	5	19	10	14	31	20	6	8	6	4	12	39	19	11	18	24	21	15	15	10	13	15	10	17	22	14	33	18	12	6	10	9	3	9	5	2	7	1	8	8	23	10	9	4	5	2	1	3	0	2	2	0	2	2	3	3	3	3	2	1	0	1	1	0	1	3	6	4	2	8	5	7	3	1	2	9	10	2	11	4	4	4	3	1	1	2	5	1	4	7	2	4	3	7	9	5	2	2
0	0	0	3	4	10	12	30	38	31	36	25	22	12	27	20	1216	0	184	72	36	39	29	16	11	9	3	9	16	27	17	27	25	6	4	11	11	8	39	13	13	17	24	6	10	9	15	8	8	11	13	14	14	17	5	10	2	9	3	5	3	7	2	4	4	6	9	12	8	9	4	2	1	3	2	0	2	3	2	2	1	3	3	0	2	0	1	0	3	1	3	4	3	6	4	2	5	5	5	7	4	4	10	12	3	7	6	9	6	7	0	1	1	1	2	4	4	2	3	3	5	6	6	4	3
0	0	0	3	14	13	17	37	35	25	27	22	15	6	21	20	134	184	0	131	93	182	27	16	19	12	12	18	26	34	29	71	34	7	6	7	17	19	70	25	16	25	30	32	13	13	6	9	6	5	11	11	14	24	16	10	6	8	2	4	2	4	2	1	4	5	9	10	5	8	1	4	6	2	0	0	1	2	1	2	2	1	2	1	2	1	1	1	1	0	1	2	3	2	2	1	1	4	3	5	4	1	10	4	3	5	5	5	3	1	1	1	3	3	1	3	4	3	4	3	3	6	3	3	2
0	0	0	4	13	9	25	25	4	12	13	13	10	7	10	15	45	72	131	0	343	119	24	15	18	19	9	22	33	25	24	52	31	4	7	9	9	23	32	25	19	20	3	21	8	15	13	7	1	0	5	11	8	7	10	4	7	2	8	0	2	0	2	1	0	2	3	6	7	6	2	3	2	2	1	2	1	3	1	0	2	0	0	1	2	0	2	1	1	5	0	4	4	1	0	0	0	2	3	2	3	5	5	3	6	2	7	3	1	3	2	1	2	1	4	5	1	1	1	2	4	9	2	1	4
0	0	0	5	10	17	67	18	17	18	10	10	3	11	9	13	29	36	93	343	0	94	18	26	18	28	13	24	55	60	37	74	25	6	9	17	12	24	53	48	17	22	4	12	15	6	6	5	3	3	1	4	14	15	9	1	3	4	2	1	4	0	6	2	5	4	3	8	11	10	4	1	3	3	1	0	0	1	2	2	2	1	2	2	2	0	1	2	2	2	1	2	0	3	7	1	4	1	2	2	1	5	2	8	5	5	4	1	3	6	2	4	1	2	3	3	1	4	2	2	2	1	8	3	2
0	0	0	8	14	17	26	23	21	9	15	10	14	10	10	11	36	39	182	119	94	0	54	53	31	48	19	18	52	49	67	153	47	6	6	8	13	35	29	18	10	27	30	56	13	9	8	11	9	6	5	10	16	15	16	9	4	6	5	2	0	1	2	4	6	2	6	11	8	9	2	2	2	3	0	1	3	0	2	2	0	3	1	2	0	2	3	1	2	0	2	1	0	2	2	3	2	5	3	2	3	2	6	4	7	6	5	6	6	1	2	1	0	2	2	1	3	7	2	3	1	10	2	3	4
0	0	0	2	4	2	7	4	10	12	10	5	8	9	8	12	26	29	27	24	18	54	0	79	21	19	10	16	21	17	18	28	18	9	2	8	9	18	9	10	9	14	46	181	56	56	20	19	11	7	10	9	8	23	21	13	5	8	5	7	0	2	4	5	7	4	14	15	5	8	4	2	2	3	1	1	0	1	1	2	2	2	1	2	0	3	3	0	0	2	1	5	1	4	4	4	6	3	4	3	4	5	8	7	9	6	10	4	5	5	4	1	1	1	4	4	5	3	4	4	12	10	7	2	5
0	0	0	9	5	11	11	6	10	9	11	7	3	5	7	10	14	16	16	15	26	53	79	0	41	41	38	31	52	15	36	33	17	7	5	4	9	13	11	9	6	12	29	65	16	12	11	6	7	7	4	6	7	6	13	4	5	3	2	1	0	1	0	4	3	2	5	8	3	3	5	3	2	0	0	1	0	0	1	1	3	2	0	0	2	1	0	0	1	1	3	0	1	0	2	4	1	3	1	4	2	5	5	10	1	5	8	11	6	1	0	2	3	2	1	4	1	2	3	2	8	2	4	2	4
0	0	0	9	19	20	15	8	6	10	12	3	4	4	4	6	9	11	19	18	18	31	21	41	0	576	55	49	71	45	122	43	43	7	11	18	22	28	14	9	12	11	26	38	14	6	5	5	3	2	2	7	5	12	11	6	3	4	3	1	4	3	1	5	1	5	7	6	2	9	3	1	3	1	1	0	0	2	1	1	3	1	0	2	2	0	1	1	0	2	3	0	0	0	3	0	3	1	3	1	2	1	3	2	2	6	2	2	3	1	0	2	3	1	2	2	4	1	7	3	1	4	4	3	2
0	0	0	2	25	28	30	10	8	7	6	1	8	2	4	5	8	9	12	19	28	48	19	41	576	0	74	57	134	73	172	57	34	9	17	21	23	30	19	15	12	11	9	24	7	3	3	2	2	0	6	1	8	11	13	5	7	2	1	2	4	2	0	1	2	1	1	8	8	6	4	2	2	3	1	3	0	3	2	1	2	3	1	1	0	2	1	1	0	2	2	0	4	0	1	4	1	0	1	1	4	2	2	1	0	2	2	3	0	3	7	2	0	2	0	2	1	5	0	3	4	3	2	0	0
0	0	0	6	15	11	18	4	9	3	5	9	4	0	3	3	3	3	12	9	13	19	10	38	55	74	0	221	63	23	27	20	15	4	1	8	5	6	10	5	6	8	5	7	8	5	4	1	1	2	3	4	5	3	3	4	2	10	4	0	0	2	1	1	1	1	1	6	4	3	2	1	4	0	1	0	1	2	1	0	0	1	0	1	2	2	4	3	0	0	0	0	0	3	0	3	1	1	1	1	1	2	2	2	1	1	2	5	2	3	1	2	3	1	0	4	0	1	1	2	0	2	1	3	3
0	0	0	8	12	13	20	3	5	5	2	5	4	7	3	4	5	9	18	22	24	18	16	31	49	57	221	0	89	24	25	20	12	6	11	9	8	10	5	11	6	4	10	11	5	6	7	4	6	1	6	2	1	2	11	4	1	3	2	0	3	1	1	1	0	3	4	1	2	4	3	1	3	1	2	1	0	1	0	0	1	1	0	1	2	0	2	3	1	0	1	1	0	3	2	1	2	2	2	0	2	1	5	1	3	0	1	1	0	1	1	0	1	0	2	2	1	3	2	4	3	5	1	4	1
0	0	0	13	17	27	35	12	12	5	6	2	6	4	3	5	19	16	26	33	55	52	21	52	71	134	63	89	0	121	156	106	32	7	14	21	12	17	23	21	20	6	14	16	9	8	7	4	5	4	1	4	3	10	11	8	3	3	2	1	4	1	3	3	2	7	5	7	6	3	2	4	2	4	1	1	2	1	1	2	1	1	1	0	1	0	0	0	0	0	1	1	2	1	0	5	0	0	5	4	6	0	3	6	3	3	3	1	2	3	1	3	1	1	1	1	0	4	1	1	4	2	3	3	2
0	0	0	10	36	66	86	25	13	13	12	6	4	2	6	9	10	27	34	25	60	49	17	15	45	73	23	24	121	0	377	288	93	13	24	32	45	85	44	33	25	33	13	10	9	5	3	4	3	2	2	6	10	12	11	8	9	4	3	1	4	2	2	2	6	4	6	6	11	6	3	3	4	4	0	0	4	0	0	1	1	0	6	1	2	1	2	0	1	2	1	1	1	5	2	1	3	1	2	2	3	4	0	2	2	3	1	3	5	1	3	0	0	2	3	3	4	2	0	0	5	6	4	1	4
0	0	0	6	18	41	41	20	20	12	12	4	6	6	4	8	14	17	29	24	37	67	18	36	122	172	27	25	156	377	0	266	96	10	13	20	34	50	49	31	25	20	17	39	14	8	6	3	4	2	2	10	5	11	11	9	9	4	4	1	4	1	3	1	2	4	1	5	6	7	4	2	2	1	0	0	0	0	1	0	2	2	0	1	0	1	2	4	2	0	1	0	1	1	4	2	1	2	3	3	1	2	0	7	1	7	0	2	2	6	3	1	1	1	1	0	1	3	2	3	3	2	1	5	1
0	0	0	6	19	35	53	23	13	22	14	4	5	4	7	4	31	27	71	52	74	153	28	33	43	57	20	20	106	288	266	0	145	13	15	24	27	64	55	20	29	40	30	31	13	8	5	3	6	5	2	6	10	16	9	8	5	6	3	3	3	2	1	7	4	2	5	9	11	3	3	1	0	2	0	2	0	2	0	1	1	1	3	1	0	2	2	1	3	1	3	0	0	0	5	1	3	2	1	4	2	0	3	3	2	3	5	4	2	5	1	3	0	2	0	5	2	1	2	4	4	4	4	1	3
0	0	0	12	20	22	37	32	28	22	11	9	12	6	10	13	20	25	34	31	25	47	18	17	43	34	15	12	32	93	96	145	0	14	18	29	66	286	55	27	32	75	49	32	21	12	7	8	3	6	5	8	17	39	25	9	5	3	5	1	4	5	6	3	3	9	11	17	19	8	8	1	1	1	1	0	3	1	2	0	2	2	0	0	4	4	0	0	2	0	0	1	3	2	2	2	1	3	2	4	3	7	3	6	1	1	5	2	5	2	1	1	2	0	0	2	3	1	2	0	5	8	6	4	2
0	0	0	22	28	11	7	5	8	14	12	8	4	4	4	2	6	6	7	4	6	6	9	7	7	9	4	6	7	13	10	13	14	0	218	70	60	29	15	10	24	22	5	8	7	2	2	3	1	1	2	5	8	17	16	3	9	7	5	1	4	2	2	1	8	4	4	7	10	6	0	1	2	2	1	2	1	0	2	3	0	2	0	2	1	1	1	2	2	0	2	2	2	3	1	0	0	6	3	2	2	2	2	2	4	6	3	0	5	0	1	2	0	2	0	3	0	2	0	1	3	5	3	2	0
0	0	0	22	48	29	16	11	4	7	7	2	7	3	2	3	8	4	6	7	9	6	2	5	11	17	1	11	14	24	13	15	18	218	0	145	60	35	12	10	12	19	14	12	5	2	2	8	2	5	3	1	3	7	11	4	1	5	1	3	2	2	1	3	3	7	4	6	11	4	6	2	1	0	2	0	1	0	1	2	1	2	0	2	0	1	1	1	0	1	0	1	2	2	0	1	1	2	3	4	1	1	1	1	2	0	0	1	1	2	0	1	1	2	3	0	2	4	0	1	5	2	1	2	2
0	0	0	22	144	54	10	14	11	12	8	6	2	2	9	6	6	11	7	9	17	8	8	4	18	21	8	9	21	32	20	24	29	70	145	0	289	57	18	27	38	19	17	16	9	6	3	4	2	3	5	6	9	12	10	5	7	8	4	2	2	3	3	5	3	6	4	6	8	10	2	4	0	2	0	1	0	2	2	4	0	1	2	0	0	0	3	0	0	1	0	0	2	1	2	3	2	2	1	0	2	2	2	1	4	2	5	2	2	2	0	1	0	3	0	0	0	3	0	4	1	4	5	1	2
0	0	0	21	84	53	30	25	14	20	11	6	7	5	6	3	4	11	17	9	12	13	9	9	22	23	5	8	12	45	34	27	66	60	60	289	0	169	37	24	56	31	16	16	8	4	2	7	6	4	1	6	8	20	14	3	2	5	3	1	0	5	0	2	4	8	3	11	14	13	1	2	2	1	4	4	0	2	0	1	2	1	1	1	1	1	1	1	0	2	1	1	1	5	0	2	3	2	2	2	3	1	1	2	0	0	2	1	1	1	1	0	1	0	1	1	0	2	2	0	1	4	3	1	2
0	0	0	14	19	53	26	30	23	30	20	12	9	4	5	5	12	8	19	23	24	35	18	13	28	30	6	10	17	85	50	64	286	29	35	57	169	0	59	23	59	93	26	24	14	3	6	6	4	3	8	10	12	22	21	12	7	3	5	0	3	5	4	9	2	5	5	18	7	17	3	1	2	0	0	5	0	1	0	4	1	2	2	0	2	3	4	1	0	1	0	1	2	3	4	4	0	3	4	4	1	0	3	4	3	2	4	4	1	3	0	0	3	3	3	2	3	2	4	3	5	5	3	5	2
0	0	0	4	16	21	64	163	44	22	29	14	13	8	14	10	39	39	70	32	53	29	9	11	14	19	10	5	23	44	49	55	55	15	12	18	37	59	0	130	99	39	12	17	8	2	6	4	8	0	1	11	11	17	16	10	6	7	4	3	2	4	4	5	3	5	8	13	11	9	7	2	3	1	1	2	0	7	0	1	0	3	3	1	1	1	0	4	1	1	1	2	1	1	0	2	5	3	4	1	2	3	4	1	1	4	4	2	3	0	1	2	3	1	1	2	0	3	3	4	2	8	1	1	0
0	0	0	15	32	34	146	71	21	12	17	7	9	4	5	10	19	13	25	25	48	18	10	9	9	15	5	11	21	33	31	20	27	10	10	27	24	23	130	0	65	15	16	8	4	2	2	3	2	1	1	5	7	8	6	1	4	5	1	3	1	3	3	4	3	6	1	11	11	6	2	1	1	2	1	2	4	0	1	1	1	2	2	0	1	2	1	2	4	2	0	0	1	0	0	0	2	2	2	2	0	6	4	2	2	2	4	4	3	3	3	1	0	3	2	4	1	1	2	2	3	2	3	0	1
0	0	0	8	26	19	39	65	39	31	30	15	9	7	5	11	11	13	16	19	17	10	9	6	12	12	6	6	20	25	25	29	32	24	12	38	56	59	99	65	0	68	14	7	7	7	5	3	3	1	9	6	8	27	8	13	5	5	4	1	6	3	2	5	7	9	5	12	8	9	10	1	2	0	4	2	3	2	4	2	4	2	1	4	3	4	3	0	2	2	1	3	3	3	3	5	3	1	2	3	1	3	0	4	2	2	2	2	3	2	4	2	0	2	2	0	3	1	1	0	5	3	2	4	4
0	0	0	9	14	21	11	45	92	67	37	16	17	7	8	12	18	17	25	20	22	27	14	12	11	11	8	4	6	33	20	40	75	22	19	19	31	93	39	15	68	0	42	32	14	8	6	10	5	8	10	15	36	89	40	20	13	13	5	3	2	8	8	7	9	11	11	40	41	25	10	8	0	3	2	2	3	0	3	4	3	2	4	2	2	3	1	3	0	1	2	4	3	3	1	3	2	5	0	3	2	4	2	2	6	4	5	2	3	4	2	2	2	1	3	2	5	0	2	3	5	9	5	3	2
0	0	0	3	5	9	7	9	23	16	14	14	13	6	12	15	24	24	30	3	4	30	46	29	26	9	5	10	14	13	17	30	49	5	14	17	16	26	12	16	14	42	0	153	48	21	9	11	14	10	10	22	27	69	121	25	13	8	6	4	3	2	9	3	5	6	19	47	24	22	5	2	0	6	0	1	1	4	1	3	4	1	3	2	2	4	1	3	1	1	1	2	2	5	1	2	4	2	2	3	1	2	4	6	3	3	3	5	0	7	4	4	2	5	3	0	2	1	3	2	6	15	7	3	3
0	0	0	7	6	12	9	6	20	7	13	6	7	8	13	15	21	6	32	21	12	56	181	65	38	24	7	11	16	10	39	31	32	8	12	16	16	24	17	8	7	32	153	0	60	26	13	14	7	6	8	12	19	27	40	19	7	8	5	5	4	2	2	3	4	12	9	16	10	8	4	2	1	2	1	1	0	1	1	2	4	2	1	2	1	0	1	2	1	4	0	0	2	2	3	1	2	2	5	4	2	3	4	12	4	5	8	4	6	1	2	1	8	2	2	3	1	7	2	4	7	7	7	1	2
0	0	0	3	4	5	3	5	12	8	6	3	4	9	8	14	15	10	13	8	15	13	56	16	14	7	8	5	9	9	14	13	21	7	5	9	8	14	8	4	7	14	48	60	0	103	33	24	14	6	11	17	14	16	35	27	14	11	6	5	5	1	8	8	4	5	22	15	9	7	6	1	4	3	0	0	2	3	2	2	1	4	3	2	2	1	1	1	2	2	3	0	1	1	7	0	3	5	3	6	2	7	7	11	8	7	4	6	2	5	2	2	2	4	7	1	5	2	3	6	15	23	8	6	4
0	0	0	2	2	3	8	3	4	8	11	4	7	6	9	23	15	9	13	15	6	9	56	12	6	3	5	6	8	5	8	8	12	2	2	6	4	3	2	2	7	8	21	26	103	0	60	25	11	6	11	13	13	11	15	13	9	12	2	2	1	2	2	6	3	7	15	15	4	6	5	3	4	0	2	1	1	0	2	3	3	3	3	3	3	1	4	1	1	4	1	1	1	5	4	2	3	9	13	4	9	11	10	11	5	10	9	11	9	9	4	5	2	3	6	6	2	3	10	4	14	14	9	7	5
0	0	0	3	1	3	6	1	8	9	9	7	2	7	9	20	10	15	6	13	6	8	20	11	5	3	4	7	7	3	6	5	7	2	2	3	2	6	6	2	5	6	9	13	33	60	0	161	39	15	16	23	6	16	10	7	10	8	12	7	4	3	4	4	4	4	14	17	8	9	2	4	1	1	0	4	0	4	4	1	6	4	3	2	3	3	1	2	2	5	1	2	2	4	5	4	6	16	12	22	10	16	25	27	10	24	32	21	14	11	4	4	3	6	1	6	7	7	6	15	37	18	11	10	6
0	0	0	2	2	2	4	6	8	8	3	5	11	10	13	34	13	8	9	7	5	11	19	6	5	2	1	4	4	4	3	3	8	3	8	4	7	6	4	3	3	10	11	14	24	25	161	0	106	31	28	48	15	15	6	9	21	16	7	3	3	2	5	5	10	11	20	16	5	7	3	8	1	6	2	4	1	0	2	2	5	3	1	1	3	4	5	4	4	6	4	6	4	2	4	7	2	12	27	22	18	15	31	25	17	15	23	11	8	16	7	3	7	2	7	9	10	6	10	16	100	47	30	11	9
0	0	0	2	1	4	3	9	10	13	10	7	14	11	17	35	15	8	6	1	3	9	11	7	3	2	1	6	5	3	4	6	3	1	2	2	6	4	8	2	3	5	14	7	14	11	39	106	0	147	86	64	22	8	4	14	27	29	12	8	11	10	4	20	10	10	20	17	6	6	8	2	7	9	3	1	3	2	5	4	5	4	2	3	1	6	8	3	5	4	5	4	10	6	7	8	10	29	22	45	31	46	27	21	11	10	7	9	6	17	8	2	9	7	8	15	15	14	20	18	98	84	71	16	15
0	0	0	2	0	2	3	2	11	7	8	17	11	10	20	29	10	11	5	0	3	6	7	7	2	0	2	1	4	2	2	5	6	1	5	3	4	3	0	1	1	8	10	6	6	6	15	31	147	0	337	42	15	6	14	8	20	32	22	15	14	4	10	27	8	16	12	17	7	14	12	8	9	4	2	6	3	3	1	5	3	4	1	1	1	3	4	6	9	7	8	6	8	18	15	13	27	53	16	29	20	33	20	12	7	8	4	6	4	7	4	6	8	4	9	9	23	13	15	18	29	36	75	32	16
0	0	0	1	4	3	3	8	10	11	13	26	17	26	42	55	17	13	11	5	1	5	10	4	2	6	3	6	1	2	2	2	5	2	3	5	1	8	1	1	9	10	10	8	11	11	16	28	86	337	0	79	23	9	7	9	23	39	21	11	8	2	5	26	9	13	14	8	9	15	15	5	6	3	2	3	3	4	3	5	8	8	5	2	1	4	3	3	6	10	5	7	3	9	21	11	22	24	28	25	18	15	17	8	2	8	8	6	5	9	10	6	6	7	3	14	10	7	11	15	17	28	71	19	20
0	0	0	3	4	5	7	8	26	29	20	32	20	26	49	397	22	14	11	11	4	10	9	6	7	1	4	2	4	6	10	6	8	5	1	6	6	10	11	5	6	15	22	12	17	13	23	48	64	42	79	0	83	21	16	17	33	58	20	8	12	5	12	19	14	17	22	41	20	19	13	5	6	6	4	4	7	4	2	6	3	2	2	3	1	4	1	4	4	5	2	2	7	4	13	11	3	13	4	20	20	13	7	15	6	7	15	4	3	15	8	5	5	2	4	12	4	8	5	3	17	37	39	19	14
0	0	0	8	3	4	2	12	44	53	33	27	29	25	16	61	14	14	14	8	14	16	8	7	5	8	5	1	3	10	5	10	17	8	3	9	8	12	11	7	8	36	27	19	14	13	6	15	22	15	23	83	0	104	30	62	51	75	18	9	12	11	9	28	15	34	34	220	51	61	20	2	5	7	3	7	5	4	2	2	5	3	1	2	3	2	6	5	1	3	4	2	6	6	6	6	9	3	7	6	10	7	6	7	3	7	3	3	6	6	5	0	3	2	5	3	7	3	8	8	12	25	27	13	10
0	0	0	4	5	13	11	19	61	66	41	16	21	12	20	37	33	17	24	7	15	15	23	6	12	11	3	2	10	12	11	16	39	17	7	12	20	22	17	8	27	89	69	27	16	11	16	15	8	6	9	21	104	0	132	65	24	20	7	5	3	4	13	8	21	10	20	259	71	60	9	4	9	1	2	3	2	1	2	5	2	5	2	1	1	3	3	4	4	3	1	1	3	0	3	5	4	3	3	7	3	4	2	6	3	5	8	6	5	1	3	2	3	1	3	3	6	3	4	0	8	18	10	4	8
0	0	0	5	6	7	14	6	30	18	19	5	8	10	11	16	18	5	16	10	9	16	21	13	11	13	3	11	11	11	11	9	25	16	11	10	14	21	16	6	8	40	121	40	35	15	10	6	4	14	7	16	30	132	0	109	26	15	13	3	7	4	5	7	7	12	35	85	48	62	10	2	5	1	1	3	0	3	2	2	1	2	3	0	0	0	1	2	3	2	2	1	3	2	1	1	2	4	3	5	4	5	5	3	2	5	7	3	6	8	0	3	5	4	3	6	2	1	8	3	7	10	12	11	6
0	0	0	1	6	7	8	1	18	19	22	11	12	15	8	24	12	10	10	4	1	9	13	4	6	5	4	4	8	8	9	8	9	3	4	5	3	12	10	1	13	20	25	19	27	13	7	9	14	8	9	17	62	65	109	0	60	34	13	8	10	2	6	10	15	34	158	137	49	63	19	7	0	5	2	0	2	0	2	2	2	4	3	3	4	4	0	3	4	3	1	3	0	4	4	7	5	4	5	9	5	4	10	6	4	7	5	6	8	4	1	6	7	4	8	8	6	4	5	5	7	34	19	6	5
0	0	0	3	1	3	4	4	10	12	14	12	15	7	15	14	6	2	6	7	3	4	5	5	3	7	2	1	3	9	9	5	5	9	1	7	2	7	6	4	5	13	13	7	14	9	10	21	27	20	23	33	51	24	26	60	0	129	46	10	9	9	4	25	37	96	314	51	23	33	21	9	8	7	5	3	6	1	2	2	10	7	5	6	4	6	9	2	5	5	3	4	2	6	5	7	8	4	5	8	6	11	7	7	6	1	8	4	3	3	4	6	11	11	8	13	12	13	4	5	16	61	49	20	17
0	0	0	6	0	2	1	6	13	21	14	15	19	26	21	32	10	9	8	2	4	6	8	3	4	2	10	3	3	4	4	6	3	7	5	8	5	3	7	5	5	13	8	8	11	12	8	16	29	32	39	58	75	20	15	34	129	0	81	14	21	6	9	47	38	67	53	44	17	45	38	11	8	4	1	2	3	0	3	6	5	4	4	4	4	6	2	4	3	5	3	6	2	2	12	12	14	3	9	9	10	8	10	5	1	3	3	4	3	11	3	7	9	7	8	10	7	4	5	5	16	40	72	28	18
0	0	0	2	1	2	1	5	7	8	7	10	14	18	15	14	9	3	2	8	2	5	5	2	3	1	4	2	2	3	4	3	5	5	1	4	3	5	4	1	4	5	6	5	6	2	12	7	12	22	21	20	18	7	13	13	46	81	0	55	48	9	21	289	67	65	28	13	20	15	45	24	20	19	4	2	7	4	3	5	8	5	9	3	2	7	11	6	5	5	5	5	12	12	21	25	29	8	5	8	4	11	10	6	7	3	5	6	1	8	6	7	8	2	10	23	19	13	8	6	7	31	51	157	41
0	0	0	0	1	3	1	3	2	5	7	5	6	6	5	4	3	5	4	0	1	2	7	1	1	2	0	0	1	1	1	3	1	1	3	2	1	0	3	3	1	3	4	5	5	2	7	3	8	15	11	8	9	5	3	8	10	14	55	0	153	32	87	59	44	32	10	9	5	7	37	296	69	56	14	10	23	9	12	10	2	4	7	4	5	19	19	10	6	4	15	6	13	15	25	30	28	10	4	9	7	5	2	1	3	4	4	3	4	4	1	9	9	6	3	10	9	4	3	3	4	7	8	54	32
0	0	0	4	7	4	2	2	3	6	9	5	5	12	5	7	9	3	2	2	4	0	0	0	4	4	0	3	4	4	4	3	4	4	2	2	0	3	2	1	6	2	3	4	5	1	4	3	11	14	8	12	12	3	7	10	9	21	48	153	0	110	573	61	33	19	12	8	2	10	45	99	37	20	15	7	9	4	5	7	5	8	2	3	0	10	9	7	2	5	4	11	12	8	17	23	23	3	2	1	4	5	3	3	2	2	2	0	3	1	0	3	3	4	4	10	9	5	4	2	5	5	17	24	12
0	0	0	4	1	1	1	9	14	5	7	10	5	10	3	8	5	7	4	0	0	1	2	1	3	2	2	1	1	2	1	2	5	2	2	3	5	5	4	3	3	8	2	2	1	2	3	2	10	4	2	5	11	4	4	2	9	6	9	32	110	0	183	28	14	11	4	9	7	12	34	37	9	8	9	7	10	4	6	4	4	0	2	2	5	4	4	1	6	2	6	8	7	4	10	14	13	4	3	7	3	2	2	2	1	4	2	1	0	4	1	3	3	3	3	5	5	2	2	4	4	4	8	15	8
0	0	0	3	3	3	0	4	5	5	3	6	12	12	3	9	2	2	2	2	6	2	4	0	1	0	1	1	3	2	3	1	6	2	1	3	0	4	4	3	2	8	9	2	8	2	4	5	4	10	5	12	9	13	5	6	4	9	21	87	573	183	0	51	25	32	5	7	9	8	50	86	21	16	9	9	7	4	12	10	7	6	3	3	1	9	5	5	3	3	6	7	10	7	11	13	14	7	3	2	3	4	2	2	3	3	0	4	3	2	7	7	6	2	5	6	4	1	4	2	7	4	7	18	12
0	0	0	2	1	0	0	4	10	8	8	11	9	18	15	9	7	4	1	1	2	4	5	4	5	1	1	1	3	2	1	7	3	1	3	5	2	9	5	4	5	7	3	3	8	6	4	5	20	27	26	19	28	8	7	10	25	47	289	59	61	28	51	0	43	34	16	8	13	7	43	36	28	15	3	5	10	10	3	11	4	4	4	4	3	12	7	3	4	4	9	9	14	14	25	22	57	6	4	4	2	8	2	7	3	4	7	2	0	5	5	3	1	2	7	10	11	10	5	6	10	15	43	128	43
0	0	0	3	2	3	3	8	5	8	5	10	5	5	4	13	1	4	4	0	5	6	7	3	1	2	1	0	2	6	2	4	3	8	3	3	4	2	3	3	7	9	5	4	4	3	4	10	10	8	9	14	15	21	7	15	37	38	67	44	33	14	25	43	0	238	31	9	13	18	91	21	8	15	7	0	5	1	4	12	5	6	5	4	5	10	5	1	4	1	8	4	5	1	11	12	9	3	5	3	10	4	3	3	2	3	5	4	2	3	6	2	3	1	7	10	5	5	6	3	4	13	29	30	19
0	0	0	1	3	0	4	6	6	7	4	6	9	10	10	9	8	6	5	2	4	2	4	2	5	1	1	3	7	4	4	2	9	4	7	6	8	5	5	6	9	11	6	12	5	7	4	11	10	16	13	17	34	10	12	34	96	67	65	32	19	11	32	34	238	0	53	22	28	43	67	14	5	5	1	7	6	2	6	6	6	4	3	3	3	5	4	6	4	3	4	4	5	7	7	8	11	9	5	4	3	4	3	6	6	5	4	1	4	4	5	7	13	7	6	14	7	3	5	8	7	15	30	31	14
0	0	0	1	3	2	5	8	16	11	8	5	6	9	8	18	8	9	9	3	3	6	14	5	7	1	1	4	5	6	1	5	11	4	4	4	3	5	8	1	5	11	19	9	22	15	14	20	20	12	14	22	34	20	35	158	314	53	28	10	12	4	5	16	31	53	0	56	26	35	19	3	5	6	6	1	1	3	1	2	5	2	7	4	5	5	1	5	4	1	1	1	2	9	2	4	7	10	8	5	7	6	4	6	1	2	3	5	2	4	4	8	5	9	13	16	8	10	6	8	14	45	24	15	8
0	0	0	3	5	9	9	14	32	42	27	26	25	13	20	34	23	12	10	6	8	11	15	8	6	8	6	1	7	6	5	9	17	7	6	6	11	18	13	11	12	40	47	16	15	15	17	16	17	17	8	41	220	259	85	137	51	44	13	9	8	9	7	8	9	22	56	0	73	118	21	6	3	5	2	4	4	3	4	2	2	4	2	5	2	1	3	1	1	4	4	0	4	9	3	5	6	4	5	7	1	4	7	6	3	2	3	2	5	6	4	1	5	2	3	5	6	8	2	7	9	34	12	10	6
0	0	0	5	3	9	5	19	31	31	38	8	17	11	10	16	10	8	5	7	11	8	5	3	2	8	4	2	6	11	6	11	19	10	11	8	14	7	11	11	8	41	24	10	9	4	8	5	6	7	9	20	51	71	48	49	23	17	20	5	2	7	9	13	13	28	26	73	0	451	28	9	5	3	2	4	0	2	1	5	6	0	2	1	1	5	0	0	1	3	2	3	4	4	1	3	10	7	1	3	5	3	1	5	2	4	2	1	2	3	2	1	4	1	4	6	2	1	0	4	5	17	8	11	4
0	0	0	3	5	5	1	8	27	24	27	9	11	10	7	11	9	9	8	6	10	9	8	3	9	6	3	4	3	6	7	3	8	6	4	10	13	17	9	6	9	25	22	8	7	6	9	7	6	14	15	19	61	60	62	63	33	45	15	7	10	12	8	7	18	43	35	118	451	0	46	6	5	4	2	3	3	1	2	4	6	0	2	1	2	1	2	1	3	3	1	4	9	6	4	4	6	5	6	7	5	1	3	6	4	3	3	0	1	1	3	2	3	4	3	4	9	2	9	5	3	17	13	14	9
0	0	0	0	2	2	2	9	10	15	12	16	15	9	15	8	4	4	1	2	4	2	4	5	3	4	2	3	2	3	4	3	8	0	6	2	1	3	7	2	10	10	5	4	6	5	2	3	8	12	15	13	20	9	10	19	21	38	45	37	45	34	50	43	91	67	19	21	28	46	0	17	12	7	4	1	6	8	6	2	3	2	4	2	2	5	6	4	3	0	2	5	1	7	9	11	18	11	2	2	5	1	2	3	1	4	3	2	4	2	3	1	4	6	3	3	5	0	11	4	3	10	14	19	5
0	0	0	3	1	3	2	3	4	2	7	3	7	8	4	7	5	2	4	3	1	2	2	3	1	2	1	1	4	3	2	1	1	1	2	4	2	1	2	1	1	8	2	2	1	3	4	8	2	8	5	5	2	4	2	7	9	11	24	296	99	37	86	36	21	14	3	6	9	6	17	0	104	62	16	13	16	10	8	7	5	6	7	3	6	21	6	10	5	6	22	17	16	10	26	22	24	9	3	1	1	2	3	1	0	3	0	3	2	2	2	7	7	3	3	7	6	2	1	4	2	7	9	27	21
0	0	0	5	2	0	0	5	2	3	6	7	3	5	8	2	2	1	6	2	3	2	2	2	3	2	4	3	2	4	2	0	1	2	1	0	2	2	3	1	2	0	0	1	4	4	1	1	7	9	6	6	5	9	5	0	8	8	20	69	37	9	21	28	8	5	5	3	5	5	12	104	0	554	42	21	41	19	31	17	7	7	4	4	6	27	18	14	8	13	21	31	36	20	30	62	35	3	3	5	4	7	1	4	2	7	6	1	0	2	5	4	4	5	7	5	8	8	4	4	2	5	14	27	35
0	0	0	1	1	3	1	4	2	3	3	5	3	8	2	4	1	3	2	2	3	3	3	0	1	3	0	1	4	4	1	2	1	2	0	2	1	0	1	2	0	3	6	2	3	0	1	6	9	4	3	6	7	1	1	5	7	4	19	56	20	8	16	15	15	5	6	5	3	4	7	62	554	0	61	38	47	17	28	17	10	9	4	6	6	60	21	20	12	7	26	37	21	6	30	31	25	6	4	3	8	5	5	2	1	2	1	2	5	4	4	11	3	6	6	9	8	6	6	1	2	5	7	24	30
0	0	0	1	0	0	0	4	1	2	4	3	2	2	1	2	3	2	0	1	1	0	1	0	1	1	1	2	1	0	0	0	1	1	2	0	4	0	1	1	4	2	0	1	0	2	0	2	3	2	2	4	3	2	1	2	5	1	4	14	15	9	9	3	7	1	6	2	2	2	4	16	42	61	0	327	273	63	69	21	11	5	4	2	6	53	21	23	15	5	30	38	23	9	18	14	17	5	1	3	0	6	4	2	4	0	1	1	0	2	5	10	12	2	8	8	10	7	1	4	5	3	6	5	15
0	0	0	0	2	0	1	0	1	1	1	0	2	2	3	1	0	0	0	2	0	1	1	1	0	3	0	1	1	0	0	2	0	2	0	1	4	5	2	2	2	2	1	1	0	1	4	4	1	6	3	4	7	3	3	0	3	2	2	10	7	7	9	5	0	7	1	4	4	3	1	13	21	38	327	0	127	80	133	11	5	8	3	5	3	29	25	35	19	8	30	37	22	12	6	10	10	6	2	2	2	3	0	2	0	2	2	2	2	4	9	7	5	5	7	8	7	2	4	4	2	3	3	6	15
0	0	0	0	1	2	0	1	1	2	1	2	6	3	2	4	2	2	1	1	0	3	0	0	0	0	1	0	2	4	0	0	3	1	1	0	0	0	0	4	3	3	1	0	2	1	0	1	3	3	3	7	5	2	0	2	6	3	7	23	9	10	7	10	5	6	1	4	0	3	6	16	41	47	273	127	0	66	54	13	7	6	3	4	4	24	13	17	12	7	26	43	20	9	14	17	13	3	5	1	2	5	4	0	2	0	1	2	3	2	8	3	4	3	6	3	9	2	5	0	6	2	0	12	10
0	0	0	0	0	2	0	2	3	2	1	3	4	4	3	3	2	3	2	3	1	0	1	0	2	3	2	1	1	0	0	2	1	0	0	2	2	1	7	0	2	0	4	1	3	0	4	0	2	3	4	4	4	1	3	0	1	0	4	9	4	4	4	10	1	2	3	3	2	1	8	10	19	17	63	80	66	0	179	15	9	2	2	1	1	14	12	27	15	12	64	151	59	17	11	20	12	2	3	2	3	2	3	2	0	1	1	1	1	1	3	6	4	2	6	8	3	9	5	3	4	3	4	7	6
0	0	0	2	2	2	2	1	2	1	2	2	4	3	2	4	0	2	1	1	2	2	1	1	1	2	1	0	1	0	1	0	2	2	1	2	0	0	0	1	4	3	1	1	2	2	4	2	5	1	3	2	2	2	2	2	2	3	3	12	5	6	12	3	4	6	1	4	1	2	6	8	31	28	69	133	54	179	0	18	7	6	4	6	5	33	29	59	20	21	133	69	33	10	15	24	18	7	4	4	2	2	3	2	2	5	0	3	1	2	10	10	4	2	6	8	7	9	4	4	1	2	8	6	6
0	0	0	0	1	0	0	1	3	3	2	3	2	2	2	6	2	2	2	0	2	2	2	1	1	1	0	0	2	1	0	1	0	3	2	4	1	4	1	1	2	4	3	2	2	3	1	2	4	5	5	6	2	5	2	2	2	6	5	10	7	4	10	11	12	6	2	2	5	4	2	7	17	17	21	11	13	15	18	0	53	35	25	11	27	91	230	51	24	7	9	8	7	8	9	9	11	4	5	1	2	5	0	7	1	1	2	3	1	3	18	38	23	10	23	19	18	20	6	9	2	5	6	9	20
0	0	0	1	0	0	0	4	1	5	2	2	1	3	2	4	2	1	2	2	2	0	2	3	3	2	0	1	1	1	2	1	2	0	1	0	2	1	0	1	4	3	4	4	1	3	6	5	5	3	8	3	5	2	1	2	10	5	8	2	5	4	7	4	5	6	5	2	6	6	3	5	7	10	11	5	7	9	7	53	0	250	40	34	192	24	29	12	12	9	4	4	5	5	4	5	3	6	6	1	8	3	3	2	8	3	1	1	1	2	13	46	39	20	29	20	23	19	8	6	7	5	10	13	17
0	0	0	0	2	0	2	0	3	2	3	2	2	3	5	3	3	3	1	0	1	3	2	2	1	3	1	1	1	0	2	1	2	2	2	1	1	2	3	2	2	2	1	2	4	3	4	3	4	4	8	2	3	5	2	4	7	4	5	4	8	0	6	4	6	4	2	4	0	0	2	6	7	9	5	8	6	2	6	35	250	0	92	47	235	17	12	9	16	7	7	2	3	5	4	6	7	0	5	4	3	3	3	3	1	1	1	1	4	2	11	49	68	20	57	22	23	15	4	8	8	6	5	8	10
0	0	0	0	0	2	1	1	2	1	2	0	1	2	4	2	3	3	2	0	2	1	1	0	0	1	0	0	1	6	0	3	0	0	0	2	1	2	3	2	1	4	3	1	3	3	3	1	2	1	5	2	1	2	3	3	5	4	9	7	2	2	3	4	5	3	7	2	2	2	4	7	4	4	4	3	3	2	4	25	40	92	0	103	63	14	8	5	10	2	4	2	3	3	2	4	1	5	2	4	8	1	7	4	3	6	2	2	6	3	12	24	49	56	52	16	11	16	6	3	5	6	2	6	12
0	0	0	2	1	0	1	2	0	1	2	3	0	0	3	2	3	0	1	1	2	2	2	0	2	1	1	1	0	1	1	1	0	2	2	0	1	0	1	0	4	2	2	2	2	3	2	1	3	1	2	3	2	1	0	3	6	4	3	4	3	2	3	4	4	3	4	5	1	1	2	3	4	6	2	5	4	1	6	11	34	47	103	0	75	8	8	10	4	1	2	2	0	4	4	7	6	6	2	3	1	3	1	0	2	1	2	0	4	7	5	22	13	17	21	9	11	8	7	5	1	5	7	6	4
0	0	0	0	1	0	0	1	3	3	1	3	3	3	3	3	3	2	2	2	2	0	0	2	2	0	2	2	1	2	0	0	4	1	0	0	1	2	1	1	3	2	2	1	2	3	3	3	1	1	1	1	3	1	0	4	4	4	2	5	0	5	1	3	5	3	5	2	1	2	2	6	6	6	6	3	4	1	5	27	192	235	63	75	0	16	14	14	10	6	5	2	1	6	0	2	5	3	6	3	2	4	0	3	2	3	2	3	1	9	10	41	41	16	28	18	13	10	11	1	3	2	3	5	7
0	0	0	2	0	1	0	0	0	0	2	5	8	3	2	5	2	0	1	0	0	2	3	1	0	2	2	0	0	1	1	2	4	1	1	0	1	3	1	2	4	3	4	0	1	1	3	4	6	3	4	4	2	3	0	4	6	6	7	19	10	4	9	12	10	5	5	1	5	1	5	21	27	60	53	29	24	14	33	91	24	17	14	8	16	0	356	55	23	9	14	15	20	9	12	16	13	2	1	3	2	1	2	2	2	2	1	3	1	2	7	17	13	5	16	17	14	13	7	6	2	4	4	10	22
0	0	0	0	1	1	3	4	2	3	4	0	2	1	0	0	1	1	1	2	1	3	3	0	1	1	4	2	0	2	2	2	0	1	1	3	1	4	0	1	3	1	1	1	1	4	1	5	8	4	3	1	6	3	1	0	9	2	11	19	9	4	5	7	5	4	1	3	0	2	6	6	18	21	21	25	13	12	29	230	29	12	8	8	14	356	0	82	26	10	15	12	12	8	10	13	13	2	3	3	4	7	3	2	2	2	3	3	0	1	8	20	14	4	4	21	13	11	8	7	3	4	9	14	27
0	0	0	0	3	0	0	0	2	2	0	2	0	0	2	2	0	0	1	1	2	1	0	0	1	1	3	3	0	0	4	1	0	2	1	0	1	1	4	2	0	3	3	2	1	1	2	4	3	6	3	4	5	4	2	3	2	4	6	10	7	1	5	3	1	6	5	1	0	1	4	10	14	20	23	35	17	27	59	51	12	9	5	10	14	55	82	0	98	28	34	14	16	6	12	15	13	6	3	4	5	6	2	2	0	0	2	0	1	0	11	27	12	7	8	14	12	8	8	6	2	5	5	5	15
0	0	0	1	1	0	2	1	3	6	1	3	5	3	1	3	1	3	1	1	2	2	0	1	0	0	0	1	0	1	2	3	2	2	0	0	0	0	1	4	2	0	1	1	2	1	2	4	5	9	6	4	1	4	3	4	5	3	5	6	2	6	3	4	4	4	4	1	1	3	3	5	8	12	15	19	12	15	20	24	12	16	10	4	10	23	26	98	0	89	46	15	20	19	19	11	16	9	10	1	10	3	2	1	3	3	3	0	2	3	12	16	11	3	11	14	12	13	12	2	9	4	8	5	14
0	0	0	2	2	2	1	1	1	2	4	0	5	5	3	4	1	1	0	5	2	0	2	1	2	2	0	0	0	2	0	1	0	0	1	1	2	1	1	2	2	1	1	4	2	4	5	6	4	7	10	5	3	3	2	3	5	5	5	4	5	2	3	4	1	3	1	4	3	3	0	6	13	7	5	8	7	12	21	7	9	7	2	1	6	9	10	28	89	0	47	17	23	13	14	8	14	23	6	10	17	12	4	6	3	9	3	3	2	4	18	17	8	2	4	14	13	11	7	4	7	4	6	3	22
0	0	0	1	2	0	0	1	2	3	2	5	0	1	2	5	0	3	1	0	1	2	1	3	3	2	0	1	1	1	1	3	0	2	0	0	1	0	1	0	1	2	1	0	3	1	1	4	5	8	5	2	4	1	2	1	3	3	5	15	4	6	6	9	8	4	1	4	2	1	2	22	21	26	30	30	26	64	133	9	4	7	4	2	5	14	15	34	46	47	0	90	114	36	28	51	21	14	7	8	15	4	3	2	2	1	0	3	1	2	9	15	5	1	4	5	14	10	3	4	3	6	9	9	20
0	0	0	0	0	3	0	0	5	1	3	2	5	3	9	0	1	4	2	4	2	1	5	0	0	0	0	1	1	1	0	0	1	2	1	0	1	1	2	0	3	4	2	0	0	1	2	6	4	6	7	2	2	1	1	3	4	6	5	6	11	8	7	9	4	4	1	0	3	4	5	17	31	37	38	37	43	151	69	8	4	2	2	2	2	15	12	14	15	17	90	0	214	29	31	39	21	10	6	7	3	6	1	1	2	3	2	3	1	2	2	7	4	4	5	7	5	6	3	4	7	1	8	7	21
0	0	0	2	0	2	3	1	2	2	1	2	4	6	5	3	3	3	3	4	0	0	1	1	0	4	0	0	2	1	1	0	3	2	2	2	1	2	1	1	3	3	2	2	1	1	2	4	10	8	3	7	6	3	3	0	2	2	12	13	12	7	10	14	5	5	2	4	4	9	1	16	36	21	23	22	20	59	33	7	5	3	3	0	1	20	12	16	20	23	114	214	0	69	66	55	38	5	3	7	8	5	7	2	0	0	1	3	1	3	2	2	5	1	5	9	6	11	7	6	5	5	6	6	18
0	0	0	0	1	2	0	3	2	6	2	7	4	12	8	6	6	6	2	1	3	2	4	0	0	0	3	3	1	5	1	0	2	3	2	1	5	3	1	0	3	3	5	2	1	5	4	2	6	18	9	4	6	0	2	4	6	2	12	15	8	4	7	14	1	7	9	9	4	6	7	10	20	6	9	12	9	17	10	8	5	5	3	4	6	9	8	6	19	13	36	29	69	0	202	89	68	27	7	9	6	10	4	7	1	4	4	2	2	7	8	3	2	1	7	8	5	9	9	7	6	5	5	15	24
0	0	0	3	0	0	1	2	4	3	7	7	9	12	13	10	4	4	2	0	7	2	4	2	3	1	0	2	0	2	4	5	2	1	0	2	0	4	0	0	3	1	1	3	7	4	5	4	7	15	21	13	6	3	1	4	5	12	21	25	17	10	11	25	11	7	2	3	1	4	9	26	30	30	18	6	14	11	15	9	4	4	2	4	0	12	10	12	19	14	28	31	66	202	0	291	193	17	5	12	5	11	6	4	7	4	3	1	2	5	13	10	3	5	5	14	17	8	5	3	6	9	15	30	26
0	0	0	1	2	2	1	1	5	3	9	10	7	5	4	7	2	2	1	0	1	3	4	4	0	4	3	1	5	1	2	1	2	0	1	3	2	4	2	0	5	3	2	1	0	2	4	7	8	13	11	11	6	5	1	7	7	12	25	30	23	14	13	22	12	8	4	5	3	4	11	22	62	31	14	10	17	20	24	9	5	6	4	7	2	16	13	15	11	8	51	39	55	89	291	0	212	19	6	8	10	7	5	3	2	3	2	3	3	5	4	12	11	3	4	17	11	5	8	3	9	6	9	43	63
0	0	0	0	3	0	1	3	4	5	12	16	8	7	7	11	8	5	1	0	4	2	6	1	3	1	1	2	0	3	1	3	1	0	1	2	3	0	5	2	3	2	4	2	3	3	6	2	10	27	22	3	9	4	2	5	8	14	29	28	23	13	14	57	9	11	7	6	10	6	18	24	35	25	17	10	13	12	18	11	3	7	1	6	5	13	13	13	16	14	21	21	38	68	193	212	0	18	6	19	5	11	12	6	4	6	3	3	3	1	5	11	4	6	5	14	10	11	10	3	12	8	23	65	69
0	0	0	0	1	2	2	5	4	2	5	11	5	7	11	9	5	5	4	2	1	5	3	3	1	0	1	2	0	1	2	2	3	6	2	2	2	3	3	2	1	5	2	2	5	9	16	12	29	53	24	13	3	3	4	4	4	3	8	10	3	4	7	6	3	9	10	4	7	5	11	9	3	6	5	6	3	2	7	4	6	0	5	6	3	2	2	6	9	23	14	10	5	27	17	19	18	0	52	73	112	91	26	21	6	12	9	3	6	9	15	13	5	5	6	8	16	21	23	20	23	15	12	14	16
0	0	0	1	1	0	1	3	3	7	3	3	3	4	6	9	7	5	3	3	2	3	4	1	3	1	1	2	5	2	3	1	2	3	3	1	2	4	4	2	2	0	2	5	3	13	12	27	22	16	28	4	7	3	3	5	5	9	5	4	2	3	3	4	5	5	8	5	1	6	2	3	3	4	1	2	5	3	4	5	6	5	2	2	6	1	3	3	10	6	7	6	3	7	5	6	6	52	0	361	165	315	187	54	40	24	12	13	15	28	21	2	9	3	3	10	9	16	33	36	39	11	13	6	7
0	0	0	0	2	3	0	1	5	9	5	6	12	9	7	15	3	7	5	2	2	2	3	4	1	1	1	0	4	2	3	4	4	2	4	0	2	4	1	2	3	3	3	4	6	4	22	22	45	29	25	20	6	7	5	9	8	9	8	9	1	7	2	4	3	4	5	7	3	7	2	1	5	3	3	2	1	2	4	1	1	4	4	3	3	3	3	4	1	10	8	7	7	9	12	8	19	73	361	0	137	521	177	45	24	21	17	14	19	23	15	5	6	7	2	17	12	11	24	32	48	20	17	7	12
0	0	0	1	0	2	3	2	4	2	2	9	8	9	11	9	1	4	4	3	1	3	4	2	2	4	1	2	6	3	1	2	3	2	1	2	3	1	2	0	1	2	1	2	2	9	10	18	31	20	18	20	10	3	4	5	6	10	4	7	4	3	3	2	10	3	7	1	5	5	5	1	4	8	0	2	2	3	2	2	8	3	8	1	2	2	4	5	10	17	15	3	8	6	5	10	5	112	165	137	0	474	56	16	9	26	8	11	10	28	18	6	12	4	15	17	22	26	46	59	46	5	10	13	11
0	0	0	0	1	4	3	1	3	2	3	8	13	6	13	13	2	4	1	5	5	2	5	5	1	2	2	1	0	4	2	0	7	2	1	2	1	0	3	6	3	4	2	3	7	11	16	15	46	33	15	13	7	4	5	4	11	8	11	5	5	2	4	8	4	4	6	4	3	1	1	2	7	5	6	3	5	2	2	5	3	3	1	3	4	1	7	6	3	12	4	6	5	10	11	7	11	91	315	521	474	0	113	27	26	17	10	6	8	26	16	7	6	9	10	14	15	12	32	39	55	13	16	17	8
0	0	0	2	3	1	5	4	3	4	7	3	4	4	9	8	9	10	10	5	2	6	8	5	3	2	2	5	3	0	0	3	3	2	1	2	1	3	4	4	0	2	4	4	7	10	25	31	27	20	17	7	6	2	5	10	7	10	10	2	3	2	2	2	3	3	4	7	1	3	2	3	1	5	4	0	4	3	3	0	3	3	7	1	0	2	3	2	2	4	3	1	7	4	6	5	12	26	187	177	56	113	0	167	69	69	19	19	19	48	12	3	10	1	7	7	9	11	23	35	45	10	12	8	7
0	0	0	1	1	3	1	3	4	5	4	7	6	5	8	16	10	12	4	3	8	4	7	10	2	1	2	1	6	2	7	3	6	2	1	1	2	4	1	2	4	2	6	12	11	11	27	25	21	12	8	15	7	6	3	6	7	5	6	1	3	2	2	7	3	6	6	6	5	6	3	1	4	2	2	2	0	2	2	7	2	3	4	0	3	2	2	2	1	6	2	1	2	7	4	3	6	21	54	45	16	27	167	0	108	326	48	53	47	49	10	3	8	7	4	6	6	9	8	33	25	9	6	7	4
0	0	0	2	0	1	2	1	4	2	3	2	1	2	4	7	2	3	3	6	5	7	9	1	2	0	1	3	3	2	1	2	1	4	2	4	0	3	1	2	2	6	3	4	8	5	10	17	11	7	2	6	3	3	2	4	6	1	7	3	2	1	3	3	2	6	1	3	2	4	1	0	2	1	4	0	2	0	2	1	8	1	3	2	2	2	2	0	3	3	2	2	0	1	7	2	4	6	40	24	9	26	69	108	0	179	55	40	62	98	16	5	5	4	3	2	8	8	10	19	18	7	7	4	3
0	0	0	1	1	2	0	3	2	4	3	3	3	0	3	11	11	7	5	2	5	6	6	5	6	2	1	0	3	3	7	3	1	6	0	2	0	2	4	2	2	4	3	5	7	10	24	15	10	8	8	7	7	5	5	7	1	3	3	4	2	4	3	4	3	5	2	2	4	3	4	3	7	2	0	2	0	1	5	1	3	1	6	1	3	2	2	0	3	9	1	3	0	4	4	3	6	12	24	21	26	17	69	326	179	0	158	105	83	46	7	5	2	5	6	8	4	6	14	17	15	12	4	3	8
0	0	0	2	1	2	2	2	2	6	4	4	6	3	5	5	4	6	5	7	4	5	10	8	2	2	2	1	3	1	0	5	5	3	0	5	2	4	4	4	2	5	3	8	4	9	32	23	7	4	8	15	3	8	7	5	8	3	5	4	2	2	0	7	5	4	3	3	2	3	3	0	6	1	1	2	1	1	0	2	1	1	2	2	2	1	3	2	3	3	0	2	1	4	3	2	3	9	12	17	8	10	19	48	55	158	0	627	88	21	4	4	2	6	5	3	3	5	5	10	12	8	2	7	2
0	0	0	3	0	1	3	2	6	4	5	1	1	2	5	7	4	9	5	3	1	6	4	11	2	3	5	1	1	3	2	4	2	0	1	2	1	4	2	4	2	2	5	4	6	11	21	11	9	6	6	4	3	6	3	6	4	4	6	3	0	1	4	2	4	1	5	2	1	0	2	3	1	2	1	2	2	1	3	3	1	1	2	0	3	3	3	0	0	3	3	3	3	2	1	3	3	3	13	14	11	6	19	53	40	105	627	0	56	26	2	1	3	2	4	3	2	3	5	13	14	8	3	2	4
0	0	0	2	1	3	1	2	1	6	2	2	2	1	4	4	4	6	3	1	3	6	5	6	3	0	2	0	2	5	2	2	5	5	1	2	1	1	3	3	3	3	0	6	2	9	14	8	6	4	5	3	6	5	6	8	3	3	1	4	3	0	3	0	2	4	2	5	2	1	4	2	0	5	0	2	3	1	1	1	1	4	6	4	1	1	0	1	2	2	1	1	1	2	2	3	3	6	15	19	10	8	19	47	62	83	88	56	0	80	4	4	6	4	6	4	5	8	5	18	25	6	3	2	5
0	0	0	3	1	4	3	1	2	2	2	3	7	3	3	7	3	7	1	3	6	1	5	1	1	3	3	1	3	1	6	5	2	0	2	2	1	3	0	3	2	4	7	1	5	9	11	16	17	7	9	15	6	1	8	4	3	11	8	4	1	4	2	5	3	4	4	6	3	1	2	2	2	4	2	4	2	1	2	3	2	2	3	7	9	2	1	0	3	4	2	2	3	7	5	5	1	9	28	23	28	26	48	49	98	46	21	26	80	0	12	6	9	3	6	9	5	5	21	85	40	11	4	5	5
0	0	0	1	2	2	0	5	6	1	1	0	1	3	1	7	1	0	1	2	2	2	4	0	0	7	1	1	1	3	3	1	1	1	0	0	1	0	1	3	4	2	4	2	2	4	4	7	8	4	10	8	5	3	0	1	4	3	6	1	0	1	7	5	6	5	4	4	2	3	3	2	5	4	5	9	8	3	10	18	13	11	12	5	10	7	8	11	12	18	9	2	2	8	13	4	5	15	21	15	18	16	12	10	16	7	4	2	4	12	0	39	52	15	35	30	21	181	177	27	14	10	17	10	9
0	0	0	0	0	0	2	4	4	1	2	2	9	5	2	2	1	1	1	1	4	1	1	2	2	2	2	0	3	0	1	3	1	2	1	1	0	0	2	1	2	2	4	1	2	5	4	3	2	6	6	5	0	2	3	6	6	7	7	9	3	3	7	3	2	7	8	1	1	2	1	7	4	11	10	7	3	6	10	38	46	49	24	22	41	17	20	27	16	17	15	7	2	3	10	12	11	13	2	5	6	7	3	3	5	5	4	1	4	6	39	0	109	11	68	45	41	54	20	13	5	7	12	11	13
0	0	0	0	2	2	2	0	4	2	2	5	3	3	3	4	2	1	3	2	1	0	1	3	3	0	3	1	1	0	1	0	2	0	1	0	1	3	3	0	0	2	2	8	2	2	3	7	9	8	6	5	3	3	5	7	11	9	8	9	3	3	6	1	3	13	5	5	4	3	4	7	4	3	12	5	4	4	4	23	39	68	49	13	41	13	14	12	11	8	5	4	5	2	3	11	4	5	9	6	12	6	10	8	5	2	2	3	6	9	52	109	0	47	452	86	67	87	23	13	9	9	8	20	15
0	0	0	2	2	0	2	0	2	3	2	4	3	2	7	6	5	1	3	1	2	2	1	2	1	2	1	0	1	2	1	2	0	2	2	3	0	3	1	3	2	1	5	2	4	3	6	2	7	4	7	2	2	1	4	4	11	7	2	6	4	3	2	2	1	7	9	2	1	4	6	3	5	6	2	5	3	2	2	10	20	20	56	17	16	5	4	7	3	2	1	4	1	1	5	3	6	5	3	7	4	9	1	7	4	5	6	2	4	3	15	11	47	0	69	25	14	15	11	5	4	6	6	3	4
0	0	0	0	2	0	0	2	0	1	3	3	4	3	3	6	1	2	1	4	3	2	4	1	2	0	0	2	1	3	1	0	0	0	3	0	1	3	1	2	2	3	3	2	7	6	1	7	8	9	3	4	5	3	3	8	8	8	10	3	4	3	5	7	7	6	13	3	4	3	3	3	7	6	8	7	6	6	6	23	29	57	52	21	28	16	4	8	11	4	4	5	5	7	5	4	5	6	3	2	15	10	7	4	3	6	5	4	6	6	35	68	452	69	0	83	45	51	32	22	11	12	15	14	12
0	0	0	2	2	0	1	4	1	5	1	2	4	5	3	3	4	4	3	5	3	1	4	4	2	2	4	2	1	3	0	5	2	3	0	0	1	2	2	4	0	2	0	3	1	6	6	9	15	9	14	12	3	3	6	8	13	10	23	10	10	5	6	10	10	14	16	5	6	4	3	7	5	9	8	8	3	8	8	19	20	22	16	9	18	17	21	14	14	14	5	7	9	8	14	17	14	8	10	17	17	14	7	6	2	8	3	3	4	9	30	45	86	25	83	0	1367	96	18	15	11	13	29	24	37
0	0	0	2	1	1	3	1	6	4	5	4	4	5	5	9	7	4	4	1	1	3	5	1	4	1	0	1	0	4	1	2	3	0	2	0	0	3	0	1	3	5	2	1	5	2	7	10	15	23	10	4	7	6	2	6	12	7	19	9	9	5	4	11	5	7	8	6	2	9	5	6	8	8	10	7	9	3	7	18	23	23	11	11	13	14	13	12	12	13	14	5	6	5	17	11	10	16	9	12	22	15	9	6	8	4	3	2	5	5	21	41	67	14	45	1367	0	67	26	17	12	10	32	27	45
0	0	0	1	2	1	0	2	3	3	2	0	4	4	5	3	2	2	3	1	4	7	3	2	1	5	1	3	4	2	3	1	1	2	4	3	2	2	3	1	1	0	1	7	2	3	7	6	14	13	7	8	3	3	1	4	13	4	13	4	5	2	1	10	5	3	10	8	1	2	0	2	8	6	7	2	2	9	9	20	19	15	16	8	10	13	11	8	13	11	10	6	11	9	8	5	11	21	16	11	26	12	11	9	8	6	5	3	8	5	181	54	87	15	51	96	67	0	117	29	12	20	17	8	20
0	0	0	2	2	2	0	3	1	6	3	2	4	8	9	9	4	3	4	1	2	2	4	3	7	0	1	2	1	0	2	2	2	0	0	0	2	4	3	2	1	2	3	2	3	10	6	10	20	15	11	5	8	4	8	5	4	5	8	3	4	2	4	5	6	5	6	2	0	9	11	1	4	6	1	4	5	5	4	6	8	4	6	7	11	7	8	8	12	7	3	3	7	9	5	8	10	23	33	24	46	32	23	8	10	14	5	5	5	21	177	20	23	11	32	18	26	117	0	67	21	12	8	10	12
0	0	0	0	3	3	2	2	5	3	0	4	7	2	8	8	3	3	3	2	2	3	4	2	3	3	2	4	1	0	3	4	0	1	1	4	0	3	4	2	0	3	2	4	6	4	15	16	18	18	15	3	8	0	3	5	5	5	6	3	2	4	2	6	3	8	8	7	4	5	4	4	4	1	4	4	0	3	4	9	6	8	3	5	1	6	7	6	2	4	4	4	6	7	3	3	3	20	36	32	59	39	35	33	19	17	10	13	18	85	27	13	13	5	22	15	17	29	67	0	74	15	7	6	11
0	0	0	3	3	2	4	1	3	4	7	13	5	11	13	17	7	5	3	4	2	1	12	8	1	4	0	3	4	5	3	4	5	3	5	1	1	5	2	3	5	5	6	7	15	14	37	100	98	29	17	17	12	8	7	7	16	16	7	4	5	4	7	10	4	7	14	9	5	3	3	2	2	2	5	2	6	4	1	2	7	8	5	1	3	2	3	2	9	7	3	7	5	6	6	9	12	23	39	48	46	55	45	25	18	15	12	14	25	40	14	5	9	4	11	11	12	12	21	74	0	34	22	8	9
0	0	0	1	6	2	2	3	15	7	6	8	6	12	11	34	9	6	6	9	1	10	10	2	4	3	2	5	2	6	2	4	8	5	2	4	4	5	8	2	3	9	15	7	23	14	18	47	84	36	28	37	25	18	10	34	61	40	31	7	5	4	4	15	13	15	45	34	17	17	10	7	5	5	3	3	2	3	2	5	5	6	6	5	2	4	4	5	4	4	6	1	5	5	9	6	8	15	11	20	5	13	10	9	7	12	8	8	6	11	10	7	9	6	12	13	10	20	12	15	34	0	99	20	11
0	0	0	0	2	1	5	4	7	12	7	8	8	13	10	27	5	6	3	2	8	2	7	4	4	2	1	1	3	4	1	4	6	3	1	5	3	3	1	3	2	5	7	7	8	9	11	30	71	75	71	39	27	10	12	19	49	72	51	8	17	8	7	43	29	30	24	12	8	13	14	9	14	7	6	3	0	4	8	6	10	5	2	7	3	4	9	5	8	6	9	8	6	5	15	9	23	12	13	17	10	16	12	6	7	4	2	3	3	4	17	12	8	6	15	29	32	17	8	7	22	99	0	48	36
0	0	0	0	0	2	4	3	8	8	10	7	9	8	6	11	2	4	3	1	3	3	2	2	3	0	3	4	3	1	5	1	4	2	2	1	1	5	1	0	4	3	3	1	6	7	10	11	16	32	19	19	13	4	11	6	20	28	157	54	24	15	18	128	30	31	15	10	11	14	19	27	27	24	5	6	12	7	6	9	13	8	6	6	5	10	14	5	5	3	9	7	6	15	30	43	65	14	6	7	13	17	8	7	4	3	7	2	2	5	10	11	20	3	14	24	27	8	10	6	8	20	48	0	147
0	0	0	1	0	2	4	3	8	3	3	8	4	4	9	3	2	3	2	4	2	4	5	4	2	0	3	1	2	4	1	3	2	0	2	2	2	2	0	1	4	2	3	2	4	5	6	9	15	16	20	14	10	8	6	5	17	18	41	32	12	8	12	43	19	14	8	6	4	9	5	21	35	30	15	15	10	6	6	20	17	10	12	4	7	22	27	15	14	22	20	21	18	24	26	63	69	16	7	12	11	8	7	4	3	8	2	4	5	5	9	13	15	4	12	37	45	20	12	11	9	11	36	147	0
