0	0	0	0	0	0	0	0	0	0	0	0	0	0	0	0	0	0	0	0	0	0	0	0	0	0	0	0	0	0	0	0	0	0	0	0	0	0	0	0	0	0	0	0	0	0	0	0	0	0	0	0	0	0	0	0	0	0	0	0	0	0	0	0	0	0	0	0	0	0	0	0	0	0	0	0	0	0	0	0	0	0	0	0	0	0	0	0	0	0	0	0	0	0	0	0	0	0	0	0	0	0	0	0	0	0	0	0	0	0	0	0	0	0	0	0	0	0	0	0	0	0	0	0	0	0	0	0	0	0	0	0	0	0	0	0	0	0	0	0	0	0	0	0	0	0	0	0	0	0	0	0	0	0
0	0	0	0	0	0	0	0	0	0	0	0	0	0	0	0	0	0	0	0	0	0	0	0	0	0	0	0	0	0	0	0	0	0	0	0	0	0	0	0	0	0	0	0	0	0	0	0	0	0	0	0	0	0	0	0	0	0	0	0	0	0	0	0	0	0	0	0	0	0	0	0	0	0	0	0	0	0	0	0	0	0	0	0	0	0	0	0	0	0	0	0	0	0	0	0	0	0	0	0	0	0	0	0	0	0	0	0	0	0	0	0	0	0	0	0	0	0	0	0	0	0	0	0	0	0	0	0	0	0	0	0	0	0	0	0	0	0	0	0	0	0	0	0	0	0	0	0	0	0	0	0	0	0
0	0	0	0	0	0	0	0	0	0	0	0	0	0	0	0	0	0	0	0	0	0	0	0	0	0	0	0	0	0	0	0	0	0	0	0	0	0	0	0	0	0	0	0	0	0	0	0	0	0	0	0	0	0	0	0	0	0	0	0	0	0	0	0	0	0	0	0	0	0	0	0	0	0	0	0	0	0	0	0	0	0	0	0	0	0	0	0	0	0	0	0	0	0	0	0	0	0	0	0	0	0	0	0	0	0	0	0	0	0	0	0	0	0	0	0	0	0	0	0	0	0	0	0	0	0	0	0	0	0	0	0	0	0	0	0	0	0	0	0	0	0	0	0	0	0	0	0	0	0	0	0	0	0
0	0	0	0	0	0	0	0	0	0	0	0	0	0	0	0	0	0	0	0	0	0	0	0	0	0	0	0	0	0	0	0	0	0	0	0	0	0	0	0	0	0	0	0	0	0	0	0	0	0	0	0	0	0	0	0	0	0	0	0	0	0	0	0	0	0	0	0	0	0	0	0	0	0	0	0	0	0	0	0	0	0	0	0	0	0	0	0	0	0	0	0	0	0	0	0	0	0	0	0	0	0	0	0	0	0	0	0	0	0	0	0	0	0	0	0	0	0	0	0	0	0	0	0	0	0	0	0	0	0	0	0	0	0	0	0	0	0	0	0	0	0	0	0	0	0	0	0	0	0	0	0	0	0
0	0	0	0	0	0	0	0	0	0	0	0	0	0	0	0	0	0	0	0	0	0	0	0	0	0	0	0	0	0	0	0	0	0	0	0	0	0	0	0	0	0	0	0	0	0	0	0	0	0	0	0	0	0	0	0	0	0	0	0	0	0	0	0	0	0	0	0	0	0	0	0	0	0	0	0	0	0	0	0	0	0	0	0	0	0	0	0	0	0	0	0	0	0	0	0	0	0	0	0	0	0	0	0	0	0	0	0	0	0	0	0	0	0	0	0	0	0	0	0	0	0	0	0	0	0	0	0	0	0	0	0	0	0	0	0	0	0	0	0	0	0	0	0	0	0	0	0	0	0	0	0	0	0
0	0	0	0	0	0	0	0	0	0	0	0	0	0	0	0	0	0	0	0	0	0	0	0	0	0	0	0	0	0	0	0	0	0	0	0	0	0	0	0	0	0	0	0	0	0	0	0	0	0	0	0	0	0	0	0	0	0	0	0	0	0	0	0	0	0	0	0	0	0	0	0	0	0	0	0	0	0	0	0	0	0	0	0	0	0	0	0	0	0	0	0	0	0	0	0	0	0	0	0	0	0	0	0	0	0	0	0	0	0	0	0	0	0	0	0	0	0	0	0	0	0	0	0	0	0	0	0	0	0	0	0	0	0	0	0	0	0	0	0	0	0	0	0	0	0	0	0	0	0	0	0	0	0
0	0	0	0	0	0	0	0	0	0	0	0	0	0	0	0	0	0	0	0	0	0	0	0	0	0	0	0	0	0	0	0	0	0	0	0	0	0	0	0	0	0	0	0	0	0	0	0	0	0	0	0	0	0	0	0	0	0	0	0	0	0	0	0	0	0	0	0	0	0	0	0	0	0	0	0	0	0	0	0	0	0	0	0	0	0	0	0	0	0	0	0	0	0	0	0	0	0	0	0	0	0	0	0	0	0	0	0	0	0	0	0	0	0	0	0	0	0	0	0	0	0	0	0	0	0	0	0	0	0	0	0	0	0	0	0	0	0	0	0	0	0	0	0	0	0	0	0	0	0	0	0	0	0
0	0	0	0	0	0	0	0	12	3	2	0	1	1	0	0	0	0	0	1	1	3	4	1	4	0	1	2	0	4	4	4	2	16	37	5	3	1	1	1	0	2	1	3	0	2	3	4	1	0	1	0	1	3	0	4	2	2	1	3	1	1	0	2	3	1	1	2	1	0	0	2	0	1	1	1	1	0	0	3	2	0	0	2	0	0	0	0	0	1	2	1	1	0	0	0	0	0	0	0	1	1	1	1	0	1	0	0	0	1	0	1	0	1	1	0	0	0	0	3	0	3	3	2	2	2	3	4	2	1	2	1	2	9	17	2	0	3	1	2	0	1	0	0	0	1	1	0	0	0	0	0	0	0
0	0	0	0	0	0	0	12	0	2	1	0	1	0	0	1	2	1	2	0	3	1	7	4	4	4	4	0	11	6	4	2	4	10	81	27	5	2	1	2	2	1	0	0	1	4	3	5	1	0	1	0	3	0	1	2	1	1	1	0	1	0	1	2	1	3	1	4	1	0	1	2	0	2	3	0	1	3	0	0	0	0	1	0	0	0	0	0	0	0	1	0	0	0	1	1	0	1	0	0	2	3	0	0	0	1	0	1	0	2	2	2	1	1	0	0	0	0	0	0	2	1	1	1	2	2	0	7	3	0	2	2	2	9	9	1	1	3	1	0	0	1	2	0	1	0	1	1	0	0	0	0	0	0
0	0	0	0	0	0	0	3	2	0	2	0	1	0	0	0	2	1	3	1	2	2	3	3	7	10	22	37	6	13	4	2	2	1	4	8	5	6	7	7	2	1	1	1	0	0	2	0	0	2	0	0	0	1	1	0	1	0	0	0	0	1	0	0	1	1	4	0	4	1	1	0	1	3	6	0	5	3	4	0	2	0	1	0	0	0	2	0	0	0	0	1	0	0	0	0	0	0	0	1	0	1	0	0	0	0	0	0	2	0	2	0	0	2	0	1	2	1	1	0	1	0	1	2	1	3	2	2	2	1	2	0	4	1	1	2	0	1	1	0	3	6	1	2	1	0	1	1	0	0	1	0	0	0
0	0	0	0	0	0	0	2	1	2	0	11	0	0	1	2	3	5	2	2	2	1	1	5	17	23	4	7	7	3	5	0	1	1	1	3	3	7	3	13	3	1	1	0	1	1	0	0	0	1	1	0	0	1	0	1	0	2	0	1	0	0	0	0	1	4	1	4	2	1	4	0	3	1	4	17	10	3	0	1	0	1	0	0	0	1	0	0	0	1	0	0	0	1	0	0	0	0	0	0	0	0	0	1	0	0	0	0	2	0	1	2	2	2	1	0	1	1	1	0	2	0	0	0	1	0	0	0	0	0	0	0	0	1	2	0	1	0	1	1	2	0	1	0	0	1	0	0	0	0	1	0	1	1
0	0	0	0	0	0	0	0	0	0	11	0	9	7	6	4	6	3	3	1	2	0	0	1	3	5	0	2	0	2	2	0	1	0	1	4	3	3	1	2	0	0	0	1	0	0	0	1	0	0	0	0	0	0	0	1	0	0	0	0	0	0	1	1	1	0	1	1	3	1	2	0	2	0	1	17	17	2	4	2	0	0	2	0	0	0	0	0	1	0	0	0	0	0	0	0	0	1	0	0	1	0	0	1	1	0	0	0	2	5	5	6	1	1	1	1	1	0	0	0	0	1	0	0	0	2	0	0	1	1	2	0	0	3	0	0	0	0	1	3	4	2	0	0	1	0	0	1	1	1	1	0	0	0
0	0	0	0	0	0	0	1	1	1	0	9	0	182	10	6	0	1	0	0	0	0	0	1	0	0	0	1	0	2	0	0	0	0	0	1	1	2	2	2	1	1	0	1	0	0	0	0	1	0	0	1	0	0	0	0	0	1	0	1	0	1	0	0	1	0	0	0	2	0	0	0	0	0	0	5	5	2	1	0	0	1	0	0	0	1	0	0	0	0	0	0	0	1	0	0	0	0	0	0	0	1	0	1	1	0	0	0	1	0	2	4	2	1	0	3	0	0	0	1	0	1	0	0	0	0	0	1	1	0	0	0	0	0	1	0	1	1	0	2	6	3	3	0	0	0	0	0	0	0	0	0	1	1
0	0	0	0	0	0	0	1	0	0	0	7	182	0	8	4	1	2	1	0	1	0	0	0	1	2	1	0	0	0	0	0	0	0	1	0	1	0	0	4	0	0	0	0	0	0	0	0	0	0	0	0	0	0	0	0	0	0	0	1	0	0	0	0	2	0	0	1	0	2	2	0	0	0	0	2	1	3	3	1	0	0	0	0	0	0	0	0	1	0	0	0	1	0	0	0	0	0	0	0	0	0	0	0	0	0	0	0	1	2	2	4	1	3	2	0	0	0	0	0	1	0	0	0	0	0	0	0	2	1	0	0	1	1	0	0	1	0	0	1	2	3	2	1	2	0	0	0	0	0	1	1	0	0
0	0	0	0	0	0	0	0	0	0	1	6	10	8	0	5	4	2	2	0	0	0	0	0	0	2	1	1	1	0	0	0	2	0	1	1	2	1	0	2	2	1	0	1	0	0	0	0	0	0	0	0	0	0	0	1	0	0	0	0	1	1	0	1	0	1	1	0	1	1	1	0	0	1	1	3	4	3	1	1	0	0	0	0	0	0	0	0	0	0	0	0	0	0	0	0	0	0	0	0	0	0	0	0	0	0	0	0	1	1	3	0	0	1	1	1	0	0	0	2	0	0	1	0	0	0	1	0	0	0	0	1	0	0	2	0	1	0	0	1	1	3	0	1	0	0	1	1	0	0	0	1	1	1
0	0	0	0	0	0	0	0	1	0	2	4	6	4	5	0	16	9	1	1	1	0	0	1	1	1	1	1	0	0	2	1	1	0	2	0	2	1	0	1	3	1	0	0	0	1	0	0	0	0	1	0	0	0	1	0	0	0	0	0	0	1	1	1	1	1	0	0	1	1	2	1	2	0	0	4	2	1	0	1	0	0	1	0	0	1	0	0	0	0	0	0	0	0	0	0	0	0	0	0	1	1	1	0	1	0	0	0	0	0	2	0	2	0	1	1	0	0	0	0	0	0	0	1	1	0	0	0	0	0	2	0	0	0	0	0	0	0	0	0	1	1	2	0	0	0	0	0	0	0	0	0	0	0
0	0	0	0	0	0	0	0	2	2	3	6	0	1	4	16	0	10	2	0	0	3	0	0	1	1	0	3	3	0	0	0	0	0	0	0	1	1	2	0	2	0	2	0	0	0	1	0	1	0	0	0	0	0	0	1	1	1	0	0	0	1	0	0	0	1	1	1	4	0	1	0	1	1	0	3	0	0	2	0	0	1	0	0	0	0	0	0	0	0	0	0	0	0	0	0	0	0	1	0	1	0	0	1	1	0	0	0	1	0	0	0	0	2	0	0	1	0	0	0	1	0	1	0	0	0	0	0	0	0	1	0	0	0	0	0	0	1	0	0	2	1	1	0	0	0	0	0	0	0	0	0	0	0
0	0	0	0	0	0	0	0	1	1	5	3	1	2	2	9	10	0	8	0	0	0	0	0	2	4	1	2	1	0	0	1	0	0	0	1	0	4	1	0	2	1	0	0	2	0	0	2	1	0	2	0	0	0	1	1	0	0	1	0	0	0	0	1	0	0	2	2	3	0	2	1	1	0	2	3	2	0	0	1	0	0	0	0	1	0	0	0	0	0	0	0	0	1	0	0	0	0	0	0	1	0	0	0	0	0	0	0	0	1	1	1	1	0	1	0	0	0	1	0	1	0	0	0	1	0	1	0	0	1	0	1	2	0	0	0	0	0	1	1	1	0	0	1	2	1	0	0	1	0	1	0	1	0
0	0	0	0	0	0	0	0	2	3	2	3	0	1	2	1	2	8	0	2	0	0	1	3	6	3	4	3	4	2	1	1	1	0	1	4	4	20	10	7	8	3	1	2	1	1	0	0	1	1	0	1	1	0	0	4	0	0	0	1	0	0	3	2	4	2	3	5	5	5	5	4	0	3	0	2	3	0	0	0	0	0	1	0	0	0	0	0	1	0	0	0	0	0	0	0	0	0	0	0	0	0	0	0	0	0	0	0	0	1	0	0	0	0	1	0	0	0	0	0	0	0	0	0	0	1	0	0	2	0	1	1	0	1	2	0	2	2	0	0	0	1	0	1	0	0	0	0	0	0	0	0	0	0
0	0	0	0	0	0	0	1	0	1	2	1	0	0	0	1	0	0	2	0	5	2	5	7	0	2	2	1	5	1	2	6	3	0	0	1	2	7	1	3	3	16	7	4	8	2	3	0	0	0	2	0	5	2	8	6	9	3	2	3	2	1	1	2	6	3	2	2	7	4	7	4	1	1	0	1	1	0	1	0	1	1	0	0	0	0	0	0	0	0	1	0	0	0	0	0	0	0	0	0	0	0	0	0	1	1	0	1	1	0	0	0	0	0	0	0	0	0	0	0	0	1	0	0	0	0	0	0	0	1	1	1	0	1	0	0	1	1	0	0	0	0	2	0	0	0	0	0	0	0	0	0	1	0
0	0	0	0	0	0	0	1	3	2	2	2	0	1	0	1	0	0	0	5	0	9	10	10	0	0	0	1	2	0	3	19	17	4	3	4	2	1	5	2	3	23	7	11	9	4	3	2	2	2	2	3	7	5	8	6	1	1	5	1	2	5	2	1	2	0	2	2	4	0	1	5	2	0	0	0	0	1	0	2	0	0	0	0	0	0	0	0	1	0	0	0	0	0	1	0	0	0	0	1	0	0	0	0	0	0	0	1	0	0	0	0	0	0	1	1	0	0	1	0	0	1	0	0	1	0	0	1	0	0	0	0	0	1	0	0	2	1	1	0	0	1	1	0	0	0	0	0	0	0	0	1	0	1
0	0	0	0	0	0	0	3	1	2	1	0	0	0	0	0	3	0	0	2	9	0	20	6	2	0	1	3	3	10	14	21	16	3	6	5	1	2	1	2	1	1	2	3	1	3	7	10	10	1	1	1	2	3	8	6	2	4	0	2	6	0	1	4	6	12	36	1	1	1	2	4	2	0	0	0	1	0	0	2	1	0	0	0	0	0	0	0	0	0	0	0	1	1	0	0	0	0	1	0	0	1	0	0	0	1	0	0	0	1	0	0	0	1	0	0	0	0	0	0	0	1	1	1	1	0	1	1	0	0	0	1	3	1	6	0	0	0	1	0	0	0	1	1	1	1	0	0	0	2	0	1	0	1
0	0	0	0	0	0	0	4	7	3	1	0	0	0	0	0	0	0	1	5	10	20	0	16	3	2	4	5	6	6	80	55	37	5	7	6	7	2	6	3	2	3	1	2	6	7	6	4	6	3	1	1	2	1	5	6	2	1	4	2	2	2	4	4	4	3	18	6	1	2	1	2	2	2	2	0	0	0	1	0	3	2	0	1	0	0	0	0	0	1	0	0	0	0	0	1	0	0	0	3	0	0	1	0	0	0	0	0	1	0	0	0	1	0	0	2	0	0	0	0	2	1	0	1	1	1	0	2	0	0	2	0	0	0	0	1	0	1	0	0	0	0	0	0	0	0	0	0	1	0	1	1	0	0
0	0	0	0	0	0	0	1	4	3	5	1	1	0	0	1	0	0	3	7	10	6	16	0	8	6	9	7	25	6	40	6	2	1	5	5	11	9	11	2	8	2	0	3	3	0	1	1	7	2	0	2	3	4	1	3	4	3	0	4	1	2	1	0	2	4	12	36	3	6	2	3	2	1	1	2	2	2	0	0	0	1	1	0	0	0	1	0	0	0	0	0	0	1	0	0	1	0	0	0	0	0	0	0	0	0	1	0	1	0	0	2	1	2	0	0	0	0	0	0	1	0	1	0	0	0	0	1	0	2	2	1	0	3	0	1	0	1	1	2	0	0	0	0	0	1	0	0	1	0	0	0	0	0
0	0	0	0	0	0	0	4	4	7	17	3	0	1	0	1	1	2	6	0	0	2	3	8	0	117	117	15	7	3	5	0	0	0	2	7	5	21	8	11	9	4	0	1	1	0	0	1	0	0	0	1	1	0	0	0	0	2	1	1	1	0	1	2	1	0	2	5	10	9	6	4	2	7	10	9	3	1	0	2	0	1	0	0	0	0	0	0	0	0	0	1	0	0	0	0	0	0	0	1	0	0	0	0	0	0	0	0	1	0	1	0	0	1	0	0	0	2	0	0	0	1	0	0	0	0	1	0	0	0	2	0	1	1	0	0	2	0	0	0	1	1	1	0	0	1	1	0	0	0	2	0	2	0
0	0	0	0	0	0	0	0	4	10	23	5	0	2	2	1	1	4	3	2	0	0	2	6	117	0	61	13	3	6	1	2	1	0	2	0	3	5	5	4	4	2	1	0	0	0	1	1	1	0	0	0	1	0	0	0	2	0	1	1	0	0	0	1	1	1	1	6	15	6	7	4	7	2	7	12	4	1	0	0	2	1	0	0	0	0	0	0	0	0	0	0	0	0	0	0	0	1	0	0	1	1	1	0	0	0	1	0	0	0	1	0	1	2	1	1	0	0	1	0	1	1	0	0	0	0	0	1	0	0	2	0	1	1	1	2	0	0	0	0	1	0	0	0	1	0	0	0	1	0	0	0	0	1
0	0	0	0	0	0	0	1	4	22	4	0	0	1	1	1	0	1	4	2	0	1	4	9	117	61	0	27	15	8	4	4	1	1	1	2	9	9	7	9	0	1	1	2	0	0	1	0	0	1	0	1	1	0	2	1	0	1	0	0	1	0	0	1	5	3	5	8	10	4	8	5	4	2	13	5	1	5	0	0	0	1	0	0	0	1	0	0	0	0	0	0	0	1	0	0	0	1	1	0	1	1	1	1	0	0	0	0	0	1	0	0	0	0	0	0	0	1	1	0	1	0	0	1	0	0	0	0	0	0	0	1	1	0	2	2	0	0	1	1	1	0	1	0	0	0	0	0	1	0	0	0	1	0
0	0	0	0	0	0	0	2	0	37	7	2	1	0	1	1	3	2	3	1	1	3	5	7	15	13	27	0	25	12	5	1	3	2	3	7	1	9	9	9	5	3	0	0	0	0	1	1	0	1	0	0	1	0	0	1	1	0	0	0	1	0	2	1	2	2	4	2	0	3	5	2	3	6	5	1	4	0	0	2	2	0	0	1	0	0	1	0	0	0	0	0	1	0	0	1	0	1	0	0	1	1	1	0	0	0	1	1	3	2	0	1	3	0	0	1	0	0	0	0	2	3	0	0	0	0	3	0	1	0	0	1	0	1	0	2	2	0	1	2	1	0	0	0	0	0	0	1	1	0	1	0	1	0
0	0	0	0	0	0	0	0	11	6	7	0	0	0	1	0	3	1	4	5	2	3	6	25	7	3	15	25	0	35	26	3	6	0	6	9	6	10	4	7	6	0	1	5	0	1	2	2	0	2	0	1	2	2	0	3	4	0	3	2	0	0	2	3	7	1	14	17	7	1	12	1	3	1	6	4	0	0	2	3	0	2	0	0	0	0	0	0	0	0	0	0	0	0	0	0	1	0	0	0	1	0	2	0	0	0	1	0	0	0	1	0	2	1	1	1	0	0	1	0	0	1	0	1	0	1	1	2	1	1	2	1	2	0	1	2	1	0	1	0	1	1	0	1	3	0	0	0	2	0	0	0	0	0
0	0	0	0	0	0	0	4	6	13	3	2	2	0	0	0	0	0	2	1	0	10	6	6	3	6	8	12	35	0	9	5	2	2	5	6	5	3	7	4	1	5	1	1	3	2	5	2	2	1	1	0	1	2	3	3	3	0	1	1	0	0	0	0	4	5	10	19	1	3	1	4	5	5	3	0	2	0	0	1	0	0	1	0	0	0	0	0	0	0	0	0	0	0	0	0	0	0	0	0	1	2	1	0	1	0	0	0	2	0	0	0	0	0	0	1	0	0	0	0	1	0	0	1	1	0	4	0	0	0	0	0	0	4	0	1	0	0	2	0	0	0	0	0	0	1	0	1	0	0	0	0	0	0
0	0	0	0	0	0	0	4	4	4	5	2	0	0	0	2	0	0	1	2	3	14	80	40	5	1	4	5	26	9	0	14	25	3	7	7	10	5	3	4	7	7	1	0	1	3	2	6	2	2	2	0	1	2	3	3	1	1	2	1	1	2	2	2	5	5	40	14	2	2	1	4	2	3	1	4	2	0	1	0	2	0	0	1	0	1	0	0	0	0	0	0	0	0	0	0	0	0	0	0	1	1	0	0	0	0	0	1	0	0	4	0	0	1	0	0	0	0	1	0	0	0	0	1	0	0	1	1	1	1	2	0	0	0	0	0	1	0	0	0	0	0	0	1	0	0	0	0	0	1	2	0	1	0
0	0	0	0	0	0	0	4	2	2	0	0	0	0	0	1	0	1	1	6	19	21	55	6	0	2	4	1	3	5	14	0	379	4	8	2	6	5	2	3	4	6	5	4	6	5	2	9	10	2	1	3	6	5	5	6	3	4	1	1	3	0	5	1	2	4	15	9	0	1	3	3	1	3	3	1	1	2	0	1	1	0	1	0	0	1	0	0	0	0	0	0	0	0	0	0	0	0	0	0	1	0	2	1	1	0	0	1	0	0	1	0	0	1	0	1	0	0	0	0	0	0	0	0	0	1	0	0	0	0	0	1	3	1	4	0	0	1	1	1	1	0	0	0	0	0	0	0	0	0	0	0	0	0
0	0	0	0	0	0	0	2	4	2	1	1	0	0	2	1	0	0	1	3	17	16	37	2	0	1	1	3	6	2	25	379	0	2	4	3	4	3	1	5	3	6	3	2	7	11	5	12	12	3	3	3	1	5	13	3	2	3	1	3	4	2	4	6	2	4	10	5	2	1	2	1	2	0	3	0	1	1	1	0	1	0	0	1	0	1	0	0	0	0	0	0	0	0	0	0	1	0	0	0	1	0	1	1	0	0	1	0	0	1	0	1	0	1	0	0	0	1	0	0	1	2	0	0	0	1	3	0	1	0	1	0	0	4	3	2	0	1	1	1	2	1	0	0	1	0	0	0	0	1	2	0	0	0
0	0	0	0	0	0	0	16	10	1	1	0	0	0	0	0	0	0	0	0	4	3	5	1	0	0	1	2	0	2	3	4	2	0	22	2	5	2	3	1	3	3	3	1	1	6	18	17	4	2	0	1	2	2	1	5	4	1	0	2	0	1	3	1	0	2	6	1	0	0	1	1	0	0	2	2	0	1	1	0	1	1	0	0	0	0	0	0	0	0	0	0	0	0	1	0	0	0	0	0	1	0	0	0	0	0	1	0	0	0	0	2	1	0	0	1	0	0	0	0	0	2	3	0	0	1	1	4	4	1	1	0	0	5	5	2	0	1	1	1	0	0	1	2	0	0	0	0	1	1	3	1	0	0
0	0	0	0	0	0	0	37	81	4	1	1	0	1	1	2	0	0	1	0	3	6	7	5	2	2	1	3	6	5	7	8	4	22	0	22	4	3	0	4	3	2	1	0	2	4	2	10	4	0	1	0	0	0	1	1	2	0	0	0	1	0	1	1	3	3	5	4	3	1	0	2	0	3	0	3	0	1	1	2	0	0	0	0	0	0	0	0	0	1	0	0	0	1	0	0	0	0	0	2	3	1	0	0	0	0	0	0	1	1	3	2	0	0	1	2	1	1	0	0	1	2	2	3	2	1	2	2	4	0	1	2	3	5	7	0	3	2	0	1	1	2	0	0	0	0	0	0	1	0	0	0	1	0
0	0	0	0	0	0	0	5	27	8	3	4	1	0	1	0	0	1	4	1	4	5	6	5	7	0	2	7	9	6	7	2	3	2	22	0	14	6	2	7	2	1	2	1	0	2	4	3	2	2	0	0	1	0	1	0	0	2	2	1	0	1	1	0	1	1	8	4	0	1	3	2	2	1	3	2	2	0	1	1	2	0	0	0	0	0	0	0	0	0	0	0	0	0	0	0	1	2	0	0	0	2	0	0	1	0	0	0	3	3	0	0	1	1	3	0	0	0	0	0	1	2	0	0	0	1	0	4	3	0	0	0	0	6	7	1	1	0	0	0	1	0	0	0	0	1	0	0	0	1	0	0	0	0
0	0	0	0	0	0	0	3	5	5	3	3	1	1	2	2	1	0	4	2	2	1	7	11	5	3	9	1	6	5	10	6	4	5	4	14	0	8	17	13	67	7	2	2	2	2	0	4	1	0	0	0	3	2	2	2	1	1	1	1	0	2	2	1	0	0	6	4	3	3	2	2	4	0	1	2	0	0	1	1	0	0	0	0	0	0	0	0	0	0	0	0	1	0	2	0	1	0	0	0	0	0	0	0	0	0	1	0	0	1	0	0	1	0	1	0	0	0	1	0	0	0	1	0	1	1	2	2	0	1	0	1	4	1	0	0	1	0	0	0	0	1	3	0	1	0	0	0	1	0	0	0	0	0
0	0	0	0	0	0	0	1	2	6	7	3	2	0	1	1	1	4	20	7	1	2	2	9	21	5	9	9	10	3	5	5	3	2	3	6	8	0	11	10	12	2	4	0	0	0	2	1	2	1	0	1	2	1	0	1	0	1	3	3	2	2	1	1	2	2	3	6	5	8	8	3	5	4	3	4	0	0	1	1	0	0	0	0	0	0	0	0	0	0	0	1	0	0	1	0	0	0	1	0	2	0	0	0	0	1	0	1	2	0	0	0	1	0	1	0	1	1	0	0	0	0	0	1	0	0	1	1	1	1	1	1	0	1	1	1	1	2	0	0	1	1	0	0	1	0	0	0	1	0	0	1	1	1
0	0	0	0	0	0	0	1	1	7	3	1	2	0	0	0	2	1	10	1	5	1	6	11	8	5	7	9	4	7	3	2	1	3	0	2	17	11	0	73	63	4	0	0	1	1	3	0	0	0	0	1	1	1	0	3	0	0	0	1	0	1	1	0	2	1	1	4	4	4	1	3	1	3	2	5	0	1	0	0	1	2	0	0	1	0	0	0	1	1	0	0	0	0	0	0	0	0	0	0	1	1	0	0	0	0	0	1	1	1	1	1	0	1	0	0	0	0	0	0	1	0	0	1	0	2	2	1	1	2	1	0	0	2	2	0	1	1	2	1	0	1	1	0	0	1	1	0	0	1	2	0	1	0
0	0	0	0	0	0	0	1	2	7	13	2	2	4	2	1	0	0	7	3	2	2	3	2	11	4	9	9	7	4	4	3	5	1	4	7	13	10	73	0	18	3	2	1	2	1	1	1	1	0	1	0	1	2	0	1	0	1	0	0	1	0	1	0	2	0	0	1	2	2	5	4	2	0	3	2	2	1	2	0	0	0	1	1	0	0	0	0	0	2	0	0	0	0	0	1	0	0	0	1	2	2	0	0	1	1	0	1	0	1	1	1	0	0	1	0	1	0	0	0	1	0	1	3	2	1	1	0	3	0	1	0	0	1	1	1	0	1	0	0	1	1	1	0	1	0	1	0	1	0	0	0	0	1
0	0	0	0	0	0	0	0	2	2	3	0	1	0	2	3	2	2	8	3	3	1	2	8	9	4	0	5	6	1	7	4	3	3	3	2	67	12	63	18	0	2	0	1	0	2	1	1	1	0	0	3	1	1	0	5	2	2	0	1	0	0	1	0	2	2	6	6	5	2	2	1	3	3	2	1	2	1	0	1	2	0	0	0	0	0	0	0	0	0	0	0	1	0	0	0	0	2	0	1	0	0	0	0	1	0	1	1	0	2	1	0	0	1	1	0	0	1	1	1	0	1	0	0	1	2	0	4	0	1	0	1	0	0	0	0	1	1	2	1	0	0	0	0	0	0	0	0	0	0	1	0	0	0
0	0	0	0	0	0	0	2	1	1	1	0	1	0	1	1	0	1	3	16	23	1	3	2	4	2	1	3	0	5	7	6	6	3	2	1	7	2	4	3	2	0	4	6	11	2	2	5	5	1	0	2	4	4	4	6	4	1	0	0	1	1	3	1	1	3	3	3	0	0	3	2	1	0	2	1	3	0	0	2	0	0	1	1	0	0	0	0	0	0	0	0	0	0	0	0	0	0	0	0	1	1	0	0	0	0	0	1	1	2	0	0	0	1	0	0	0	1	0	0	0	0	1	2	1	1	1	1	1	0	1	0	0	0	0	0	0	1	0	0	1	0	0	0	0	0	0	0	0	0	1	0	0	0
0	0	0	0	0	0	0	1	0	1	1	0	0	0	0	0	2	0	1	7	7	2	1	0	0	1	1	0	1	1	1	5	3	3	1	2	2	4	0	2	0	4	0	18	14	4	1	1	3	1	5	2	7	2	3	3	4	2	2	1	0	1	1	1	5	1	0	4	2	2	0	2	1	2	0	0	0	0	0	0	0	0	0	0	0	0	0	0	0	0	0	0	0	0	0	1	0	0	0	0	0	0	0	0	0	0	0	0	0	0	0	0	0	0	0	0	0	0	0	0	0	0	0	0	1	0	1	0	0	0	0	2	1	0	2	1	0	0	0	0	0	1	0	0	0	0	0	0	0	0	0	0	0	0
0	0	0	0	0	0	0	3	0	1	0	1	1	0	1	0	0	0	2	4	11	3	2	3	1	0	2	0	5	1	0	4	2	1	0	1	2	0	0	1	1	6	18	0	32	9	2	5	6	5	4	3	4	2	5	8	2	4	1	1	2	0	3	1	2	1	1	1	0	0	0	0	0	0	1	0	0	0	0	0	1	0	0	1	0	0	1	0	0	0	0	0	0	0	0	0	1	0	0	1	0	1	0	0	0	0	1	0	0	0	0	0	0	0	1	1	0	0	0	0	0	1	0	1	0	0	1	1	0	0	0	0	0	1	3	0	1	1	0	0	0	0	0	0	0	0	0	0	0	0	0	0	0	0
0	0	0	0	0	0	0	0	1	0	1	0	0	0	0	0	0	2	1	8	9	1	6	3	1	0	0	0	0	3	1	6	7	1	2	0	2	0	1	2	0	11	14	32	0	7	2	2	11	4	4	4	21	10	6	8	8	5	2	1	3	2	2	1	1	1	1	3	0	0	0	0	0	1	2	2	0	0	0	1	0	0	0	0	0	0	0	0	1	1	0	0	0	1	0	0	0	0	0	0	0	0	0	0	0	1	0	0	0	0	0	0	2	0	1	1	0	0	0	1	0	0	2	1	1	2	0	2	1	0	0	1	0	0	0	0	2	0	0	0	0	0	0	0	0	0	0	0	1	0	0	0	0	1
0	0	0	0	0	0	0	2	4	0	1	0	0	0	0	1	0	0	1	2	4	3	7	0	0	0	0	0	1	2	3	5	11	6	4	2	2	0	1	1	2	2	4	9	7	0	14	11	23	21	6	4	5	13	5	3	2	1	1	1	2	3	2	2	2	4	3	0	0	2	0	1	0	2	0	0	0	1	2	0	0	0	0	0	0	0	0	0	0	0	0	0	0	0	1	1	0	0	0	0	2	0	1	0	0	0	0	0	0	0	1	0	0	0	0	0	0	0	0	1	0	1	0	1	0	1	0	2	0	0	0	0	0	4	1	1	1	0	0	0	0	1	0	0	0	0	0	0	0	0	0	1	0	0
0	0	0	0	0	0	0	3	3	2	0	0	0	0	0	0	1	0	0	3	3	7	6	1	0	1	1	1	2	5	2	2	5	18	2	4	0	2	3	1	1	2	1	2	2	14	0	54	9	6	3	1	4	6	3	0	1	3	0	0	1	0	5	0	1	2	7	0	0	1	1	0	0	1	2	1	0	0	1	1	0	0	0	0	0	0	0	0	0	0	0	0	0	0	0	0	0	0	0	0	1	1	0	0	0	0	1	0	1	1	0	1	0	1	1	0	0	0	0	0	0	0	1	2	1	1	2	2	0	0	1	2	0	0	2	2	1	0	0	0	0	0	0	1	0	0	0	0	0	0	0	1	0	1
0	0	0	0	0	0	0	4	5	0	0	1	0	0	0	0	0	2	0	0	2	10	4	1	1	1	0	1	2	2	6	9	12	17	10	3	4	1	0	1	1	5	1	5	2	11	54	0	18	5	0	5	1	7	2	2	3	2	3	4	2	2	1	1	2	5	2	0	0	1	0	0	0	1	0	0	0	2	0	0	0	0	0	0	0	1	0	0	0	0	0	0	0	0	0	1	1	1	1	1	4	0	1	0	1	0	0	0	0	0	1	0	0	1	0	0	0	0	0	0	0	1	0	0	2	1	1	1	1	1	0	0	1	2	0	0	1	0	2	0	0	0	1	0	0	0	0	0	0	0	0	0	0	0
0	0	0	0	0	0	0	1	1	0	0	0	1	0	0	0	1	1	1	0	2	10	6	7	0	1	0	0	0	2	2	10	12	4	4	2	1	2	0	1	1	5	3	6	11	23	9	18	0	14	5	7	8	21	8	6	4	3	1	2	4	1	3	0	2	2	3	2	4	2	1	2	1	1	0	0	0	0	0	0	0	0	1	0	0	0	0	0	0	0	0	1	0	0	1	0	0	0	1	0	0	0	0	0	0	0	0	0	2	0	0	0	1	2	0	0	0	0	0	1	1	0	1	2	0	1	1	1	3	0	2	1	1	1	1	0	2	0	0	0	0	0	0	0	0	0	1	0	0	0	0	0	0	1
0	0	0	0	0	0	0	0	0	2	1	0	0	0	0	0	0	0	1	0	2	1	3	2	0	0	1	1	2	1	2	2	3	2	0	2	0	1	0	0	0	1	1	5	4	21	6	5	14	0	16	10	4	4	1	1	2	1	1	0	1	1	0	0	3	2	3	0	1	0	1	2	0	1	2	0	1	0	1	0	1	1	0	0	0	0	0	0	0	0	0	0	1	0	0	0	1	1	1	0	0	0	0	0	0	0	0	0	1	0	0	1	1	1	0	0	0	0	0	0	0	0	0	0	0	0	0	0	0	1	0	0	0	1	3	0	2	0	0	2	0	0	0	1	0	0	0	0	0	0	1	0	0	0
0	0	0	0	0	0	0	1	1	0	1	0	0	0	0	1	0	2	0	2	2	1	1	0	0	0	0	0	0	1	2	1	3	0	1	0	0	0	0	1	0	0	5	4	4	6	3	0	5	16	0	18	5	7	5	4	3	3	0	1	2	1	3	0	1	1	0	0	1	0	1	0	0	0	0	1	0	0	0	0	0	0	0	0	0	0	0	0	0	1	0	0	1	0	0	0	0	0	1	0	1	0	0	0	0	0	0	0	0	0	0	0	0	0	0	0	1	1	1	0	0	1	0	1	0	0	0	0	0	0	1	1	1	1	0	1	0	0	0	0	0	0	0	0	0	0	0	0	1	0	0	0	0	0
0	0	0	0	0	0	0	0	0	0	0	0	1	0	0	0	0	0	1	0	3	1	1	2	1	0	1	0	1	0	0	3	3	1	0	0	0	1	1	0	3	2	2	3	4	4	1	5	7	10	18	0	11	16	6	4	11	9	5	1	2	0	0	3	1	0	1	2	0	1	0	1	0	2	0	0	0	0	0	0	2	0	0	0	0	0	1	0	0	0	0	0	1	1	0	0	0	1	0	0	1	0	0	0	0	0	0	0	1	1	0	0	0	0	0	0	0	0	0	0	0	1	0	0	1	0	0	0	1	0	0	0	0	3	1	0	0	0	0	0	0	0	0	0	0	0	0	0	0	0	0	0	0	1
0	0	0	0	0	0	0	1	3	0	0	0	0	0	0	0	0	0	1	5	7	2	2	3	1	1	1	1	2	1	1	6	1	2	0	1	3	2	1	1	1	4	7	4	21	5	4	1	8	4	5	11	0	16	18	8	20	5	9	3	6	2	3	0	2	3	0	0	1	1	0	0	2	0	0	0	0	0	0	0	1	0	1	0	0	0	0	0	0	0	0	0	0	0	1	0	0	0	0	0	0	0	0	0	0	0	0	0	0	1	0	0	1	0	1	0	0	0	0	0	0	0	0	0	0	0	0	1	0	0	0	0	0	1	0	1	0	0	0	1	0	1	0	1	0	0	1	2	0	0	0	0	0	2
0	0	0	0	0	0	0	3	0	1	1	0	0	0	0	0	0	0	0	2	5	3	1	4	0	0	0	0	2	2	2	5	5	2	0	0	2	1	1	2	1	4	2	2	10	13	6	7	21	4	7	16	16	0	23	10	9	1	2	4	6	2	2	2	3	2	0	2	1	0	0	3	0	0	1	0	2	0	1	0	0	0	0	0	0	0	0	0	0	0	0	0	0	0	0	0	0	0	0	0	0	2	0	0	1	0	0	0	0	0	0	0	1	0	0	1	0	0	0	0	0	0	1	1	0	2	0	0	0	1	0	0	0	0	1	0	1	0	0	0	0	0	0	0	0	1	0	0	0	0	0	0	0	0
0	0	0	0	0	0	0	0	1	1	0	0	0	0	0	1	0	1	0	8	8	8	5	1	0	0	2	0	0	3	3	5	13	1	1	1	2	0	0	0	0	4	3	5	6	5	3	2	8	1	5	6	18	23	0	64	41	4	11	5	6	7	5	4	1	2	4	3	1	1	3	1	2	1	1	1	0	1	0	1	1	0	0	0	0	0	0	0	0	0	0	0	0	0	0	1	0	0	0	0	0	0	0	0	0	0	0	0	0	0	0	0	0	0	0	0	0	0	0	0	1	0	1	1	0	0	1	1	0	1	1	1	0	0	0	0	0	0	0	0	0	0	0	0	0	1	0	0	0	1	0	0	0	0
0	0	0	0	0	0	0	4	2	0	1	1	0	0	1	0	1	1	4	6	6	6	6	3	0	0	1	1	3	3	3	6	3	5	1	0	2	1	3	1	5	6	3	8	8	3	0	2	6	1	4	4	8	10	64	0	44	7	7	8	5	6	8	1	5	7	1	8	1	3	1	3	3	4	0	0	1	0	0	0	0	0	0	0	0	0	0	0	0	0	0	0	0	0	1	0	0	0	0	1	0	0	1	0	1	0	0	0	0	0	0	0	0	0	1	1	0	0	0	0	1	0	2	0	0	0	0	0	3	0	0	0	0	2	0	1	1	0	0	1	0	0	1	0	0	0	0	0	0	0	0	0	0	0
0	0	0	0	0	0	0	2	1	1	0	0	0	0	0	0	1	0	0	9	1	2	2	4	0	2	0	1	4	3	1	3	2	4	2	0	1	0	0	0	2	4	4	2	8	2	1	3	4	2	3	11	20	9	41	44	0	8	27	8	8	9	6	7	3	4	2	3	0	2	0	1	4	2	1	0	0	1	0	2	1	0	0	0	0	0	0	0	0	0	0	0	0	0	0	0	0	0	0	2	1	1	0	0	1	1	0	0	0	0	0	0	0	0	0	0	1	0	0	1	0	1	0	0	1	0	1	0	1	0	0	0	0	0	0	0	1	0	0	1	0	1	0	0	2	0	0	0	0	0	0	0	0	1
0	0	0	0	0	0	0	2	1	0	2	0	1	0	0	0	1	0	0	3	1	4	1	3	2	0	1	0	0	0	1	4	3	1	0	2	1	1	0	1	2	1	2	4	5	1	3	2	3	1	3	9	5	1	4	7	8	0	14	9	27	10	3	4	0	3	0	5	2	1	1	0	1	1	1	1	0	0	1	0	0	0	0	0	0	0	0	0	0	0	0	0	0	0	0	0	0	0	0	0	1	0	0	1	0	0	0	1	1	1	0	0	0	1	0	1	0	0	0	0	0	2	1	1	0	0	0	0	0	0	0	0	0	0	1	1	0	0	0	0	0	0	0	0	0	0	0	1	0	0	0	0	0	0
0	0	0	0	0	0	0	1	1	0	0	0	0	0	0	0	0	1	0	2	5	0	4	0	1	1	0	0	3	1	2	1	1	0	0	2	1	3	0	0	0	0	2	1	2	1	0	3	1	1	0	5	9	2	11	7	27	14	0	17	25	21	6	6	3	4	2	1	3	1	2	0	0	1	2	0	1	0	1	0	0	0	0	0	0	0	0	0	0	0	0	0	0	0	0	0	0	0	1	0	0	1	0	0	0	0	0	0	0	0	0	0	0	0	0	0	0	0	1	0	0	0	1	0	1	1	0	0	0	0	0	0	0	0	1	0	1	0	0	0	0	0	0	0	0	0	0	0	0	0	0	0	0	0
0	0	0	0	0	0	0	3	0	0	1	0	1	1	0	0	0	0	1	3	1	2	2	4	1	1	0	0	2	1	1	1	3	2	0	1	1	3	1	0	1	0	1	1	1	1	0	4	2	0	1	1	3	4	5	8	8	9	17	0	190	11	10	9	4	3	3	1	0	0	0	4	1	1	1	0	0	0	0	1	0	0	0	0	0	0	0	0	0	0	1	0	0	0	0	0	0	0	0	0	0	1	0	0	0	0	0	0	0	0	1	0	0	0	1	0	0	0	0	0	0	0	0	0	1	0	0	2	2	0	0	0	0	0	1	0	0	0	0	0	0	0	0	0	0	0	0	0	0	0	0	1	0	0
0	0	0	0	0	0	0	1	1	0	0	0	0	0	1	0	0	0	0	2	2	6	2	1	1	0	1	1	0	0	1	3	4	0	1	0	0	2	0	1	0	1	0	2	3	2	1	2	4	1	2	2	6	6	6	5	8	27	25	190	0	23	11	5	11	6	1	2	2	1	0	1	3	2	1	1	0	1	0	1	1	0	0	1	0	1	0	0	0	0	0	0	0	0	1	0	0	0	0	1	0	0	0	0	0	0	0	0	0	0	0	1	0	0	1	0	1	1	0	0	2	0	1	1	1	1	0	0	0	0	0	0	0	1	0	0	1	0	0	0	0	0	0	0	0	0	0	0	0	0	0	0	0	0
0	0	0	0	0	0	0	1	0	1	0	0	1	0	1	1	1	0	0	1	5	0	2	2	0	0	0	0	0	0	2	0	2	1	0	1	2	2	1	0	0	1	1	0	2	3	0	2	1	1	1	0	2	2	7	6	9	10	21	11	23	0	25	13	4	2	0	0	1	1	2	1	1	4	2	0	2	0	0	1	0	0	0	0	0	0	0	0	0	0	0	0	0	0	0	1	0	0	1	0	0	0	0	0	0	0	0	0	0	0	1	0	0	2	0	0	0	0	0	0	0	0	0	0	0	0	0	2	0	0	0	0	1	1	1	0	0	0	0	1	1	0	1	0	0	0	0	0	0	0	0	0	0	0
0	0	0	0	0	0	0	0	1	0	0	1	0	0	0	1	0	0	3	1	2	1	4	1	1	0	0	2	2	0	2	5	4	3	1	1	2	1	1	1	1	3	1	3	2	2	5	1	3	0	3	0	3	2	5	8	6	3	6	10	11	25	0	297	13	9	1	1	0	3	4	6	2	0	1	1	0	0	0	1	1	0	0	0	0	1	0	0	0	0	0	0	0	0	0	0	1	1	0	1	1	0	0	1	0	0	0	0	0	0	1	0	0	0	0	0	0	1	0	1	1	0	0	2	1	0	0	0	2	0	1	0	0	1	0	0	0	1	0	0	0	1	1	0	1	0	0	0	0	0	0	1	0	0
0	0	0	0	0	0	0	2	2	0	0	1	0	0	1	1	0	1	2	2	1	4	4	0	2	1	1	1	3	0	2	1	6	1	1	0	1	1	0	0	0	1	1	1	1	2	0	1	0	0	0	3	0	2	4	1	7	4	6	9	5	13	297	0	11	5	1	3	1	1	0	2	1	2	1	0	0	0	0	1	0	0	0	0	0	0	0	0	0	0	0	0	0	0	1	0	0	0	0	0	0	0	0	0	0	1	1	0	0	1	1	0	0	0	0	0	0	0	0	0	0	0	1	0	1	0	0	1	0	0	1	0	0	1	1	1	0	0	0	0	0	1	0	0	0	0	0	0	0	0	0	0	0	0
0	0	0	0	0	0	0	3	1	1	1	1	1	2	0	1	0	0	4	6	2	6	4	2	1	1	5	2	7	4	5	2	2	0	3	1	0	2	2	2	2	1	5	2	1	2	1	2	2	3	1	1	2	3	1	5	3	0	3	4	11	4	13	11	0	8	13	18	5	5	4	11	6	3	1	1	1	0	1	0	1	0	0	0	2	0	0	0	0	0	0	1	0	0	0	0	0	0	0	1	2	0	0	0	0	0	0	0	1	0	0	1	0	0	0	0	0	0	0	0	0	0	1	1	0	0	0	0	0	2	2	1	1	1	0	0	0	2	0	0	1	1	0	0	0	0	0	0	0	0	1	0	0	0
0	0	0	0	0	0	0	1	3	1	4	0	0	0	1	1	1	0	2	3	0	12	3	4	0	1	3	2	1	5	5	4	4	2	3	1	0	2	1	0	2	3	1	1	1	4	2	5	2	2	1	0	3	2	2	7	4	3	4	3	6	2	9	5	8	0	9	2	1	5	1	2	6	3	3	0	0	0	0	0	0	0	0	0	0	0	0	0	0	0	0	0	0	0	0	0	0	0	0	0	0	1	0	0	0	0	0	0	0	0	0	0	0	0	1	0	0	0	0	0	2	1	0	1	0	2	3	0	0	0	1	2	0	0	1	1	0	1	0	0	1	0	0	0	1	1	0	1	0	0	0	0	0	2
0	0	0	0	0	0	0	1	1	4	1	1	0	0	1	0	1	2	3	2	2	36	18	12	2	1	5	4	14	10	40	15	10	6	5	8	6	3	1	0	6	3	0	1	1	3	7	2	3	3	0	1	0	0	4	1	2	0	2	3	1	0	1	1	13	9	0	19	2	2	2	2	3	2	1	0	0	1	0	0	0	0	0	0	1	0	0	0	0	0	0	0	0	1	0	1	0	0	0	0	1	2	0	0	0	1	0	0	2	1	2	1	2	1	0	0	0	0	2	0	0	0	1	2	1	1	1	3	0	2	1	1	2	1	2	1	1	0	0	0	0	0	0	0	0	0	1	0	0	0	0	0	0	0
0	0	0	0	0	0	0	2	4	0	4	1	0	1	0	0	1	2	5	2	2	1	6	36	5	6	8	2	17	19	14	9	5	1	4	4	4	6	4	1	6	3	4	1	3	0	0	0	2	0	0	2	0	2	3	8	3	5	1	1	2	0	1	3	18	2	19	0	5	4	6	8	16	9	1	0	2	4	3	2	1	0	0	0	0	0	0	1	0	0	0	0	0	0	0	0	0	0	0	0	1	0	0	1	1	0	3	0	0	0	2	3	0	0	0	0	0	0	0	0	1	0	0	1	0	1	0	0	1	0	1	0	0	2	0	0	0	0	2	0	0	2	1	0	0	0	0	0	0	0	0	0	0	0
0	0	0	0	0	0	0	1	1	4	2	3	2	0	1	1	4	3	5	7	4	1	1	3	10	15	10	0	7	1	2	0	2	0	3	0	3	5	4	2	5	0	2	0	0	0	0	0	4	1	1	0	1	1	1	1	0	2	3	0	2	1	0	1	5	1	2	5	0	43	29	14	5	7	7	4	0	2	0	2	1	0	0	0	0	0	0	0	0	0	1	1	0	0	0	0	0	0	0	0	0	0	0	0	0	0	0	0	0	0	1	1	1	0	1	0	0	0	0	0	0	1	0	0	0	0	0	0	0	0	0	0	1	0	1	0	2	0	0	1	0	2	0	3	0	0	0	0	0	0	0	0	0	0
0	0	0	0	0	0	0	0	0	1	1	1	0	2	1	1	0	0	5	4	0	1	2	6	9	6	4	3	1	3	2	1	1	0	1	1	3	8	4	2	2	0	2	0	0	2	1	1	2	0	0	1	1	0	1	3	2	1	1	0	1	1	3	1	5	5	2	4	43	0	57	12	11	7	10	1	3	0	1	0	0	0	0	0	0	0	0	0	0	0	1	0	0	0	0	0	0	0	0	0	0	1	0	0	0	0	0	2	0	0	0	0	0	0	0	0	0	0	0	0	1	0	1	0	1	2	0	1	2	1	1	1	0	0	0	0	0	0	0	0	0	4	0	0	0	1	0	0	0	0	0	0	0	0
0	0	0	0	0	0	0	0	1	1	4	2	0	2	1	2	1	2	5	7	1	2	1	2	6	7	8	5	12	1	1	3	2	1	0	3	2	8	1	5	2	3	0	0	0	0	1	0	1	1	1	0	0	0	3	1	0	1	2	0	0	2	4	0	4	1	2	6	29	57	0	25	18	14	13	1	0	0	0	1	0	0	0	0	0	1	0	0	0	0	0	0	0	0	1	1	0	0	0	0	0	1	0	0	0	1	0	0	0	0	0	0	0	0	0	1	1	1	1	0	1	0	1	0	0	1	0	0	0	0	0	1	0	0	0	0	0	1	2	0	1	0	0	0	0	0	0	0	0	1	0	0	0	1
0	0	0	0	0	0	0	2	2	0	0	0	0	0	0	1	0	1	4	4	5	4	2	3	4	4	5	2	1	4	4	3	1	1	2	2	2	3	3	4	1	2	2	0	0	1	0	0	2	2	0	1	0	3	1	3	1	0	0	4	1	1	6	2	11	2	2	8	14	12	25	0	43	14	9	3	1	0	1	0	0	0	0	0	0	0	1	1	0	0	0	0	0	1	0	0	0	0	0	1	0	0	1	1	0	0	0	0	0	0	0	1	0	0	0	0	0	0	0	0	0	1	1	0	0	0	0	0	0	1	2	2	0	0	0	0	0	0	0	1	0	0	0	0	0	0	1	0	0	1	0	0	0	0
0	0	0	0	0	0	0	0	0	1	3	2	0	0	0	2	1	1	0	1	2	2	2	2	2	7	4	3	3	5	2	1	2	0	0	2	4	5	1	2	3	1	1	0	0	0	0	0	1	0	0	0	2	0	2	3	4	1	0	1	3	1	2	1	6	6	3	16	5	11	18	43	0	48	18	3	0	0	0	0	0	0	0	0	0	0	1	0	0	0	1	0	1	0	0	0	2	1	0	0	0	0	0	0	0	0	0	0	2	1	0	1	0	0	0	0	0	0	0	0	0	0	0	0	0	1	0	0	0	0	0	0	1	1	2	0	1	2	0	1	0	0	0	0	0	0	0	1	0	0	1	0	0	0
0	0	0	0	0	0	0	1	2	3	1	0	0	0	1	0	1	0	3	1	0	0	2	1	7	2	2	6	1	5	3	3	0	0	3	1	0	4	3	0	3	0	2	0	1	2	1	1	1	1	0	2	0	0	1	4	2	1	1	1	2	4	0	2	3	3	2	9	7	7	14	14	48	0	57	3	4	0	1	0	1	0	0	0	0	0	0	0	0	1	0	0	0	0	0	0	0	0	0	0	0	1	0	0	0	0	1	1	0	1	0	1	1	0	1	0	1	0	0	0	0	0	1	0	0	1	1	0	1	0	1	0	0	0	0	0	0	1	1	0	0	1	0	1	0	0	0	1	0	0	1	0	0	0
0	0	0	0	0	0	0	1	3	6	4	1	0	0	1	0	0	2	0	0	0	0	2	1	10	7	13	5	6	3	1	3	3	2	0	3	1	3	2	3	2	2	0	1	2	0	2	0	0	2	0	0	0	1	1	0	1	1	2	1	1	2	1	1	1	3	1	1	7	10	13	9	18	57	0	1	6	1	1	1	0	0	0	1	0	0	0	0	0	0	0	1	0	0	0	0	0	0	0	0	0	1	0	0	0	0	0	1	2	0	0	0	0	1	0	2	1	0	0	0	1	0	0	1	1	1	0	2	3	1	2	2	0	0	0	1	1	0	0	0	0	0	2	0	0	0	0	0	1	0	0	1	0	0
0	0	0	0	0	0	0	1	0	0	17	17	5	2	3	4	3	3	2	1	0	0	0	2	9	12	5	1	4	0	4	1	0	2	3	2	2	4	5	2	1	1	0	0	2	0	1	0	0	0	1	0	0	0	1	0	0	1	0	0	1	0	1	0	1	0	0	0	4	1	1	3	3	3	1	0	12	1	1	0	0	0	0	0	0	0	1	0	0	0	0	0	0	1	0	0	0	0	0	0	0	0	0	0	0	0	0	0	0	0	4	3	1	1	1	0	0	1	0	0	2	0	0	1	0	0	0	0	0	0	1	1	0	0	0	0	0	1	0	1	2	2	0	0	0	0	0	0	1	1	1	0	0	1
0	0	0	0	0	0	0	1	1	5	10	17	5	1	4	2	0	2	3	1	0	1	0	2	3	4	1	4	0	2	2	1	1	0	0	2	0	0	0	2	2	3	0	0	0	0	0	0	0	1	0	0	0	2	0	1	0	0	1	0	0	2	0	0	1	0	0	2	0	3	0	1	0	4	6	12	0	5	2	1	1	0	0	0	0	0	1	0	0	0	1	0	0	0	0	1	0	0	1	1	0	1	0	0	0	0	0	0	3	3	8	3	4	2	2	2	0	1	0	0	0	2	0	1	1	0	0	0	0	1	1	1	1	2	1	1	2	0	0	3	4	1	4	4	0	0	0	1	1	0	1	0	1	0
0	0	0	0	0	0	0	0	3	3	3	2	2	3	3	1	0	0	0	0	1	0	0	2	1	1	5	0	0	0	0	2	1	1	1	0	0	0	1	1	1	0	0	0	0	1	0	2	0	0	0	0	0	0	1	0	1	0	0	0	1	0	0	0	0	0	1	4	2	0	0	0	0	0	1	1	5	0	8	5	1	0	0	0	0	0	0	0	0	0	0	1	0	0	1	0	1	0	1	1	1	2	0	0	1	0	1	1	7	20	22	14	5	4	4	3	3	2	1	1	0	2	0	0	2	0	0	2	0	2	5	2	3	1	0	0	1	2	1	14	41	58	2	2	0	1	0	0	0	2	2	0	2	0
0	0	0	0	0	0	0	0	0	4	0	4	1	3	1	0	2	0	0	1	0	0	1	0	0	0	0	0	2	0	1	0	1	1	1	1	1	1	0	2	0	0	0	0	0	2	1	0	0	1	0	0	0	1	0	0	0	1	1	0	0	0	0	0	1	0	0	3	0	1	0	1	0	1	1	1	2	8	0	41	4	1	1	0	1	1	2	0	0	1	0	0	1	0	0	1	2	3	3	1	0	4	0	0	1	0	0	4	27	13	3	5	0	8	8	1	0	2	4	1	2	4	3	1	1	0	0	1	2	3	3	1	1	5	0	4	2	3	9	11	6	10	4	5	0	0	1	1	1	4	4	1	2	1
0	0	0	0	0	0	0	3	0	0	1	2	0	1	1	1	0	1	0	0	2	2	0	0	2	0	0	2	3	1	0	1	0	0	2	1	1	1	0	0	1	2	0	0	1	0	1	0	0	0	0	0	0	0	1	0	2	0	0	1	1	1	1	1	0	0	0	2	2	0	1	0	0	0	1	0	1	5	41	0	14	1	0	2	0	1	0	0	0	0	0	0	0	1	1	2	0	1	1	4	2	3	0	0	3	0	0	1	12	1	3	5	1	3	7	0	1	1	1	0	1	0	1	2	0	0	3	0	1	1	1	1	1	4	0	8	1	5	8	3	4	3	2	3	0	1	0	1	0	0	3	4	0	0
0	0	0	0	0	0	0	2	0	2	0	0	0	0	0	0	0	0	0	1	0	1	3	0	0	2	0	2	0	0	2	1	1	1	0	2	0	0	1	0	2	0	0	1	0	0	0	0	0	1	0	2	1	0	1	0	1	0	0	0	1	0	1	0	1	0	0	1	1	0	0	0	0	1	0	0	1	1	4	14	0	0	1	1	0	0	0	0	0	0	0	0	0	0	0	2	1	2	0	5	7	14	1	1	1	2	3	1	6	0	0	1	3	0	7	2	2	2	1	0	4	5	1	0	0	2	3	7	8	6	11	8	7	5	2	12	9	12	9	1	1	1	2	1	1	0	0	1	1	0	2	0	0	2
0	0	0	0	0	0	0	0	0	0	1	0	1	0	0	0	1	0	0	1	0	0	2	1	1	1	1	0	2	0	0	0	0	1	0	0	0	0	2	0	0	0	0	0	0	0	0	0	0	1	0	0	0	0	0	0	0	0	0	0	0	0	0	0	0	0	0	0	0	0	0	0	0	0	0	0	0	0	1	1	0	0	19	11	2	1	0	0	1	2	0	0	2	10	9	6	7	30	10	2	2	0	18	15	10	9	4	5	0	0	1	0	0	0	1	1	0	1	5	6	1	0	3	1	1	1	1	0	0	2	1	2	1	0	1	1	0	2	2	0	0	0	1	0	0	1	1	2	0	1	1	2	1	2
0	0	0	0	0	0	0	0	1	1	0	2	0	0	0	1	0	0	1	0	0	0	0	1	0	0	0	0	0	1	0	1	0	0	0	0	0	0	0	1	0	1	0	0	0	0	0	0	1	0	0	0	1	0	0	0	0	0	0	0	0	0	0	0	0	0	0	0	0	0	0	0	0	0	0	0	0	0	1	0	1	19	0	7	2	0	0	4	3	2	0	3	2	6	4	8	13	10	5	1	0	0	9	7	7	2	2	2	2	0	0	1	0	1	0	0	0	0	0	3	1	2	2	0	0	0	1	0	0	0	1	1	1	1	0	1	1	4	1	0	0	0	0	1	0	1	0	0	1	0	1	0	1	2
0	0	0	0	0	0	0	2	0	0	0	0	0	0	0	0	0	0	0	0	0	0	1	0	0	0	0	1	0	0	1	0	1	0	0	0	0	0	0	1	0	1	0	1	0	0	0	0	0	0	0	0	0	0	0	0	0	0	0	0	1	0	0	0	0	0	0	0	0	0	0	0	0	0	1	0	0	0	0	2	1	11	7	0	11	5	4	1	0	5	0	4	8	25	25	3	5	4	1	0	1	2	0	16	3	3	2	1	0	1	0	0	1	0	0	0	1	0	0	1	0	0	1	2	0	0	0	1	0	1	0	1	0	0	0	0	1	0	0	0	0	0	0	0	0	1	0	1	0	0	0	1	2	1
0	0	0	0	0	0	0	0	0	0	0	0	0	0	0	0	0	1	0	0	0	0	0	0	0	0	0	0	0	0	0	0	0	0	0	0	0	0	1	0	0	0	0	0	0	0	0	0	0	0	0	0	0	0	0	0	0	0	0	0	0	0	0	0	2	0	1	0	0	0	0	0	0	0	0	0	0	0	1	0	0	2	2	11	0	34	4	7	1	5	2	11	4	5	5	6	1	1	1	0	0	1	4	5	3	1	3	0	0	1	0	0	0	0	0	0	0	2	1	1	0	2	1	0	0	1	0	2	0	0	2	0	1	0	0	0	0	1	1	1	1	0	0	0	1	0	0	1	0	0	0	0	1	1
0	0	0	0	0	0	0	0	0	0	1	0	1	0	0	1	0	0	0	0	0	0	0	0	0	0	1	0	0	0	1	1	1	0	0	0	0	0	0	0	0	0	0	0	0	0	0	1	0	0	0	0	0	0	0	0	0	0	0	0	1	0	1	0	0	0	0	0	0	0	1	0	0	0	0	0	0	0	1	1	0	1	0	5	34	0	12	4	1	9	0	15	4	2	3	2	2	1	1	1	0	0	3	2	3	0	0	0	0	0	0	0	0	1	0	0	0	1	0	1	0	1	0	0	0	2	1	0	1	0	0	0	0	1	0	0	0	0	0	0	0	0	0	0	0	0	1	0	1	1	0	2	1	1
0	0	0	0	0	0	0	0	0	2	0	0	0	0	0	0	0	0	0	0	0	0	0	1	0	0	0	1	0	0	0	0	0	0	0	0	0	0	0	0	0	0	0	1	0	0	0	0	0	0	0	1	0	0	0	0	0	0	0	0	0	0	0	0	0	0	0	0	0	0	0	1	1	0	0	1	1	0	2	0	0	0	0	4	4	12	0	32	10	38	11	12	4	4	2	0	0	1	0	0	0	1	1	1	1	1	3	0	0	0	0	0	0	2	0	0	0	0	0	1	1	0	0	0	0	0	0	0	0	0	0	0	0	0	1	1	0	0	0	0	0	0	0	0	0	0	0	0	0	0	0	1	0	1
0	0	0	0	0	0	0	0	0	0	0	0	0	0	0	0	0	0	0	0	0	0	0	0	0	0	0	0	0	0	0	0	0	0	0	0	0	0	0	0	0	0	0	0	0	0	0	0	0	0	0	0	0	0	0	0	0	0	0	0	0	0	0	0	0	0	0	1	0	0	0	1	0	0	0	0	0	0	0	0	0	0	4	1	7	4	32	0	17	83	15	8	3	3	1	0	1	2	2	0	0	0	0	4	2	1	0	0	0	0	0	0	0	0	0	0	1	0	1	1	0	2	0	0	0	2	0	1	0	0	0	0	1	0	0	0	0	0	0	0	0	0	0	0	1	1	1	0	0	0	1	0	0	0
0	0	0	0	0	0	0	0	0	0	0	1	0	1	0	0	0	0	1	0	1	0	0	0	0	0	0	0	0	0	0	0	0	0	0	0	0	0	1	0	0	0	0	0	1	0	0	0	0	0	0	0	0	0	0	0	0	0	0	0	0	0	0	0	0	0	0	0	0	0	0	0	0	0	0	0	0	0	0	0	0	1	3	0	1	1	10	17	0	15	39	6	3	3	2	0	0	1	0	0	0	0	3	3	0	0	0	0	0	0	0	0	0	0	0	0	0	0	0	0	0	0	1	0	0	0	0	0	0	2	0	0	0	0	0	0	0	1	1	0	0	0	0	0	0	1	0	0	0	0	0	0	0	0
0	0	0	0	0	0	0	1	0	0	1	0	0	0	0	0	0	0	0	0	0	0	1	0	0	0	0	0	0	0	0	0	0	0	1	0	0	0	1	2	0	0	0	0	1	0	0	0	0	0	1	0	0	0	0	0	0	0	0	0	0	0	0	0	0	0	0	0	0	0	0	0	0	1	0	0	0	0	1	0	0	2	2	5	5	9	38	83	15	0	11	8	2	4	3	4	1	0	4	1	1	1	1	1	2	2	0	0	0	0	0	0	1	0	0	0	0	0	0	0	1	0	2	0	1	0	0	0	1	0	1	0	0	3	0	0	0	0	2	0	0	0	0	0	0	0	0	0	0	1	0	0	1	3
0	0	0	0	0	0	0	2	1	0	0	0	0	0	0	0	0	0	0	1	0	0	0	0	0	0	0	0	0	0	0	0	0	0	0	0	0	0	0	0	0	0	0	0	0	0	0	0	0	0	0	0	0	0	0	0	0	0	0	1	0	0	0	0	0	0	0	0	1	1	0	0	1	0	0	0	1	0	0	0	0	0	0	0	2	0	11	15	39	11	0	7	0	0	2	1	3	1	1	0	2	0	0	0	1	0	0	0	0	0	0	1	0	0	0	0	0	0	0	0	1	0	0	2	0	1	0	0	0	0	0	1	0	0	0	0	0	0	0	0	0	0	0	0	0	0	0	1	0	0	0	0	0	0
0	0	0	0	0	0	0	1	0	1	0	0	0	0	0	0	0	0	0	0	0	0	0	0	1	0	0	0	0	0	0	0	0	0	0	0	0	1	0	0	0	0	0	0	0	0	0	0	1	0	0	0	0	0	0	0	0	0	0	0	0	0	0	0	1	0	0	0	1	0	0	0	0	0	1	0	0	1	0	0	0	0	3	4	11	15	12	8	6	8	7	0	15	6	3	2	1	3	0	0	0	0	3	1	4	1	1	0	0	0	0	1	0	0	0	0	0	1	0	1	0	0	1	0	0	0	0	0	0	0	0	0	1	1	0	1	0	1	0	0	0	0	1	0	0	1	0	0	1	1	0	0	1	0
0	0	0	0	0	0	0	1	0	0	0	0	0	1	0	0	0	0	0	0	0	1	0	0	0	0	0	1	0	0	0	0	0	0	0	0	1	0	0	0	1	0	0	0	0	0	0	0	0	1	1	1	0	0	0	0	0	0	0	0	0	0	0	0	0	0	0	0	0	0	0	0	1	0	0	0	0	0	1	0	0	2	2	8	4	4	4	3	3	2	0	15	0	12	8	9	8	4	2	1	1	0	7	6	0	1	2	1	0	0	0	0	0	0	1	0	0	0	0	0	0	1	0	0	0	0	0	0	0	0	0	1	1	1	1	0	0	0	0	0	0	0	1	0	2	1	0	0	1	1	0	0	2	0
0	0	0	0	0	0	0	0	0	0	1	0	1	0	0	0	0	1	0	0	0	1	0	1	0	0	1	0	0	0	0	0	0	0	1	0	0	0	0	0	0	0	0	0	1	0	0	0	0	0	0	1	0	0	0	0	0	0	0	0	0	0	0	0	0	0	1	0	0	0	0	1	0	0	0	1	0	0	0	1	0	10	6	25	5	2	4	3	3	4	0	6	12	0	185	16	6	8	3	2	0	0	17	73	3	3	2	0	0	0	0	0	1	0	1	0	1	3	3	0	1	0	0	1	1	0	2	0	0	0	1	2	3	0	1	1	2	0	1	0	0	0	0	0	1	1	0	0	1	0	1	0	0	1
0	0	0	0	0	0	0	0	1	0	0	0	0	0	0	0	0	0	0	0	1	0	0	0	0	0	0	0	0	0	0	0	0	1	0	0	2	1	0	0	0	0	0	0	0	1	0	0	1	0	0	0	1	0	0	1	0	0	0	0	1	0	0	1	0	0	0	0	0	0	1	0	0	0	0	0	0	1	0	1	0	9	4	25	5	3	2	1	2	3	2	3	8	185	0	2	5	11	2	0	2	0	17	43	6	4	4	1	2	0	0	1	1	0	1	0	0	0	3	0	2	0	2	0	0	0	0	0	1	0	0	0	0	1	0	4	0	2	0	0	0	0	0	1	0	3	1	1	1	3	1	0	1	1
0	0	0	0	0	0	0	0	1	0	0	0	0	0	0	0	0	0	0	0	0	0	1	0	0	0	0	1	0	0	0	0	0	0	0	0	0	0	0	1	0	0	1	0	0	1	0	1	0	0	0	0	0	0	1	0	0	0	0	0	0	1	0	0	0	0	1	0	0	0	1	0	0	0	0	0	1	0	1	2	2	6	8	3	6	2	0	0	0	4	1	2	9	16	2	0	36	17	12	0	1	0	29	26	3	2	3	0	1	2	1	0	0	0	0	1	1	0	0	1	3	0	0	0	1	1	0	0	0	0	1	2	3	0	0	1	2	1	3	0	0	1	2	0	3	1	0	0	0	2	0	0	0	1
0	0	0	0	0	0	0	0	0	0	0	0	0	0	0	0	0	0	0	0	0	0	0	1	0	0	0	0	1	0	0	0	1	0	0	1	1	0	0	0	0	0	0	1	0	0	0	1	0	1	0	0	0	0	0	0	0	0	0	0	0	0	1	0	0	0	0	0	0	0	0	0	2	0	0	0	0	1	2	0	1	7	13	5	1	2	0	1	0	1	3	1	8	6	5	36	0	7	7	2	0	4	16	15	2	2	3	0	0	1	0	0	0	1	1	1	0	0	1	2	0	2	1	0	3	1	1	1	0	3	1	0	0	0	0	1	4	1	1	0	1	0	0	1	0	2	2	0	0	1	0	0	1	1
0	0	0	0	0	0	0	0	1	0	0	1	0	0	0	0	0	0	0	0	0	0	0	0	0	1	1	1	0	0	0	0	0	0	0	2	0	0	0	0	2	0	0	0	0	0	0	1	0	1	0	1	0	0	0	0	0	0	0	0	0	0	1	0	0	0	0	0	0	0	0	0	1	0	0	0	0	0	3	1	2	30	10	4	1	1	1	2	1	0	1	3	4	8	11	17	7	0	19	5	3	3	42	17	7	10	5	0	1	0	0	0	0	0	1	1	1	1	1	3	0	2	2	0	0	3	1	1	0	0	1	2	0	1	0	1	1	1	0	2	2	1	0	2	1	0	1	0	1	0	0	0	3	2
0	0	0	0	0	0	0	0	0	0	0	0	0	0	0	0	1	0	0	0	0	1	0	0	0	0	1	0	0	0	0	0	0	0	0	0	0	1	0	0	0	0	0	0	0	0	0	1	1	1	1	0	0	0	0	0	0	0	1	0	0	1	0	0	0	0	0	0	0	0	0	0	0	0	0	0	1	1	3	1	0	10	5	1	1	1	0	2	0	4	1	0	2	3	2	12	7	19	0	4	4	2	7	6	1	3	5	3	2	0	0	0	0	0	1	1	0	0	2	4	0	1	1	0	0	0	0	0	0	0	2	1	4	2	0	2	3	3	2	0	1	0	0	0	0	2	1	0	1	0	3	2	0	0
0	0	0	0	0	0	0	0	0	1	0	0	0	0	0	0	0	0	0	0	1	0	3	0	1	0	0	0	0	0	0	0	0	0	2	0	0	0	0	1	1	0	0	1	0	0	0	1	0	0	0	0	0	0	0	1	2	0	0	0	1	0	1	0	1	0	0	0	0	0	0	1	0	0	0	0	1	1	1	4	5	2	1	0	0	1	0	0	0	1	0	0	1	2	0	0	2	5	4	0	11	16	2	3	1	3	1	2	2	1	1	2	0	2	2	0	2	0	0	4	1	1	1	1	0	0	3	2	1	0	3	1	1	1	1	4	7	5	2	0	0	0	1	0	1	1	0	2	0	2	1	0	1	5
0	0	0	0	0	0	0	1	2	0	0	1	0	0	0	1	1	1	0	0	0	0	0	0	0	1	1	1	1	1	1	1	1	1	3	0	0	2	1	2	0	1	0	0	0	2	1	4	0	0	1	1	0	0	0	0	1	1	0	0	0	0	1	0	2	0	1	1	0	0	0	0	0	0	0	0	0	1	0	2	7	2	0	1	0	0	0	0	0	1	2	0	1	0	2	1	0	3	4	11	0	32	1	2	0	0	0	2	2	1	1	1	0	0	2	1	1	0	1	1	2	5	4	3	5	1	7	8	4	4	7	4	8	6	7	36	47	6	3	0	0	1	3	1	0	0	0	0	2	0	1	0	2	2
0	0	0	0	0	0	0	1	3	1	0	0	1	0	0	1	0	0	0	0	0	1	0	0	0	1	1	1	0	2	1	0	0	0	1	2	0	0	1	2	0	1	0	1	0	0	1	0	0	0	0	0	0	2	0	0	1	0	1	1	0	0	0	0	0	1	2	0	0	1	1	0	0	1	1	0	1	2	4	3	14	0	0	2	1	0	1	0	0	1	0	0	0	0	0	0	4	3	2	16	32	0	2	2	0	2	0	3	2	1	0	0	1	1	3	1	0	1	0	0	4	8	0	1	0	2	11	3	4	3	5	3	10	4	1	15	91	16	2	0	0	2	0	2	4	1	1	0	1	1	0	1	1	3
0	0	0	0	0	0	0	1	0	0	0	0	0	0	0	1	0	0	0	0	0	0	1	0	0	1	1	1	2	1	0	2	1	0	0	0	0	0	0	0	0	0	0	0	0	1	0	1	0	0	0	0	0	0	0	1	0	0	0	0	0	0	0	0	0	0	0	0	0	0	0	1	0	0	0	0	0	0	0	0	1	18	9	0	4	3	1	0	3	1	0	3	7	17	17	29	16	42	7	2	1	2	0	30	2	4	1	3	3	0	0	1	0	0	0	0	2	0	2	1	0	1	1	1	1	0	1	1	0	1	2	0	1	1	1	0	0	3	0	0	0	1	0	1	1	1	0	0	1	0	2	0	1	0
0	0	0	0	0	0	0	1	0	0	1	1	1	0	0	0	1	0	0	0	0	0	0	0	0	0	1	0	0	0	0	1	1	0	0	0	0	0	0	0	0	0	0	0	0	0	0	0	0	0	0	0	0	0	0	0	0	1	0	0	0	0	1	0	0	0	0	1	0	0	0	1	0	0	0	0	0	0	0	0	1	15	7	16	5	2	1	4	3	1	0	1	6	73	43	26	15	17	6	3	2	2	30	0	5	4	2	3	2	1	0	0	0	0	0	1	1	0	1	0	0	1	0	1	0	1	4	0	1	2	0	2	1	0	0	0	1	0	2	2	0	0	1	0	0	0	0	0	0	1	0	1	2	1
0	0	0	0	0	0	0	0	0	0	0	1	1	0	0	1	1	0	0	1	0	0	0	0	0	0	0	0	0	1	0	1	0	0	0	1	0	0	0	1	1	0	0	0	0	0	0	1	0	0	0	0	0	1	0	1	1	0	0	0	0	0	0	0	0	0	0	1	0	0	0	0	0	0	0	0	0	1	1	3	1	10	7	3	3	3	1	2	0	2	1	4	0	3	6	3	2	7	1	1	0	0	2	5	0	40	14	3	0	1	1	0	1	0	0	1	0	1	4	3	1	0	0	0	0	0	0	0	0	1	0	3	0	1	0	0	1	2	1	1	0	0	0	1	0	2	3	0	1	1	1	0	2	1
0	0	0	0	0	0	0	1	1	0	0	0	0	0	0	0	0	0	0	1	0	1	0	0	0	0	0	0	0	0	0	0	0	0	0	0	0	1	0	1	0	0	0	0	1	0	0	0	0	0	0	0	0	0	0	0	1	0	0	0	0	0	0	1	0	0	1	0	0	0	1	0	0	0	0	0	0	0	0	0	2	9	2	3	1	0	1	1	0	2	0	1	1	3	4	2	2	10	3	3	0	2	4	4	40	0	4	5	3	1	0	0	0	4	3	0	0	7	2	6	4	1	0	1	1	0	0	1	0	0	0	1	0	1	0	0	1	0	3	1	0	0	0	1	6	8	2	1	2	1	2	1	6	2
0	0	0	0	0	0	0	0	0	0	0	0	0	0	0	0	0	0	0	0	0	0	0	1	0	1	0	1	1	0	0	0	1	1	0	0	1	0	0	0	1	0	0	1	0	0	1	0	0	0	0	0	0	0	0	0	0	0	0	0	0	0	0	1	0	0	0	3	0	0	0	0	0	1	0	0	0	1	0	0	3	4	2	2	3	0	3	0	0	0	0	1	2	2	4	3	3	5	5	1	0	0	1	2	14	4	0	11	1	3	0	1	0	0	2	0	2	5	4	3	4	2	0	1	0	1	0	0	2	1	2	2	0	0	1	1	0	2	2	3	0	0	2	2	5	13	3	0	2	4	3	3	17	3
0	0	0	0	0	0	0	0	1	0	0	0	0	0	0	0	0	0	0	1	1	0	0	0	0	0	0	1	0	0	1	1	0	0	0	0	0	1	1	1	1	1	0	0	0	0	0	0	0	0	0	0	0	0	0	0	0	1	0	0	0	0	0	0	0	0	0	0	0	2	0	0	0	1	1	0	0	1	4	1	1	5	2	1	0	0	0	0	0	0	0	0	1	0	1	0	0	0	3	2	2	3	3	3	3	5	11	0	0	0	1	2	2	0	0	1	3	1	8	11	1	6	0	1	1	1	0	1	2	0	1	1	0	0	2	3	0	4	4	4	2	0	5	7	22	10	3	5	2	8	10	3	11	23
0	0	0	0	0	0	0	0	0	2	2	2	1	1	1	0	1	0	0	1	0	0	1	1	1	0	0	3	0	2	0	0	0	0	1	3	0	2	1	0	0	1	0	0	0	0	1	0	2	1	0	1	0	0	0	0	0	1	0	0	0	0	0	0	1	0	2	0	0	0	0	0	2	0	2	0	3	7	27	12	6	0	2	0	0	0	0	0	0	0	0	0	0	0	2	1	0	1	2	2	2	2	3	2	0	3	1	0	0	13	3	4	5	10	5	5	1	1	4	2	4	3	1	0	2	0	1	1	2	2	4	1	1	2	1	2	2	8	9	10	3	6	7	5	9	0	0	5	0	5	4	1	3	7
0	0	0	0	0	0	0	1	2	0	0	5	0	2	1	0	0	1	1	0	0	1	0	0	0	0	1	2	0	0	0	0	1	0	1	3	1	0	1	1	2	2	0	0	0	0	1	0	0	0	0	1	1	0	0	0	0	1	0	0	0	0	0	1	0	0	1	0	0	0	0	0	1	1	0	0	3	20	13	1	0	0	0	1	1	0	0	0	0	0	0	0	0	0	0	2	1	0	0	1	1	1	0	1	1	1	3	0	13	0	5	16	6	10	11	1	3	3	1	0	2	0	2	0	0	0	0	0	0	2	2	0	1	4	0	4	1	1	4	155	26	48	11	2	1	0	1	0	2	1	4	0	1	0
0	0	0	0	0	0	0	0	2	2	1	5	2	2	3	2	0	1	0	0	0	0	0	0	1	1	0	0	1	0	4	1	0	0	3	0	0	0	1	1	1	0	0	0	0	1	0	1	0	0	0	0	0	0	0	0	0	0	0	1	0	1	1	1	0	0	2	2	1	0	0	0	0	0	0	4	8	22	3	3	0	1	0	0	0	0	0	0	0	0	0	0	0	0	0	1	0	0	0	1	1	0	0	0	1	0	0	1	3	5	0	72	6	8	1	1	0	0	1	1	2	0	0	2	0	0	1	1	0	2	2	0	0	0	0	1	1	0	1	6	25	19	3	0	0	1	2	1	1	0	5	1	2	2
0	0	0	0	0	0	0	1	2	0	2	6	4	4	0	0	0	1	0	0	0	0	0	2	0	0	0	1	0	0	0	0	1	2	2	0	0	0	1	1	0	0	0	0	0	0	1	0	0	1	0	0	0	0	0	0	0	0	0	0	1	0	0	0	1	0	1	3	1	0	0	1	1	1	0	3	3	14	5	5	1	0	1	0	0	0	0	0	0	0	1	1	0	0	1	0	0	0	0	2	1	0	1	0	0	0	1	2	4	16	72	0	13	16	5	1	3	1	2	2	0	2	0	0	0	0	1	1	1	2	2	1	0	2	0	0	1	1	1	11	17	41	5	4	1	0	0	1	1	2	0	0	0	0
0	0	0	0	0	0	0	0	1	0	2	1	2	1	0	2	0	1	0	0	0	0	1	1	0	1	0	3	2	0	0	0	0	1	0	1	1	1	0	0	0	0	0	0	2	0	0	0	1	1	0	0	1	1	0	0	0	0	0	0	0	0	0	0	0	0	2	0	1	0	0	0	0	1	0	1	4	5	0	1	3	0	0	1	0	0	0	0	0	1	0	0	0	1	1	0	0	0	0	0	0	1	0	0	1	0	0	2	5	6	6	13	0	38	5	5	2	1	1	1	3	1	1	0	0	2	0	2	1	4	2	1	0	0	2	0	0	2	1	5	2	8	5	7	1	1	2	2	1	1	4	3	0	5
0	0	0	0	0	0	0	1	1	2	2	1	1	3	1	0	2	0	0	0	0	1	0	2	1	2	0	0	1	0	1	1	1	0	0	1	0	0	1	0	1	1	0	0	0	0	1	1	2	1	0	0	0	0	0	0	0	1	0	0	0	2	0	0	0	0	1	0	0	0	0	0	0	0	1	1	2	4	8	3	0	0	1	0	0	1	2	0	0	0	0	0	0	0	0	0	1	0	0	2	0	1	0	0	0	4	0	0	10	10	8	16	38	0	4	15	3	1	1	1	1	3	2	0	1	0	0	2	1	1	0	4	0	0	0	1	0	2	6	13	6	2	5	6	2	1	1	3	0	0	1	0	2	3
0	0	0	0	0	0	0	1	0	0	1	1	0	2	1	1	0	1	1	0	1	0	0	0	0	1	0	0	1	0	0	0	0	0	1	3	1	1	0	1	1	0	0	1	1	0	1	0	0	0	0	0	1	0	0	1	0	0	0	1	1	0	0	0	0	1	0	0	1	0	0	0	0	1	0	1	2	4	8	7	7	1	0	0	0	0	0	0	0	0	0	0	1	1	1	0	1	1	1	2	2	3	0	0	0	3	2	0	5	11	1	5	5	4	0	15	3	0	5	2	2	2	3	0	0	0	1	0	2	4	3	3	0	4	0	3	1	2	12	4	4	4	7	6	6	1	1	1	0	1	1	1	0	6
0	0	0	0	0	0	0	0	0	1	0	1	3	0	1	1	0	0	0	0	1	0	2	0	0	1	0	1	1	1	0	1	0	1	2	0	0	0	0	0	0	0	0	1	1	0	0	0	0	0	0	0	0	1	0	1	0	1	0	0	0	0	0	0	0	0	0	0	0	0	1	0	0	0	2	0	2	3	1	0	2	1	0	0	0	0	0	0	0	0	0	0	0	0	0	1	1	1	1	0	1	1	0	1	1	0	0	1	5	1	1	1	5	15	15	0	9	2	2	3	2	0	1	0	0	0	2	0	0	1	3	0	1	1	1	0	1	2	4	6	2	3	16	9	5	2	0	2	4	4	2	2	3	9
0	0	0	0	0	0	0	0	0	2	1	1	0	0	0	0	1	0	0	0	0	0	0	0	0	0	0	0	0	0	0	0	0	0	1	0	0	1	0	1	0	0	0	0	0	0	0	0	0	0	1	0	0	0	0	0	1	0	0	0	1	0	0	0	0	0	0	0	0	0	1	0	0	1	1	0	0	3	0	1	2	0	0	1	0	0	0	1	0	0	0	0	0	1	0	1	0	1	0	2	1	0	2	1	0	0	2	3	1	3	0	3	2	3	3	9	0	5	5	1	2	0	1	0	0	0	0	0	0	2	0	0	0	1	0	0	0	1	0	1	2	4	5	17	3	3	4	7	2	4	4	1	0	6
0	0	0	0	0	0	0	0	0	1	1	0	0	0	0	0	0	0	0	0	0	0	0	0	2	0	1	0	0	0	0	0	1	0	1	0	0	1	0	0	1	1	0	0	0	0	0	0	0	0	1	0	0	0	0	0	0	0	0	0	1	0	1	0	0	0	0	0	0	0	1	0	0	0	0	1	1	2	2	1	2	1	0	0	2	1	0	0	0	0	0	1	0	3	0	0	0	1	0	0	0	1	0	0	1	7	5	1	1	3	0	1	1	1	0	2	5	0	25	2	0	1	2	0	0	1	1	0	0	0	0	1	0	0	0	0	1	0	2	1	2	1	2	4	8	11	11	15	5	5	3	3	5	6
0	0	0	0	0	0	0	0	0	1	1	0	0	0	0	0	0	1	0	0	1	0	0	0	0	1	1	0	1	0	1	0	0	0	0	0	1	0	0	0	1	0	0	0	0	0	0	0	0	0	1	0	0	0	0	0	0	0	1	0	0	0	0	0	0	0	2	0	0	0	1	0	0	0	0	0	0	1	4	1	1	5	0	0	1	0	0	1	0	0	0	0	0	3	3	0	1	1	2	0	1	0	2	1	4	2	4	8	4	1	1	2	1	1	5	2	5	25	0	4	3	3	1	0	0	1	0	0	0	3	2	1	1	0	0	1	0	2	3	0	0	1	2	3	13	9	3	5	3	9	3	4	8	4
0	0	0	0	0	0	0	3	0	0	0	0	1	0	2	0	0	0	0	0	0	0	0	0	0	0	0	0	0	0	0	0	0	0	0	0	0	0	0	0	1	0	0	0	1	1	0	0	1	0	0	0	0	0	0	0	1	0	0	0	0	0	1	0	0	0	0	0	0	0	0	0	0	0	0	0	0	1	1	0	0	6	3	1	1	1	1	1	0	0	0	1	0	0	0	1	2	3	4	4	1	0	1	0	3	6	3	11	2	0	1	2	1	1	2	3	1	2	4	0	7	5	0	0	0	1	0	1	2	2	3	1	0	0	0	3	2	9	9	2	1	1	0	3	10	4	1	0	2	0	2	0	2	4
0	0	0	0	0	0	0	0	2	1	2	0	0	1	0	0	1	1	0	0	0	0	2	1	0	1	1	2	0	1	0	0	1	0	1	1	0	0	1	1	0	0	0	0	0	0	0	0	1	0	0	0	0	0	1	1	0	0	0	0	2	0	1	0	0	2	0	1	0	1	1	0	0	0	1	2	0	0	2	1	4	1	1	0	0	0	1	0	0	1	1	0	0	1	2	3	0	0	0	1	2	4	0	0	1	4	4	1	4	2	2	0	3	1	2	2	2	0	3	7	0	28	6	3	2	3	5	0	2	25	5	28	7	0	3	4	6	14	21	1	1	3	0	2	2	0	1	0	1	0	2	3	2	1
0	0	0	0	0	0	0	3	1	0	0	1	1	0	0	0	0	0	0	1	1	1	1	0	1	1	0	3	1	0	0	0	2	2	2	2	0	0	0	0	1	0	0	1	0	1	0	1	0	0	1	1	0	0	0	0	1	2	0	0	0	0	0	0	0	1	0	0	1	0	0	1	0	0	0	0	2	2	4	0	5	0	2	0	2	1	0	2	0	0	0	0	1	0	0	0	2	2	1	1	5	8	1	1	0	1	2	6	3	0	0	2	1	3	2	0	0	1	3	5	28	0	9	5	3	4	4	8	5	60	6	39	9	3	2	3	4	10	6	2	2	1	1	2	3	0	1	0	1	0	2	0	1	1
0	0	0	0	0	0	0	3	1	1	0	0	0	0	1	0	1	0	0	0	0	1	0	1	0	0	0	0	0	0	0	0	0	3	2	0	1	0	0	1	0	1	0	0	2	0	1	0	1	0	0	0	0	1	1	2	0	1	1	0	1	0	0	1	1	0	1	0	0	1	1	1	0	1	0	0	0	0	3	1	1	3	2	1	1	0	0	0	1	2	0	1	0	0	2	0	1	2	1	1	4	0	1	0	0	0	0	0	1	2	0	0	1	2	3	1	1	2	1	0	6	9	0	4	10	11	15	9	15	8	4	4	6	3	1	4	5	5	1	0	3	1	0	0	0	1	0	0	0	0	0	1	0	0
0	0	0	0	0	0	0	2	1	2	0	0	0	0	0	1	0	0	0	0	0	1	1	0	0	0	1	0	1	1	1	0	0	0	3	0	0	1	1	3	0	2	0	1	1	1	2	0	2	0	1	0	0	1	1	0	0	1	0	0	1	0	2	0	1	1	2	1	0	0	0	0	0	0	1	1	1	0	1	2	0	1	0	2	0	0	0	0	0	0	2	0	0	1	0	0	0	0	0	1	3	1	1	1	0	1	1	1	0	0	2	0	0	0	0	0	0	0	0	0	3	5	4	0	154	44	6	4	1	1	1	4	2	5	7	4	2	1	0	1	0	1	0	0	1	1	0	0	1	0	0	0	0	0
0	0	0	0	0	0	0	2	2	1	1	0	0	0	0	1	0	1	0	0	1	1	1	0	0	0	0	0	0	1	0	0	0	0	2	0	1	0	0	2	1	1	1	0	1	0	1	2	0	0	0	1	0	0	0	0	1	0	1	1	1	0	1	1	0	0	1	0	0	1	0	0	0	0	1	0	1	2	1	0	0	1	0	0	0	0	0	0	0	1	0	0	0	1	0	1	3	0	0	0	5	0	1	0	0	1	0	1	2	0	0	0	0	1	0	0	0	0	0	0	2	3	10	154	0	61	6	9	2	4	3	2	3	3	4	3	2	0	0	1	0	0	0	4	1	0	0	0	0	0	0	0	0	0
0	0	0	0	0	0	0	2	2	3	0	2	0	0	0	0	0	0	1	0	0	0	1	0	0	0	0	0	1	0	0	1	1	1	1	1	1	0	2	1	2	1	0	0	2	1	1	1	1	0	0	0	0	2	0	0	0	0	1	0	1	0	0	0	0	2	1	1	0	2	1	0	1	1	1	0	0	0	0	0	2	1	0	0	1	2	0	2	0	0	1	0	0	0	0	1	1	3	0	0	1	2	0	1	0	0	1	1	0	0	0	0	2	0	0	0	0	1	1	1	3	4	11	44	61	0	12	7	6	1	2	3	6	3	5	0	1	0	2	0	1	0	3	0	2	0	0	0	0	0	0	0	1	1
0	0	0	0	0	0	0	3	0	2	0	0	0	0	1	0	0	1	0	0	0	1	0	0	1	0	0	3	1	4	1	0	3	1	2	0	2	1	2	1	0	1	1	1	0	0	2	1	1	0	0	0	0	0	1	0	1	0	0	0	0	0	0	0	0	3	1	0	0	0	0	0	0	1	0	0	0	0	0	3	3	1	1	0	0	1	0	0	0	0	0	0	0	2	0	0	1	1	0	3	7	11	1	4	0	0	0	0	1	0	1	1	0	0	1	2	0	1	0	0	5	4	15	6	6	12	0	479	13	9	5	7	25	6	7	10	9	3	5	1	0	0	1	0	4	1	0	0	1	0	1	1	1	2
0	0	0	0	0	0	0	4	7	2	0	0	1	0	0	0	0	0	0	0	1	1	2	1	0	1	0	0	2	0	1	0	0	4	2	4	2	1	1	0	4	1	0	1	2	2	2	1	1	0	0	0	1	0	1	0	0	0	0	2	0	2	0	1	0	0	3	0	0	1	0	0	0	0	2	0	0	2	1	0	7	0	0	1	2	0	0	1	0	0	0	0	0	0	0	0	1	1	0	2	8	3	1	0	0	1	0	1	1	0	1	1	2	2	0	0	0	0	0	1	0	8	9	4	9	7	479	0	14	11	7	10	43	10	4	13	8	9	2	1	1	2	3	1	1	0	2	0	1	2	0	1	0	1
0	0	0	0	0	0	0	2	3	2	0	1	1	2	0	0	0	0	2	0	0	0	0	0	0	0	0	1	1	0	1	0	1	4	4	3	0	1	1	3	0	1	0	0	1	0	0	1	3	0	0	1	0	0	0	3	1	0	0	2	0	0	2	0	0	0	0	1	0	2	0	0	0	1	3	0	0	0	2	1	8	0	0	0	0	1	0	0	0	1	0	0	0	0	1	0	0	0	0	1	4	4	0	1	0	0	2	2	2	0	0	1	1	1	2	0	0	0	0	2	2	5	15	1	2	6	13	14	0	13	27	12	33	7	3	8	4	3	4	0	1	1	1	3	0	0	0	2	0	2	1	0	0	3
0	0	0	0	0	0	0	1	0	1	0	1	0	1	0	0	0	1	0	1	0	0	0	2	0	0	0	0	1	0	1	0	0	1	0	0	1	1	2	0	1	0	0	0	0	0	0	1	0	1	0	0	0	1	1	0	0	0	0	0	0	0	0	0	2	0	2	0	0	1	0	1	0	0	1	0	1	2	3	1	6	2	0	1	0	0	0	0	2	0	0	0	0	0	0	0	3	0	0	0	4	3	1	2	1	0	1	0	2	2	2	2	4	1	4	1	2	0	3	2	25	60	8	1	4	1	9	11	13	0	10	1185	8	3	1	9	7	8	8	1	1	0	0	3	2	0	1	0	0	1	0	1	0	3
0	0	0	0	0	0	0	2	2	2	0	2	0	0	0	2	1	0	1	1	0	0	2	2	2	2	0	0	2	0	2	0	1	1	1	0	0	1	1	1	0	1	0	0	0	0	1	0	2	0	1	0	0	0	1	0	0	0	0	0	0	0	1	1	2	1	1	1	0	1	0	2	0	1	2	1	1	5	3	1	11	1	1	0	2	0	0	0	0	1	0	0	0	1	0	1	1	1	2	3	7	5	2	0	0	0	2	1	4	2	2	2	2	0	3	3	0	0	2	3	5	6	4	1	3	2	5	7	27	10	0	12	8	3	3	8	6	7	3	0	2	1	1	1	1	3	1	1	1	1	1	1	0	2
0	0	0	0	0	0	0	1	2	0	0	0	0	0	1	0	0	1	1	1	0	1	0	1	0	0	1	1	1	0	0	1	0	0	2	0	1	1	0	0	1	0	2	0	1	0	2	0	1	0	1	0	0	0	1	0	0	0	0	0	0	0	0	0	1	2	1	0	0	1	1	2	0	0	2	1	1	2	1	1	8	2	1	1	0	0	0	0	0	0	1	0	1	2	0	2	0	2	1	1	4	3	0	2	3	1	2	1	1	0	0	1	1	4	3	0	0	1	1	1	28	39	4	4	2	3	7	10	12	1185	12	0	8	4	3	9	1	5	9	2	1	0	0	2	3	0	1	0	1	2	2	0	1	3
0	0	0	0	0	0	0	2	2	4	0	0	0	1	0	0	0	2	0	0	0	3	0	0	1	1	1	0	2	0	0	3	0	0	3	0	4	0	0	0	0	0	1	0	0	0	0	1	1	0	1	0	0	0	0	0	0	0	0	0	0	1	0	0	1	0	2	0	1	0	0	0	1	0	0	0	1	3	1	1	7	1	1	0	1	0	0	1	0	0	0	1	1	3	0	3	0	0	4	1	8	10	1	1	0	0	0	0	1	1	0	0	0	0	0	1	0	0	1	0	7	9	6	2	3	6	25	43	33	8	8	8	0	10	2	18	19	6	6	1	0	0	1	3	1	1	0	1	0	0	0	1	0	0
0	0	0	0	0	0	0	9	9	1	1	3	0	1	0	0	0	0	1	1	1	1	0	3	1	1	0	1	0	4	0	1	4	5	5	6	1	1	2	1	0	0	0	1	0	4	0	2	1	1	1	3	1	0	0	2	0	0	0	0	1	1	1	1	1	0	1	2	0	0	0	0	1	0	0	0	2	1	5	4	5	0	1	0	0	1	0	0	0	3	0	1	1	0	1	0	0	1	2	1	6	4	1	0	1	1	0	0	2	4	0	2	0	0	4	1	1	0	0	0	0	3	3	5	3	3	6	10	7	3	3	4	10	0	24	18	6	2	3	2	0	1	1	2	0	2	0	1	0	1	0	0	0	0
0	0	0	0	0	0	0	17	9	1	2	0	1	0	2	0	0	0	2	0	0	6	0	0	0	1	2	0	1	0	0	4	3	5	7	7	0	1	2	1	0	0	2	3	0	1	2	0	1	3	0	1	0	1	0	0	0	1	1	1	0	1	0	1	0	1	2	0	1	0	0	0	2	0	0	0	1	0	0	0	2	1	0	0	0	0	1	0	0	0	0	0	1	1	0	0	0	0	0	1	7	1	1	0	0	0	1	2	1	0	0	0	2	0	0	1	0	0	0	0	3	2	1	7	4	5	7	4	3	1	3	3	2	24	0	7	5	2	1	0	0	0	1	1	1	0	0	0	0	1	0	1	0	0
0	0	0	0	0	0	0	2	1	2	0	0	0	0	0	0	0	0	0	0	0	0	1	1	0	2	2	2	2	1	0	0	2	2	0	1	0	1	0	1	0	0	1	0	0	1	2	0	0	0	1	0	1	0	0	1	0	1	0	0	0	0	0	1	0	1	1	0	0	0	0	0	0	0	1	0	1	0	4	8	12	1	1	0	0	0	1	0	0	0	0	1	0	1	4	1	1	1	2	4	36	15	0	0	0	0	1	3	2	4	1	0	0	1	3	0	0	0	1	3	4	3	4	4	3	0	10	13	8	9	8	9	18	18	7	0	39	6	2	1	2	1	1	1	0	0	0	2	1	4	4	0	0	3
0	0	0	0	0	0	0	0	1	0	1	0	1	1	1	0	0	0	2	1	2	0	0	0	2	0	0	2	1	0	1	0	0	0	3	1	1	1	1	0	1	0	0	1	2	1	1	1	2	2	0	0	0	1	0	1	1	0	1	0	1	0	0	0	0	0	1	0	2	0	0	0	1	0	1	0	2	1	2	1	9	0	1	1	0	0	0	0	0	0	0	0	0	2	0	2	4	1	3	7	47	91	0	1	1	1	0	0	2	1	1	1	0	0	1	1	0	1	0	2	6	4	5	2	2	1	9	8	4	7	6	1	19	6	5	39	0	13	2	1	1	0	0	1	1	3	1	1	0	0	1	1	1	0
0	0	0	0	0	0	0	3	3	1	0	0	1	0	0	0	1	0	2	1	1	0	1	1	0	0	0	0	0	0	0	1	1	1	2	0	0	2	1	1	1	1	0	1	0	0	0	0	0	0	0	0	0	0	0	0	0	0	0	0	0	0	1	0	2	1	0	0	0	0	1	0	2	1	0	1	0	2	3	5	12	2	4	0	1	0	0	0	1	0	0	1	0	0	2	1	1	1	3	5	6	16	3	0	2	0	2	4	8	1	0	1	2	2	2	2	1	0	2	9	14	10	5	1	0	0	3	9	3	8	7	5	6	2	2	6	13	0	7	3	0	1	1	1	4	1	1	1	0	1	5	2	0	4
0	0	0	0	0	0	0	1	1	1	1	1	0	0	0	0	0	1	0	0	1	1	0	1	0	0	1	1	1	2	0	1	1	1	0	0	0	0	2	0	2	0	0	0	0	0	0	2	0	0	0	0	0	0	0	0	0	0	0	0	0	0	0	0	0	0	0	2	0	0	2	0	0	1	0	0	0	1	9	8	9	2	1	0	1	0	0	0	1	2	0	0	0	1	0	3	1	0	2	2	3	2	0	2	1	3	2	4	9	4	1	1	1	6	12	4	0	2	3	9	21	6	1	0	0	2	5	2	4	8	3	9	6	3	1	2	2	7	0	6	1	1	4	5	9	1	0	3	1	1	3	3	2	4
0	0	0	0	0	0	0	2	0	0	1	3	2	1	1	0	0	1	0	0	0	0	0	2	0	0	1	2	0	0	0	1	1	1	1	0	0	0	1	0	1	0	0	0	0	0	0	0	0	2	0	0	1	0	0	1	1	0	0	0	0	1	0	0	0	0	0	0	1	0	0	1	1	0	0	1	3	14	11	3	1	0	0	0	1	0	0	0	0	0	0	0	0	0	0	0	0	2	0	0	0	0	0	2	1	1	3	4	10	155	6	11	5	13	4	6	1	1	0	2	1	2	0	1	1	0	1	1	0	1	0	2	1	2	0	1	1	3	6	0	25	33	8	8	6	0	2	0	0	1	6	3	1	6
0	0	0	0	0	0	0	0	0	3	2	4	6	2	1	1	2	1	0	0	0	0	0	0	1	1	1	1	1	0	0	1	2	0	1	1	0	1	0	1	0	1	0	0	0	0	0	0	0	0	0	0	0	0	0	0	0	0	0	0	0	1	0	0	1	1	0	0	0	0	1	0	0	0	0	2	4	41	6	4	1	0	0	0	1	0	0	0	0	0	0	0	0	0	0	0	1	2	1	0	0	0	0	0	0	0	0	2	3	26	25	17	2	6	4	2	2	2	0	1	1	2	3	0	0	1	0	1	1	1	2	1	0	0	0	2	1	0	1	25	0	81	9	3	3	0	0	3	2	5	5	2	0	2
0	0	0	0	0	0	0	1	1	6	0	2	3	3	3	1	1	0	1	0	1	0	0	0	1	0	0	0	1	0	0	0	1	0	2	0	1	1	1	1	0	0	1	0	0	1	0	0	0	0	0	0	1	0	0	0	1	0	0	0	0	0	1	1	1	0	0	2	2	4	0	0	0	1	0	2	1	58	10	3	1	0	0	0	0	0	0	0	0	0	0	0	0	0	0	1	0	1	0	0	1	2	1	0	0	0	0	0	6	48	19	41	8	2	4	3	4	1	1	1	3	1	1	1	0	0	0	2	1	0	1	0	0	1	0	1	0	1	1	33	81	0	8	7	0	1	0	0	0	2	2	0	1	3
0	0	0	0	0	0	0	0	2	1	1	0	3	2	0	2	1	0	0	2	1	1	0	0	1	0	1	0	0	0	0	0	0	1	0	0	3	0	1	1	0	0	0	0	0	0	0	1	0	0	0	0	0	0	0	1	0	0	0	0	0	1	1	0	0	0	0	1	0	0	0	0	0	0	2	0	4	2	4	2	2	1	0	0	0	0	0	0	0	0	0	1	1	0	0	2	0	0	0	1	3	0	0	1	0	0	2	5	7	11	3	5	5	5	7	16	5	2	2	0	0	1	0	0	0	3	1	3	1	0	1	0	1	1	1	1	0	1	4	8	9	8	0	115	3	0	0	1	3	4	6	2	1	5
0	0	0	0	0	0	0	0	0	2	0	0	0	1	1	0	0	1	1	0	0	1	0	0	0	0	0	0	1	0	1	0	0	2	0	0	0	0	0	0	0	0	0	0	0	0	1	0	0	1	0	0	1	0	0	0	0	0	0	0	0	0	0	0	0	0	0	0	3	0	0	0	0	1	0	0	4	2	5	3	1	0	1	0	0	0	0	0	0	0	0	0	0	0	1	0	1	2	0	0	1	2	1	0	1	1	2	7	5	2	0	4	7	6	6	9	17	4	3	3	2	2	0	0	4	0	0	1	3	3	1	2	3	2	1	1	1	1	5	8	3	7	115	0	5	2	1	0	1	5	7	1	1	13
0	0	0	0	0	0	0	0	1	1	0	1	0	2	0	0	0	2	0	0	0	1	0	0	0	1	0	0	3	0	0	0	1	0	0	0	1	1	0	1	0	0	0	0	0	0	0	0	0	0	0	0	0	0	0	0	2	0	0	0	0	0	1	0	0	1	0	0	0	0	0	0	0	0	0	0	0	0	0	0	1	0	0	0	1	0	0	1	0	0	0	0	2	1	0	3	0	1	0	1	0	4	1	0	0	6	5	22	9	1	0	1	1	2	6	5	3	8	13	10	2	3	0	1	1	2	4	1	0	2	1	3	1	0	1	0	1	4	9	6	3	0	3	5	0	1	4	7	2	9	8	4	9	176
0	0	0	0	0	0	0	1	0	0	1	0	0	0	0	0	0	1	0	0	0	1	0	1	1	0	0	0	0	1	0	0	0	0	0	1	0	0	1	0	0	0	0	0	0	0	0	0	0	0	0	0	0	1	1	0	0	0	0	0	0	0	0	0	0	1	0	0	0	1	0	0	0	0	0	0	0	1	0	1	0	1	1	1	0	0	0	1	1	0	0	1	1	1	3	1	2	0	2	1	0	1	1	0	2	8	13	10	0	0	1	0	1	1	1	2	3	11	9	4	0	0	1	1	0	0	1	0	0	0	3	0	1	2	0	0	3	1	1	0	0	1	0	2	1	0	4	6	13	5	2	4	30	5
0	0	0	0	0	0	0	1	1	1	0	0	0	0	1	0	0	0	0	0	0	0	0	0	1	0	0	0	0	0	0	0	0	0	0	0	0	0	1	1	0	0	0	0	0	0	0	0	1	0	0	0	1	0	0	0	0	0	0	0	0	0	0	0	0	0	1	0	0	0	0	1	0	0	0	0	0	0	1	0	0	1	0	0	0	1	0	1	0	0	0	0	0	0	1	0	2	1	1	0	0	1	0	0	3	2	3	3	0	1	2	0	2	1	1	0	4	11	3	1	1	1	0	0	0	0	0	2	0	1	1	1	0	0	0	0	1	1	0	2	0	0	0	1	4	4	0	28	11	3	3	5	4	0
0	0	0	0	0	0	0	0	1	1	0	1	0	0	1	0	0	0	0	0	0	0	0	0	0	0	0	1	0	1	0	0	0	0	0	0	0	0	0	0	0	0	0	0	0	0	0	0	0	0	0	0	2	0	0	0	0	1	0	0	0	0	0	0	0	1	0	0	0	0	0	0	1	1	0	0	1	0	1	1	1	2	0	1	1	0	0	0	0	0	1	0	0	0	1	0	0	0	0	2	0	0	0	0	0	1	0	5	5	0	1	1	2	3	1	2	7	15	5	0	0	0	0	0	0	0	0	0	2	0	1	0	1	1	0	2	1	1	3	0	3	0	1	0	7	6	28	0	12	4	3	5	4	3
0	0	0	0	0	0	0	0	0	0	0	1	0	0	0	0	0	1	0	0	0	0	1	1	0	1	1	1	2	0	0	0	0	1	1	0	1	1	0	1	0	0	0	0	1	0	0	0	0	0	1	0	0	0	0	0	0	0	0	0	0	0	0	0	0	0	0	0	0	0	0	0	0	0	1	1	1	0	1	0	1	0	1	0	0	1	0	0	0	0	0	1	1	1	1	0	0	1	1	0	2	1	1	0	1	2	2	2	0	2	1	1	1	0	0	4	2	5	3	2	1	1	0	1	0	0	1	1	0	0	1	1	0	0	0	1	0	0	1	0	2	0	3	1	2	13	11	12	0	9	4	23	6	4
0	0	0	0	0	0	0	0	0	0	0	1	0	0	0	0	0	0	0	0	0	2	0	0	0	0	0	0	0	0	1	0	1	1	0	1	0	0	1	0	0	0	0	0	0	0	0	0	0	0	0	0	0	0	1	0	0	0	0	0	0	0	0	0	0	0	0	0	0	0	1	1	0	0	0	1	0	2	4	0	0	1	0	0	0	1	0	0	0	1	0	1	1	0	3	2	1	0	0	2	0	1	0	1	1	1	4	8	5	1	0	2	1	0	1	4	4	5	9	0	0	0	0	0	0	0	0	2	2	1	1	2	0	1	1	4	0	1	1	1	5	2	4	5	9	5	3	4	9	0	17	39	20	8
0	0	0	0	0	0	0	0	0	1	1	1	0	1	0	0	0	1	0	0	0	0	1	0	2	0	0	1	0	0	2	0	2	3	0	0	0	0	2	0	1	1	0	0	0	0	0	0	0	1	0	0	0	0	0	0	0	0	0	0	0	0	0	0	1	0	0	0	0	0	0	0	1	1	0	1	1	2	4	3	2	1	1	0	0	0	0	1	0	0	0	0	0	1	1	0	0	0	3	1	1	0	2	0	1	2	3	10	4	4	5	0	4	1	1	2	4	3	3	2	2	2	0	0	0	0	1	0	1	0	1	2	0	0	0	4	1	5	3	6	5	2	6	7	8	2	3	3	4	17	0	12	6	8
0	0	0	0	0	0	0	0	0	0	0	0	0	1	1	0	0	0	0	0	1	1	1	0	0	0	0	0	0	0	0	0	0	1	0	0	0	1	0	0	0	0	0	0	0	1	1	0	0	0	0	0	0	0	0	0	0	0	0	1	0	0	1	0	0	0	0	0	0	0	0	0	0	0	1	0	0	0	1	4	0	2	0	1	0	2	1	0	0	0	0	0	0	0	0	0	0	0	2	0	0	1	0	1	0	1	3	3	1	0	1	0	3	0	1	2	1	3	4	0	3	0	1	0	0	0	1	1	0	1	1	0	1	0	1	0	1	2	3	3	2	0	2	1	4	4	5	5	23	39	12	0	8	7
0	0	0	0	0	0	0	0	0	0	1	0	1	0	1	0	0	1	0	1	0	0	0	0	2	0	1	1	0	0	1	0	0	0	1	0	0	1	1	0	0	0	0	0	0	0	0	0	0	0	0	0	0	0	0	0	0	0	0	0	0	0	0	0	0	0	0	0	0	0	0	0	0	0	0	0	1	2	2	0	0	1	1	2	1	1	0	0	0	1	0	1	2	0	1	0	1	3	0	1	2	1	1	2	2	6	17	11	3	1	2	0	0	2	0	3	0	5	8	2	2	1	0	0	0	1	1	0	0	0	0	1	0	0	0	0	1	0	2	1	0	1	1	1	9	30	4	4	6	20	6	8	0	6
0	0	0	0	0	0	0	0	0	0	1	0	1	0	1	0	0	0	0	0	1	1	0	0	0	1	0	0	0	0	0	0	0	0	0	0	0	1	0	1	0	0	0	0	1	0	1	0	1	0	0	1	2	0	0	0	1	0	0	0	0	0	0	0	0	2	0	0	0	0	1	0	0	0	0	1	0	0	1	0	2	2	2	1	1	1	1	0	0	3	0	0	0	1	1	1	1	2	0	5	2	3	0	1	1	2	3	23	7	0	2	0	5	3	6	9	6	6	4	4	1	1	0	0	0	1	2	1	3	3	2	3	0	0	0	3	0	4	4	6	2	3	5	13	176	5	0	3	4	8	8	7	6	0
