0	0	0	0	0	0	0	0	0	0	0	0	0	0	0	0	0	0	0	0	0	0	0	0	0	0	0	0	0	0	0	0	0	0	0	0	0	0	0	0	0	0	0	0	0	0	0	0	0	0	0	0	0	0	0	0	0	0	0	0	0	0	0	0	0	0	0	0	0	0	0	0	0	0	0	0	0	0	0	0	0	0	0	0	0	0	0	0	0	0	0	0	0	0	0	0	0	0	0	0	0	0	0	0	0	0	0	0	0	0	0	0	0	0	0	0	0	0	0	0	0	0	0	0	0	0	0	0	0	0	0	0	0	0	0	0	0	0	0	0	0	0	0	0	0	0	0	0	0	0	0	0	0	0	0	0	0	0	0	0	0	0	0	0	0	0	0	0	0	0	0	0
0	0	0	0	0	0	0	0	0	0	0	0	0	0	0	0	0	0	0	0	0	0	0	0	0	0	0	0	0	0	0	0	0	0	0	0	0	0	0	0	0	0	0	0	0	0	0	0	0	0	0	0	0	0	0	0	0	0	0	0	0	0	0	0	0	0	0	0	0	0	0	0	0	0	0	0	0	0	0	0	0	0	0	0	0	0	0	0	0	0	0	0	0	0	0	0	0	0	0	0	0	0	0	0	0	0	0	0	0	0	0	0	0	0	0	0	0	0	0	0	0	0	0	0	0	0	0	0	0	0	0	0	0	0	0	0	0	0	0	0	0	0	0	0	0	0	0	0	0	0	0	0	0	0	0	0	0	0	0	0	0	0	0	0	0	0	0	0	0	0	0	0
0	0	0	0	0	0	0	0	0	0	0	0	0	0	0	0	0	0	0	0	0	0	0	0	0	0	0	0	0	0	0	0	0	0	0	0	0	0	0	0	0	0	0	0	0	0	0	0	0	0	0	0	0	0	0	0	0	0	0	0	0	0	0	0	0	0	0	0	0	0	0	0	0	0	0	0	0	0	0	0	0	0	0	0	0	0	0	0	0	0	0	0	0	0	0	0	0	0	0	0	0	0	0	0	0	0	0	0	0	0	0	0	0	0	0	0	0	0	0	0	0	0	0	0	0	0	0	0	0	0	0	0	0	0	0	0	0	0	0	0	0	0	0	0	0	0	0	0	0	0	0	0	0	0	0	0	0	0	0	0	0	0	0	0	0	0	0	0	0	0	0	0
0	0	0	0	100	15	13	17	8	6	15	11	6	5	2	6	12	7	5	5	3	2	1	3	5	0	6	3	0	4	4	9	10	8	23	14	7	5	6	3	5	4	2	2	4	3	7	1	2	3	4	3	3	4	1	1	1	0	3	2	0	5	1	1	2	3	1	1	2	2	2	2	6	5	6	3	0	2	2	0	1	1	1	1	2	0	0	0	1	0	1	2	3	0	1	3	3	0	5	3	1	2	1	2	1	1	2	2	2	1	1	0	0	0	0	0	0	2	1	1	0	1	1	1	1	1	0	0	1	0	1	2	0	0	0	0	0	0	1	0	1	1	1	0	4	0	0	1	1	0	3	1	1	0	1	1	3	1	2	1	3	1	0	0	1	0	0	0	2	0	0	0
0	0	0	100	0	52	30	23	10	10	10	11	8	5	1	7	9	7	11	3	6	4	8	3	6	2	3	5	6	10	8	11	10	30	47	33	12	11	4	4	3	6	11	1	3	6	5	5	1	8	6	8	5	7	1	6	2	6	5	2	2	4	1	5	4	1	6	2	3	3	5	4	7	3	4	2	0	2	1	4	0	0	1	2	1	3	3	1	3	4	1	1	2	3	4	1	4	0	3	2	1	1	3	0	1	1	1	1	2	1	2	2	2	1	2	1	0	1	1	2	1	0	1	1	1	3	1	0	3	1	1	2	2	1	0	0	5	1	0	1	0	1	1	1	0	0	2	0	1	2	1	2	1	2	2	2	0	2	0	1	1	2	1	1	0	0	1	2	1	2	0	0
0	0	0	15	52	0	58	33	10	5	9	6	11	4	7	8	9	5	9	3	9	3	2	1	2	1	5	3	7	7	11	21	37	40	34	19	14	12	8	2	8	8	10	4	7	8	1	8	4	4	3	8	13	9	7	8	4	5	3	3	7	0	3	6	10	8	1	5	1	5	4	2	5	8	2	3	5	1	1	1	4	2	1	1	1	2	2	2	1	0	4	0	5	1	3	2	1	2	1	1	4	1	1	1	3	3	1	0	3	0	3	1	1	2	3	2	1	0	1	0	2	1	0	0	0	0	1	1	1	1	0	0	0	0	0	0	4	1	1	0	2	0	5	0	0	0	4	0	2	0	0	2	1	0	1	5	5	1	2	0	0	2	1	0	2	5	0	2	0	1	0	0
0	0	0	13	30	58	0	103	22	15	23	19	20	14	19	16	12	15	10	6	8	10	5	4	8	4	9	5	5	5	6	13	28	16	12	15	20	29	35	5	30	20	21	13	10	8	3	7	10	6	3	15	14	13	10	10	8	11	3	3	8	5	5	6	9	6	2	1	3	4	7	5	6	20	10	4	4	5	3	2	6	3	1	1	0	3	6	3	1	4	1	0	0	6	5	2	2	0	2	1	2	2	0	3	4	0	3	1	3	1	1	1	2	0	0	0	1	0	0	1	0	1	0	2	0	2	0	0	0	1	2	1	1	0	0	0	0	3	1	1	3	4	2	3	0	1	1	1	0	4	2	2	0	0	1	1	5	2	2	0	5	2	1	0	2	2	0	3	0	2	0	0
0	0	0	17	23	33	103	0	81	13	40	22	42	29	33	37	27	26	22	13	17	15	9	2	5	2	4	8	5	7	6	16	13	5	14	18	31	41	69	15	27	24	18	17	16	8	19	20	6	8	13	18	27	14	12	10	5	4	7	6	6	6	6	4	8	8	5	3	3	8	8	5	22	26	10	5	3	2	2	3	2	4	0	1	3	5	4	5	1	3	2	5	4	7	4	6	2	2	1	3	3	1	1	3	2	2	5	0	0	5	0	1	0	3	1	2	2	1	1	1	2	4	3	3	1	1	3	1	1	0	1	0	0	1	4	1	1	2	2	2	0	2	2	1	3	3	0	2	3	1	3	0	1	1	3	1	1	0	3	3	2	1	1	2	2	1	1	2	1	1	0	0
0	0	0	8	10	10	22	81	0	57	78	44	54	46	47	41	37	54	80	42	32	22	17	7	4	3	5	4	2	7	6	5	7	2	6	9	11	20	60	19	11	16	11	5	5	5	8	10	8	7	9	10	14	4	10	8	9	13	11	3	3	8	3	4	2	3	4	2	1	5	7	10	15	33	9	5	4	2	4	2	3	0	4	5	0	4	4	1	5	1	1	5	6	9	4	4	2	1	2	1	0	3	3	3	3	5	4	1	3	4	0	1	4	4	3	1	4	3	2	1	1	2	0	1	1	1	0	1	0	0	3	1	0	1	0	2	1	1	3	1	3	2	2	0	1	1	4	1	2	3	2	2	1	2	4	2	1	2	2	0	3	2	0	1	1	2	0	2	0	0	0	0
0	0	0	6	10	5	15	13	57	0	299	69	52	22	15	12	15	16	29	19	8	7	9	5	4	3	2	4	4	1	3	8	4	6	6	3	4	12	17	7	4	12	10	4	4	2	1	5	3	2	3	8	9	4	8	3	2	5	5	3	9	2	4	2	3	2	0	5	3	2	3	5	4	7	3	3	1	4	1	1	1	1	2	1	2	2	2	1	4	1	0	4	2	2	7	4	0	2	1	2	1	1	3	3	2	4	4	1	2	2	0	0	0	0	2	2	2	2	1	1	3	0	1	2	1	1	2	2	0	0	1	2	2	2	0	2	2	1	2	0	3	2	4	2	2	0	1	2	2	1	3	1	0	0	1	1	0	1	2	1	4	2	1	1	0	0	1	2	1	0	0	0
0	0	0	15	10	9	23	40	78	299	0	107	68	23	32	18	16	15	19	15	17	9	9	5	4	0	4	3	5	2	3	7	8	7	5	8	5	11	23	14	8	8	7	7	5	4	8	6	2	13	10	10	9	4	7	4	6	8	8	4	6	5	6	3	5	6	2	3	1	2	1	3	15	12	4	3	2	3	5	2	2	1	2	3	6	5	4	1	0	3	2	0	4	1	5	2	3	1	4	0	1	1	2	0	1	1	3	1	2	2	0	1	2	1	0	2	1	1	1	1	0	0	1	3	0	2	0	1	0	1	1	2	0	1	2	0	1	0	1	3	2	0	2	1	2	4	3	0	1	1	2	1	1	2	2	2	2	0	2	3	2	3	0	0	1	2	0	0	2	0	2	0
0	0	0	11	11	6	19	22	44	69	107	0	151	26	15	9	12	12	15	9	9	7	6	2	4	1	1	4	2	2	4	2	2	4	5	8	11	7	18	5	4	10	6	8	6	6	4	4	0	0	7	8	8	6	5	6	9	5	3	4	4	5	2	6	3	3	1	3	2	3	2	6	4	7	2	4	2	4	1	3	2	1	3	2	5	1	2	2	3	0	1	0	5	3	2	4	3	2	1	1	1	4	1	2	0	2	5	2	1	0	1	2	1	0	2	1	3	2	1	1	2	0	0	0	0	1	0	0	0	2	2	1	1	1	1	0	0	0	2	2	2	2	0	2	1	0	2	2	2	2	1	3	2	0	1	1	0	2	1	3	2	1	2	2	2	1	0	0	1	0	0	0
0	0	0	6	8	11	20	42	54	52	68	151	0	77	30	14	16	21	17	9	10	18	4	4	9	3	4	3	1	4	7	10	4	2	3	9	4	14	27	10	8	20	16	12	12	3	2	4	5	4	8	6	14	4	12	3	3	18	6	4	6	10	3	8	5	4	5	3	6	6	9	5	13	13	7	8	7	3	2	3	6	0	0	2	1	1	4	0	2	5	2	1	3	6	4	0	3	2	0	5	2	0	1	6	2	1	2	0	2	0	1	3	0	2	2	0	1	0	0	2	2	0	0	3	0	0	2	0	2	1	0	1	1	1	0	2	1	1	2	1	2	4	1	3	2	1	0	1	1	2	0	2	2	1	2	2	3	1	2	1	1	0	0	1	1	0	1	2	1	1	1	0
0	0	0	5	5	4	14	29	46	22	23	26	77	0	103	28	14	18	23	25	24	19	13	5	8	1	3	6	5	4	6	5	7	6	7	6	7	20	36	27	19	22	25	19	9	8	7	7	8	6	5	7	13	12	15	7	13	23	20	3	17	12	3	13	9	3	5	5	3	9	7	4	12	30	20	12	6	3	4	1	3	3	2	4	3	4	5	1	2	0	1	1	10	4	4	11	3	0	2	3	4	0	6	6	1	4	4	2	2	1	3	1	2	1	1	2	3	3	1	0	1	3	2	0	0	1	0	1	0	1	1	0	0	1	4	3	3	3	2	2	6	3	2	1	1	1	1	2	2	0	3	1	0	1	3	1	2	2	2	1	1	4	0	0	1	0	1	0	0	1	2	0
0	0	0	2	1	7	19	33	47	15	32	15	30	103	0	55	19	33	31	29	65	55	19	12	19	4	4	6	6	4	7	4	6	5	9	7	19	46	88	67	26	39	52	30	17	8	9	13	8	9	12	17	19	21	22	7	15	24	14	13	12	12	5	13	12	11	4	10	6	15	11	14	43	105	48	10	4	7	3	2	8	1	6	3	6	6	9	5	4	2	8	4	10	9	7	4	1	1	0	3	3	1	4	8	6	10	2	2	3	0	1	4	0	1	1	3	6	3	1	0	1	0	1	1	2	1	0	3	1	1	1	2	3	2	1	1	2	3	0	1	2	9	2	3	1	2	3	3	2	4	5	3	2	3	1	2	1	4	5	1	1	2	1	1	3	2	4	1	2	3	0	0
0	0	0	6	7	8	16	37	41	12	18	9	14	28	55	0	163	107	49	40	54	52	21	12	5	12	6	9	9	6	3	6	6	9	5	12	34	56	78	30	16	27	18	16	18	14	13	16	15	21	38	42	34	17	9	5	1	7	7	4	4	4	5	9	9	4	6	6	7	8	2	21	87	111	23	12	4	5	0	5	3	2	3	3	1	8	4	2	4	2	3	1	5	7	6	8	6	2	3	0	2	3	4	4	8	5	5	3	5	1	2	5	4	3	2	5	1	2	3	0	2	1	1	0	4	0	1	1	3	0	1	1	2	2	3	2	0	3	4	1	4	5	4	5	2	1	2	2	2	3	2	4	4	1	1	2	2	1	5	3	3	3	2	0	1	2	1	0	4	1	2	0
0	0	0	12	9	9	12	27	37	15	16	12	16	14	19	163	0	821	61	49	25	25	12	10	12	8	3	17	6	6	6	11	6	3	9	12	22	28	26	11	5	7	9	9	9	6	11	22	21	19	32	30	18	7	8	5	4	7	8	4	1	6	3	3	6	9	1	3	2	12	9	14	18	31	4	8	3	5	7	6	5	3	4	3	2	2	4	3	6	1	1	0	1	7	6	1	2	2	0	4	3	3	3	4	2	2	3	2	2	1	4	1	2	0	1	3	0	2	0	5	2	2	1	3	0	1	1	3	1	0	1	0	1	1	1	1	2	2	4	1	4	3	2	1	4	1	5	3	3	5	2	1	0	5	2	3	2	0	1	2	6	1	3	4	1	3	1	0	0	4	0	0
0	0	0	7	7	5	15	26	54	16	15	12	21	18	33	107	821	0	117	63	33	21	12	4	4	5	8	12	6	5	4	8	7	4	3	6	20	19	21	16	9	14	12	8	5	10	3	10	9	18	16	29	21	11	2	6	2	5	3	1	4	2	4	6	2	2	6	4	2	7	3	8	18	32	7	7	6	1	3	2	1	3	1	0	4	2	1	5	5	2	2	3	5	2	5	6	5	2	1	0	2	2	5	1	5	3	1	5	1	3	3	2	3	2	1	3	2	0	3	5	1	1	2	1	3	0	0	1	0	1	1	1	2	0	3	4	1	1	3	3	3	3	3	4	2	3	1	1	0	2	1	2	2	4	2	4	2	6	1	5	3	0	2	1	1	4	0	3	1	0	1	0
0	0	0	5	11	9	10	22	80	29	19	15	17	23	31	49	61	117	0	365	68	32	13	4	2	3	10	5	2	7	6	0	5	10	5	4	14	11	19	16	3	15	16	6	10	5	6	8	8	12	17	7	22	7	6	6	10	4	4	7	2	5	5	10	6	1	5	3	6	4	2	13	17	28	12	10	5	7	3	4	5	1	2	2	4	2	3	2	6	0	5	5	7	6	3	5	2	1	3	1	3	5	6	5	2	3	3	5	1	1	2	3	1	1	0	1	3	2	4	3	1	0	1	0	0	0	1	0	2	4	2	1	2	0	0	5	0	4	1	1	1	8	3	0	3	3	3	1	2	3	3	1	2	1	2	4	0	2	3	4	5	1	2	2	3	1	1	2	0	3	4	0
0	0	0	5	3	3	6	13	42	19	15	9	9	25	29	40	49	63	365	0	82	34	12	5	6	5	4	6	3	3	4	5	3	4	5	10	6	7	14	13	4	9	9	8	8	8	4	8	6	12	19	19	13	10	5	4	3	6	6	2	7	4	2	4	9	1	3	1	3	5	10	16	19	26	6	8	3	6	4	6	3	4	3	1	3	4	5	5	2	4	4	4	2	11	6	3	6	4	3	3	5	3	3	10	2	4	1	4	4	4	2	2	0	2	3	0	2	5	1	2	0	1	1	1	4	4	0	0	0	1	2	2	0	0	0	1	4	5	1	1	6	3	5	4	2	1	4	4	0	5	2	2	5	1	2	3	4	4	3	7	1	4	0	2	1	2	3	1	0	1	1	0
0	0	0	3	6	9	8	17	32	8	17	9	10	24	65	54	25	33	68	82	0	213	50	21	10	4	8	8	6	5	4	2	2	8	5	4	13	13	29	46	14	20	16	17	18	8	6	13	11	18	18	19	16	11	11	6	6	9	5	5	7	15	3	4	10	8	8	2	10	12	14	16	40	45	23	10	7	7	11	3	4	5	3	1	2	1	7	7	4	3	4	2	7	6	9	7	7	2	4	5	2	4	8	5	9	1	4	7	0	1	1	3	2	1	2	1	3	6	3	0	2	2	0	0	1	2	1	3	1	1	2	2	1	2	2	2	0	3	4	3	9	4	5	4	1	2	3	3	5	2	6	6	3	1	4	3	1	3	8	4	2	2	2	1	0	1	1	2	0	0	1	0
0	0	0	2	4	3	10	15	22	7	9	7	18	19	55	52	25	21	32	34	213	0	114	31	23	11	9	11	7	4	1	7	3	4	3	7	6	36	27	50	18	22	19	26	17	20	17	13	18	25	27	28	37	26	16	8	8	8	8	9	8	7	12	8	10	16	7	12	2	21	22	30	81	112	53	19	13	5	11	9	9	5	4	2	7	3	6	5	5	11	3	2	14	9	5	6	2	3	4	4	6	4	5	14	9	8	7	1	2	4	6	4	2	2	4	3	5	1	1	1	0	1	2	1	2	1	2	3	2	2	0	2	2	2	2	1	3	6	7	2	4	5	9	3	3	5	1	2	4	5	4	2	1	0	6	5	2	3	9	4	2	1	4	1	2	1	1	2	2	2	0	0
0	0	0	1	8	2	5	9	17	9	9	6	4	13	19	21	12	12	13	12	50	114	0	62	40	9	6	7	4	3	3	8	3	2	1	6	11	14	10	14	9	18	14	19	14	9	16	16	25	32	19	18	11	21	14	4	2	3	10	5	7	10	5	7	10	9	10	10	16	35	26	39	30	48	42	28	24	18	17	13	13	11	6	3	4	6	6	10	11	2	8	5	11	14	16	9	5	5	1	5	10	4	6	20	13	12	4	12	8	6	5	3	2	2	5	4	7	2	4	5	4	4	3	3	2	5	1	4	3	4	2	4	3	2	4	1	4	5	3	7	6	15	5	3	2	5	7	5	5	4	3	4	2	3	10	7	2	2	8	7	6	7	3	2	3	2	0	7	1	3	0	0
0	0	0	3	3	1	4	2	7	5	5	2	4	5	12	12	10	4	4	5	21	31	62	0	186	25	8	8	9	5	4	4	3	2	8	5	12	11	10	29	9	17	17	19	28	30	27	24	24	25	12	29	16	49	15	9	12	7	14	5	7	13	12	19	27	26	20	29	37	176	173	106	36	17	45	100	65	42	47	23	37	7	6	5	8	13	21	15	12	11	13	12	14	25	29	14	12	4	8	4	10	6	9	25	39	14	11	10	6	3	6	7	2	5	8	4	7	8	6	3	4	5	4	2	3	4	3	0	0	3	3	2	2	3	2	2	3	4	5	9	8	8	11	5	8	3	2	5	2	4	7	2	2	6	5	4	5	8	21	3	6	10	3	4	1	1	2	4	2	0	0	0
0	0	0	5	6	2	8	5	4	4	4	4	9	8	19	5	12	4	2	6	10	23	40	186	0	43	27	14	8	5	5	6	3	3	2	5	15	16	15	24	12	10	18	22	24	45	41	27	30	30	27	12	23	48	19	13	5	5	6	7	1	6	9	16	25	36	38	57	47	111	166	187	23	17	24	33	60	53	36	32	25	9	2	0	2	9	15	12	9	7	7	14	18	26	10	10	9	4	7	5	7	3	12	14	31	14	9	12	5	2	5	7	3	1	7	6	4	3	4	3	2	6	5	0	3	2	1	1	3	2	4	3	1	0	3	4	3	5	8	6	7	3	4	6	4	2	2	3	1	2	7	1	4	6	9	6	7	5	12	5	9	4	3	0	2	2	7	4	2	5	3	0
0	0	0	0	2	1	4	2	3	3	0	1	3	1	4	12	8	5	3	5	4	11	9	25	43	0	132	15	12	7	6	5	2	5	2	8	8	10	9	12	5	10	3	12	18	52	32	20	22	11	23	16	9	22	7	9	3	2	6	4	5	8	5	9	17	19	38	28	32	23	28	39	12	13	8	6	19	36	25	14	9	7	1	4	5	8	7	8	6	2	7	9	11	11	6	3	6	2	3	5	3	0	6	9	11	7	9	4	5	1	4	5	4	3	2	3	4	3	0	7	1	2	3	2	0	3	0	2	2	1	3	3	1	1	5	0	1	2	5	7	4	4	4	1	3	3	3	2	0	3	3	1	2	2	2	3	3	7	7	11	9	2	4	2	5	6	7	3	5	2	1	0
0	0	0	6	3	5	9	4	5	2	4	1	4	3	4	6	3	8	10	4	8	9	6	8	27	132	0	45	26	17	11	4	9	1	3	13	12	10	6	8	10	7	4	11	17	80	62	24	33	23	20	19	18	17	5	9	4	4	5	5	3	5	4	6	13	17	9	16	10	13	14	25	19	11	8	13	12	17	12	18	8	6	4	1	2	5	5	4	8	4	2	5	5	9	7	6	2	2	0	7	2	0	3	4	7	6	5	2	2	2	3	5	3	0	1	3	3	1	6	3	3	2	1	3	3	2	0	1	2	3	0	0	3	4	1	3	3	0	8	1	6	5	4	4	3	1	3	2	3	3	0	3	0	3	5	9	7	3	9	7	8	5	4	2	3	2	1	2	2	2	2	0
0	0	0	3	5	3	5	8	4	4	3	4	3	6	6	9	17	12	5	6	8	11	7	8	14	15	45	0	70	30	8	7	5	4	12	18	25	7	9	4	8	8	6	8	12	34	23	31	61	34	50	41	30	13	6	3	6	1	1	1	1	2	3	5	8	1	10	9	7	6	13	22	14	4	11	7	10	9	7	7	6	2	3	3	1	0	3	4	2	3	4	1	6	2	2	3	2	3	2	1	2	3	2	5	2	6	2	4	1	0	2	5	1	0	3	1	1	5	1	0	0	0	0	5	2	3	1	1	1	0	1	3	2	2	3	3	2	1	1	3	5	6	2	0	3	1	3	3	2	2	3	3	1	1	4	2	1	3	8	3	3	2	2	1	4	1	3	4	1	2	1	0
0	0	0	0	6	7	5	5	2	4	5	2	1	5	6	9	6	6	2	3	6	7	4	9	8	12	26	70	0	72	13	8	12	15	7	14	20	11	2	5	4	2	3	4	17	16	24	23	19	14	12	17	18	9	6	4	5	4	2	0	4	2	3	3	2	2	6	9	10	5	4	11	6	7	4	8	8	5	6	4	5	1	1	0	3	4	3	2	5	3	4	3	5	2	1	2	3	2	2	2	0	2	3	0	6	1	2	2	3	1	1	1	3	2	3	1	1	1	1	1	3	0	0	1	1	1	0	3	1	2	1	1	0	1	0	1	0	1	2	3	1	0	1	5	1	2	4	1	2	3	5	1	0	1	4	3	1	1	1	1	0	2	2	2	1	0	0	1	1	0	1	0
0	0	0	4	10	7	5	7	7	1	2	2	4	4	4	6	6	5	7	3	5	4	3	5	5	7	17	30	72	0	72	24	13	11	16	24	23	7	9	5	9	8	5	9	9	16	25	24	10	12	15	11	12	9	5	5	3	5	2	2	0	2	6	4	11	10	5	3	4	3	5	14	10	14	4	3	6	3	0	4	1	3	1	2	2	3	3	3	4	2	3	5	2	2	4	0	0	1	3	1	1	1	2	3	4	2	0	3	1	2	1	0	1	3	0	0	0	1	2	3	0	1	2	1	0	1	0	0	0	3	1	1	0	0	1	1	0	2	0	4	1	1	4	0	0	0	3	1	2	2	4	1	0	1	4	4	2	1	3	5	3	4	2	0	1	0	0	1	1	2	0	0
0	0	0	4	8	11	6	6	6	3	3	4	7	6	7	3	6	4	6	4	4	1	3	4	5	6	11	8	13	72	0	70	19	17	13	14	20	13	1	9	8	12	6	14	16	18	14	15	7	7	10	8	16	12	6	9	7	6	4	3	5	3	7	7	6	6	7	6	8	6	5	9	11	6	3	6	3	2	3	4	5	1	1	1	1	5	1	5	2	1	1	3	5	3	7	3	2	1	1	1	2	1	1	2	1	2	2	7	1	1	1	3	0	1	1	2	1	1	0	0	2	1	0	0	0	4	1	0	1	2	0	0	0	3	1	0	0	3	2	5	4	2	1	3	0	1	0	1	4	1	1	3	0	2	1	3	0	2	2	3	2	3	2	2	0	2	3	6	1	2	1	0
0	0	0	9	11	21	13	16	5	8	7	2	10	5	4	6	11	8	0	5	2	7	8	4	6	5	4	7	8	24	70	0	71	22	14	18	19	17	16	6	8	15	10	11	18	8	12	14	5	6	9	7	12	13	10	11	8	7	5	3	7	6	8	8	13	9	3	8	6	2	8	4	2	7	6	4	1	4	4	2	3	4	2	3	2	1	3	2	1	0	3	1	3	3	3	4	1	0	3	0	4	1	4	1	7	2	4	3	1	0	0	3	2	0	1	1	1	0	0	0	0	2	0	4	1	1	0	1	2	0	3	1	1	1	0	1	1	2	0	3	1	5	1	2	3	3	1	0	1	1	0	0	2	1	2	3	3	0	0	1	2	2	1	1	0	3	1	1	1	3	1	0
0	0	0	10	10	37	28	13	7	4	8	2	4	7	6	6	6	7	5	3	2	3	3	3	3	2	9	5	12	13	19	71	0	72	29	14	13	15	11	5	9	7	10	3	15	4	8	10	8	5	9	10	11	6	7	8	6	5	3	4	4	5	1	7	9	5	5	6	5	3	4	7	5	9	4	1	0	4	3	0	4	3	1	3	2	2	4	3	2	1	1	2	6	5	4	1	2	1	0	1	2	3	2	1	2	2	6	0	0	0	4	1	1	1	2	2	0	0	0	2	2	0	1	0	0	2	0	1	1	1	3	0	0	1	1	0	2	1	1	1	1	0	2	3	2	0	0	1	1	3	2	1	0	1	1	1	0	2	1	2	2	1	1	2	1	0	0	2	0	1	0	0
0	0	0	8	30	40	16	5	2	6	7	4	2	6	5	9	3	4	10	4	8	4	2	2	3	5	1	4	15	11	17	22	72	0	69	28	20	7	11	2	11	5	9	3	4	9	11	11	6	9	1	6	10	2	2	3	5	5	0	0	9	2	3	1	6	5	4	2	3	3	4	5	2	5	4	2	3	2	0	0	3	1	2	2	1	1	1	0	0	2	1	0	1	3	3	2	0	0	2	1	3	2	0	2	5	0	1	1	0	0	1	2	2	1	1	1	1	1	0	0	0	0	2	1	0	0	0	1	1	1	2	1	1	0	1	0	0	0	0	1	0	0	1	1	0	1	1	3	1	0	1	0	1	1	1	1	0	0	0	2	3	0	0	1	2	2	1	0	3	1	0	0
0	0	0	23	47	34	12	14	6	6	5	5	3	7	9	5	9	3	5	5	5	3	1	8	2	2	3	12	7	16	13	14	29	69	0	69	19	5	12	6	9	4	5	8	6	2	6	8	4	11	6	8	10	8	6	3	4	0	5	2	6	2	2	3	3	1	0	3	2	2	3	5	4	4	2	6	6	3	0	0	2	2	1	2	1	0	2	5	4	1	1	1	0	1	1	2	0	1	1	1	2	0	1	1	2	2	3	2	1	2	0	0	1	1	2	2	3	1	2	1	1	0	0	0	1	1	0	0	0	0	1	0	1	0	1	0	1	0	0	1	1	1	0	1	0	1	0	1	1	1	2	0	0	2	2	2	1	3	5	3	0	2	0	1	2	0	0	1	1	0	0	0
0	0	0	14	33	19	15	18	9	3	8	8	9	6	7	12	12	6	4	10	4	7	6	5	5	8	13	18	14	24	14	18	14	28	69	0	56	20	13	10	10	6	8	9	5	8	13	17	5	8	18	18	24	8	6	5	6	5	3	6	2	1	2	1	7	5	7	4	1	3	4	6	14	10	4	1	6	8	2	2	2	3	1	2	3	5	3	0	1	2	2	1	2	4	5	2	5	1	1	1	0	1	1	2	3	2	3	1	3	1	0	0	1	0	0	0	1	1	2	1	1	0	0	1	0	0	1	0	2	1	0	1	3	2	0	0	1	1	3	2	5	1	2	4	0	1	1	1	0	1	1	1	0	1	3	1	2	1	2	1	2	1	2	1	2	1	0	2	0	1	1	0
0	0	0	7	12	14	20	31	11	4	5	11	4	7	19	34	22	20	14	6	13	6	11	12	15	8	12	25	20	23	20	19	13	20	19	56	0	73	42	19	12	23	18	20	25	28	38	87	35	26	44	37	225	26	6	8	7	4	7	5	5	6	8	8	8	5	2	5	5	11	12	20	31	30	13	6	5	6	6	6	4	5	1	2	1	2	2	1	1	0	4	3	4	9	4	1	6	3	1	3	3	0	6	3	3	4	1	1	3	1	1	0	0	3	1	1	4	2	1	3	1	3	2	1	0	0	1	1	0	1	2	2	2	0	1	2	1	0	0	4	2	9	1	0	0	2	0	3	0	1	3	1	2	0	1	3	1	3	1	2	1	2	4	0	1	3	2	3	0	0	0	0
0	0	0	5	11	12	29	41	20	12	11	7	14	20	46	56	28	19	11	7	13	36	14	11	16	10	10	7	11	7	13	17	15	7	5	20	73	0	211	46	53	63	36	50	45	21	20	64	25	19	24	23	173	43	22	11	8	9	5	3	6	13	6	13	17	9	8	12	11	13	8	25	113	97	18	10	7	12	7	5	15	4	4	1	4	1	1	1	4	3	2	5	9	5	6	5	6	5	1	3	6	4	2	2	4	3	4	2	3	5	1	0	2	0	1	4	0	4	3	4	2	2	4	0	0	1	1	0	2	0	0	2	1	1	1	0	3	3	4	1	2	3	5	0	3	0	3	5	1	2	4	2	1	1	1	5	1	3	1	6	1	1	0	1	0	1	0	1	0	2	0	0
0	0	0	6	4	8	35	69	60	17	23	18	27	36	88	78	26	21	19	14	29	27	10	10	15	9	6	9	2	9	1	16	11	11	12	13	42	211	0	59	50	76	54	34	27	16	20	28	22	16	21	17	55	29	22	15	20	12	11	7	16	11	7	11	13	5	3	7	4	10	5	17	77	100	21	12	9	6	4	1	7	4	4	4	4	5	4	3	2	2	3	1	11	7	7	3	3	2	4	3	5	1	4	6	4	4	3	0	2	1	2	0	2	0	2	5	3	1	2	0	2	0	1	1	1	2	0	1	1	2	2	0	1	4	0	1	2	2	1	2	3	4	3	0	1	1	3	4	4	3	2	3	0	2	0	3	1	1	3	3	2	0	1	1	3	2	2	4	0	2	1	0
0	0	0	3	4	2	5	15	19	7	14	5	10	27	67	30	11	16	16	13	46	50	14	29	24	12	8	4	5	5	9	6	5	2	6	10	19	46	59	0	40	76	106	240	49	11	14	32	10	11	12	17	32	73	85	27	17	18	26	12	13	18	15	32	20	18	18	13	10	33	25	38	79	97	256	37	8	5	9	5	12	5	7	1	8	11	10	4	2	8	3	10	19	18	12	9	6	4	3	4	5	3	6	5	10	4	1	5	7	3	2	2	5	2	2	2	7	1	3	2	2	4	0	5	3	1	3	2	0	2	3	2	1	3	1	1	4	3	1	4	3	6	6	3	4	1	2	1	4	3	1	5	2	8	5	4	3	4	4	5	5	2	1	1	2	2	1	1	1	1	1	0
0	0	0	5	3	8	30	27	11	4	8	4	8	19	26	16	5	9	3	4	14	18	9	9	12	5	10	8	4	9	8	8	9	11	9	10	12	53	50	40	0	241	130	78	33	18	16	17	12	10	8	14	19	38	68	54	53	40	27	23	15	14	10	28	41	17	10	8	8	13	14	14	20	27	36	14	7	4	2	6	8	3	4	5	3	6	11	3	3	3	5	2	6	8	8	2	5	5	1	2	2	3	5	4	7	6	1	3	5	3	1	2	0	1	2	2	1	3	2	0	1	1	0	2	3	1	0	1	1	2	1	2	0	0	3	2	0	1	2	2	1	4	1	5	1	3	4	1	0	4	3	0	1	1	1	0	1	2	2	0	2	2	1	0	1	0	1	1	1	3	3	0
0	0	0	4	6	8	20	24	16	12	8	10	20	22	39	27	7	14	15	9	20	22	18	17	10	10	7	8	2	8	12	15	7	5	4	6	23	63	76	76	241	0	341	89	36	13	17	17	12	9	13	6	22	36	61	30	44	35	25	14	21	22	9	17	28	7	14	8	13	15	6	21	40	48	38	21	7	4	2	4	2	5	6	2	6	4	12	3	3	4	2	11	23	8	12	5	6	5	1	5	4	4	5	3	3	6	2	1	3	2	2	0	7	3	2	2	4	1	1	1	1	1	1	1	0	0	1	2	4	2	0	0	2	2	0	1	0	3	1	0	3	3	2	2	3	4	0	1	1	2	1	1	2	1	2	2	2	2	3	5	2	1	0	0	1	3	1	1	5	0	2	0
0	0	0	2	11	10	21	18	11	10	7	6	16	25	52	18	9	12	16	9	16	19	14	17	18	3	4	6	3	5	6	10	10	9	5	8	18	36	54	106	130	341	0	128	27	14	16	13	8	10	8	9	23	40	143	30	55	57	44	20	30	22	17	46	39	14	12	15	17	21	22	21	33	34	57	27	9	4	7	3	12	6	6	5	9	8	9	7	1	5	1	10	13	13	13	14	3	5	1	2	4	2	3	7	7	10	4	7	3	3	4	5	2	2	6	1	1	0	1	2	1	2	0	1	2	2	0	4	1	1	1	0	1	2	2	0	1	2	6	3	2	2	5	4	2	3	1	2	3	2	4	4	2	4	2	5	5	2	3	2	1	1	1	1	0	3	3	0	5	0	1	0
0	0	0	2	1	4	13	17	5	4	7	8	12	19	30	16	9	8	6	8	17	26	19	19	22	12	11	8	4	9	14	11	3	3	8	9	20	50	34	240	78	89	128	0	81	23	32	30	15	12	16	12	33	153	197	31	17	18	31	13	16	24	19	38	70	26	14	12	20	24	24	34	70	57	98	31	13	4	6	12	9	1	1	9	4	10	15	6	5	6	4	13	11	15	12	8	2	1	3	4	3	2	5	12	6	7	4	5	2	2	3	1	2	1	2	1	3	3	3	1	1	4	2	1	1	2	0	2	2	1	3	0	3	2	3	0	0	5	7	2	3	4	2	0	0	1	5	3	2	3	3	5	2	0	2	5	3	4	3	2	3	1	3	2	1	2	1	0	2	1	4	0
0	0	0	4	3	7	10	16	5	4	5	6	12	9	17	18	9	5	10	8	18	17	14	28	24	18	17	12	17	9	16	18	15	4	6	5	25	45	27	49	33	36	27	81	0	50	124	89	25	20	30	19	49	228	51	18	12	11	12	10	11	17	11	20	104	29	20	27	22	28	39	48	36	33	15	21	13	16	8	11	9	3	2	3	6	10	12	3	5	5	7	13	14	22	10	5	4	1	4	4	1	3	3	6	5	3	2	4	3	3	0	4	1	5	0	3	1	3	2	5	0	2	2	3	3	0	1	3	3	2	0	2	1	1	1	2	3	3	6	2	4	7	4	1	5	1	0	3	3	3	1	1	4	2	3	3	4	3	5	5	2	2	2	2	0	1	1	4	0	2	0	0
0	0	0	3	6	8	8	8	5	2	4	6	3	8	8	14	6	10	5	8	8	20	9	30	45	52	80	34	16	16	18	8	4	9	2	8	28	21	16	11	18	13	14	23	50	0	340	100	69	48	39	42	33	40	8	4	6	5	3	3	3	4	8	8	28	20	22	15	23	23	30	88	31	24	11	14	12	15	15	10	12	4	5	2	3	6	7	5	4	5	6	8	10	10	7	2	5	2	1	3	3	4	4	8	11	7	6	8	1	0	3	3	1	3	2	2	4	4	0	3	1	4	6	6	1	0	2	4	0	2	1	0	5	0	0	1	2	4	4	5	2	9	2	2	5	0	1	3	1	4	3	4	1	2	4	4	5	0	14	9	5	3	2	3	0	3	1	2	2	2	1	0
0	0	0	7	5	1	3	19	8	1	8	4	2	7	9	13	11	3	6	4	6	17	16	27	41	32	62	23	24	25	14	12	8	11	6	13	38	20	20	14	16	17	16	32	124	340	0	218	74	27	36	25	47	61	22	11	6	2	7	4	7	6	9	15	27	15	13	18	23	20	21	75	32	27	14	11	16	22	8	9	7	2	3	2	6	4	8	6	5	4	4	11	7	10	9	4	2	3	2	2	5	0	5	6	9	2	6	1	2	0	3	3	2	3	2	1	3	5	2	1	2	1	2	2	1	3	1	1	3	3	0	0	2	0	2	2	0	3	2	3	3	2	4	3	2	1	2	3	2	1	4	0	0	3	0	6	3	4	5	5	2	1	3	0	0	1	3	1	2	2	0	0
0	0	0	1	5	8	7	20	10	5	6	4	4	7	13	16	22	10	8	8	13	13	16	24	27	20	24	31	23	24	15	14	10	11	8	17	87	64	28	32	17	17	13	30	89	100	218	0	75	26	60	57	145	70	16	5	7	4	2	5	11	7	7	8	26	10	8	16	14	21	26	78	75	33	20	7	15	11	4	7	10	3	4	3	7	5	3	4	5	3	3	9	13	10	9	2	3	1	2	0	2	3	5	1	8	2	5	8	1	0	2	2	1	1	3	2	0	1	2	2	1	5	1	5	3	4	0	1	0	1	3	2	0	2	3	2	0	3	2	3	5	6	1	5	5	3	0	3	2	3	2	1	0	4	3	3	2	4	4	2	5	3	2	1	2	5	4	2	6	0	3	0
0	0	0	2	1	4	10	6	8	3	2	0	5	8	8	15	21	9	8	6	11	18	25	24	30	22	33	61	19	10	7	5	8	6	4	5	35	25	22	10	12	12	8	15	25	69	74	75	0	191	312	136	42	27	11	9	2	2	6	3	2	8	5	6	13	12	10	10	16	14	12	75	40	35	15	13	16	23	11	10	6	1	3	3	0	3	4	2	6	2	2	5	7	5	6	9	1	4	1	3	7	7	3	8	10	5	5	1	3	2	0	2	3	3	5	3	3	1	4	0	1	4	4	1	1	2	3	3	1	1	2	0	3	1	0	1	4	1	4	6	7	4	3	3	1	5	2	1	3	1	3	1	1	3	1	2	4	2	5	3	3	1	4	4	2	2	1	4	2	3	2	0
0	0	0	3	8	4	6	8	7	2	13	0	4	6	9	21	19	18	12	12	18	25	32	25	30	11	23	34	14	12	7	6	5	9	11	8	26	19	16	11	10	9	10	12	20	48	27	26	191	0	152	101	18	21	7	2	7	4	5	5	3	5	4	3	12	8	12	11	8	17	21	52	32	15	13	17	11	19	12	11	9	6	6	4	5	6	4	6	4	3	1	5	8	11	5	9	5	4	3	6	5	4	6	16	14	6	4	2	0	3	2	3	1	3	4	1	2	3	4	1	2	6	2	3	1	2	1	2	1	4	2	1	1	5	1	1	3	1	3	4	3	6	4	3	4	4	2	4	5	7	5	5	2	2	8	1	2	4	6	5	6	3	3	3	1	4	1	4	2	0	3	0
0	0	0	4	6	3	3	13	9	3	10	7	8	5	12	38	32	16	17	19	18	27	19	12	27	23	20	50	12	15	10	9	9	1	6	18	44	24	21	12	8	13	8	16	30	39	36	60	312	152	0	861	49	18	11	6	4	8	3	2	3	6	2	6	11	3	8	6	5	14	15	45	46	30	16	8	6	9	6	12	7	8	2	3	1	5	3	6	4	8	5	3	5	6	5	5	2	3	4	2	2	4	1	8	7	1	5	6	1	3	3	2	3	1	4	0	2	2	2	2	2	3	0	2	2	2	1	2	1	0	1	3	1	0	3	1	1	3	6	5	7	7	2	5	2	4	6	3	1	2	2	3	1	4	4	5	5	5	4	0	4	1	3	3	0	4	1	4	1	3	3	0
0	0	0	3	8	8	15	18	10	8	10	8	6	7	17	42	30	29	7	19	19	28	18	29	12	16	19	41	17	11	8	7	10	6	8	18	37	23	17	17	14	6	9	12	19	42	25	57	136	101	861	0	61	21	11	3	7	4	5	6	7	4	4	7	8	2	9	11	9	7	7	29	56	43	12	8	9	19	6	7	5	3	2	3	2	4	6	3	5	5	2	1	3	7	2	3	3	3	2	2	4	5	2	8	6	3	1	2	2	0	2	3	4	3	3	2	7	3	3	1	4	3	2	3	0	0	1	1	1	1	2	4	0	2	1	1	0	1	2	2	3	3	2	4	1	1	4	2	2	3	6	4	4	3	1	5	1	4	9	3	4	4	1	2	1	1	4	1	2	5	0	0
0	0	0	3	5	13	14	27	14	9	9	8	14	13	19	34	18	21	22	13	16	37	11	16	23	9	18	30	18	12	16	12	11	10	10	24	225	173	55	32	19	22	23	33	49	33	47	145	42	18	49	61	0	36	20	4	11	4	5	11	2	6	3	9	22	9	8	16	11	20	15	35	87	63	19	15	10	7	6	6	10	2	0	4	4	6	5	10	6	3	6	2	4	5	3	5	2	2	2	3	3	2	6	2	4	5	5	3	3	2	2	0	3	1	3	2	2	3	0	3	3	1	1	3	0	1	1	2	2	2	2	0	2	0	1	2	4	2	3	2	5	5	1	6	2	1	2	2	2	3	1	5	3	2	1	0	1	6	3	6	1	3	0	1	1	2	2	0	3	0	3	0
0	0	0	4	7	9	13	14	4	4	4	6	4	12	21	17	7	11	7	10	11	26	21	49	48	22	17	13	9	9	12	13	6	2	8	8	26	43	29	73	38	36	40	153	228	40	61	70	27	21	18	21	36	0	71	20	14	6	17	7	12	11	16	29	75	18	19	21	26	53	85	151	74	54	59	34	16	15	15	8	10	8	4	10	13	7	12	7	10	4	6	9	15	16	9	7	10	2	3	2	2	2	2	4	13	9	7	4	4	3	2	2	2	3	1	3	2	4	3	1	1	3	0	2	1	0	1	3	1	1	7	1	2	0	0	3	4	3	4	4	7	6	4	5	1	4	4	1	2	4	0	1	1	0	4	3	2	6	8	5	3	1	1	2	0	3	0	3	1	2	0	0
0	0	0	1	1	7	10	12	10	8	7	5	12	15	22	9	8	2	6	5	11	16	14	15	19	7	5	6	6	5	6	10	7	2	6	6	6	22	22	85	68	61	143	197	51	8	22	16	11	7	11	11	20	71	0	50	43	17	53	25	20	48	31	116	123	32	17	23	22	32	22	16	24	23	70	33	12	4	6	9	18	6	4	3	4	9	13	8	7	1	10	12	28	29	19	12	7	5	7	4	4	6	2	6	6	11	11	6	4	0	1	4	4	3	5	0	5	1	1	4	3	3	1	1	1	1	0	1	5	0	0	0	1	1	2	1	3	1	4	10	4	10	4	4	1	1	1	2	3	3	3	3	2	2	1	8	1	2	3	3	2	3	2	2	2	1	0	1	1	1	1	0
0	0	0	1	6	8	10	10	8	3	4	6	3	7	7	5	5	6	6	4	6	8	4	9	13	9	9	3	4	5	9	11	8	3	3	5	8	11	15	27	54	30	30	31	18	4	11	5	9	2	6	3	4	20	50	0	418	41	42	29	21	24	28	52	23	14	5	12	13	12	9	10	8	5	18	15	5	1	1	3	6	5	4	9	4	12	6	8	5	3	3	3	11	10	9	9	5	5	2	6	5	0	1	5	6	3	2	4	2	2	2	1	1	2	3	2	3	2	2	0	0	0	0	1	2	1	1	2	1	2	2	2	3	0	2	3	0	2	2	3	3	1	1	1	2	0	1	2	2	2	1	3	1	0	2	2	5	5	2	2	3	2	3	0	0	1	1	1	1	0	3	0
0	0	0	1	2	4	8	5	9	2	6	9	3	13	15	1	4	2	10	3	6	8	2	12	5	3	4	6	5	3	7	8	6	5	4	6	7	8	20	17	53	44	55	17	12	6	6	7	2	7	4	7	11	14	43	418	0	93	59	34	60	38	18	41	19	13	7	4	7	7	11	11	13	11	10	12	3	6	2	1	5	3	4	3	3	6	8	4	5	4	7	5	5	12	10	8	10	1	2	6	4	5	3	1	4	4	1	2	0	1	4	0	1	2	5	3	1	4	2	0	2	1	1	2	2	1	0	1	2	2	2	2	0	1	4	2	3	0	4	2	2	4	1	2	1	2	0	2	3	2	2	1	1	3	3	3	1	7	2	1	0	4	0	0	3	2	3	0	0	2	1	0
0	0	0	0	6	5	11	4	13	5	8	5	18	23	24	7	7	5	4	6	9	8	3	7	5	2	4	1	4	5	6	7	5	5	0	5	4	9	12	18	40	35	57	18	11	5	2	4	2	4	8	4	4	6	17	41	93	0	91	37	139	19	13	22	10	7	4	4	6	4	6	11	13	8	15	12	4	4	3	3	2	7	5	5	7	3	5	6	1	3	6	1	3	9	10	5	3	2	5	2	4	4	2	4	9	5	4	4	7	0	1	3	2	0	0	2	2	0	0	1	1	2	0	1	0	0	2	2	0	3	1	2	1	0	1	2	1	4	1	4	1	4	2	4	1	1	1	1	3	4	3	0	1	1	0	2	2	1	3	0	1	1	2	0	0	0	2	0	3	5	0	0
0	0	0	3	5	3	3	7	11	5	8	3	6	20	14	7	8	3	4	6	5	8	10	14	6	6	5	1	2	2	4	5	3	0	5	3	7	5	11	26	27	25	44	31	12	3	7	2	6	5	3	5	5	17	53	42	59	91	0	149	251	120	42	44	18	16	8	11	14	13	14	7	10	13	32	19	12	4	4	4	15	10	7	10	7	9	12	11	4	1	6	17	27	12	20	6	9	2	4	3	3	4	1	5	9	8	11	6	6	6	4	0	3	2	3	1	3	3	3	4	3	3	3	0	0	0	1	4	0	1	2	3	1	4	2	1	0	0	3	2	7	3	3	2	3	2	2	2	3	2	3	1	1	1	3	2	3	4	5	2	4	4	0	0	1	1	0	3	3	0	1	0
0	0	0	2	2	3	3	6	3	3	4	4	4	3	13	4	4	1	7	2	5	9	5	5	7	4	5	1	0	2	3	3	4	0	2	6	5	3	7	12	23	14	20	13	10	3	4	5	3	5	2	6	11	7	25	29	34	37	149	0	192	89	56	23	17	15	5	6	3	13	9	3	8	10	18	9	5	2	3	5	6	3	11	9	12	15	12	6	1	8	7	6	11	20	18	13	7	5	9	11	7	2	2	3	7	3	5	6	2	2	6	1	3	1	3	2	2	4	2	1	0	0	0	1	0	0	1	1	2	1	1	3	1	0	3	2	1	3	3	4	1	2	4	3	0	1	2	0	1	1	1	3	2	3	2	1	3	3	1	2	2	3	1	1	0	1	2	1	3	2	2	0
0	0	0	0	2	7	8	6	3	9	6	4	6	17	12	4	1	4	2	7	7	8	7	7	1	5	3	1	4	0	5	7	4	9	6	2	5	6	16	13	15	21	30	16	11	3	7	11	2	3	3	7	2	12	20	21	60	139	251	192	0	53	27	25	12	8	3	4	10	3	6	13	7	9	21	10	6	5	2	1	13	8	9	2	9	8	11	3	4	6	4	6	13	14	8	5	8	2	2	5	4	3	7	6	4	6	1	5	8	1	3	1	3	4	2	2	3	1	4	1	0	2	0	2	2	1	1	0	1	2	1	3	0	3	2	0	1	2	1	4	3	3	4	1	2	0	2	3	1	2	0	1	2	5	4	2	0	3	2	0	0	1	1	0	2	1	1	1	2	0	0	0
0	0	0	5	4	0	5	6	8	2	5	5	10	12	12	4	6	2	5	4	15	7	10	13	6	8	5	2	2	2	3	6	5	2	2	1	6	13	11	18	14	22	22	24	17	4	6	7	8	5	6	4	6	11	48	24	38	19	120	89	53	0	134	91	33	20	10	8	8	22	18	9	9	5	34	35	9	6	13	6	10	8	13	11	15	22	27	10	8	12	11	18	49	31	29	18	21	2	5	9	4	5	6	9	11	13	10	11	9	4	6	5	6	5	5	3	3	1	1	1	2	2	4	1	1	1	1	1	2	2	1	1	1	1	1	3	3	0	2	4	3	7	3	4	1	1	2	4	3	3	5	1	4	2	2	4	4	1	7	5	3	3	0	1	0	3	0	1	0	3	1	0
0	0	0	1	1	3	5	6	3	4	6	2	3	3	5	5	3	4	5	2	3	12	5	12	9	5	4	3	3	6	7	8	1	3	2	2	8	6	7	15	10	9	17	19	11	8	9	7	5	4	2	4	3	16	31	28	18	13	42	56	27	134	0	135	26	30	14	14	14	15	11	7	8	11	16	29	8	4	8	12	18	11	13	16	25	56	36	21	9	13	14	28	78	38	26	15	16	10	7	8	5	6	6	2	13	19	4	11	5	5	2	1	3	4	2	3	4	3	4	2	3	5	2	2	2	3	2	0	1	3	1	1	1	2	1	3	1	5	6	6	6	2	1	2	0	1	5	3	3	3	0	1	1	3	5	3	2	1	4	5	2	1	4	2	0	0	0	1	2	0	2	0
0	0	0	1	5	6	6	4	4	2	3	6	8	13	13	9	3	6	10	4	4	8	7	19	16	9	6	5	3	4	7	8	7	1	3	1	8	13	11	32	28	17	46	38	20	8	15	8	6	3	6	7	9	29	116	52	41	22	44	23	25	91	135	0	82	57	12	23	16	34	27	11	10	14	30	39	14	8	13	4	14	9	8	15	7	25	33	14	7	11	6	23	66	34	17	13	6	3	5	7	4	3	2	3	14	10	8	5	3	4	1	5	3	1	7	3	2	6	2	5	0	0	3	0	3	1	0	3	1	1	1	1	1	1	1	4	7	2	2	4	4	4	2	3	0	3	3	1	4	2	3	0	3	3	4	5	1	5	4	4	2	2	1	0	0	0	1	0	0	2	1	0
0	0	0	2	4	10	9	8	2	3	5	3	5	9	12	9	6	2	6	9	10	10	10	27	25	17	13	8	2	11	6	13	9	6	3	7	8	17	13	20	41	28	39	70	104	28	27	26	13	12	11	8	22	75	123	23	19	10	18	17	12	33	26	82	0	112	21	41	38	48	48	35	26	16	41	27	20	12	7	11	14	3	9	4	7	12	15	14	8	4	5	15	32	29	12	6	10	7	7	4	3	1	9	6	13	7	4	2	3	3	5	2	3	4	1	4	3	4	5	1	1	2	3	4	2	0	2	0	0	1	2	3	2	1	1	1	2	4	3	6	2	5	2	0	1	0	4	2	0	3	3	2	3	4	4	2	2	6	8	4	1	4	2	3	1	6	0	3	3	2	3	0
0	0	0	3	1	8	6	8	3	2	6	3	4	3	11	4	9	2	1	1	8	16	9	26	36	19	17	1	2	10	6	9	5	5	1	5	5	9	5	18	17	7	14	26	29	20	15	10	12	8	3	2	9	18	32	14	13	7	16	15	8	20	30	57	112	0	65	146	113	58	77	19	10	8	24	48	38	14	20	16	43	10	15	9	9	23	37	25	11	8	21	42	82	95	33	15	15	6	3	4	7	6	2	8	14	15	7	10	6	4	3	6	2	3	6	5	5	3	2	4	3	2	0	3	1	0	1	2	2	3	5	0	1	0	0	1	2	3	6	7	5	6	4	2	2	2	4	1	6	0	3	2	0	3	4	7	4	6	5	2	4	0	2	1	3	3	0	2	2	3	0	0
0	0	0	1	6	1	2	5	4	0	2	1	5	5	4	6	1	6	5	3	8	7	10	20	38	38	9	10	6	5	7	3	5	4	0	7	2	8	3	18	10	14	12	14	20	22	13	8	10	12	8	9	8	19	17	5	7	4	8	5	3	10	14	12	21	65	0	252	134	26	42	18	7	10	9	17	39	20	25	28	21	12	4	5	9	12	16	25	19	12	26	28	20	22	7	6	4	8	7	5	8	4	3	9	24	10	9	16	6	9	8	8	1	3	0	3	4	6	4	3	2	4	2	2	1	4	1	4	3	2	5	3	2	3	1	2	0	1	10	5	9	11	10	2	3	2	1	4	7	1	3	1	2	1	5	7	14	6	12	8	3	2	2	2	2	2	3	3	5	3	0	0
0	0	0	1	2	5	1	3	2	5	3	3	3	5	10	6	3	4	3	1	2	12	10	29	57	28	16	9	9	3	6	8	6	2	3	4	5	12	7	13	8	8	15	12	27	15	18	16	10	11	6	11	16	21	23	12	4	4	11	6	4	8	14	23	41	146	252	0	1097	68	113	34	19	8	18	20	72	26	27	23	25	7	16	3	4	10	26	17	20	18	16	37	41	46	14	7	8	5	6	3	8	7	3	21	35	9	10	13	6	4	8	5	2	2	3	7	7	2	2	4	1	9	3	4	2	3	5	3	1	0	4	1	2	4	3	2	5	1	6	17	11	7	5	5	3	4	3	2	2	2	2	4	3	2	8	9	11	4	13	5	3	8	2	0	4	1	2	2	2	3	1	0
0	0	0	2	3	1	3	3	1	3	1	2	6	3	6	7	2	2	6	3	10	2	16	37	47	32	10	7	10	4	8	6	5	3	2	1	5	11	4	10	8	13	17	20	22	23	23	14	16	8	5	9	11	26	22	13	7	6	14	3	10	8	14	16	38	113	134	1097	0	100	125	19	10	11	15	32	165	29	34	32	58	10	13	9	7	16	34	23	17	13	29	33	42	65	17	13	10	8	10	5	6	4	11	20	50	11	10	11	8	6	7	4	3	2	4	4	4	12	2	5	3	4	1	2	4	3	3	2	2	3	3	4	2	0	4	4	5	4	6	13	8	11	4	2	2	3	0	2	2	4	3	2	3	4	2	6	10	10	9	7	7	4	3	2	1	3	5	6	2	2	3	0
0	0	0	2	3	5	4	8	5	2	2	3	6	9	15	8	12	7	4	5	12	21	35	176	111	23	13	6	5	3	6	2	3	3	2	3	11	13	10	33	13	15	21	24	28	23	20	21	14	17	14	7	20	53	32	12	7	4	13	13	3	22	15	34	48	58	26	68	100	0	679	51	27	16	53	269	110	30	19	25	52	17	15	11	10	13	40	22	16	13	17	23	67	77	41	22	13	4	6	6	5	8	15	25	55	19	13	18	9	7	11	4	5	4	7	8	2	3	2	6	1	3	0	2	0	2	1	0	2	3	1	2	1	0	5	6	1	2	12	19	17	7	6	5	5	4	7	4	6	4	10	3	5	5	5	5	7	9	10	9	8	6	2	3	2	3	3	2	2	3	4	0
0	0	0	2	5	4	7	8	7	3	1	2	9	7	11	2	9	3	2	10	14	22	26	173	166	28	14	13	4	5	5	8	4	4	3	4	12	8	5	25	14	6	22	24	39	30	21	26	12	21	15	7	15	85	22	9	11	6	14	9	6	18	11	27	48	77	42	113	125	679	0	74	24	20	38	101	103	39	33	22	43	16	5	10	9	14	15	15	12	11	19	29	39	59	22	9	13	1	8	4	8	7	4	23	43	13	9	18	7	4	8	3	2	3	4	7	8	8	1	2	2	5	1	2	2	3	0	2	1	3	5	0	1	1	2	2	2	4	3	3	8	10	5	3	2	5	5	5	6	4	5	3	6	4	3	6	2	7	6	6	6	3	6	5	1	2	0	3	0	2	2	0
0	0	0	2	4	2	5	5	10	5	3	6	5	4	14	21	14	8	13	16	16	30	39	106	187	39	25	22	11	14	9	4	7	5	5	6	20	25	17	38	14	21	21	34	48	88	75	78	75	52	45	29	35	151	16	10	11	11	7	3	13	9	7	11	35	19	18	34	19	51	74	0	67	33	30	28	27	28	21	15	10	14	2	6	1	5	11	6	4	5	7	8	18	23	7	8	7	4	3	5	6	6	4	15	12	10	6	7	0	4	4	1	2	0	2	6	3	3	1	2	1	2	3	0	3	2	1	2	0	2	3	2	3	3	4	2	3	1	4	6	12	10	3	3	2	3	2	2	9	4	4	0	2	1	7	5	6	3	9	7	9	8	4	1	0	0	7	2	1	0	0	0
0	0	0	6	7	5	6	22	15	4	15	4	13	12	43	87	18	18	17	19	40	81	30	36	23	12	19	14	6	10	11	2	5	2	4	14	31	113	77	79	20	40	33	70	36	31	32	75	40	32	46	56	87	74	24	8	13	13	10	8	7	9	8	10	26	10	7	19	10	27	24	67	0	470	50	24	9	12	8	8	6	6	2	2	0	5	8	7	1	4	4	7	12	7	11	4	7	2	4	6	3	6	3	6	11	9	2	4	3	0	1	4	0	2	2	3	2	3	3	1	1	0	0	1	1	1	1	2	1	2	2	2	1	0	5	1	1	2	3	7	4	6	4	5	1	2	4	3	4	4	2	4	3	1	3	2	6	2	4	8	7	5	1	1	1	2	3	0	0	4	1	0
0	0	0	5	3	8	20	26	33	7	12	7	13	30	105	111	31	32	28	26	45	112	48	17	17	13	11	4	7	14	6	7	9	5	4	10	30	97	100	97	27	48	34	57	33	24	27	33	35	15	30	43	63	54	23	5	11	8	13	10	9	5	11	14	16	8	10	8	11	16	20	33	470	0	55	23	14	5	8	6	6	3	4	5	8	6	3	6	4	4	1	12	10	8	6	5	3	4	1	5	4	1	5	5	5	5	4	0	1	2	6	1	1	1	4	1	7	3	1	2	3	2	2	2	6	2	4	2	0	1	0	3	0	1	1	1	3	2	8	2	3	3	4	4	1	2	1	3	3	2	3	2	2	2	4	6	3	1	4	5	0	1	4	1	3	3	3	4	3	1	0	0
0	0	0	6	4	2	10	10	9	3	4	2	7	20	48	23	4	7	12	6	23	53	42	45	24	8	8	11	4	4	3	6	4	4	2	4	13	18	21	256	36	38	57	98	15	11	14	20	15	13	16	12	19	59	70	18	10	15	32	18	21	34	16	30	41	24	9	18	15	53	38	30	50	55	0	80	15	13	12	12	14	4	7	7	9	8	8	12	9	1	5	12	24	22	24	18	4	3	5	6	7	6	1	7	13	9	9	8	5	1	4	2	3	6	3	4	1	2	2	4	1	3	0	2	2	2	1	0	2	1	2	2	1	2	2	2	7	6	5	1	8	9	2	2	4	3	4	7	2	1	4	3	3	0	2	4	2	6	8	2	3	2	0	4	2	3	3	3	2	1	1	0
0	0	0	3	2	3	4	5	5	3	3	4	8	12	10	12	8	7	10	8	10	19	28	100	33	6	13	7	8	3	6	4	1	2	6	1	6	10	12	37	14	21	27	31	21	14	11	7	13	17	8	8	15	34	33	15	12	12	19	9	10	35	29	39	27	48	17	20	32	269	101	28	24	23	80	0	53	19	16	17	54	25	11	13	6	24	48	25	14	19	19	28	78	125	63	25	18	9	5	9	8	5	5	22	37	26	6	3	5	7	3	6	4	5	6	5	5	8	2	2	1	6	3	1	0	3	2	3	1	1	3	2	3	2	3	1	1	2	5	7	9	9	8	5	4	1	5	5	5	3	6	1	5	1	4	5	4	4	10	5	7	4	7	0	3	0	3	4	5	1	2	0
0	0	0	0	0	5	4	3	4	1	2	2	7	6	4	4	3	6	5	3	7	13	24	65	60	19	12	10	8	6	3	1	0	3	6	6	5	7	9	8	7	7	9	13	13	12	16	15	16	11	6	9	10	16	12	5	3	4	12	5	6	9	8	14	20	38	39	72	165	110	103	27	9	14	15	53	0	52	94	72	114	20	6	10	7	15	26	23	31	21	29	32	28	42	32	14	11	6	9	13	9	7	13	39	121	15	27	24	10	6	8	6	2	2	6	14	9	12	5	12	5	8	5	5	4	4	0	3	2	2	2	1	3	4	2	5	2	5	26	13	18	20	9	3	5	2	2	4	4	7	8	3	0	7	7	12	12	12	26	10	11	7	5	2	6	2	2	1	1	7	1	0
0	0	0	2	2	1	5	2	2	4	3	4	3	3	7	5	5	1	7	6	7	5	18	42	53	36	17	9	5	3	2	4	4	2	3	8	6	12	6	5	4	4	4	4	16	15	22	11	23	19	9	19	7	15	4	1	6	4	4	2	5	6	4	8	12	14	20	26	29	30	39	28	12	5	13	19	52	0	308	234	25	6	6	2	5	3	8	11	22	9	12	12	12	19	17	6	3	6	5	5	9	10	10	34	35	13	10	17	7	5	6	4	5	3	3	8	12	7	9	4	7	3	3	8	1	2	6	2	1	8	3	2	1	1	6	2	7	4	13	18	14	23	5	4	4	8	4	5	6	8	11	0	1	7	12	15	13	5	33	12	18	6	5	5	0	5	3	6	6	8	5	0
0	0	0	2	1	1	3	2	4	1	5	1	2	4	3	0	7	3	3	4	11	11	17	47	36	25	12	7	6	0	3	4	3	0	0	2	6	7	4	9	2	2	7	6	8	15	8	4	11	12	6	6	6	15	6	1	2	3	4	3	2	13	8	13	7	20	25	27	34	19	33	21	8	8	12	16	94	308	0	625	38	11	7	6	4	8	10	4	17	19	12	17	12	16	15	11	9	3	6	5	12	14	10	60	45	17	21	23	8	4	4	7	3	5	5	9	16	11	6	4	8	8	5	3	2	1	1	3	2	2	2	3	3	1	0	3	8	6	25	17	32	28	12	8	4	8	8	4	13	9	7	3	2	7	13	26	8	22	47	26	16	7	10	2	2	3	2	5	1	3	3	0
0	0	0	0	4	1	2	3	2	1	2	3	3	1	2	5	6	2	4	6	3	9	13	23	32	14	18	7	4	4	4	2	0	0	0	2	6	5	1	5	6	4	3	12	11	10	9	7	10	11	12	7	6	8	9	3	1	3	4	5	1	6	12	4	11	16	28	23	32	25	22	15	8	6	12	17	72	234	625	0	46	11	9	7	5	5	15	17	23	18	21	18	13	16	21	13	18	5	6	9	19	10	12	56	60	16	18	24	11	5	15	10	3	6	6	8	16	19	9	7	4	11	8	3	4	3	4	4	6	2	4	3	2	0	6	4	4	11	25	22	30	18	11	6	5	5	1	7	10	11	10	6	4	10	12	26	19	16	59	24	26	12	2	8	2	7	3	7	5	3	3	0
0	0	0	1	0	4	6	2	3	1	2	2	6	3	8	3	5	1	5	3	4	9	13	37	25	9	8	6	5	1	5	3	4	3	2	2	4	15	7	12	8	2	12	9	9	12	7	10	6	9	7	5	10	10	18	6	5	2	15	6	13	10	18	14	14	43	21	25	58	52	43	10	6	6	14	54	114	25	38	46	0	51	29	12	15	25	86	66	48	56	60	106	53	70	68	36	27	8	10	9	21	12	16	29	590	55	43	57	29	14	12	10	6	3	10	19	9	7	10	4	4	9	6	4	1	2	1	2	2	4	6	3	2	2	5	10	5	5	30	23	15	12	10	9	1	4	3	7	10	3	5	8	2	5	10	10	8	10	16	5	9	3	5	5	1	2	4	6	5	4	2	0
0	0	0	1	0	2	3	4	0	1	1	1	0	3	1	2	3	3	1	4	5	5	11	7	9	7	6	2	1	3	1	4	3	1	2	3	5	4	4	5	3	5	6	1	3	4	2	3	1	6	8	3	2	8	6	5	3	7	10	3	8	8	11	9	3	10	12	7	10	17	16	14	6	3	4	25	20	6	11	11	51	0	132	62	21	31	52	49	47	78	49	45	20	29	64	80	226	38	48	102	30	22	22	17	61	155	63	55	68	29	17	20	9	13	30	19	15	5	8	10	5	8	5	2	4	2	2	2	3	5	4	0	2	4	11	8	6	17	26	19	15	13	3	5	7	2	5	5	11	5	3	2	4	5	11	3	11	9	8	6	10	6	4	3	2	1	1	6	1	5	3	0
0	0	0	1	1	1	1	0	4	2	2	3	0	2	6	3	4	1	2	3	3	4	6	6	2	1	4	3	1	1	1	2	1	2	1	1	1	4	4	7	4	6	6	1	2	5	3	4	3	6	2	2	0	4	4	4	4	5	7	11	9	13	13	8	9	15	4	16	13	15	5	2	2	4	7	11	6	6	7	9	29	132	0	230	67	48	47	33	38	47	49	31	23	25	33	49	590	50	67	49	20	6	9	13	26	39	26	31	39	28	21	13	10	9	17	10	8	7	6	9	5	5	3	2	3	2	2	3	1	2	1	3	3	3	4	4	9	7	7	14	10	9	5	5	3	3	2	4	5	3	2	3	4	4	6	4	7	5	4	4	11	2	0	3	1	0	1	0	3	2	4	0
0	0	0	1	2	1	1	1	5	1	3	2	2	4	3	3	3	0	2	1	1	2	3	5	0	4	1	3	0	2	1	3	3	2	2	2	2	1	4	1	5	2	5	9	3	2	2	3	3	4	3	3	4	10	3	9	3	5	10	9	2	11	16	15	4	9	5	3	9	11	10	6	2	5	7	13	10	2	6	7	12	62	230	0	114	42	45	23	15	12	24	30	27	14	44	45	248	43	35	36	15	4	11	10	8	26	20	16	17	23	15	5	6	12	9	10	7	10	3	2	4	5	3	1	2	0	1	1	0	5	3	1	3	5	6	3	7	8	13	6	15	10	7	2	3	1	2	5	3	2	4	2	4	5	3	5	3	5	2	5	2	4	3	0	1	2	0	3	1	3	4	0
0	0	0	2	1	1	0	3	0	2	6	5	1	3	6	1	2	4	4	3	2	7	4	8	2	5	2	1	3	2	1	2	2	1	1	3	1	4	4	8	3	6	9	4	6	3	6	7	0	5	1	2	4	13	4	4	3	7	7	12	9	15	25	7	7	9	9	4	7	10	9	1	0	8	9	6	7	5	4	5	15	21	67	114	0	101	41	23	13	18	27	28	16	13	22	22	64	30	16	14	9	4	7	6	8	15	10	12	13	17	7	5	3	8	5	13	9	7	2	2	3	3	0	2	1	0	3	1	2	0	5	2	1	3	5	2	2	6	12	9	6	5	3	8	4	2	1	3	4	4	1	1	2	2	3	3	4	5	3	5	1	1	2	4	2	1	3	3	2	3	2	0
0	0	0	0	3	2	3	5	4	2	5	1	1	4	6	8	2	2	2	4	1	3	6	13	9	8	5	0	4	3	5	1	2	1	0	5	2	1	5	11	6	4	8	10	10	6	4	5	3	6	5	4	6	7	9	12	6	3	9	15	8	22	56	25	12	23	12	10	16	13	14	5	5	6	8	24	15	3	8	5	25	31	48	42	101	0	122	52	20	24	52	67	59	36	19	20	36	19	15	9	10	10	3	6	11	19	8	14	9	6	12	4	7	6	14	8	10	2	4	2	2	2	1	6	0	2	0	2	2	5	1	5	0	3	2	1	4	5	3	9	11	8	0	1	7	2	4	1	3	3	1	3	2	5	4	6	3	5	6	5	3	1	4	5	2	3	2	2	1	1	3	0
0	0	0	0	3	2	6	4	4	2	4	2	4	5	9	4	4	1	3	5	7	6	6	21	15	7	5	3	3	3	1	3	4	1	2	3	2	1	4	10	11	12	9	15	12	7	8	3	4	4	3	6	5	12	13	6	8	5	12	12	11	27	36	33	15	37	16	26	34	40	15	11	8	3	8	48	26	8	10	15	86	52	47	45	41	122	0	94	34	30	60	274	168	146	94	43	50	17	15	23	14	4	8	13	51	38	23	29	12	9	4	5	7	4	10	8	9	5	6	9	2	2	3	3	3	5	2	2	3	2	1	3	2	3	5	3	6	12	20	10	12	3	2	4	2	3	3	6	2	6	3	2	3	1	7	4	5	5	7	7	5	7	2	2	3	2	2	2	2	7	2	0
0	0	0	0	1	2	3	5	1	1	1	2	0	1	5	2	3	5	2	5	7	5	10	15	12	8	4	4	2	3	5	2	3	0	5	0	1	1	3	4	3	3	7	6	3	5	6	4	2	6	6	3	10	7	8	8	4	6	11	6	3	10	21	14	14	25	25	17	23	22	15	6	7	6	12	25	23	11	4	17	66	49	33	23	23	52	94	0	60	76	650	379	45	34	31	19	33	21	10	16	12	9	10	11	39	26	28	41	18	8	15	6	4	12	10	13	10	6	8	1	2	5	2	3	5	2	3	2	6	5	2	1	3	2	5	2	8	5	11	23	11	7	4	8	5	4	5	5	4	5	5	3	5	4	11	9	9	5	10	7	3	6	4	2	3	2	2	1	1	2	0	0
0	0	0	1	3	1	1	1	5	4	0	3	2	2	4	4	6	5	6	2	4	5	11	12	9	6	8	2	5	4	2	1	2	0	4	1	1	4	2	2	3	3	1	5	5	4	5	5	6	4	4	5	6	10	7	5	5	1	4	1	4	8	9	7	8	11	19	20	17	16	12	4	1	4	9	14	31	22	17	23	48	47	38	15	13	20	34	60	0	476	131	37	13	22	12	17	22	19	20	20	14	14	19	20	53	38	78	275	52	26	25	18	11	9	23	22	17	25	20	8	10	11	8	5	1	4	3	3	2	6	2	5	3	4	13	3	14	16	45	71	26	18	9	5	5	3	0	6	8	1	2	8	2	10	11	17	13	16	15	10	11	6	7	3	2	3	4	8	2	7	2	0
0	0	0	0	4	0	4	3	1	1	3	0	5	0	2	2	1	2	0	4	3	11	2	11	7	2	4	3	3	2	1	0	1	2	1	2	0	3	2	8	3	4	5	6	5	5	4	3	2	3	8	5	3	4	1	3	4	3	1	8	6	12	13	11	4	8	12	18	13	13	11	5	4	4	1	19	21	9	19	18	56	78	47	12	18	24	30	76	476	0	189	50	24	27	20	26	45	17	35	37	25	12	17	16	34	49	99	157	61	19	36	19	15	9	26	33	22	15	14	14	5	11	7	4	2	1	2	3	3	4	5	6	3	3	8	7	7	18	37	39	19	13	6	4	7	3	5	4	3	5	5	4	5	6	6	17	8	14	13	8	10	5	5	3	2	5	2	5	6	5	3	0
0	0	0	1	1	4	1	2	1	0	2	1	2	1	8	3	1	2	5	4	4	3	8	13	7	7	2	4	4	3	1	3	1	1	1	2	4	2	3	3	5	2	1	4	7	6	4	3	2	1	5	2	6	6	10	3	7	6	6	7	4	11	14	6	5	21	26	16	29	17	19	7	4	1	5	19	29	12	12	21	60	49	49	24	27	52	60	650	131	189	0	140	36	28	22	13	30	10	19	19	8	7	12	9	46	41	38	47	32	16	28	9	4	9	13	13	18	11	12	7	5	7	8	3	1	1	1	2	3	3	3	3	3	3	5	4	5	8	27	23	11	10	7	8	2	3	0	8	6	5	6	3	2	3	6	11	8	11	11	10	3	2	9	1	0	2	2	5	5	1	0	0
0	0	0	2	1	0	0	5	5	4	0	0	1	1	4	1	0	3	5	4	2	2	5	12	14	9	5	1	3	5	3	1	2	0	1	1	3	5	1	10	2	11	10	13	13	8	11	9	5	5	3	1	2	9	12	3	5	1	17	6	6	18	28	23	15	42	28	37	33	23	29	8	7	12	12	28	32	12	17	18	106	45	31	30	28	67	274	379	37	50	140	0	100	97	40	23	37	16	11	13	14	7	4	17	54	26	23	32	21	8	3	13	2	7	6	11	10	6	6	1	4	6	3	2	2	2	3	2	5	1	1	2	1	4	2	4	8	9	8	12	7	13	5	5	5	3	8	4	4	1	5	3	1	4	5	7	4	5	12	7	4	0	4	1	7	5	1	5	2	4	2	0
0	0	0	3	2	5	0	4	6	2	4	5	3	10	10	5	1	5	7	2	7	14	11	14	18	11	5	6	5	2	5	3	6	1	0	2	4	9	11	19	6	23	13	11	14	10	7	13	7	8	5	3	4	15	28	11	5	3	27	11	13	49	78	66	32	82	20	41	42	67	39	18	12	10	24	78	28	12	12	13	53	20	23	27	16	59	168	45	13	24	36	100	0	814	53	22	23	6	8	12	11	6	6	12	38	17	15	13	12	6	4	5	1	1	10	5	4	6	3	6	3	3	4	1	4	0	2	1	6	1	2	1	1	4	3	3	2	5	8	9	9	11	0	3	1	0	2	1	3	1	5	3	2	3	4	6	6	9	6	5	2	5	2	3	0	1	3	3	3	0	5	0
0	0	0	0	3	1	6	7	9	2	1	3	6	4	9	7	7	2	6	11	6	9	14	25	26	11	9	2	2	2	3	3	5	3	1	4	9	5	7	18	8	8	13	15	22	10	10	10	5	11	6	7	5	16	29	10	12	9	12	20	14	31	38	34	29	95	22	46	65	77	59	23	7	8	22	125	42	19	16	16	70	29	25	14	13	36	146	34	22	27	28	97	814	0	65	26	22	8	10	13	9	8	6	17	57	12	17	21	4	7	5	8	4	3	4	8	8	4	6	5	6	5	2	2	5	3	2	3	5	1	0	1	2	1	6	5	6	7	6	12	7	10	5	3	3	2	3	3	3	2	4	5	1	2	5	4	8	6	10	6	4	3	3	3	0	1	2	6	1	3	5	0
0	0	0	1	4	3	5	4	4	7	5	2	4	4	7	6	6	5	3	6	9	5	16	29	10	6	7	2	1	4	7	3	4	3	1	5	4	6	7	12	8	12	13	12	10	7	9	9	6	5	5	2	3	9	19	9	10	10	20	18	8	29	26	17	12	33	7	14	17	41	22	7	11	6	24	63	32	17	15	21	68	64	33	44	22	19	94	31	12	20	22	40	53	65	0	129	46	16	10	17	17	9	13	25	47	83	27	16	14	15	13	10	5	6	11	10	8	12	5	2	3	7	4	2	1	1	1	2	2	2	0	3	1	3	5	3	4	7	10	9	10	7	5	2	4	4	2	5	7	5	8	4	1	5	3	5	7	9	9	10	5	4	2	1	3	0	2	5	1	2	4	0
0	0	0	3	1	2	2	6	4	4	2	4	0	11	4	8	1	6	5	3	7	6	9	14	10	3	6	3	2	0	3	4	1	2	2	2	1	5	3	9	2	5	14	8	5	2	4	2	9	9	5	3	5	7	12	9	8	5	6	13	5	18	15	13	6	15	6	7	13	22	9	8	4	5	18	25	14	6	11	13	36	80	49	45	22	20	43	19	17	26	13	23	22	26	129	0	74	19	27	44	40	20	14	19	21	115	31	21	18	15	13	7	5	9	17	10	9	9	3	8	5	6	2	3	1	2	3	3	3	3	2	1	3	3	4	5	6	8	5	6	13	13	9	2	1	1	4	12	8	6	4	5	7	4	11	8	6	4	4	5	4	6	2	2	1	1	1	4	4	5	2	0
0	0	0	3	4	1	2	2	2	0	3	3	3	3	1	6	2	5	2	6	7	2	5	12	9	6	2	2	3	0	2	1	2	0	0	5	6	6	3	6	5	6	3	2	4	5	2	3	1	5	2	3	2	10	7	5	10	3	9	7	8	21	16	6	10	15	4	8	10	13	13	7	7	3	4	18	11	3	9	18	27	226	590	248	64	36	50	33	22	45	30	37	23	22	46	74	0	37	45	51	31	8	12	12	21	51	35	26	31	30	18	12	10	12	19	9	9	8	5	6	4	7	1	3	3	1	4	3	5	3	1	4	7	3	4	10	4	11	11	6	18	9	8	4	4	1	3	5	5	1	2	9	2	4	8	4	2	7	6	2	8	8	1	0	2	2	3	1	4	3	5	0
0	0	0	0	0	2	0	2	1	2	1	2	2	0	1	2	2	2	1	4	2	3	5	4	4	2	2	3	2	1	1	0	1	0	1	1	3	5	2	4	5	5	5	1	1	2	3	1	4	4	3	3	2	2	5	5	1	2	2	5	2	2	10	3	7	6	8	5	8	4	1	4	2	4	3	9	6	6	3	5	8	38	50	43	30	19	17	21	19	17	10	16	6	8	16	19	37	0	310	70	17	12	13	11	7	18	13	19	46	95	41	11	8	16	42	10	16	4	6	8	4	6	4	3	6	3	0	0	1	2	5	5	1	9	3	16	7	12	12	15	7	9	4	4	6	4	1	7	7	6	4	4	1	2	3	3	6	5	8	5	6	7	3	2	1	3	3	1	4	2	5	0
0	0	0	5	3	1	2	1	2	1	4	1	0	2	0	3	0	1	3	3	4	4	1	8	7	3	0	2	2	3	1	3	0	2	1	1	1	1	4	3	1	1	1	3	4	1	2	2	1	3	4	2	2	3	7	2	2	5	4	9	2	5	7	5	7	3	7	6	10	6	8	3	4	1	5	5	9	5	6	6	10	48	67	35	16	15	15	10	20	35	19	11	8	10	10	27	45	310	0	72	14	14	8	10	13	18	22	31	106	115	67	15	20	19	34	22	11	16	5	12	6	10	2	2	2	1	3	2	4	4	8	2	2	8	10	6	6	20	18	17	13	5	7	8	6	7	2	2	7	2	2	1	6	4	3	9	5	5	6	5	6	5	3	2	2	5	3	1	2	5	2	0
0	0	0	3	2	1	1	3	1	2	0	1	5	3	3	0	4	0	1	3	5	4	5	4	5	5	7	1	2	1	1	0	1	1	1	1	3	3	3	4	2	5	2	4	4	3	2	0	3	6	2	2	3	2	4	6	6	2	3	11	5	9	8	7	4	4	5	3	5	6	4	5	6	5	6	9	13	5	5	9	9	102	49	36	14	9	23	16	20	37	19	13	12	13	17	44	51	70	72	0	54	24	18	11	19	50	44	32	65	81	57	19	17	16	52	24	18	9	8	4	9	6	5	7	1	2	0	2	1	5	9	2	5	9	7	16	11	23	17	12	15	15	11	7	12	8	6	11	7	7	7	5	1	4	6	9	2	11	7	6	7	5	3	7	2	6	3	1	6	6	4	0
0	0	0	1	1	4	2	3	0	1	1	1	2	4	3	2	3	2	3	5	2	6	10	10	7	3	2	2	0	1	2	4	2	3	2	0	3	6	5	5	2	4	4	3	1	3	5	2	7	5	2	4	3	2	4	5	4	4	3	7	4	4	5	4	3	7	8	8	6	5	8	6	3	4	7	8	9	9	12	19	21	30	20	15	9	10	14	12	14	25	8	14	11	9	17	40	31	17	14	54	0	94	74	29	17	79	55	34	20	31	31	15	21	20	27	42	21	15	14	18	8	13	5	4	2	1	1	5	8	4	7	1	5	9	11	16	20	40	35	27	34	45	18	9	12	8	7	14	16	10	10	12	5	14	13	12	10	12	19	10	7	7	9	4	11	3	2	3	1	2	7	0
0	0	0	2	1	1	2	1	3	1	1	4	0	0	1	3	3	2	5	3	4	4	4	6	3	0	0	3	2	1	1	1	3	2	0	1	0	4	1	3	3	4	2	2	3	4	0	3	7	4	4	5	2	2	6	0	5	4	4	2	3	5	6	3	1	6	4	7	4	8	7	6	6	1	6	5	7	10	14	10	12	22	6	4	4	10	4	9	14	12	7	7	6	8	9	20	8	12	14	24	94	0	410	25	21	25	42	21	13	17	19	15	13	14	34	44	38	19	27	13	13	22	7	3	7	3	2	6	5	8	6	5	3	12	18	33	23	77	30	13	46	72	71	32	19	18	24	40	23	18	33	15	14	25	33	18	8	21	14	10	12	9	9	3	3	4	3	7	9	4	6	0
0	0	0	1	3	1	0	1	3	3	2	1	1	6	4	4	3	5	6	3	8	5	6	9	12	6	3	2	3	2	1	4	2	0	1	1	6	2	4	6	5	5	3	5	3	4	5	5	3	6	1	2	6	2	2	1	3	2	1	2	7	6	6	2	9	2	3	3	11	15	4	4	3	5	1	5	13	10	10	12	16	22	9	11	7	3	8	10	19	17	12	4	6	6	13	14	12	13	8	18	74	410	0	50	25	25	58	32	17	16	17	14	19	8	29	52	28	26	17	16	15	13	13	11	5	4	2	7	3	8	8	9	5	9	10	9	33	49	40	15	109	179	75	30	17	13	13	15	34	16	20	17	7	20	28	27	24	25	30	23	14	17	9	6	5	6	5	9	8	7	6	0
0	0	0	2	0	1	3	3	3	3	0	2	6	6	8	4	4	1	5	10	5	14	20	25	14	9	4	5	0	3	2	1	1	2	1	2	3	2	6	5	4	3	7	12	6	8	6	1	8	16	8	8	2	4	6	5	1	4	5	3	6	9	2	3	6	8	9	21	20	25	23	15	6	5	7	22	39	34	60	56	29	17	13	10	6	6	13	11	20	16	9	17	12	17	25	19	12	11	10	11	29	25	50	0	45	49	39	37	17	5	8	6	5	6	12	22	14	12	11	11	6	6	1	13	10	3	2	4	4	0	2	3	5	10	6	15	9	13	27	19	82	181	27	15	10	10	12	11	12	14	13	8	8	11	17	27	14	31	72	21	26	11	5	5	5	2	6	7	3	0	7	0
0	0	0	1	1	3	4	2	3	2	1	0	2	1	6	8	2	5	2	2	9	9	13	39	31	11	7	2	6	4	1	7	2	5	2	3	3	4	4	10	7	3	7	6	5	11	9	8	10	14	7	6	4	13	6	6	4	9	9	7	4	11	13	14	13	14	24	35	50	55	43	12	11	5	13	37	121	35	45	60	590	61	26	8	8	11	51	39	53	34	46	54	38	57	47	21	21	7	13	19	17	21	25	45	0	80	52	76	17	12	11	1	7	6	15	17	6	7	9	8	7	4	6	4	2	4	2	2	5	6	6	2	2	6	4	6	5	8	24	38	32	27	9	11	4	6	2	7	9	8	9	2	4	4	16	10	11	16	30	13	12	9	3	2	3	3	0	3	3	8	4	0
0	0	0	1	1	3	0	2	5	4	1	2	1	4	10	5	2	3	3	4	1	8	12	14	14	7	6	6	1	2	2	2	2	0	2	2	4	3	4	4	6	6	10	7	3	7	2	2	5	6	1	3	5	9	11	3	4	5	8	3	6	13	19	10	7	15	10	9	11	19	13	10	9	5	9	26	15	13	17	16	55	155	39	26	15	19	38	26	38	49	41	26	17	12	83	115	51	18	18	50	79	25	25	49	80	0	80	62	28	20	21	19	7	4	16	18	14	6	8	2	6	6	9	4	2	4	0	5	5	4	3	3	0	5	3	8	8	16	33	19	33	35	15	12	4	9	7	3	3	9	8	4	3	5	11	13	8	13	8	15	7	2	6	3	1	3	1	6	4	3	5	0
0	0	0	2	1	1	3	5	4	4	3	5	2	4	2	5	3	1	3	1	4	7	4	11	9	9	5	2	2	0	2	4	6	1	3	3	1	4	3	1	1	2	4	4	2	6	6	5	5	4	5	1	5	7	11	2	1	4	11	5	1	10	4	8	4	7	9	10	10	13	9	6	2	4	9	6	27	10	21	18	43	63	26	20	10	8	23	28	78	99	38	23	15	17	27	31	35	13	22	44	55	42	58	39	52	80	0	376	46	32	61	37	16	12	24	61	54	29	21	19	9	15	5	4	4	1	1	3	3	3	3	3	3	7	8	11	12	33	87	60	86	37	14	4	7	8	5	8	10	7	15	11	2	13	17	25	16	22	18	16	14	7	3	6	4	6	0	6	5	12	5	0
0	0	0	2	1	0	1	0	1	1	1	2	0	2	2	3	2	5	5	4	7	1	12	10	12	4	2	4	2	3	7	3	0	1	2	1	1	2	0	5	3	1	7	5	4	8	1	8	1	2	6	2	3	4	6	4	2	4	6	6	5	11	11	5	2	10	16	13	11	18	18	7	4	0	8	3	24	17	23	24	57	55	31	16	12	14	29	41	275	157	47	32	13	21	16	21	26	19	31	32	34	21	32	37	76	62	376	0	48	25	54	25	12	16	35	36	47	35	14	12	5	12	6	7	11	2	2	4	7	3	6	5	5	4	6	11	11	21	93	83	55	25	11	8	6	8	3	9	3	8	10	10	4	8	10	24	19	26	19	13	7	7	2	5	2	4	3	9	9	5	13	0
0	0	0	2	2	3	3	0	3	2	2	1	2	2	3	5	2	1	1	4	0	2	8	6	5	5	2	1	3	1	1	1	0	0	1	3	3	3	2	7	5	3	3	2	3	1	2	1	3	0	1	2	3	4	4	2	0	7	6	2	8	9	5	3	3	6	6	6	8	9	7	0	3	1	5	5	10	7	8	11	29	68	39	17	13	9	12	18	52	61	32	21	12	4	14	18	31	46	106	65	20	13	17	17	17	28	46	48	0	144	222	32	22	28	86	47	44	24	24	9	5	14	8	4	2	1	3	2	7	2	1	2	3	12	8	14	8	25	28	27	17	15	3	4	4	10	4	6	3	7	8	4	1	3	0	16	10	14	10	9	4	1	3	6	3	5	3	6	5	4	6	0
0	0	0	1	1	0	1	5	4	2	2	0	0	1	0	1	1	3	1	4	1	4	6	3	2	1	2	0	1	2	1	0	0	0	2	1	1	5	1	3	3	2	3	2	3	0	0	0	2	3	3	0	2	3	0	2	1	0	6	2	1	4	5	4	3	4	9	4	6	7	4	4	0	2	1	7	6	5	4	5	14	29	28	23	17	6	9	8	26	19	16	8	6	7	15	15	30	95	115	81	31	17	16	5	12	20	32	25	144	0	219	36	41	44	168	38	21	21	18	15	11	8	9	3	3	2	2	3	5	5	6	9	1	7	16	20	13	32	18	7	8	12	6	8	4	8	5	10	10	4	2	2	2	8	8	8	11	8	9	2	8	7	6	4	4	5	0	4	2	5	10	0
0	0	0	1	2	3	1	0	0	0	0	1	1	3	1	2	4	3	2	2	1	6	5	6	5	4	3	2	1	1	1	0	4	1	0	0	1	1	2	2	1	2	4	3	0	3	3	2	0	2	3	2	2	2	1	2	4	1	4	6	3	6	2	1	5	3	8	8	7	11	8	4	1	6	4	3	8	6	4	15	12	17	21	15	7	12	4	15	25	36	28	3	4	5	13	13	18	41	67	57	31	19	17	8	11	21	61	54	222	219	0	93	63	50	498	102	61	42	29	14	7	13	13	11	6	4	5	6	3	7	4	7	6	11	31	20	18	65	30	33	27	15	16	8	8	7	3	8	11	6	6	2	7	7	7	12	16	17	10	8	15	5	5	2	1	5	4	6	9	11	6	0
0	0	0	0	2	1	1	1	1	0	1	2	3	1	4	5	1	2	3	2	3	4	3	7	7	5	5	5	1	0	3	3	1	2	0	0	0	0	0	2	2	0	5	1	4	3	3	2	2	3	2	3	0	2	4	1	0	3	0	1	1	5	1	5	2	6	8	5	4	4	3	1	4	1	2	6	6	4	7	10	10	20	13	5	5	4	5	6	18	19	9	13	5	8	10	7	12	11	15	19	15	15	14	6	1	19	37	25	32	36	93	0	150	60	85	129	119	130	83	67	32	26	14	8	6	8	1	9	7	9	19	10	13	19	36	20	28	69	32	28	21	6	14	8	7	11	5	17	18	10	9	4	7	7	15	15	17	15	8	7	11	7	7	5	5	5	5	7	6	16	16	0
0	0	0	0	2	1	2	0	4	0	2	1	0	2	0	4	2	3	1	0	2	2	2	2	3	4	3	1	3	1	0	2	1	2	1	1	0	2	2	5	0	7	2	2	1	1	2	1	3	1	3	4	3	2	4	1	1	2	3	3	3	6	3	3	3	2	1	2	3	5	2	2	0	1	3	4	2	5	3	3	6	9	10	6	3	7	7	4	11	15	4	2	1	4	5	5	10	8	20	17	21	13	19	5	7	7	16	12	22	41	63	150	0	481	98	56	31	41	37	29	24	29	18	13	10	6	2	9	5	6	14	6	10	31	60	39	41	74	16	15	20	13	7	8	6	2	7	7	12	8	8	7	8	12	6	12	16	10	3	4	4	13	4	8	8	5	4	3	7	11	11	0
0	0	0	0	1	2	0	3	4	0	1	0	2	1	1	3	0	2	1	2	1	2	2	5	1	3	0	0	2	3	1	0	1	1	1	0	3	0	0	2	1	3	2	1	5	3	3	1	3	3	1	3	1	3	3	2	2	0	2	1	4	5	4	1	4	3	3	2	2	4	3	0	2	1	6	5	2	3	5	6	3	13	9	12	8	6	4	12	9	9	9	7	1	3	6	9	12	16	19	16	20	14	8	6	6	4	12	16	28	44	50	60	481	0	75	40	20	17	26	17	21	16	10	8	1	4	1	2	5	9	9	3	7	26	62	40	21	38	10	12	10	3	8	9	9	2	3	11	12	7	5	10	9	8	11	10	5	13	10	2	7	9	4	6	7	7	4	4	8	9	1	0
0	0	0	0	2	3	0	1	3	2	0	2	2	1	1	2	1	1	0	3	2	4	5	8	7	2	1	3	3	0	1	1	2	1	2	0	1	1	2	2	2	2	6	2	0	2	2	3	5	4	4	3	3	1	5	3	5	0	3	3	2	5	2	7	1	6	0	3	4	7	4	2	2	4	3	6	6	3	5	6	10	30	17	9	5	14	10	10	23	26	13	6	10	4	11	17	19	42	34	52	27	34	29	12	15	16	24	35	86	168	498	85	98	75	0	115	63	34	26	19	12	16	14	8	6	2	1	2	3	4	6	10	5	13	23	34	21	95	32	19	24	10	10	11	6	5	11	12	15	5	6	7	11	7	11	7	16	13	11	8	9	9	4	3	3	4	3	4	5	7	4	0
0	0	0	0	1	2	0	2	1	2	2	1	0	2	3	5	3	3	1	0	1	3	4	4	6	3	3	1	1	0	2	1	2	1	2	0	1	4	5	2	2	2	1	1	3	2	1	2	3	1	0	2	2	3	0	2	3	2	1	2	2	3	3	3	4	5	3	7	4	8	7	6	3	1	4	5	14	8	9	8	19	19	10	10	13	8	8	13	22	33	13	11	5	8	10	10	9	10	22	24	42	44	52	22	17	18	61	36	47	38	102	129	56	40	115	0	442	102	57	35	30	29	21	10	5	6	3	5	6	9	12	9	10	18	25	38	69	234	91	46	64	31	14	8	11	7	7	13	30	7	7	4	15	7	18	24	18	42	19	15	11	11	11	5	4	4	5	6	12	7	12	0
0	0	0	0	0	1	1	2	4	2	1	3	1	3	6	1	0	2	3	2	3	5	7	7	4	4	3	1	1	0	1	1	0	1	3	1	4	0	3	7	1	4	1	3	1	4	3	0	3	2	2	7	2	2	5	3	1	2	3	2	3	3	4	2	3	5	4	7	4	2	8	3	2	7	1	5	9	12	16	16	9	15	8	7	9	10	9	10	17	22	18	10	4	8	8	9	9	16	11	18	21	38	28	14	6	14	54	47	44	21	61	119	31	20	63	442	0	259	161	53	29	65	24	14	4	7	3	5	7	20	11	4	7	16	11	23	59	78	165	63	72	27	12	7	12	10	9	9	18	6	6	3	4	19	22	28	42	44	21	21	20	15	6	9	6	4	6	9	6	15	16	0
0	0	0	2	1	0	0	1	3	2	1	2	0	3	3	2	2	0	2	5	6	1	2	8	3	3	1	5	1	1	1	0	0	1	1	1	2	4	1	1	3	1	0	3	3	4	5	1	1	3	2	3	3	4	1	2	4	0	3	4	1	1	3	6	4	3	6	2	12	3	8	3	3	3	2	8	12	7	11	19	7	5	7	10	7	2	5	6	25	15	11	6	6	4	12	9	8	4	16	9	15	19	26	12	7	6	29	35	24	21	42	130	41	17	34	102	259	0	237	110	30	55	25	15	8	8	8	8	10	7	11	3	8	10	25	16	41	39	79	78	41	17	9	9	10	4	12	7	24	8	4	11	6	17	16	26	44	54	16	23	13	16	15	11	10	4	7	9	13	24	12	0
0	0	0	1	1	1	0	1	2	1	1	1	0	1	1	3	0	3	4	1	3	1	4	6	4	0	6	1	1	2	0	0	0	0	2	2	1	3	2	3	2	1	1	3	2	0	2	2	4	4	2	3	0	3	1	2	2	0	3	2	4	1	4	2	5	2	4	2	2	2	1	1	3	1	2	2	5	9	6	9	10	8	6	3	2	4	6	8	20	14	12	6	3	6	5	3	5	6	5	8	14	27	17	11	9	8	21	14	24	18	29	83	37	26	26	57	161	237	0	652	66	211	42	29	11	9	7	3	7	15	17	13	17	12	28	23	73	38	39	23	30	14	14	9	7	9	11	13	22	9	9	8	6	11	13	21	52	45	12	14	22	25	24	12	8	6	5	8	11	33	20	0
0	0	0	1	2	0	1	1	1	1	1	1	2	0	0	0	5	5	3	2	0	1	5	3	3	7	3	0	1	3	0	0	2	0	1	1	3	4	0	2	0	1	2	1	5	3	1	2	0	1	2	1	3	1	4	0	0	1	4	1	1	1	2	5	1	4	3	4	5	6	2	2	1	2	4	2	12	4	4	7	4	10	9	2	2	2	9	1	8	14	7	1	6	5	2	8	6	8	12	4	18	13	16	11	8	2	19	12	9	15	14	67	29	17	19	35	53	110	652	0	87	220	88	30	14	7	10	9	16	23	18	12	16	20	23	24	58	26	29	18	20	7	12	12	11	7	6	12	29	10	8	11	6	9	14	17	45	31	9	12	11	18	22	15	6	9	7	17	15	34	22	0
0	0	0	0	1	2	0	2	1	3	0	2	2	1	1	2	2	1	1	0	2	0	4	4	2	1	3	0	3	0	2	0	2	0	1	1	1	2	2	2	1	1	1	1	0	1	2	1	1	2	2	4	3	1	3	0	2	1	3	0	0	2	3	0	1	3	2	1	3	1	2	1	1	3	1	1	5	7	8	4	4	5	5	4	3	2	2	2	10	5	5	4	3	6	3	5	4	4	6	9	8	13	15	6	7	6	9	5	5	11	7	32	24	21	12	30	29	30	66	87	0	179	76	32	11	11	11	26	26	45	70	32	47	43	32	55	104	28	14	14	7	9	11	15	9	15	11	16	66	19	12	21	10	19	13	18	27	21	8	17	11	25	29	30	24	13	12	8	10	35	81	0
0	0	0	1	0	1	1	4	2	0	0	0	0	3	0	1	2	1	0	1	2	1	4	5	6	2	2	0	0	1	1	2	0	0	0	0	3	2	0	4	1	1	2	4	2	4	1	5	4	6	3	3	1	3	3	0	1	2	3	0	2	2	5	0	2	2	4	9	4	3	5	2	0	2	3	6	8	3	8	11	9	8	5	5	3	2	2	5	11	11	7	6	3	5	7	6	7	6	10	6	13	22	13	6	4	6	15	12	14	8	13	26	29	16	16	29	65	55	211	220	179	0	101	37	14	10	10	13	22	21	32	11	24	24	30	22	136	41	27	20	27	12	12	10	16	12	18	22	49	13	15	10	4	14	34	25	63	42	11	19	16	32	34	17	14	16	7	16	17	54	42	0
0	0	0	1	1	0	0	3	0	1	1	0	0	2	1	1	1	2	1	1	0	2	3	4	5	3	1	0	0	2	0	0	1	2	0	0	2	4	1	0	0	1	0	2	2	6	2	1	4	2	0	2	1	0	1	0	1	0	3	0	0	4	2	3	3	0	2	3	1	0	1	3	0	2	0	3	5	3	5	8	6	5	3	3	0	1	3	2	8	7	8	3	4	2	4	2	1	4	2	5	5	7	13	1	6	9	5	6	8	9	13	14	18	10	14	21	24	25	42	88	76	101	0	146	31	19	16	26	27	17	17	6	21	17	20	10	23	18	17	14	10	10	3	9	9	9	4	10	18	7	15	4	10	13	12	13	47	27	13	11	13	32	27	21	23	14	15	17	30	160	87	0
0	0	0	1	1	0	2	3	1	2	3	0	3	0	1	0	3	1	0	1	0	1	3	2	0	2	3	5	1	1	0	4	0	1	0	1	1	0	1	5	2	1	1	1	3	6	2	5	1	3	2	3	3	2	1	1	2	1	0	1	2	1	2	0	4	3	2	4	2	2	2	0	1	2	2	1	5	8	3	3	4	2	2	1	2	6	3	3	5	4	3	2	1	2	2	3	3	3	2	7	4	3	11	13	4	4	4	7	4	3	11	8	13	8	8	10	14	15	29	30	32	37	146	0	57	33	21	28	27	26	10	2	9	8	8	6	22	9	8	13	11	11	7	7	6	4	11	8	15	11	11	11	3	18	15	21	68	20	9	22	23	62	37	27	18	17	19	31	69	204	39	0
0	0	0	1	1	0	0	1	1	1	0	0	0	0	2	4	0	3	0	4	1	2	2	3	3	0	3	2	1	0	0	1	0	0	1	0	0	0	1	3	3	0	2	1	3	1	1	3	1	1	2	0	0	1	1	2	2	0	0	0	2	1	2	3	2	1	1	2	4	0	2	3	1	6	2	0	4	1	2	4	1	4	3	2	1	0	3	5	1	2	1	2	4	5	1	1	3	6	2	1	2	7	5	10	2	2	4	11	2	3	6	6	10	1	6	5	4	8	11	14	11	14	31	57	0	132	27	45	19	14	11	8	7	4	4	4	9	6	9	5	10	8	5	5	7	1	3	11	10	3	6	9	1	13	10	16	12	9	6	7	10	15	20	15	12	16	19	23	44	39	24	0
0	0	0	1	3	0	2	1	1	1	2	1	0	1	1	0	1	0	0	4	2	1	5	4	2	3	2	3	1	1	4	1	2	0	1	0	0	1	2	1	1	0	2	2	0	0	3	4	2	2	2	0	1	0	1	1	1	0	0	0	1	1	3	1	0	0	4	3	3	2	3	2	1	2	2	3	4	2	1	3	2	2	2	0	0	2	5	2	4	1	1	2	0	3	1	2	1	3	1	2	1	3	4	3	4	4	1	2	1	2	4	8	6	4	2	6	7	8	9	7	11	10	19	33	132	0	81	54	19	17	10	5	3	3	3	3	9	4	7	6	4	5	4	2	2	5	4	5	6	8	7	6	4	3	8	7	8	6	5	9	6	14	13	17	18	15	20	19	32	39	27	0
0	0	0	0	1	1	0	3	0	2	0	0	2	0	0	1	1	0	1	0	1	2	1	3	1	0	0	1	0	0	1	0	0	0	0	1	1	1	0	3	0	1	0	0	1	2	1	0	3	1	1	1	1	1	0	1	0	2	1	1	1	1	2	0	2	1	1	5	3	1	0	1	1	4	1	2	0	6	1	4	1	2	2	1	3	0	2	3	3	2	1	3	2	2	1	3	4	0	3	0	1	2	2	2	2	0	1	2	3	2	5	1	2	1	1	3	3	8	7	10	11	10	16	21	27	81	0	60	23	22	12	4	11	11	4	5	5	3	5	1	4	8	2	9	5	4	2	7	8	4	5	4	0	10	4	2	3	3	2	4	6	6	9	16	18	13	12	11	22	18	19	0
0	0	0	0	0	1	0	1	1	2	1	0	0	1	3	1	3	1	0	0	3	3	4	0	1	2	1	1	3	0	0	1	1	1	0	0	1	0	1	2	1	2	4	2	3	4	1	1	3	2	2	1	2	3	1	2	1	2	4	1	0	1	0	3	0	2	4	3	2	0	2	2	2	2	0	3	3	2	3	4	2	2	3	1	1	2	2	2	3	3	2	2	1	3	2	3	3	0	2	2	5	6	7	4	2	5	3	4	2	3	6	9	9	2	2	5	5	8	3	9	26	13	26	28	45	54	60	0	96	54	20	14	20	9	8	6	17	9	4	8	4	5	6	4	8	10	2	5	10	8	11	5	6	9	7	11	11	5	3	4	2	12	31	77	46	35	45	21	58	52	50	0
0	0	0	1	3	1	0	1	0	0	0	0	2	0	1	3	1	0	2	0	1	2	3	0	3	2	2	1	1	0	1	2	1	1	0	2	0	2	1	0	1	4	1	2	3	0	3	0	1	1	1	1	2	1	5	1	2	0	0	2	1	2	1	1	0	2	3	1	2	2	1	0	1	0	2	1	2	1	2	6	2	3	1	0	2	2	3	6	2	3	3	5	6	5	2	3	5	1	4	1	8	5	3	4	5	5	3	7	7	5	3	7	5	5	3	6	7	10	7	16	26	22	27	27	19	19	23	96	0	367	69	28	48	17	9	6	17	5	3	0	6	3	1	9	11	10	9	13	15	6	10	8	7	9	11	6	6	11	4	7	10	18	30	79	49	21	19	17	25	35	130	0
0	0	0	0	1	1	1	0	0	0	1	2	1	1	1	0	0	1	4	1	1	2	4	3	2	1	3	0	2	3	2	0	1	1	0	1	1	0	2	2	2	2	1	1	2	2	3	1	1	4	0	1	2	1	0	2	2	3	1	1	2	2	3	1	1	3	2	0	3	3	3	2	2	1	1	1	2	8	2	2	4	5	2	5	0	5	2	5	6	4	3	1	1	1	2	3	3	2	4	5	4	8	8	0	6	4	3	3	2	5	7	9	6	9	4	9	20	7	15	23	45	21	17	26	14	17	22	54	367	0	296	37	102	29	6	16	18	7	3	7	9	1	9	8	17	11	5	17	21	13	5	7	9	16	10	11	9	12	6	8	5	17	16	65	39	26	12	15	27	28	106	0
0	0	0	1	1	0	2	1	3	1	1	2	0	1	1	1	1	1	2	2	2	0	2	3	4	3	0	1	1	1	0	3	3	2	1	0	2	0	2	3	1	0	1	3	0	1	0	3	2	2	1	2	2	7	0	2	2	1	2	1	1	1	1	1	2	5	5	4	3	1	5	3	2	0	2	3	2	3	2	4	6	4	1	3	5	1	1	2	2	5	3	1	2	0	0	2	1	5	8	9	7	6	8	2	6	3	3	6	1	6	4	19	14	9	6	12	11	11	17	18	70	32	17	10	11	10	12	20	69	296	0	68	211	56	29	24	32	11	12	4	9	12	6	10	23	12	12	26	36	16	6	29	12	24	6	8	17	11	7	6	8	14	17	59	32	17	8	10	21	30	83	0
0	0	0	2	2	0	1	0	1	2	2	1	1	0	2	1	0	1	1	2	2	2	4	2	3	3	0	3	1	1	0	1	0	1	0	1	2	2	0	2	2	0	0	0	2	0	0	2	0	1	3	4	0	1	0	2	2	2	3	3	3	1	1	1	3	0	3	1	4	2	0	2	2	3	2	2	1	2	3	3	3	0	3	1	2	5	3	1	5	6	3	2	1	1	3	1	4	5	2	2	1	5	9	3	2	3	3	5	2	9	7	10	6	3	10	9	4	3	13	12	32	11	6	2	8	5	4	14	28	37	68	0	130	30	9	25	15	6	7	3	6	4	6	10	30	19	9	33	25	8	8	22	25	14	13	3	4	7	3	1	4	9	13	18	19	18	14	8	14	13	22	0
0	0	0	0	2	0	1	0	0	2	0	1	1	0	3	2	1	2	2	0	1	2	3	2	1	1	3	2	0	0	0	1	0	1	1	3	2	1	1	1	0	2	1	3	1	5	2	0	3	1	1	0	2	2	1	3	0	1	1	1	0	1	1	1	2	1	2	2	2	1	1	3	1	0	1	3	3	1	3	2	2	2	3	3	1	0	2	3	3	3	3	1	1	2	1	3	7	1	2	5	5	3	5	5	2	0	3	5	3	1	6	13	10	7	5	10	7	8	17	16	47	24	21	9	7	3	11	20	48	102	211	130	0	68	39	33	21	11	10	9	3	3	8	16	17	7	16	17	25	11	3	19	9	15	5	5	15	6	5	4	2	14	15	26	27	18	13	13	11	15	34	0
0	0	0	0	1	0	0	1	1	2	1	1	1	1	2	2	1	0	0	0	2	2	2	3	0	1	4	2	1	0	3	1	1	0	0	2	0	1	4	3	0	2	2	2	1	0	0	2	1	5	0	2	0	0	1	0	1	0	4	0	3	1	2	1	1	0	3	4	0	0	1	3	0	1	2	2	4	1	1	0	2	4	3	5	3	3	3	2	4	3	3	4	4	1	3	3	3	9	8	9	9	12	9	10	6	5	7	4	12	7	11	19	31	26	13	18	16	10	12	20	43	24	17	8	4	3	11	9	17	29	56	30	68	0	163	195	57	21	16	6	15	5	14	19	16	12	14	29	36	6	14	15	13	10	8	7	5	6	5	5	8	12	11	16	8	12	7	7	2	11	22	0
0	0	0	0	0	0	0	4	0	0	2	1	0	4	1	3	1	3	0	0	2	2	4	2	3	5	1	3	0	1	1	0	1	1	1	0	1	1	0	1	3	0	2	3	1	0	2	3	0	1	3	1	1	0	2	2	4	1	2	3	2	1	1	1	1	0	1	3	4	5	2	4	5	1	2	3	2	6	0	6	5	11	4	6	5	2	5	5	13	8	5	2	3	6	5	4	4	3	10	7	11	18	10	6	4	3	8	6	8	16	31	36	60	62	23	25	11	25	28	23	32	30	20	8	4	3	4	8	9	6	29	9	39	163	0	234	47	48	21	9	16	4	11	13	10	10	4	17	15	11	6	10	13	13	6	2	11	5	5	6	1	8	10	4	8	12	2	6	3	9	9	0
0	0	0	0	0	0	0	1	2	2	0	0	2	3	1	2	1	4	5	1	2	1	1	2	4	0	3	3	1	1	0	1	0	0	0	0	2	0	1	1	2	1	0	0	2	1	2	2	1	1	1	1	2	3	1	3	2	2	1	2	0	3	3	4	1	1	2	2	4	6	2	2	1	1	2	1	5	2	3	4	10	8	4	3	2	1	3	2	3	7	4	4	3	5	3	5	10	16	6	16	16	33	9	15	6	8	11	11	14	20	20	20	39	40	34	38	23	16	23	24	55	22	10	6	4	3	5	6	6	16	24	25	33	195	234	0	82	69	15	7	14	7	16	30	16	8	13	34	35	9	9	24	19	15	11	7	9	16	9	12	7	7	4	6	8	9	9	8	10	10	16	0
0	0	0	0	5	4	0	1	1	2	1	0	1	3	2	0	2	1	0	4	0	3	4	3	3	1	3	2	0	0	0	1	2	0	1	1	1	3	2	4	0	0	1	0	3	2	0	0	4	3	1	0	4	4	3	0	3	1	0	1	1	3	1	7	2	2	0	5	5	1	2	3	1	3	7	1	2	7	8	4	5	6	9	7	2	4	6	8	14	7	5	8	2	6	4	6	4	7	6	11	20	23	33	9	5	8	12	11	8	13	18	28	41	21	21	69	59	41	73	58	104	136	23	22	9	9	5	17	17	18	32	15	21	57	47	82	0	103	40	12	30	27	18	21	23	22	12	56	122	22	11	18	9	24	34	20	30	24	16	15	21	19	12	14	10	15	13	14	12	21	21	0
0	0	0	0	1	1	3	2	1	1	0	0	1	3	3	3	2	1	4	5	3	6	5	4	5	2	0	1	1	2	3	2	1	0	0	1	0	3	2	3	1	3	2	5	3	4	3	3	1	1	3	1	2	3	1	2	0	4	0	3	2	0	5	2	4	3	1	1	4	2	4	1	2	2	6	2	5	4	6	11	5	17	7	8	6	5	12	5	16	18	8	9	5	7	7	8	11	12	20	23	40	77	49	13	8	16	33	21	25	32	65	69	74	38	95	234	78	39	38	26	28	41	18	9	6	4	3	9	5	7	11	6	11	21	48	69	103	0	36	20	50	35	19	13	17	10	7	24	27	10	18	14	13	14	26	16	24	23	9	10	8	10	11	6	3	9	0	8	6	8	17	0
0	0	0	1	0	1	1	2	3	2	1	2	2	2	0	4	4	3	1	1	4	7	3	5	8	5	8	1	2	0	2	0	1	0	0	3	0	4	1	1	2	1	6	7	6	4	2	2	4	3	6	2	3	4	4	2	4	1	3	3	1	2	6	2	3	6	10	6	6	12	3	4	3	8	5	5	26	13	25	25	30	26	7	13	12	3	20	11	45	37	27	8	8	6	10	5	11	12	18	17	35	30	40	27	24	33	87	93	28	18	30	32	16	10	32	91	165	79	39	29	14	27	17	8	9	7	5	4	3	3	12	7	10	16	21	15	40	36	0	260	244	32	17	14	10	6	4	16	18	20	13	6	3	21	30	46	37	88	45	30	26	16	23	5	7	6	7	16	9	13	11	0
0	0	0	0	1	0	1	2	1	0	3	2	1	2	1	1	1	3	1	1	3	2	7	9	6	7	1	3	3	4	5	3	1	1	1	2	4	1	2	4	2	0	3	2	2	5	3	3	6	4	5	2	2	4	10	3	2	4	2	4	4	4	6	4	6	7	5	17	13	19	3	6	7	2	1	7	13	18	17	22	23	19	14	6	9	9	10	23	71	39	23	12	9	12	9	6	6	15	17	12	27	13	15	19	38	19	60	83	27	7	33	28	15	12	19	46	63	78	23	18	14	20	14	13	5	6	1	8	0	7	4	3	9	6	9	7	12	20	260	0	90	25	10	5	5	4	7	9	8	8	4	3	4	10	12	52	53	70	39	15	19	9	10	7	9	5	2	11	11	7	5	0
0	0	0	1	0	2	3	0	3	3	2	2	2	6	2	4	4	3	1	6	9	4	6	8	7	4	6	5	1	1	4	1	1	0	1	5	2	2	3	3	1	3	2	3	4	2	3	5	7	3	7	3	5	7	4	3	2	1	7	1	3	3	6	4	2	5	9	11	8	17	8	12	4	3	8	9	18	14	32	30	15	15	10	15	6	11	12	11	26	19	11	7	9	7	10	13	18	7	13	15	34	46	109	82	32	33	86	55	17	8	27	21	20	10	24	64	72	41	30	20	7	27	10	11	10	4	4	4	6	9	9	6	3	15	16	14	30	50	244	90	0	91	29	16	10	8	10	14	18	16	25	12	7	20	34	63	34	61	72	33	34	23	14	4	5	3	6	7	7	14	8	0
0	0	0	1	1	0	4	2	2	2	0	2	4	3	9	5	3	3	8	3	4	5	15	8	3	4	5	6	0	1	2	5	0	0	1	1	9	3	4	6	4	3	2	4	7	9	2	6	4	6	7	3	5	6	10	1	4	4	3	2	3	7	2	4	5	6	11	7	11	7	10	10	6	3	9	9	20	23	28	18	12	13	9	10	5	8	3	7	18	13	10	13	11	10	7	13	9	9	5	15	45	72	179	181	27	35	37	25	15	12	15	6	13	3	10	31	27	17	14	7	9	12	10	11	8	5	8	5	3	1	12	4	3	5	4	7	27	35	32	25	91	0	61	15	12	14	17	19	21	17	37	9	11	24	43	26	10	33	45	20	22	16	7	7	6	9	3	8	3	7	2	0
0	0	0	1	1	5	2	2	2	4	2	0	1	2	2	4	2	3	3	5	5	9	5	11	4	4	4	2	1	4	1	1	2	1	0	2	1	5	3	6	1	2	5	2	4	2	4	1	3	4	2	2	1	4	4	1	1	2	3	4	4	3	1	2	2	4	10	5	4	6	5	3	4	4	2	8	9	5	12	11	10	3	5	7	3	0	2	4	9	6	7	5	0	5	5	9	8	4	7	11	18	71	75	27	9	15	14	11	3	6	16	14	7	8	10	14	12	9	14	12	11	12	3	7	5	4	2	6	1	9	6	6	8	14	11	16	18	19	17	10	29	61	0	109	37	54	58	62	33	59	86	36	18	42	61	16	10	11	22	14	26	15	6	10	6	11	5	10	7	7	10	0
0	0	0	0	1	0	3	1	0	2	1	2	3	1	3	5	1	4	0	4	4	3	3	5	6	1	4	0	5	0	3	2	3	1	1	4	0	0	0	3	5	2	4	0	1	2	3	5	3	3	5	4	6	5	4	1	2	4	2	3	1	4	2	3	0	2	2	5	2	5	3	3	5	4	2	5	3	4	8	6	9	5	5	2	8	1	4	8	5	4	8	5	3	3	2	2	4	4	8	7	9	32	30	15	11	12	4	8	4	8	8	8	8	9	11	8	7	9	9	12	15	10	9	7	5	2	9	4	9	8	10	10	16	19	13	30	21	13	14	5	16	15	109	0	199	202	190	189	47	59	66	167	48	52	40	12	8	14	11	13	19	14	11	9	5	16	7	8	8	7	8	0
0	0	0	4	0	0	0	3	1	2	2	1	2	1	1	2	4	2	3	2	1	3	2	8	4	3	3	3	1	0	0	3	2	0	0	0	0	3	1	4	1	3	2	0	5	5	2	5	1	4	2	1	2	1	1	2	1	1	3	0	2	1	0	0	1	2	3	3	2	5	2	2	1	1	4	4	5	4	4	5	1	7	3	3	4	7	2	5	5	7	2	5	1	3	4	1	4	6	6	12	12	19	17	10	4	4	7	6	4	4	8	7	6	9	6	11	12	10	7	11	9	16	9	6	7	2	5	8	11	17	23	30	17	16	10	16	23	17	10	5	10	12	37	199	0	241	81	158	56	32	33	3985	89	56	17	10	9	10	5	7	6	10	6	18	15	13	9	10	14	13	12	0
0	0	0	0	0	0	1	3	1	0	4	0	1	1	2	1	1	3	3	1	2	5	5	3	2	3	1	1	2	0	1	3	0	1	1	1	2	0	1	1	3	4	3	1	1	0	1	3	5	4	4	1	1	4	1	0	2	1	2	1	0	1	1	3	0	2	2	4	3	4	5	3	2	2	3	1	2	8	8	5	4	2	3	1	2	2	3	4	3	3	3	3	0	2	4	1	1	4	7	8	8	18	13	10	6	9	8	8	10	8	7	11	2	2	5	7	10	4	9	7	15	12	9	4	1	5	4	10	10	11	12	19	7	12	10	8	22	10	6	4	8	14	54	202	241	0	588	57	26	36	34	331	88	41	17	9	2	8	8	2	11	6	6	6	8	11	7	6	8	12	9	0
0	0	0	0	2	4	1	0	4	1	3	2	0	1	3	2	5	1	3	4	3	1	7	2	2	3	3	3	4	3	0	1	0	1	0	1	0	3	3	2	4	0	1	5	0	1	2	0	2	2	6	4	2	4	1	1	0	1	2	2	2	2	5	3	4	4	1	3	0	7	5	2	4	1	4	5	2	4	8	1	3	5	2	2	1	4	3	5	0	5	0	8	2	3	2	4	3	1	2	6	7	24	13	12	2	7	5	3	4	5	3	5	7	3	11	7	9	12	11	6	11	18	4	11	3	4	2	2	9	5	12	9	16	14	4	13	12	7	4	7	10	17	58	190	81	588	0	63	21	52	45	146	55	45	14	9	6	9	11	12	11	7	18	10	8	16	4	7	12	9	11	0
0	0	0	1	0	0	1	2	1	2	0	2	1	2	3	2	3	1	1	4	3	2	5	5	3	2	2	3	1	1	1	0	1	3	1	1	3	5	4	1	1	1	2	3	3	3	3	3	1	4	3	2	2	1	2	2	2	1	2	0	3	4	3	1	2	1	4	2	2	4	5	2	3	3	7	5	4	5	4	7	7	5	4	5	3	1	6	5	6	4	8	4	1	3	5	12	5	7	2	11	14	40	15	11	7	3	8	9	6	10	8	17	7	11	12	13	9	7	13	12	16	22	10	8	11	5	7	5	13	17	26	33	17	29	17	34	56	24	16	9	14	19	62	189	158	57	63	0	190	57	70	118	40	162	64	10	16	11	14	19	13	19	24	14	14	11	12	15	22	10	18	0
0	0	0	1	1	2	0	3	2	2	1	2	1	2	2	2	3	0	2	0	5	4	5	2	1	0	3	2	2	2	4	1	1	1	1	0	0	1	4	4	0	1	3	2	3	1	2	2	3	5	1	2	2	2	3	2	3	3	3	1	1	3	3	4	0	6	7	2	2	6	6	9	4	3	2	5	4	6	13	10	10	11	5	3	4	3	2	4	8	3	6	4	3	3	7	8	5	7	7	7	16	23	34	12	9	3	10	3	3	10	11	18	12	12	15	30	18	24	22	29	66	49	18	15	10	6	8	10	15	21	36	25	25	36	15	35	122	27	18	8	18	21	33	47	56	26	21	190	0	39	49	39	15	115	51	20	16	31	17	14	15	30	35	25	16	18	12	22	26	32	32	0
0	0	0	0	2	0	4	1	3	1	1	2	2	0	4	3	5	2	3	5	2	5	4	4	2	3	3	2	3	2	1	1	3	0	1	1	1	2	3	3	4	2	2	3	3	4	1	3	1	7	2	3	3	4	3	2	2	4	2	1	2	3	3	2	3	0	1	2	4	4	4	4	4	2	1	3	7	8	9	11	3	5	3	2	4	3	6	5	1	5	5	1	1	2	5	6	1	6	2	7	10	18	16	14	8	9	7	8	7	4	6	10	8	7	5	7	6	8	9	10	19	13	7	11	3	8	4	8	6	13	16	8	11	6	11	9	22	10	20	8	16	17	59	59	32	36	52	57	39	0	4013	19	13	235	192	29	11	23	27	35	24	31	22	14	19	21	15	27	15	6	9	0
0	0	0	3	1	0	2	3	2	3	2	1	0	3	5	2	2	1	3	2	6	4	3	7	7	3	0	3	5	4	1	0	2	1	2	1	3	4	2	1	3	1	4	3	1	3	4	2	3	5	2	6	1	0	3	1	2	3	3	1	0	5	0	3	3	3	3	2	3	10	5	4	2	3	4	6	8	11	7	10	5	3	2	4	1	1	3	5	2	5	6	5	5	4	8	4	2	4	2	7	10	33	20	13	9	8	15	10	8	2	6	9	8	5	6	7	6	4	9	8	12	15	15	11	6	7	5	11	10	5	6	8	3	14	6	9	11	18	13	4	25	37	86	66	33	34	45	70	49	4013	0	33	13	251	163	18	16	18	19	33	35	22	33	12	9	14	14	22	15	14	11	0
0	0	0	1	2	2	2	0	2	1	1	3	2	1	3	4	1	2	1	2	6	2	4	2	1	1	3	3	1	1	3	0	1	0	0	1	1	2	3	5	0	1	4	5	1	4	0	1	1	5	3	4	5	1	3	3	1	0	1	3	1	1	1	0	2	2	1	4	2	3	3	0	4	2	3	1	3	0	3	6	8	2	3	2	1	3	2	3	8	4	3	3	3	5	4	5	9	4	1	5	12	15	17	8	2	4	11	10	4	2	2	4	7	10	7	4	3	11	8	11	21	10	4	11	9	6	4	5	8	7	29	22	19	15	10	24	18	14	6	3	12	9	36	167	3985	331	146	118	39	19	33	0	99	57	21	5	17	8	11	10	14	7	12	9	10	13	4	11	8	7	13	0
0	0	0	1	1	1	0	1	1	0	1	2	2	0	2	4	0	2	2	5	3	1	2	2	4	2	0	1	0	0	0	2	0	1	0	0	2	1	0	2	1	2	2	2	4	1	0	0	1	2	1	4	3	1	2	1	1	1	1	2	2	4	1	3	3	0	2	3	3	5	6	2	3	2	3	5	0	1	2	4	2	4	4	4	2	2	3	5	2	5	2	1	2	1	1	7	2	1	6	1	5	14	7	8	4	3	2	4	1	2	7	7	8	9	11	15	4	6	6	6	10	4	10	3	1	4	0	6	7	9	12	25	9	13	13	19	9	13	3	4	7	11	18	48	89	88	55	40	15	13	13	99	0	23	7	5	4	6	8	7	7	4	8	8	11	3	9	10	5	5	16	0
0	0	0	0	2	0	0	1	2	0	2	0	1	1	3	1	5	4	1	1	1	0	3	6	6	2	3	1	1	1	2	1	1	1	2	1	0	1	2	8	1	1	4	0	2	2	3	4	3	2	4	3	2	0	2	0	3	1	1	3	5	2	3	3	4	3	1	2	4	5	4	1	1	2	0	1	7	7	7	10	5	5	4	5	2	5	1	4	10	6	3	4	3	2	5	4	4	2	4	4	14	25	20	11	4	5	13	8	3	8	7	7	12	8	7	7	19	17	11	9	19	14	13	18	13	3	10	9	9	16	24	14	15	10	13	15	24	14	21	10	20	24	42	52	56	41	45	162	115	235	251	57	23	0	149	29	18	20	8	17	36	29	35	16	29	24	18	30	22	9	6	0
0	0	0	1	2	1	1	3	4	1	2	1	2	3	1	1	2	2	2	2	4	6	10	5	9	2	5	4	4	4	1	2	1	1	2	3	1	1	0	5	1	2	2	2	3	4	0	3	1	8	4	1	1	4	1	2	3	0	3	2	4	2	5	4	4	4	5	8	2	5	3	7	3	4	2	4	7	12	13	12	10	11	6	3	3	4	7	11	11	6	6	5	4	5	3	11	8	3	3	6	13	33	28	17	16	11	17	10	0	8	7	15	6	11	11	18	22	16	13	14	13	34	12	15	10	8	4	7	11	10	6	13	5	8	6	11	34	26	30	12	34	43	61	40	17	17	14	64	51	192	163	21	7	149	0	53	29	54	42	58	73	63	31	18	12	18	15	36	20	23	16	0
0	0	0	1	2	5	1	1	2	1	2	1	2	1	2	2	3	4	4	3	3	5	7	4	6	3	9	2	3	4	3	3	1	1	2	1	3	5	3	4	0	2	5	5	3	4	6	3	2	1	5	5	0	3	8	2	3	2	2	1	2	4	3	5	2	7	7	9	6	5	6	5	2	6	4	5	12	15	26	26	10	3	4	5	3	6	4	9	17	17	11	7	6	4	5	8	4	3	9	9	12	18	27	27	10	13	25	24	16	8	12	15	12	10	7	24	28	26	21	17	18	25	13	21	16	7	2	11	6	11	8	3	5	7	2	7	20	16	46	52	63	26	16	12	10	9	9	10	20	29	18	5	5	29	53	0	112	661	121	233	206	75	35	6	6	11	11	21	13	16	8	0
0	0	0	3	0	5	5	1	1	0	2	0	3	2	1	2	2	2	0	4	1	2	2	5	7	3	7	1	1	2	0	3	0	0	1	2	1	1	1	3	1	2	5	3	4	5	3	2	4	2	5	1	1	2	1	5	1	2	3	3	0	4	2	1	2	4	14	11	10	7	2	6	6	3	2	4	12	13	8	19	8	11	7	3	4	3	5	9	13	8	8	4	6	8	7	6	2	6	5	2	10	8	24	14	11	8	16	19	10	11	16	17	16	5	16	18	42	44	52	45	27	63	47	68	12	8	3	11	6	9	17	4	15	5	11	9	30	24	37	53	34	10	10	8	9	2	6	16	16	11	16	17	4	18	29	112	0	211	37	53	48	65	28	9	8	10	15	20	22	38	20	0
0	0	0	1	2	1	2	0	2	1	0	2	1	2	4	1	0	6	2	4	3	3	2	8	5	7	3	3	1	1	2	0	2	0	3	1	3	3	1	4	2	2	2	4	3	0	4	4	2	4	5	4	6	6	2	5	7	1	4	3	3	1	1	5	6	6	6	4	10	9	7	3	2	1	6	4	12	5	22	16	10	9	5	5	5	5	5	5	16	14	11	5	9	6	9	4	7	5	5	11	12	21	25	31	16	13	22	26	14	8	17	15	10	13	13	42	44	54	45	31	21	42	27	20	9	6	3	5	11	12	11	7	6	6	5	16	24	23	88	70	61	33	11	14	10	8	9	11	31	23	18	8	6	20	54	661	211	0	81	113	109	69	29	10	4	10	8	16	14	18	17	0
0	0	0	2	0	2	2	3	2	2	2	1	2	2	5	5	1	1	3	3	8	9	8	21	12	7	9	8	1	3	2	0	1	0	5	2	1	1	3	4	2	3	3	3	5	14	5	4	5	6	4	9	3	8	3	2	2	3	5	1	2	7	4	4	8	5	12	13	9	10	6	9	4	4	8	10	26	33	47	59	16	8	4	2	3	6	7	10	15	13	11	12	6	10	9	4	6	8	6	7	19	14	30	72	30	8	18	19	10	9	10	8	3	10	11	19	21	16	12	9	8	11	13	9	6	5	2	3	4	6	7	3	5	5	5	9	16	9	45	39	72	45	22	11	5	8	11	14	17	27	19	11	8	8	42	121	37	81	0	103	127	23	6	9	4	6	3	16	9	17	5	0
0	0	0	1	1	0	0	3	0	1	3	3	1	1	1	3	2	5	4	7	4	4	7	3	5	11	7	3	1	5	3	1	2	2	3	1	2	6	3	5	0	5	2	2	5	9	5	2	3	5	0	3	6	5	3	2	1	0	2	2	0	5	5	4	4	2	8	5	7	9	6	7	8	5	2	5	10	12	26	24	5	6	4	5	5	5	7	7	10	8	10	7	5	6	10	5	2	5	5	6	10	10	23	21	13	15	16	13	9	2	8	7	4	2	8	15	21	23	14	12	17	19	11	22	7	9	4	4	7	8	6	1	4	5	6	12	15	10	30	15	33	20	14	13	7	2	12	19	14	35	33	10	7	17	58	233	53	113	103	0	2105	92	39	15	5	20	9	28	23	15	8	0
0	0	0	3	1	0	5	2	3	4	2	2	1	1	1	3	6	3	5	1	2	2	6	6	9	9	8	3	0	3	2	2	2	3	0	2	1	1	2	5	2	2	1	3	2	5	2	5	3	6	4	4	1	3	2	3	0	1	4	2	0	3	2	2	1	4	3	3	7	8	6	9	7	0	3	7	11	18	16	26	9	10	11	2	1	3	5	3	11	10	3	4	2	4	5	4	8	6	6	7	7	12	14	26	12	7	14	7	4	8	15	11	4	7	9	11	20	13	22	11	11	16	13	23	10	6	6	2	10	5	8	4	2	8	1	7	21	8	26	19	34	22	26	19	6	11	11	13	15	24	35	14	7	36	73	206	48	109	127	2105	0	80	33	12	9	17	6	35	12	17	9	0
0	0	0	1	2	2	2	1	2	2	3	1	0	4	2	3	1	0	1	4	2	1	7	10	4	2	5	2	2	4	3	2	1	0	2	1	2	1	0	2	2	1	1	1	2	3	1	3	1	3	1	4	3	1	3	2	4	1	4	3	1	3	1	2	4	0	2	8	4	6	3	8	5	1	2	4	7	6	7	12	3	6	2	4	1	1	7	6	6	5	2	0	5	3	4	6	8	7	5	5	7	9	17	11	9	2	7	7	1	7	5	7	13	9	9	11	15	16	25	18	25	32	32	62	15	14	6	12	18	17	14	9	14	12	8	7	19	10	16	9	23	16	15	14	10	6	7	19	30	31	22	7	4	29	63	75	65	69	23	92	80	0	140	19	17	19	28	124	67	36	21	0
0	0	0	0	1	1	1	1	0	1	0	2	0	0	1	2	3	2	2	0	2	4	3	3	3	4	4	2	2	2	2	1	1	0	0	2	4	0	1	1	1	0	1	3	2	2	3	2	4	3	3	1	0	1	2	3	0	2	0	1	1	0	4	1	2	2	2	2	3	2	6	4	1	4	0	7	5	5	10	2	5	4	0	3	2	4	2	4	7	5	9	4	2	3	2	2	1	3	3	3	9	9	9	5	3	6	3	2	3	6	5	7	4	4	4	11	6	15	24	22	29	34	27	37	20	13	9	31	30	16	17	13	15	11	10	4	12	11	23	10	14	7	6	11	6	6	18	24	35	22	33	12	8	35	31	35	28	29	6	39	33	140	0	72	34	84	61	421	214	68	34	0
0	0	0	0	1	0	0	2	1	1	0	2	1	0	1	0	4	1	2	2	1	1	2	4	0	2	2	1	2	0	2	1	2	1	1	1	0	1	1	1	0	0	1	2	2	3	0	1	4	3	3	2	1	2	2	0	0	0	0	1	0	1	2	0	3	1	2	0	2	3	5	1	1	1	4	0	2	5	2	8	5	3	3	0	4	5	2	2	3	3	1	1	3	3	1	2	0	2	2	7	4	3	6	5	2	3	6	5	6	4	2	5	8	6	3	5	9	11	12	15	30	17	21	27	15	17	16	77	79	65	59	18	26	16	4	6	14	6	5	7	4	7	10	9	18	6	10	14	25	14	12	9	8	16	18	6	9	10	9	15	12	19	72	0	260	177	57	49	96	66	61	0
0	0	0	1	0	2	2	2	1	0	1	2	1	1	3	1	1	1	3	1	0	2	3	1	2	5	3	4	1	1	0	0	1	2	2	2	1	0	3	2	1	1	0	1	0	0	0	2	2	1	0	1	1	0	2	0	3	0	1	0	2	0	0	0	1	3	2	4	1	2	1	0	1	3	2	3	6	0	2	2	1	2	1	1	2	2	3	3	2	2	0	7	0	0	3	1	2	1	2	2	11	3	5	5	3	1	4	2	3	4	1	5	8	7	3	4	6	10	8	6	24	14	23	18	12	18	18	46	49	39	32	19	27	8	8	8	10	3	7	9	5	6	6	5	15	8	8	14	16	19	9	10	11	29	12	6	8	4	4	5	9	17	34	260	0	117	41	23	39	36	20	0
0	0	0	0	0	5	2	1	2	0	2	1	0	0	2	2	3	4	1	2	1	1	2	1	2	6	2	1	0	0	2	3	0	2	0	1	3	1	2	2	0	3	3	2	1	3	1	5	2	4	4	1	2	3	1	1	2	0	1	1	1	3	0	0	6	3	2	1	3	3	2	0	2	3	3	0	2	5	3	7	2	1	0	2	1	3	2	2	3	5	2	5	1	1	0	1	2	3	5	6	3	4	6	2	3	3	6	4	5	5	5	5	5	7	4	4	4	4	6	9	13	16	14	17	16	15	13	35	21	26	17	18	18	12	12	9	15	9	6	5	3	9	11	16	13	11	16	11	18	21	14	13	3	24	18	11	10	10	6	20	17	19	84	177	117	0	154	85	82	32	22	0
0	0	0	0	1	0	0	1	0	1	0	0	1	1	4	1	1	0	1	3	1	1	0	2	7	7	1	3	0	0	3	1	0	1	0	0	2	0	2	1	1	1	3	1	1	1	3	4	1	1	1	4	2	0	0	1	3	2	0	2	1	0	0	1	0	0	3	2	5	3	0	7	3	3	3	3	2	3	2	3	4	1	1	0	3	2	2	2	4	2	2	1	3	2	2	1	3	3	3	3	2	3	5	6	0	1	0	3	3	0	4	5	4	4	3	5	6	7	5	7	12	7	15	19	19	20	12	45	19	12	8	14	13	7	2	9	13	0	7	2	6	3	5	7	9	7	4	12	12	15	14	4	9	18	15	11	15	8	3	9	6	28	61	57	41	154	0	92	99	19	11	0
0	0	0	0	2	2	3	2	2	2	0	0	2	0	1	0	0	3	2	1	2	2	7	4	4	3	2	4	1	1	6	1	2	0	1	2	3	1	4	1	1	1	0	0	4	2	1	2	4	4	4	1	0	3	1	1	0	0	3	1	1	1	1	0	3	2	3	2	6	2	3	2	0	4	3	4	1	6	5	7	6	6	0	3	3	2	2	1	8	5	5	5	3	6	5	4	1	1	1	1	3	7	9	7	3	6	6	9	6	4	6	7	3	4	4	6	9	9	8	17	8	16	17	31	23	19	11	21	17	15	10	8	13	7	6	8	14	8	16	11	7	8	10	8	10	6	7	15	22	27	22	11	10	30	36	21	20	16	16	28	35	124	421	49	23	85	92	0	169	38	20	0
0	0	0	2	1	0	0	1	0	1	2	1	1	0	2	4	0	1	0	0	0	2	1	2	2	5	2	1	1	1	1	1	0	3	1	0	0	0	0	1	1	5	5	2	0	2	2	6	2	2	1	2	3	1	1	1	0	3	3	3	2	0	2	0	3	2	5	2	2	2	0	1	0	3	2	5	1	6	1	5	5	1	3	1	2	1	2	1	2	6	5	2	3	1	1	4	4	4	2	6	1	9	8	3	3	4	5	9	5	2	9	6	7	8	5	12	6	13	11	15	10	17	30	69	44	32	22	58	25	27	21	14	11	2	3	10	12	6	9	11	7	3	7	8	14	8	12	22	26	15	15	8	5	22	20	13	22	14	9	23	12	67	214	96	39	82	99	169	0	109	37	0
0	0	0	0	2	1	2	1	0	0	0	0	1	1	3	1	4	0	3	1	0	2	3	0	5	2	2	2	0	2	2	3	1	1	0	1	0	2	2	1	3	0	0	1	2	2	2	0	3	0	3	5	0	2	1	0	2	5	0	2	0	3	0	2	2	3	3	3	2	3	2	0	4	1	1	1	7	8	3	3	4	5	2	3	3	1	7	2	7	5	1	4	0	3	2	5	3	2	5	6	2	4	7	0	8	3	12	5	4	5	11	16	11	9	7	7	15	24	33	34	35	54	160	204	39	39	18	52	35	28	30	13	15	11	9	10	21	8	13	7	14	7	7	7	13	12	9	10	32	6	14	7	5	9	23	16	38	18	17	15	17	36	68	66	36	32	19	38	109	0	127	0
0	0	0	0	0	0	0	0	0	0	2	0	1	2	0	2	0	1	4	1	1	0	0	0	3	1	2	1	1	0	1	1	0	0	0	1	0	0	1	1	3	2	1	4	0	1	0	3	2	3	3	0	3	0	1	3	1	0	1	2	0	1	2	1	3	0	0	1	3	4	2	0	1	0	1	2	1	5	3	3	2	3	4	4	2	3	2	0	2	3	0	2	5	5	4	2	5	5	2	4	7	6	6	7	4	5	5	13	6	10	6	16	11	1	4	12	16	12	20	22	81	42	87	39	24	27	19	50	130	106	83	22	34	22	9	16	21	17	11	5	8	2	10	8	12	9	11	18	32	9	11	13	16	6	16	8	20	17	5	8	9	21	34	61	20	22	11	20	37	127	0	0
0	0	0	0	0	0	0	0	0	0	0	0	0	0	0	0	0	0	0	0	0	0	0	0	0	0	0	0	0	0	0	0	0	0	0	0	0	0	0	0	0	0	0	0	0	0	0	0	0	0	0	0	0	0	0	0	0	0	0	0	0	0	0	0	0	0	0	0	0	0	0	0	0	0	0	0	0	0	0	0	0	0	0	0	0	0	0	0	0	0	0	0	0	0	0	0	0	0	0	0	0	0	0	0	0	0	0	0	0	0	0	0	0	0	0	0	0	0	0	0	0	0	0	0	0	0	0	0	0	0	0	0	0	0	0	0	0	0	0	0	0	0	0	0	0	0	0	0	0	0	0	0	0	0	0	0	0	0	0	0	0	0	0	0	0	0	0	0	0	0	0	0
