0	0	0	0	0	0	0	0	0	0	0	0	0	0	0	0	0	0	0	0	0	0	0	0	0	0	0	0	0	0	0	0	0	0	0	0	0	0	0	0	0	0	0	0	0	0	0	0	0	0	0	0	0	0	0	0	0	0	0	0	0	0	0	0	0	0	0	0	0	0	0	0	0	0	0	0	0	0	0	0	0	0	0	0	0	0	0	0	0	0	0	0	0	0	0	0	0	0	0	0	0	0	0	0	0	0	0	0	0	0	0	0	0	0	0	0	0	0	0	0	0	0	0	0	0
0	0	0	0	0	0	0	0	0	0	0	0	0	0	0	0	0	0	0	0	0	0	0	0	0	0	0	0	0	0	0	0	0	0	0	0	0	0	0	0	0	0	0	0	0	0	0	0	0	0	0	0	0	0	0	0	0	0	0	0	0	0	0	0	0	0	0	0	0	0	0	0	0	0	0	0	0	0	0	0	0	0	0	0	0	0	0	0	0	0	0	0	0	0	0	0	0	0	0	0	0	0	0	0	0	0	0	0	0	0	0	0	0	0	0	0	0	0	0	0	0	0	0	0	0
0	0	0	0	0	0	0	0	0	0	0	0	0	0	0	0	0	0	0	0	0	0	0	0	0	0	0	0	0	0	0	0	0	0	0	0	0	0	0	0	0	0	0	0	0	0	0	0	0	0	0	0	0	0	0	0	0	0	0	0	0	0	0	0	0	0	0	0	0	0	0	0	0	0	0	0	0	0	0	0	0	0	0	0	0	0	0	0	0	0	0	0	0	0	0	0	0	0	0	0	0	0	0	0	0	0	0	0	0	0	0	0	0	0	0	0	0	0	0	0	0	0	0	0	0
0	0	0	0	19	17	28	57	8	4	4	6	5	2	7	9	3	2	3	4	2	0	2	1	7	2	6	9	6	4	3	2	10	7	3	26	15	21	5	2	4	2	0	4	2	0	2	3	3	4	1	2	1	2	1	1	1	0	0	3	0	0	0	1	2	0	1	1	1	0	7	10	9	4	5	0	2	2	4	0	2	3	1	2	0	1	0	0	0	0	0	0	2	1	1	0	1	0	2	0	1	1	1	0	0	1	0	0	2	1	0	2	1	2	1	0	1	2	1	1	2	1	3	1	2
0	0	0	19	0	53	51	15	20	9	7	9	70	30	17	15	21	11	9	12	11	8	3	6	4	4	8	17	10	12	13	6	16	37	24	54	12	29	40	11	7	2	5	5	1	8	5	8	10	9	7	1	2	3	3	0	0	2	2	2	2	1	1	0	0	0	0	1	2	2	13	22	19	23	8	11	3	12	5	2	2	4	4	2	3	8	2	0	0	0	2	0	2	0	1	1	1	2	0	0	1	2	2	0	1	2	0	2	0	3	0	0	2	3	0	0	2	3	1	1	1	7	3	3	4
0	0	0	17	53	0	50	15	48	15	11	16	505	18	18	36	22	18	22	9	3	6	6	1	2	3	8	7	5	5	11	4	12	21	48	35	12	12	20	16	6	0	5	9	5	11	6	7	10	18	13	3	3	1	6	1	3	0	0	0	0	2	0	2	0	0	0	3	4	11	7	21	16	39	6	12	6	4	3	3	6	5	3	2	4	3	1	1	2	3	0	1	2	1	1	0	0	1	0	0	0	0	2	0	3	1	4	3	4	1	0	0	2	2	1	0	3	5	2	1	1	4	6	4	5
0	0	0	28	51	50	0	38	13	12	6	3	48	10	14	9	5	8	7	5	7	1	1	2	3	3	4	5	8	8	5	4	8	14	18	201	40	41	16	8	6	2	2	8	1	7	1	3	7	8	4	0	3	2	0	1	0	0	1	0	3	0	0	0	0	0	0	1	3	4	8	31	19	27	4	2	3	1	2	4	2	4	2	1	1	2	3	0	0	3	2	0	2	2	0	1	3	1	1	1	0	1	0	0	0	0	0	1	1	2	0	0	0	3	3	0	1	1	2	2	1	3	1	2	5
0	0	0	57	15	15	38	0	11	5	3	6	9	5	5	7	3	8	4	4	3	1	2	0	2	0	4	6	3	5	9	1	10	4	5	23	28	20	12	5	2	3	0	1	4	6	1	3	1	4	7	3	0	2	0	0	0	1	0	1	1	4	2	1	1	2	0	1	1	2	5	8	8	10	5	4	4	2	0	1	0	2	2	3	0	0	2	1	3	0	1	0	0	2	0	1	0	0	0	0	0	0	1	0	0	0	2	0	3	1	0	3	2	3	0	0	1	3	3	1	2	5	1	1	1
0	0	0	8	20	48	13	11	0	29	33	30	54	13	16	21	22	13	11	10	5	5	1	0	2	4	6	3	3	6	6	1	6	12	20	12	8	8	7	7	6	3	1	3	2	6	2	3	1	5	4	3	1	2	0	1	1	1	0	2	0	2	1	1	0	0	0	2	3	6	7	11	8	5	9	11	6	3	14	2	3	2	1	5	3	0	1	2	3	3	4	0	2	2	2	1	3	2	3	5	2	0	1	1	1	1	0	0	0	0	1	0	1	2	2	4	1	1	1	2	1	4	3	4	5
0	0	0	4	9	15	12	5	29	0	36	10	23	12	23	40	16	77	15	12	8	5	5	3	2	3	5	5	6	7	11	2	9	8	33	9	3	2	12	11	14	2	9	11	7	2	2	0	0	4	12	5	4	5	1	1	0	0	2	1	1	3	3	0	3	1	1	1	3	3	5	3	0	9	11	13	5	5	4	3	6	1	4	3	2	1	1	5	1	1	1	1	0	1	0	1	0	2	4	0	0	2	0	1	0	2	2	4	3	3	0	1	0	5	1	2	0	2	6	1	2	2	0	10	2
0	0	0	4	7	11	6	3	33	36	0	37	13	26	32	21	48	30	7	9	11	2	3	4	0	3	9	7	7	8	10	6	6	11	17	5	3	9	7	7	4	4	4	4	2	5	0	3	2	5	3	2	0	2	4	3	1	0	1	1	1	0	0	3	1	1	0	0	3	3	6	4	7	8	9	17	12	5	8	4	5	1	9	2	6	2	3	3	4	5	0	1	2	1	2	2	0	2	5	3	2	0	1	1	0	2	3	2	1	2	1	1	1	3	2	1	2	1	1	4	2	2	2	3	4
0	0	0	6	9	16	3	6	30	10	37	0	11	33	24	8	41	6	2	7	3	3	5	3	5	3	12	21	8	9	7	5	3	15	14	3	1	6	6	5	7	1	1	6	2	0	2	3	1	5	3	4	3	0	2	2	3	0	0	0	1	1	1	1	1	0	1	2	0	0	4	2	5	4	5	6	2	12	7	5	1	5	2	4	0	2	1	1	1	1	3	2	2	0	0	1	1	1	2	0	0	0	1	0	0	2	1	1	0	2	3	1	0	4	0	0	0	2	1	0	4	7	3	5	1
0	0	0	5	70	505	48	9	54	23	13	11	0	22	35	42	32	14	15	13	14	9	6	4	5	5	11	17	6	12	10	7	10	31	82	25	12	15	26	17	10	2	5	13	6	4	3	1	7	13	9	5	2	1	1	3	1	0	2	1	1	3	0	1	0	2	0	1	0	2	8	24	10	27	18	18	5	8	6	1	3	2	4	9	4	4	3	0	1	3	2	3	4	1	3	1	1	2	1	1	0	2	1	0	1	2	0	1	3	3	2	1	3	5	4	1	1	4	2	2	2	7	3	3	7
0	0	0	2	30	18	10	5	13	12	26	33	22	0	60	28	158	18	14	39	14	10	9	3	6	9	68	57	23	44	60	17	26	110	32	7	4	6	6	7	20	9	7	12	3	4	0	3	2	5	10	6	4	3	2	1	0	0	1	2	2	2	2	1	2	1	0	2	3	5	12	7	6	9	12	32	21	24	28	6	4	10	11	4	6	3	0	4	4	2	3	1	1	2	3	0	2	0	4	1	1	3	1	4	1	3	0	2	2	0	1	2	1	2	1	0	2	5	2	2	2	11	4	7	5
0	0	0	7	17	18	14	5	16	23	32	24	35	60	0	94	137	51	40	25	25	11	4	5	6	6	26	19	10	30	22	12	18	41	109	8	9	4	11	21	29	17	12	16	8	6	2	1	3	6	13	5	4	5	4	1	1	1	1	3	3	3	0	0	0	1	1	0	2	6	23	7	12	13	40	47	12	12	16	10	6	9	11	6	3	5	2	5	3	1	4	2	1	4	1	3	1	0	6	1	2	0	1	4	1	2	3	1	0	5	2	3	0	3	0	2	1	4	8	0	8	8	4	8	9
0	0	0	9	15	36	9	7	21	40	21	8	42	28	94	0	26	70	61	21	38	8	9	2	5	4	20	11	16	19	11	4	14	26	243	5	3	13	22	49	37	14	15	16	8	11	3	2	6	11	32	10	3	3	2	3	2	3	2	1	2	3	2	3	0	1	1	3	9	9	23	10	15	23	46	36	11	14	9	4	2	5	9	6	2	8	2	1	6	1	1	1	5	2	3	1	2	3	2	2	2	1	1	2	1	2	0	2	3	0	1	1	0	5	4	2	1	11	3	4	3	8	8	8	6
0	0	0	3	21	22	5	3	22	16	48	41	32	158	137	26	0	16	13	31	6	8	2	1	7	7	37	26	6	26	18	10	16	46	27	11	6	9	7	5	15	6	3	8	7	2	4	1	2	4	9	7	8	5	0	5	2	0	1	0	1	2	0	2	0	3	1	0	0	3	7	5	4	8	20	20	12	13	18	7	5	8	10	2	7	3	4	3	3	2	0	1	3	2	2	1	1	1	2	2	0	2	2	2	4	2	1	2	2	3	2	2	2	2	1	3	1	2	3	2	6	7	6	5	7
0	0	0	2	11	18	8	8	13	77	30	6	14	18	51	70	16	0	37	12	15	4	5	4	4	2	14	5	7	10	4	7	10	12	32	6	10	2	10	25	26	7	15	7	4	4	2	4	2	3	28	9	3	3	2	3	0	2	1	4	1	2	1	2	1	2	0	5	7	4	7	9	10	8	18	27	10	6	8	5	2	1	4	7	3	6	5	1	3	1	2	2	6	1	3	0	1	4	1	1	0	1	0	0	2	2	2	2	1	3	4	2	0	4	3	0	3	5	6	2	3	6	4	16	8
0	0	0	3	9	22	7	4	11	15	7	2	15	14	40	61	13	37	0	28	122	12	18	6	7	8	24	9	10	40	15	11	20	20	40	6	4	8	21	89	132	16	33	81	21	6	2	1	6	6	131	16	6	8	4	1	0	3	2	3	4	5	3	1	1	3	3	1	6	20	23	10	8	16	3897	100	25	9	13	9	3	17	15	12	8	10	6	4	9	4	3	4	4	5	2	0	3	1	2	0	2	0	1	0	2	5	2	5	5	1	2	3	1	4	2	6	5	19	7	9	7	11	16	32	32
0	0	0	4	12	9	5	4	10	12	9	7	13	39	25	21	31	12	28	0	33	22	23	11	13	11	645	52	49	214	131	45	99	40	17	8	3	5	16	11	14	12	11	25	6	3	5	3	4	12	19	8	7	6	0	3	1	1	1	1	1	1	2	1	1	2	0	2	1	6	20	10	6	10	46	49	52	31	23	8	6	11	16	12	3	2	5	4	6	5	0	2	3	2	0	2	3	0	4	5	2	3	1	2	0	2	2	3	5	3	2	2	2	4	2	3	4	8	4	6	2	20	8	10	6
0	0	0	2	11	3	7	3	5	8	11	3	14	14	25	38	6	15	122	33	0	22	13	8	7	8	27	8	11	24	17	9	58	14	39	9	4	7	39	90	47	10	34	609	24	7	4	1	5	23	136	13	12	9	8	1	1	3	0	1	0	4	1	0	0	2	2	5	9	24	117	8	17	21	162	31	29	7	7	6	4	5	6	12	5	2	4	2	6	9	5	2	2	2	4	1	1	2	2	5	1	2	0	0	1	3	5	3	5	0	2	4	2	3	1	4	5	7	8	7	5	18	15	9	28
0	0	0	0	8	6	1	1	5	5	2	3	9	10	11	8	8	4	12	22	22	0	15	8	16	6	21	13	40	12	24	17	66	13	10	6	8	5	15	12	17	10	7	28	10	4	2	14	11	30	12	7	4	7	2	0	1	1	2	3	0	1	5	2	1	1	3	1	4	8	25	8	10	10	18	11	16	17	7	6	1	3	8	7	4	8	5	2	2	2	3	3	1	0	1	2	1	1	3	1	1	1	1	2	0	3	2	1	2	2	0	1	4	2	1	3	1	5	3	3	7	101	7	8	9
0	0	0	2	3	6	1	2	1	5	3	5	6	9	4	9	2	5	18	23	13	15	0	23	8	5	20	10	9	28	14	46	11	6	6	0	4	0	6	8	20	22	12	8	7	5	3	3	1	5	13	3	9	7	7	2	2	4	3	1	3	1	7	1	1	3	2	1	5	11	7	3	5	4	9	15	41	15	14	11	9	70	26	25	20	20	10	3	9	8	7	6	5	5	1	3	7	4	10	3	3	5	1	1	2	1	2	4	3	2	4	2	4	4	1	2	5	7	5	4	6	16	28	6	9
0	0	0	1	6	1	2	0	0	3	4	3	4	3	5	2	1	4	6	11	8	8	23	0	39	53	13	14	22	8	16	35	9	5	3	0	4	5	4	5	2	4	4	4	3	1	3	2	3	5	2	5	4	3	4	6	1	2	1	5	3	1	2	2	1	1	1	2	3	3	1	6	2	3	5	6	9	27	11	5	3	15	7	5	5	5	4	3	3	4	4	2	2	1	4	3	3	1	4	3	0	2	1	3	3	2	2	0	2	2	0	2	1	4	1	1	1	2	3	1	3	12	10	6	6
0	0	0	7	4	2	3	2	2	2	0	5	5	6	6	5	7	4	7	13	7	16	8	39	0	49	17	20	37	12	19	14	20	5	3	2	6	2	7	8	2	3	2	7	5	5	2	3	3	3	3	3	6	3	0	2	1	1	2	4	1	2	0	1	2	0	0	1	1	4	8	7	3	6	12	5	4	32	7	3	3	4	7	2	2	3	1	1	3	7	0	3	1	1	2	0	3	2	2	3	1	0	1	1	0	1	1	1	4	2	2	0	4	7	0	0	1	2	2	0	2	7	2	4	1
0	0	0	2	4	3	3	0	4	3	3	3	5	9	6	4	7	2	8	11	8	6	5	53	49	0	12	11	20	9	16	38	2	9	1	3	2	3	3	4	2	3	4	5	1	3	2	3	2	9	2	0	1	2	2	2	0	4	0	3	2	2	0	1	0	2	0	2	2	4	4	3	0	2	5	6	9	57	14	8	10	7	13	5	6	3	4	4	1	2	3	0	1	2	0	1	2	1	1	3	1	1	3	0	2	1	2	2	7	3	2	0	2	4	0	0	2	5	0	3	3	3	4	2	4
0	0	0	6	8	8	4	4	6	5	9	12	11	68	26	20	37	14	24	645	27	21	20	13	17	12	0	70	43	299	154	51	56	68	15	3	4	5	10	12	23	7	12	16	2	4	1	5	7	7	13	9	2	1	5	3	0	2	3	1	1	2	1	2	0	1	2	5	6	7	8	5	8	11	38	44	52	52	23	8	5	7	16	10	3	5	5	0	6	2	3	0	3	4	1	0	4	0	0	1	1	1	1	1	2	1	0	0	2	1	2	3	1	6	3	3	2	8	3	2	3	11	5	6	5
0	0	0	9	17	7	5	6	3	5	7	21	17	57	19	11	26	5	9	52	8	13	10	14	20	11	70	0	73	31	317	27	30	104	11	3	8	8	19	5	8	4	8	11	9	5	5	6	7	11	12	2	1	2	0	2	0	2	1	1	1	1	0	1	1	3	1	1	2	5	8	5	6	6	11	12	14	63	17	4	5	3	7	2	4	3	3	2	6	2	2	2	0	3	0	1	1	2	6	2	0	1	2	1	1	1	1	1	0	0	3	1	0	4	0	3	1	1	5	5	1	11	6	3	5
0	0	0	6	10	5	8	3	3	6	7	8	6	23	10	16	6	7	10	49	11	40	9	22	37	20	43	73	0	23	103	23	64	53	8	8	4	8	15	7	12	4	6	17	2	9	1	10	9	14	9	2	2	2	1	2	1	1	0	1	3	2	1	0	1	2	2	0	5	7	14	7	7	8	7	13	15	52	9	9	4	8	16	7	5	2	1	1	4	2	2	2	3	4	2	1	2	3	1	3	4	1	3	3	0	2	0	0	1	0	2	3	0	3	1	0	2	4	1	3	3	11	3	5	6
0	0	0	4	12	5	8	5	6	7	8	9	12	44	30	19	26	10	40	214	24	12	28	8	12	9	299	31	23	0	65	48	44	39	25	6	7	4	15	16	37	19	13	20	6	7	4	6	5	7	17	2	11	4	1	1	0	1	2	2	7	5	2	4	0	1	4	3	2	4	10	6	7	3	33	78	130	21	56	6	11	21	26	8	9	4	5	4	2	5	0	2	2	1	3	0	2	2	1	5	5	4	2	0	0	4	2	1	3	4	2	3	2	3	2	1	0	10	5	0	1	14	9	9	4
0	0	0	3	13	11	5	9	6	11	10	7	10	60	22	11	18	4	15	131	17	24	14	16	19	16	154	317	103	65	0	34	93	116	21	4	5	6	13	8	12	8	8	17	5	7	4	3	5	8	7	4	5	5	1	0	1	1	2	2	1	2	0	1	0	1	2	0	5	8	10	6	8	14	19	18	23	47	19	5	6	13	11	6	2	3	6	3	1	3	1	1	1	1	1	1	2	1	1	3	0	2	0	1	1	2	1	0	1	2	0	3	2	3	1	1	1	5	5	2	6	12	6	6	5
0	0	0	2	6	4	4	1	1	2	6	5	7	17	12	4	10	7	11	45	9	17	46	35	14	38	51	27	23	48	34	0	22	11	3	6	4	4	9	10	12	12	7	9	6	4	1	3	5	3	14	7	6	3	0	1	0	1	1	4	1	4	2	4	1	2	4	1	1	4	12	7	2	5	13	20	83	50	33	13	9	36	28	5	8	7	4	5	8	1	5	2	1	3	6	0	5	1	1	3	2	1	3	2	3	2	4	0	0	2	0	4	4	4	5	2	3	7	3	2	1	10	4	4	4
0	0	0	10	16	12	8	10	6	9	6	3	10	26	18	14	16	10	20	99	58	66	11	9	20	2	56	30	64	44	93	22	0	62	17	8	4	9	35	14	9	10	9	38	10	9	6	8	10	17	22	3	7	7	2	0	1	1	2	4	1	4	2	5	0	3	2	3	5	10	30	11	14	14	27	18	17	32	10	5	2	6	7	4	2	0	5	1	4	1	0	2	4	2	4	3	1	1	2	2	2	1	0	1	1	1	2	3	0	3	0	5	2	2	2	2	3	6	4	4	5	26	3	10	8
0	0	0	7	37	21	14	4	12	8	11	15	31	110	41	26	46	12	20	40	14	13	6	5	5	9	68	104	53	39	116	11	62	0	32	10	6	7	26	11	10	7	11	17	4	5	2	2	11	12	10	3	4	1	3	5	1	1	2	0	2	0	4	2	1	1	1	0	6	4	12	12	11	12	19	30	17	26	8	2	5	6	8	5	3	3	4	2	6	2	1	2	2	1	1	1	5	5	4	0	2	0	0	0	1	1	3	1	1	4	0	1	0	4	4	3	2	7	1	4	1	3	1	3	2
0	0	0	3	24	48	18	5	20	33	17	14	82	32	109	243	27	32	40	17	39	10	6	3	3	1	15	11	8	25	21	3	17	32	0	13	8	6	32	34	17	14	9	18	11	7	3	3	6	10	25	8	10	2	2	0	0	0	1	4	1	0	1	2	2	0	2	1	5	3	32	12	14	38	40	29	9	8	6	6	5	4	3	3	7	3	2	1	0	4	4	1	0	1	2	2	3	1	5	3	0	1	0	1	2	0	6	2	0	3	2	1	1	3	2	2	4	7	4	2	6	5	4	9	6
0	0	0	26	54	35	201	23	12	9	5	3	25	7	8	5	11	6	6	8	9	6	0	0	2	3	3	3	8	6	4	6	8	10	13	0	89	70	36	9	5	5	3	7	3	12	2	5	6	24	5	1	4	1	1	1	2	0	0	0	2	2	0	2	1	4	1	0	1	3	11	54	24	22	4	4	6	3	6	2	1	1	2	1	1	1	3	0	4	1	1	1	3	1	1	1	1	1	2	0	0	1	1	1	1	2	1	1	1	0	0	2	2	0	0	2	0	1	4	2	2	3	5	3	4
0	0	0	15	12	12	40	28	8	3	3	1	12	4	9	3	6	10	4	3	4	8	4	4	6	2	4	8	4	7	5	4	4	6	8	89	0	161	10	2	2	1	1	4	5	11	4	4	12	9	5	3	3	0	0	1	0	0	1	0	2	1	1	0	0	1	1	0	2	3	9	31	18	15	5	3	2	5	1	2	4	2	3	2	1	3	0	0	1	1	3	1	0	1	0	2	0	1	0	1	0	0	0	1	1	0	0	2	1	1	0	0	1	2	1	0	3	2	5	2	2	2	2	2	3
0	0	0	21	29	12	41	20	8	2	9	6	15	6	4	13	9	2	8	5	7	5	0	5	2	3	5	8	8	4	6	4	9	7	6	70	161	0	21	1	1	4	5	8	7	7	7	4	11	10	0	0	4	3	0	2	2	1	4	0	0	1	0	1	0	0	0	1	1	3	6	22	3	16	7	3	6	1	2	0	4	2	1	2	1	2	0	1	0	3	1	4	2	0	0	2	0	1	1	1	0	0	1	0	3	0	1	1	0	0	2	1	1	1	3	0	3	2	3	1	4	7	1	8	3
0	0	0	5	40	20	16	12	7	12	7	6	26	6	11	22	7	10	21	16	39	15	6	4	7	3	10	19	15	15	13	9	35	26	32	36	10	21	0	11	10	7	11	31	9	19	10	8	6	85	13	5	7	1	3	2	1	1	2	2	3	3	4	1	1	2	1	3	9	8	74	58	38	89	16	6	9	9	4	4	3	7	10	1	2	4	2	3	1	1	1	3	0	1	0	0	1	1	2	1	2	3	2	3	1	3	1	0	1	1	1	1	1	2	1	2	5	10	2	2	7	10	5	5	7
0	0	0	2	11	16	8	5	7	11	7	5	17	7	21	49	5	25	89	11	90	12	8	5	8	4	12	5	7	16	8	10	14	11	34	9	2	1	11	0	38	17	34	57	37	13	1	5	3	10	510	23	15	8	3	0	1	1	3	2	1	9	0	1	0	3	0	3	8	14	49	17	19	19	81	29	18	8	3	6	9	4	7	10	10	5	1	4	0	0	1	1	4	3	5	3	2	4	2	1	1	2	1	0	1	4	1	3	2	3	1	0	5	6	2	3	4	19	9	6	16	9	8	21	42
0	0	0	4	7	6	6	2	6	14	4	7	10	20	29	37	15	26	132	14	47	17	20	2	2	2	23	8	12	37	12	12	9	10	17	5	2	1	10	38	0	42	51	22	8	3	0	0	0	15	43	21	17	6	8	2	3	3	3	2	3	6	1	3	1	1	1	3	5	8	20	6	8	13	97	191	38	11	9	12	11	15	19	22	9	9	5	5	6	5	4	4	4	3	1	1	2	3	6	2	1	1	2	2	1	2	1	4	3	2	2	4	0	13	6	1	3	22	5	6	9	13	10	21	23
0	0	0	2	2	0	2	3	3	2	4	1	2	9	17	14	6	7	16	12	10	10	22	4	3	3	7	4	4	19	8	12	10	7	14	5	1	4	7	17	42	0	60	15	6	1	2	0	3	1	23	19	47	16	9	5	3	4	2	7	2	7	2	4	3	2	3	5	13	9	10	2	4	5	34	28	38	5	13	24	22	26	15	79	13	25	9	19	7	7	3	2	14	5	1	6	3	4	9	5	1	0	3	2	1	3	3	4	1	1	6	7	3	13	6	4	4	11	16	8	11	4	22	20	18
0	0	0	0	5	5	2	0	1	9	4	1	5	7	12	15	3	15	33	11	34	7	12	4	2	4	12	8	6	13	8	7	9	11	9	3	1	5	11	34	51	60	0	16	30	6	2	3	1	7	49	65	95	26	8	9	3	0	2	4	10	3	2	3	1	7	4	5	27	31	10	2	9	10	36	25	18	7	6	11	4	13	7	37	14	21	7	9	11	4	2	3	8	6	5	4	1	5	7	1	1	1	3	3	1	1	6	4	5	1	2	8	6	17	7	1	5	36	22	15	10	15	27	62	45
0	0	0	4	5	9	8	1	3	11	4	6	13	12	16	16	8	7	81	25	609	28	8	4	7	5	16	11	17	20	17	9	38	17	18	7	4	8	31	57	22	15	16	0	31	9	2	6	6	35	116	10	10	5	3	1	1	3	2	4	2	3	4	2	0	0	1	6	6	36	137	18	14	12	57	21	9	12	9	4	2	8	7	4	4	9	1	6	2	4	2	2	1	4	2	1	3	1	6	2	2	2	0	2	3	4	3	0	4	1	3	2	1	6	0	2	4	17	6	10	15	29	12	15	22
0	0	0	2	1	5	1	4	2	7	2	2	6	3	8	8	7	4	21	6	24	10	7	3	5	1	2	9	2	6	5	6	10	4	11	3	5	7	9	37	8	6	30	31	0	22	3	1	7	14	38	21	10	0	6	1	1	1	2	3	4	5	2	4	2	1	1	6	7	121	33	7	35	14	14	6	2	3	3	4	8	1	2	6	2	4	0	5	2	2	6	2	5	1	1	0	0	5	3	1	2	1	2	2	0	2	2	4	4	0	1	5	4	4	5	9	6	31	11	14	31	9	16	21	49
0	0	0	0	8	11	7	6	6	2	5	0	4	4	6	11	2	4	6	3	7	4	5	1	5	3	4	5	9	7	7	4	9	5	7	12	11	7	19	13	3	1	6	9	22	0	10	7	20	39	10	4	6	6	2	0	0	1	1	3	1	3	0	1	1	0	0	6	3	11	26	21	35	12	4	5	5	1	5	2	4	1	0	2	1	3	2	3	4	2	2	1	1	0	0	0	4	2	2	1	3	3	2	0	2	0	2	1	1	1	2	2	3	0	1	5	7	7	3	2	6	20	2	2	10
0	0	0	2	5	6	1	1	2	2	0	2	3	0	2	3	4	2	2	5	4	2	3	3	2	2	1	5	1	4	4	1	6	2	3	2	4	7	10	1	0	2	2	2	3	10	0	17	24	8	3	1	1	3	1	2	0	0	0	4	2	1	1	2	1	0	0	1	2	4	12	4	6	3	5	3	2	8	3	1	0	0	3	2	1	0	1	0	3	0	1	0	1	0	2	2	1	0	0	0	0	0	1	1	1	0	1	1	0	2	0	2	1	0	1	2	4	2	1	3	5	6	2	5	2
0	0	0	3	8	7	3	3	3	0	3	3	1	3	1	2	1	4	1	3	1	14	3	2	3	3	5	6	10	6	3	3	8	2	3	5	4	4	8	5	0	0	3	6	1	7	17	0	29	6	5	3	0	2	0	1	0	1	1	0	1	1	0	0	0	1	3	2	3	2	7	4	7	3	7	2	1	4	2	0	1	3	3	3	1	1	0	2	3	0	0	0	2	1	0	2	1	0	0	0	1	2	0	0	0	1	1	1	2	0	0	0	0	1	1	2	1	3	2	2	1	11	2	4	4
0	0	0	3	10	10	7	1	1	0	2	1	7	2	3	6	2	2	6	4	5	11	1	3	3	2	7	7	9	5	5	5	10	11	6	6	12	11	6	3	0	3	1	6	7	20	24	29	0	35	4	0	2	1	0	2	2	0	0	2	0	0	2	0	2	3	2	1	5	3	4	16	12	12	5	1	3	2	2	1	2	3	5	3	1	1	0	1	0	1	0	1	5	0	1	0	1	0	1	1	4	0	0	0	0	2	1	0	2	3	0	1	1	3	1	1	2	3	0	5	8	15	2	3	3
0	0	0	4	9	18	8	4	5	4	5	5	13	5	6	11	4	3	6	12	23	30	5	5	3	9	7	11	14	7	8	3	17	12	10	24	9	10	85	10	15	1	7	35	14	39	8	6	35	0	12	6	4	3	0	0	1	2	1	3	1	1	1	0	0	0	1	3	1	12	50	67	28	25	11	6	2	1	5	1	3	2	5	2	2	2	1	0	2	0	1	0	0	0	1	0	2	0	0	0	1	0	1	2	0	3	6	2	1	3	1	0	1	2	2	2	3	7	3	4	6	20	2	4	9
0	0	0	1	7	13	4	7	4	12	3	3	9	10	13	32	9	28	131	19	136	12	13	2	3	2	13	12	9	17	7	14	22	10	25	5	5	0	13	510	43	23	49	116	38	10	3	5	4	12	0	24	20	5	3	3	3	5	1	4	7	3	0	1	3	1	3	9	8	32	42	10	17	16	91	42	16	4	7	8	4	3	5	7	6	6	1	4	2	8	3	0	5	2	1	0	2	2	2	2	1	0	1	1	5	4	5	3	7	1	4	1	7	5	0	3	5	27	12	7	12	18	19	36	58
0	0	0	2	1	3	0	3	3	5	2	4	5	6	5	10	7	9	16	8	13	7	3	5	3	0	9	2	2	2	4	7	3	3	8	1	3	0	5	23	21	19	65	10	21	4	1	3	0	6	24	0	55	8	4	4	1	2	2	10	6	9	3	2	1	3	3	10	81	20	6	3	10	10	15	11	8	7	10	2	0	4	10	10	9	14	6	2	5	7	6	6	6	3	4	4	1	3	2	4	0	2	3	4	4	6	7	2	12	2	2	4	4	10	8	12	7	98	122	29	23	5	17	203	68
0	0	0	1	2	3	3	0	1	4	0	3	2	4	4	3	8	3	6	7	12	4	9	4	6	1	2	1	2	11	5	6	7	4	10	4	3	4	7	15	17	47	95	10	10	6	1	0	2	4	20	55	0	43	9	5	4	3	3	11	5	10	2	3	2	8	5	14	37	16	5	3	8	2	15	10	11	7	7	9	10	6	5	43	21	45	7	9	15	11	3	3	8	6	5	5	5	3	7	4	1	0	3	6	3	13	5	3	10	6	0	5	11	31	13	6	8	47	30	21	9	4	50	27	29
0	0	0	2	3	1	2	2	2	5	2	0	1	3	5	3	5	3	8	6	9	7	7	3	3	2	1	2	2	4	5	3	7	1	2	1	0	3	1	8	6	16	26	5	0	6	3	2	1	3	5	8	43	0	39	9	6	7	12	11	18	36	5	7	9	6	3	14	21	2	10	2	3	6	8	9	4	3	4	10	4	11	4	62	64	278	22	35	34	41	14	13	24	9	8	7	12	9	30	5	10	3	2	4	4	13	12	14	23	11	2	13	16	41	9	24	6	16	11	12	11	7	49	15	11
0	0	0	1	3	6	0	0	0	1	4	2	1	2	4	2	0	2	4	0	8	2	7	4	0	2	5	0	1	1	1	0	2	3	2	1	0	0	3	3	8	9	8	3	6	2	1	0	0	0	3	4	9	39	0	42	12	12	2	16	6	55	11	8	8	14	7	7	5	6	4	1	2	2	4	3	3	2	5	13	7	5	5	21	75	32	141	179	35	36	58	61	90	37	8	22	13	18	158	16	12	7	7	7	7	23	16	10	24	40	6	10	24	17	7	3	2	7	3	6	8	3	6	2	6
0	0	0	1	0	1	1	0	1	1	3	2	3	1	1	3	5	3	1	3	1	0	2	6	2	2	3	2	2	1	0	1	0	5	0	1	1	2	2	0	2	5	9	1	1	0	2	1	2	0	3	4	5	9	42	0	31	25	7	9	13	28	29	16	3	15	4	5	1	0	0	2	2	1	3	3	2	4	5	6	5	6	6	6	11	12	26	31	14	12	125	386	95	55	34	120	16	32	56	40	40	7	13	25	14	18	11	8	18	370	25	24	19	7	5	6	4	5	4	1	0	6	7	5	1
0	0	0	1	0	3	0	0	1	0	1	3	1	0	1	2	2	0	0	1	1	1	2	1	1	0	0	0	1	0	1	0	1	1	0	2	0	2	1	1	3	3	3	1	1	0	0	0	2	1	3	1	4	6	12	31	0	28	5	4	8	8	19	26	8	21	4	4	2	3	1	0	0	0	2	2	0	2	2	1	1	3	4	1	4	7	3	12	6	6	22	16	17	12	14	32	10	12	8	13	11	2	12	41	53	15	9	9	9	38	69	26	11	9	6	6	1	3	4	1	0	2	3	1	3
0	0	0	0	2	0	0	1	1	0	0	0	0	0	1	3	0	2	3	1	3	1	4	2	1	4	2	2	1	1	1	1	1	1	0	0	0	1	1	1	3	4	0	3	1	1	0	1	0	2	5	2	3	7	12	25	28	0	26	9	12	20	170	165	11	25	8	6	4	1	3	0	4	2	3	2	2	4	2	2	3	0	1	2	4	6	11	8	13	12	33	24	8	6	6	21	7	3	7	10	4	9	5	6	35	14	26	17	14	40	15	9	25	7	3	4	2	2	1	2	2	3	5	3	3
0	0	0	0	2	0	1	0	0	2	1	0	2	1	1	2	1	1	2	1	0	2	3	1	2	0	3	1	0	2	2	1	2	2	1	0	1	4	2	3	3	2	2	2	2	1	0	1	0	1	1	2	3	12	2	7	5	26	0	16	37	8	23	29	39	17	44	6	6	2	1	2	1	1	2	1	1	1	4	4	4	3	2	3	6	4	2	5	6	8	5	6	5	6	4	7	3	3	3	5	3	1	2	4	14	20	38	8	12	8	4	2	15	8	6	12	4	8	2	6	1	2	2	4	3
0	0	0	3	2	0	0	1	2	1	1	0	1	2	3	1	0	4	3	1	1	3	1	5	4	3	1	1	1	2	2	4	4	0	4	0	0	0	2	2	2	7	4	4	3	3	4	0	2	3	4	10	11	11	16	9	4	9	16	0	74	41	14	12	14	13	13	9	10	5	2	2	2	4	2	2	5	2	2	6	3	4	3	11	12	18	13	15	30	124	8	9	12	4	4	8	5	2	8	2	4	4	2	2	9	27	72	18	16	5	6	4	18	8	13	28	5	8	6	4	9	7	13	5	5
0	0	0	0	2	0	3	1	0	1	1	1	1	2	3	2	1	1	4	1	0	0	3	3	1	2	1	1	3	7	1	1	1	2	1	2	2	0	3	1	3	2	10	2	4	1	2	1	0	1	7	6	5	18	6	13	8	12	37	74	0	37	11	22	25	23	79	18	8	7	4	1	2	4	1	2	2	4	2	0	3	7	2	5	7	5	4	9	16	48	17	7	7	10	5	6	3	2	3	6	2	3	1	3	7	40	528	22	33	11	7	7	50	10	21	36	9	3	7	8	7	2	6	4	8
0	0	0	0	1	2	0	4	2	3	0	1	3	2	3	3	2	2	5	1	4	1	1	1	2	2	2	1	2	5	2	4	4	0	0	2	1	1	3	9	6	7	3	3	5	3	1	1	0	1	3	9	10	36	55	28	8	20	8	41	37	0	27	22	8	20	13	11	8	4	5	3	1	1	6	5	6	2	2	6	5	0	3	13	27	11	25	52	30	164	62	24	27	12	9	15	9	7	22	7	6	2	4	4	19	80	51	29	89	28	12	11	77	28	23	7	2	7	5	15	4	5	14	4	2
0	0	0	0	1	0	0	2	1	3	0	1	0	2	0	2	0	1	3	2	1	5	7	2	0	0	1	0	1	2	0	2	2	4	1	0	1	0	4	0	1	2	2	4	2	0	1	0	2	1	0	3	2	5	11	29	19	170	23	14	11	27	0	37	9	23	10	7	5	4	3	1	0	2	0	4	3	0	2	3	3	2	0	7	11	9	11	11	8	9	47	27	18	11	12	43	8	7	7	7	13	6	11	11	16	19	13	7	10	62	12	8	16	8	5	2	1	4	1	3	0	1	7	7	4
0	0	0	1	0	2	0	1	1	0	3	1	1	1	0	3	2	2	1	1	0	2	1	2	1	1	2	1	0	4	1	4	5	2	2	2	0	1	1	1	3	4	3	2	4	1	2	0	0	0	1	2	3	7	8	16	26	165	29	12	22	22	37	0	23	71	14	6	1	1	1	1	1	0	2	0	2	0	0	3	1	1	1	2	8	5	10	9	7	19	22	12	14	5	7	22	6	5	8	8	11	1	7	7	74	51	35	30	23	27	12	7	46	9	11	7	5	4	1	8	2	0	3	3	2
0	0	0	2	0	0	0	1	0	3	1	1	0	2	0	0	0	1	1	1	0	1	1	1	2	0	0	1	1	0	0	1	0	1	2	1	0	0	1	0	1	3	1	0	2	1	1	0	2	0	3	1	2	9	8	3	8	11	39	14	25	8	9	23	0	18	35	9	3	2	1	0	2	2	1	0	2	1	1	1	0	0	1	4	4	3	0	5	3	6	6	4	6	2	3	7	4	4	3	4	2	5	1	2	26	13	18	16	7	11	8	6	14	3	8	3	4	1	2	4	2	1	1	2	1
0	0	0	0	0	0	0	2	0	1	1	0	2	1	1	1	3	2	3	2	2	1	3	1	0	2	1	3	2	1	1	2	3	1	0	4	1	0	2	3	1	2	7	0	1	0	0	1	3	0	1	3	8	6	14	15	21	25	17	13	23	20	23	71	18	0	15	11	10	2	2	1	2	3	4	2	2	2	1	4	3	1	2	4	3	5	3	10	6	14	17	15	15	7	5	8	6	8	5	3	5	2	9	11	171	81	28	103	47	14	14	19	86	11	30	11	4	7	4	6	4	2	6	5	1
0	0	0	1	0	0	0	0	0	1	0	1	0	0	1	1	1	0	3	0	2	3	2	1	0	0	2	1	2	4	2	4	2	1	2	1	1	0	1	0	1	3	4	1	1	0	0	3	2	1	3	3	5	3	7	4	4	8	44	13	79	13	10	14	35	15	0	18	5	7	2	1	4	3	3	3	5	1	2	1	2	3	4	8	3	5	4	6	8	19	11	5	1	1	1	7	4	7	5	3	1	0	3	6	15	32	62	23	13	5	7	2	31	3	22	23	10	3	5	5	4	3	1	4	5
0	0	0	1	1	3	1	1	2	1	0	2	1	2	0	3	0	5	1	2	5	1	1	2	1	2	5	1	0	3	0	1	3	0	1	0	0	1	3	3	3	5	5	6	6	6	1	2	1	3	9	10	14	14	7	5	4	6	6	9	18	11	7	6	9	11	18	0	29	10	3	3	1	2	4	2	0	0	2	5	4	1	2	7	4	4	5	6	5	21	6	5	6	4	4	3	3	2	2	2	4	3	0	6	4	19	21	20	25	6	5	4	16	18	147	69	21	15	25	33	6	3	11	10	5
0	0	0	1	2	4	3	1	3	3	3	0	0	3	2	9	0	7	6	1	9	4	5	3	1	2	6	2	5	2	5	1	5	6	5	1	2	1	9	8	5	13	27	6	7	3	2	3	5	1	8	81	37	21	5	1	2	4	6	10	8	8	5	1	3	10	5	29	0	16	4	1	5	5	4	3	4	3	1	2	2	1	5	6	9	10	2	14	8	10	2	8	4	3	3	5	4	1	6	1	5	2	1	4	1	17	6	4	11	6	5	8	10	27	30	15	17	31	579	72	15	2	14	45	21
0	0	0	0	2	11	4	2	6	3	3	0	2	5	6	9	3	4	20	6	24	8	11	3	4	4	7	5	7	4	8	4	10	4	3	3	3	3	8	14	8	9	31	36	121	11	4	2	3	12	32	20	16	2	6	0	3	1	2	5	7	4	4	1	2	2	7	10	16	0	27	10	16	7	16	8	7	1	8	7	0	6	2	11	3	6	3	2	3	8	2	4	2	3	0	2	1	2	3	3	3	3	1	1	1	3	5	1	1	1	2	3	4	5	6	5	5	72	16	13	82	17	16	20	88
0	0	0	7	13	7	8	5	7	5	6	4	8	12	23	23	7	7	23	20	117	25	7	1	8	4	8	8	14	10	10	12	30	12	32	11	9	6	74	49	20	10	10	137	33	26	12	7	4	50	42	6	5	10	4	0	1	3	1	2	4	5	3	1	1	2	2	3	4	27	0	31	39	38	42	9	11	6	7	1	4	2	7	7	4	4	2	4	5	1	1	2	2	4	1	3	0	3	6	1	1	2	2	2	1	4	2	1	2	1	0	1	3	6	2	1	2	7	5	11	10	24	7	10	27
0	0	0	10	22	21	31	8	11	3	4	2	24	7	7	10	5	9	10	10	8	8	3	6	7	3	5	5	7	6	6	7	11	12	12	54	31	22	58	17	6	2	2	18	7	21	4	4	16	67	10	3	3	2	1	2	0	0	2	2	1	3	1	1	0	1	1	3	1	10	31	0	61	75	13	7	3	8	0	2	0	4	3	2	1	4	1	3	2	2	1	0	2	2	1	1	1	3	0	1	0	2	3	1	2	2	2	4	0	1	0	1	2	2	1	0	3	3	2	2	4	8	2	0	6
0	0	0	9	19	16	19	8	8	0	7	5	10	6	12	15	4	10	8	6	17	10	5	2	3	0	8	6	7	7	8	2	14	11	14	24	18	3	38	19	8	4	9	14	35	35	6	7	12	28	17	10	8	3	2	2	0	4	1	2	2	1	0	1	2	2	4	1	5	16	39	61	0	165	12	6	3	3	1	1	2	3	2	5	1	5	2	1	3	0	0	0	3	1	0	0	0	1	3	2	2	0	0	2	0	2	0	0	0	3	2	2	1	2	4	2	4	6	2	2	4	10	5	4	10
0	0	0	4	23	39	27	10	5	9	8	4	27	9	13	23	8	8	16	10	21	10	4	3	6	2	11	6	8	3	14	5	14	12	38	22	15	16	89	19	13	5	10	12	14	12	3	3	12	25	16	10	2	6	2	1	0	2	1	4	4	1	2	0	2	3	3	2	5	7	38	75	165	0	19	12	4	4	2	2	1	7	2	2	0	4	2	1	0	3	2	1	2	0	0	2	2	3	1	2	0	2	0	1	0	0	1	2	5	1	1	3	3	1	2	1	2	4	5	5	4	7	3	12	16
0	0	0	5	8	6	4	5	9	11	9	5	18	12	40	46	20	18	3897	46	162	18	9	5	12	5	38	11	7	33	19	13	27	19	40	4	5	7	16	81	97	34	36	57	14	4	5	7	5	11	91	15	15	8	4	3	2	3	2	2	1	6	0	2	1	4	3	4	4	16	42	13	12	19	0	138	23	8	9	9	5	9	10	6	9	2	3	3	3	2	1	2	2	2	1	1	0	1	9	2	4	1	2	1	1	3	2	2	1	1	0	4	2	5	5	3	2	8	8	10	9	17	15	14	25
0	0	0	0	11	12	2	4	11	13	17	6	18	32	47	36	20	27	100	49	31	11	15	6	5	6	44	12	13	78	18	20	18	30	29	4	3	3	6	29	191	28	25	21	6	5	3	2	1	6	42	11	10	9	3	3	2	2	1	2	2	5	4	0	0	2	3	2	3	8	9	7	6	12	138	0	50	6	21	14	9	10	18	12	7	4	6	7	4	3	3	4	1	3	4	1	1	1	3	1	1	2	1	0	2	1	2	1	3	0	1	3	5	2	3	1	6	9	9	1	2	7	11	10	14
0	0	0	2	3	6	3	4	6	5	12	2	5	21	12	11	12	10	25	52	29	16	41	9	4	9	52	14	15	130	23	83	17	17	9	6	2	6	9	18	38	38	18	9	2	5	2	1	3	2	16	8	11	4	3	2	0	2	1	5	2	6	3	2	2	2	5	0	4	7	11	3	3	4	23	50	0	26	54	22	9	50	65	10	10	10	4	5	4	7	3	4	2	3	0	2	1	3	2	3	3	2	0	3	1	6	2	3	3	2	1	3	3	4	2	3	2	7	5	3	4	10	19	8	6
0	0	0	2	12	4	1	2	3	5	5	12	8	24	12	14	13	6	9	31	7	17	15	27	32	57	52	63	52	21	47	50	32	26	8	3	5	1	9	8	11	5	7	12	3	1	8	4	2	1	4	7	7	3	2	4	2	4	1	2	4	2	0	0	1	2	1	0	3	1	6	8	3	4	8	6	26	0	23	9	8	9	19	3	2	3	4	2	5	0	1	1	1	1	2	3	4	0	3	1	4	2	3	1	1	2	3	2	2	1	1	1	1	1	1	2	1	3	2	0	1	7	4	3	6
0	0	0	4	5	3	2	0	14	4	8	7	6	28	16	9	18	8	13	23	7	7	14	11	7	14	23	17	9	56	19	33	10	8	6	6	1	2	4	3	9	13	6	9	3	5	3	2	2	5	7	10	7	4	5	5	2	2	4	2	2	2	2	0	1	1	2	2	1	8	7	0	1	2	9	21	54	23	0	21	16	19	94	10	6	5	4	4	3	3	0	3	4	1	4	1	4	2	7	1	3	2	1	2	1	1	3	1	2	0	0	2	3	1	0	3	1	5	3	1	3	5	6	4	1
0	0	0	0	2	3	4	1	2	3	4	5	1	6	10	4	7	5	9	8	6	6	11	5	3	8	8	4	9	6	5	13	5	2	6	2	2	0	4	6	12	24	11	4	4	2	1	0	1	1	8	2	9	10	13	6	1	2	4	6	0	6	3	3	1	4	1	5	2	7	1	2	1	2	9	14	22	9	21	0	289	47	29	15	10	12	16	10	6	10	10	7	10	12	8	5	9	7	16	6	9	6	5	4	2	5	3	3	4	8	2	6	4	10	2	4	1	8	8	4	6	7	13	5	6
0	0	0	2	2	6	2	0	3	6	5	1	3	4	6	2	5	2	3	6	4	1	9	3	3	10	5	5	4	11	6	9	2	5	5	1	4	4	3	9	11	22	4	2	8	4	0	1	2	3	4	0	10	4	7	5	1	3	4	3	3	5	3	1	0	3	2	4	2	0	4	0	2	1	5	9	9	8	16	289	0	32	27	26	14	6	15	16	6	6	4	6	11	11	7	2	3	10	14	13	8	10	4	3	3	3	1	1	5	2	7	4	3	10	2	5	1	5	3	6	1	5	5	4	2
0	0	0	3	4	5	4	2	2	1	1	5	2	10	9	5	8	1	17	11	5	3	70	15	4	7	7	3	8	21	13	36	6	6	4	1	2	2	7	4	15	26	13	8	1	1	0	3	3	2	3	4	6	11	5	6	3	0	3	4	7	0	2	1	0	1	3	1	1	6	2	4	3	7	9	10	50	9	19	47	32	0	79	24	12	12	13	5	10	3	3	2	10	3	4	8	1	1	7	7	4	1	7	3	1	4	2	4	6	3	4	6	6	8	2	2	1	4	8	3	2	10	12	4	11
0	0	0	1	4	3	2	2	1	4	9	2	4	11	11	9	10	4	15	16	6	8	26	7	7	13	16	7	16	26	11	28	7	8	3	2	3	1	10	7	19	15	7	7	2	0	3	3	5	5	5	10	5	4	5	6	4	1	2	3	2	3	0	1	1	2	4	2	5	2	7	3	2	2	10	18	65	19	94	29	27	79	0	14	9	8	8	2	7	6	2	0	6	7	4	1	4	2	9	2	4	3	0	2	3	1	3	0	4	1	2	2	0	5	2	0	1	4	5	2	0	6	10	4	5
0	0	0	2	2	2	1	3	5	3	2	4	9	4	6	6	2	7	12	12	12	7	25	5	2	5	10	2	7	8	6	5	4	5	3	1	2	2	1	10	22	79	37	4	6	2	2	3	3	2	7	10	43	62	21	6	1	2	3	11	5	13	7	2	4	4	8	7	6	11	7	2	5	2	6	12	10	3	10	15	26	24	14	0	81	119	26	31	20	15	9	13	13	8	1	7	8	15	16	6	5	2	8	2	4	4	6	4	11	4	3	4	10	21	8	6	4	9	6	4	6	7	71	12	11
0	0	0	0	3	4	1	0	3	2	6	0	4	6	3	2	7	3	8	3	5	4	20	5	2	6	3	4	5	9	2	8	2	3	7	1	1	1	2	10	9	13	14	4	2	1	1	1	1	2	6	9	21	64	75	11	4	4	6	12	7	27	11	8	4	3	3	4	9	3	4	1	1	0	9	7	10	2	6	10	14	12	9	81	0	76	149	36	48	18	29	23	25	17	14	9	12	9	58	11	11	6	4	3	3	12	5	8	12	13	4	6	8	19	3	5	3	9	10	7	2	6	17	8	9
0	0	0	1	8	3	2	0	0	1	2	2	4	3	5	8	3	6	10	2	2	8	20	5	3	3	5	3	2	4	3	7	0	3	3	1	3	2	4	5	9	25	21	9	4	3	0	1	1	2	6	14	45	278	32	12	7	6	4	18	5	11	9	5	3	5	5	4	10	6	4	4	5	4	2	4	10	3	5	12	6	12	8	119	76	0	29	29	60	29	14	14	9	13	8	7	3	8	20	5	6	1	3	0	2	14	15	8	15	8	5	6	10	21	4	11	4	14	9	11	9	7	105	8	8
0	0	0	0	2	1	3	2	1	1	3	1	3	0	2	2	4	5	6	5	4	5	10	4	1	4	5	3	1	5	6	4	5	4	2	3	0	0	2	1	5	9	7	1	0	2	1	0	0	1	1	6	7	22	141	26	3	11	2	13	4	25	11	10	0	3	4	5	2	3	2	1	2	2	3	6	4	4	4	16	15	13	8	26	149	29	0	45	32	14	34	48	41	29	17	17	26	22	201	25	12	8	9	6	4	4	8	4	16	25	8	4	10	13	9	0	4	3	4	6	1	3	13	6	5
0	0	0	0	0	1	0	1	2	5	3	1	0	4	5	1	3	1	4	4	2	2	3	3	1	4	0	2	1	4	3	5	1	2	1	0	0	1	3	4	5	19	9	6	5	3	0	2	1	0	4	2	9	35	179	31	12	8	5	15	9	52	11	9	5	10	6	6	14	2	4	3	1	1	3	7	5	2	4	10	16	5	2	31	36	29	45	0	20	33	46	26	163	26	16	11	10	18	102	12	9	5	5	8	11	25	16	14	26	21	13	15	18	41	13	10	0	8	5	8	4	1	11	3	4
0	0	0	0	0	2	0	3	3	1	4	1	1	4	3	6	3	3	9	6	6	2	9	3	3	1	6	6	4	2	1	8	4	6	0	4	1	0	1	0	6	7	11	2	2	4	3	3	0	2	2	5	15	34	35	14	6	13	6	30	16	30	8	7	3	6	8	5	8	3	5	2	3	0	3	4	4	5	3	6	6	10	7	20	48	60	32	20	0	44	19	16	11	4	9	5	6	7	9	9	7	4	1	3	9	12	15	6	9	13	5	4	14	10	3	11	3	12	3	8	2	5	20	6	7
0	0	0	0	0	3	3	0	3	1	5	1	3	2	1	1	2	1	4	5	9	2	8	4	7	2	2	2	2	5	3	1	1	2	4	1	1	3	1	0	5	7	4	4	2	2	0	0	1	0	8	7	11	41	36	12	6	12	8	124	48	164	9	19	6	14	19	21	10	8	1	2	0	3	2	3	7	0	3	10	6	3	6	15	18	29	14	33	44	0	27	13	15	9	6	9	7	6	17	6	5	4	4	9	16	56	39	18	57	12	5	7	54	21	20	28	8	6	10	5	1	5	17	7	2
0	0	0	0	2	0	2	1	4	1	0	3	2	3	4	1	0	2	3	0	5	3	7	4	0	3	3	2	2	0	1	5	0	1	4	1	3	1	1	1	4	3	2	2	6	2	1	0	0	1	3	6	3	14	58	125	22	33	5	8	17	62	47	22	6	17	11	6	2	2	1	1	0	2	1	3	3	1	0	10	4	3	2	9	29	14	34	46	19	27	0	128	74	19	15	54	14	12	37	20	25	7	7	10	11	21	14	13	29	216	18	8	34	13	16	12	2	6	3	6	2	2	6	3	4
0	0	0	0	0	1	0	0	0	1	1	2	3	1	2	1	1	2	4	2	2	3	6	2	3	0	0	2	2	2	1	2	2	2	1	1	1	4	3	1	4	2	3	2	2	1	0	0	1	0	0	6	3	13	61	386	16	24	6	9	7	24	27	12	4	15	5	5	8	4	2	0	0	1	2	4	4	1	3	7	6	2	0	13	23	14	48	26	16	13	128	0	70	38	33	136	31	33	61	47	36	10	18	11	12	17	12	12	9	169	18	11	11	7	7	3	1	1	3	3	3	0	7	4	4
0	0	0	2	2	2	2	0	2	0	2	2	4	1	1	5	3	6	4	3	2	1	5	2	1	1	3	0	3	2	1	1	4	2	0	3	0	2	0	4	4	14	8	1	5	1	1	2	5	0	5	6	8	24	90	95	17	8	5	12	7	27	18	14	6	15	1	6	4	2	2	2	3	2	2	1	2	1	4	10	11	10	6	13	25	9	41	163	11	15	74	70	0	63	28	21	8	30	88	22	20	8	9	19	8	15	10	18	26	52	22	29	12	22	6	3	2	5	6	5	4	1	4	5	7
0	0	0	1	0	1	2	2	2	1	1	0	1	2	4	2	2	1	5	2	2	0	5	1	1	2	4	3	4	1	1	3	2	1	1	1	1	0	1	3	3	5	6	4	1	0	0	1	0	0	2	3	6	9	37	55	12	6	6	4	10	12	11	5	2	7	1	4	3	3	4	2	1	0	2	3	3	1	1	12	11	3	7	8	17	13	29	26	4	9	19	38	63	0	68	21	22	153	52	55	35	14	16	15	8	11	4	4	14	27	22	21	4	7	4	2	6	2	6	3	4	2	4	5	3
0	0	0	1	1	1	0	0	2	0	2	0	3	3	1	3	2	3	2	0	4	1	1	4	2	0	1	0	2	3	1	6	4	1	2	1	0	0	0	5	1	1	5	2	1	0	2	0	1	1	1	4	5	8	8	34	14	6	4	4	5	9	12	7	3	5	1	4	3	0	1	1	0	0	1	4	0	2	4	8	7	4	4	1	14	8	17	16	9	6	15	33	28	68	0	31	10	292	19	45	99	15	47	64	9	4	8	6	3	28	49	26	11	8	1	4	3	1	2	2	3	2	1	3	2
0	0	0	0	1	0	1	1	1	1	2	1	1	0	3	1	1	0	0	2	1	2	3	3	0	1	0	1	1	0	1	0	3	1	2	1	2	2	0	3	1	6	4	1	0	0	2	2	0	0	0	4	5	7	22	120	32	21	7	8	6	15	43	22	7	8	7	3	5	2	3	1	0	2	1	1	2	3	1	5	2	8	1	7	9	7	17	11	5	9	54	136	21	21	31	0	27	23	20	33	43	10	20	30	8	14	6	6	7	171	24	9	14	7	3	1	2	5	1	3	3	0	7	4	0
0	0	0	1	1	0	3	0	3	0	0	1	1	2	1	2	1	1	3	3	1	1	7	3	3	2	4	1	2	2	2	5	1	5	3	1	0	0	1	2	2	3	1	3	0	4	1	1	1	2	2	1	5	12	13	16	10	7	3	5	3	9	8	6	4	6	4	3	4	1	0	1	0	2	0	1	1	4	4	9	3	1	4	8	12	3	26	10	6	7	14	31	8	22	10	27	0	18	15	72	20	34	17	6	2	7	4	7	5	22	9	6	3	6	3	4	4	3	1	1	2	1	7	3	2
0	0	0	0	2	1	1	0	2	2	2	1	2	0	0	3	1	4	1	0	2	1	4	1	2	1	0	2	3	2	1	1	1	5	1	1	1	1	1	4	3	4	5	1	5	2	0	0	0	0	2	3	3	9	18	32	12	3	3	2	2	7	7	5	4	8	7	2	1	2	3	3	1	3	1	1	3	0	2	7	10	1	2	15	9	8	22	18	7	6	12	33	30	153	292	23	18	0	25	72	97	24	24	30	5	6	4	2	9	23	21	18	5	9	2	1	2	4	1	3	1	0	3	1	1
0	0	0	2	0	0	1	0	3	4	5	2	1	4	6	2	2	1	2	4	2	3	10	4	2	1	0	6	1	1	1	1	2	4	5	2	0	1	2	2	6	9	7	6	3	2	0	0	1	0	2	2	7	30	158	56	8	7	3	8	3	22	7	8	3	5	5	2	6	3	6	0	3	1	9	3	2	3	7	16	14	7	9	16	58	20	201	102	9	17	37	61	88	52	19	20	15	25	0	30	15	15	5	11	8	10	10	8	13	34	16	12	14	11	8	2	7	8	7	6	3	0	8	5	2
0	0	0	0	0	0	1	0	5	0	3	0	1	1	1	2	2	1	0	5	5	1	3	3	3	3	1	2	3	5	3	3	2	0	3	0	1	1	1	1	2	5	1	2	1	1	0	0	1	0	2	4	4	5	16	40	13	10	5	2	6	7	7	8	4	3	3	2	1	3	1	1	2	2	2	1	3	1	1	6	13	7	2	6	11	5	25	12	9	6	20	47	22	55	45	33	72	72	30	0	95	38	23	22	1	8	5	3	4	20	10	6	8	2	3	2	1	4	4	0	0	0	4	3	2
0	0	0	1	1	0	0	0	2	0	2	0	0	1	2	2	0	0	2	2	1	1	3	0	1	1	1	0	4	5	0	2	2	2	0	0	0	0	2	1	1	1	1	2	2	3	0	1	4	1	1	0	1	10	12	40	11	4	3	4	2	6	13	11	2	5	1	4	5	3	1	0	2	0	4	1	3	4	3	9	8	4	4	5	11	6	12	9	7	5	25	36	20	35	99	43	20	97	15	95	0	40	100	59	5	9	1	7	3	28	17	15	7	3	3	1	2	1	3	2	1	2	5	3	3
0	0	0	1	2	0	1	0	0	2	0	0	2	3	0	1	2	1	0	3	2	1	5	2	0	1	1	1	1	4	2	1	1	0	1	1	0	0	3	2	1	0	1	2	1	3	0	2	0	0	0	2	0	3	7	7	2	9	1	4	3	2	6	1	5	2	0	3	2	3	2	2	0	2	1	2	2	2	2	6	10	1	3	2	6	1	8	5	4	4	7	10	8	14	15	10	34	24	15	38	40	0	42	12	3	3	1	2	4	10	11	4	3	3	1	1	2	0	2	0	1	2	4	3	1
0	0	0	1	2	2	0	1	1	0	1	1	1	1	1	1	2	0	1	1	0	1	1	1	1	3	1	2	3	2	0	3	0	0	0	1	0	1	2	1	2	3	3	0	2	2	1	0	0	1	1	3	3	2	7	13	12	5	2	2	1	4	11	7	1	9	3	0	1	1	2	3	0	0	2	1	0	3	1	5	4	7	0	8	4	3	9	5	1	4	7	18	9	16	47	20	17	24	5	23	100	42	0	76	2	1	1	6	6	19	13	3	4	6	0	3	4	4	3	3	0	1	4	2	0
0	0	0	0	0	0	0	0	1	1	1	0	0	4	4	2	2	0	0	2	0	2	1	3	1	0	1	1	3	0	1	2	1	0	1	1	1	0	3	0	2	2	3	2	2	0	1	0	0	2	1	4	6	4	7	25	41	6	4	2	3	4	11	7	2	11	6	6	4	1	2	1	2	1	1	0	3	1	2	4	3	3	2	2	3	0	6	8	3	9	10	11	19	15	64	30	6	30	11	22	59	12	76	0	11	9	6	6	7	19	59	16	8	3	4	4	0	2	4	2	0	2	4	2	2
0	0	0	0	1	3	0	0	1	0	0	0	1	1	1	1	4	2	2	0	1	0	2	3	0	2	2	1	0	0	1	3	1	1	2	1	1	3	1	1	1	1	1	3	0	2	1	0	0	0	5	4	3	4	7	14	53	35	14	9	7	19	16	74	26	171	15	4	1	1	1	2	0	0	1	2	1	1	1	2	3	1	3	4	3	2	4	11	9	16	11	12	8	8	9	8	2	5	8	1	5	3	2	11	0	35	14	36	23	21	34	13	39	8	11	10	2	1	9	3	4	0	3	6	4
0	0	0	1	2	1	0	0	1	2	2	2	2	3	2	2	2	2	5	2	3	3	1	2	1	1	1	1	2	4	2	2	1	1	0	2	0	0	3	4	2	3	1	4	2	0	0	1	2	3	4	6	13	13	23	18	15	14	20	27	40	80	19	51	13	81	32	19	17	3	4	2	2	0	3	1	6	2	1	5	3	4	1	4	12	14	4	25	12	56	21	17	15	11	4	14	7	6	10	8	9	3	1	9	35	0	81	98	478	21	17	10	18273	19	30	15	2	5	9	9	6	1	10	3	3
0	0	0	0	0	4	0	2	0	2	3	1	0	0	3	0	1	2	2	2	5	2	2	2	1	2	0	1	0	2	1	4	2	3	6	1	0	1	1	1	1	3	6	3	2	2	1	1	1	6	5	7	5	12	16	11	9	26	38	72	528	51	13	35	18	28	62	21	6	5	2	2	0	1	2	2	2	3	3	3	1	2	3	6	5	15	8	16	15	39	14	12	10	4	8	6	4	4	10	5	1	1	1	6	14	81	0	34	47	11	5	7	69	15	11	21	7	5	4	3	2	1	4	6	2
0	0	0	0	2	3	1	0	0	4	2	1	1	2	1	2	2	2	5	3	3	1	4	0	1	2	0	1	0	1	0	0	3	1	2	1	2	1	0	3	4	4	4	0	4	1	1	1	0	2	3	2	3	14	10	8	9	17	8	18	22	29	7	30	16	103	23	20	4	1	1	4	0	2	2	1	3	2	1	3	1	4	0	4	8	8	4	14	6	18	13	12	18	4	6	6	7	2	8	3	7	2	6	6	36	98	34	0	63	11	12	11	109	13	38	14	6	8	5	10	4	2	3	3	3
0	0	0	2	0	4	1	3	0	3	1	0	3	2	0	3	2	1	5	5	5	2	3	2	4	7	2	0	1	3	1	0	0	1	0	1	1	0	1	2	3	1	5	4	4	1	0	2	2	1	7	12	10	23	24	18	9	14	12	16	33	89	10	23	7	47	13	25	11	1	2	0	0	5	1	3	3	2	2	4	5	6	4	11	12	15	16	26	9	57	29	9	26	14	3	7	5	9	13	4	3	4	6	7	23	478	47	63	0	21	12	19	415	28	40	27	5	7	6	5	8	5	8	3	6
0	0	0	1	3	1	2	1	0	3	2	2	3	0	5	0	3	3	1	3	0	2	2	2	2	3	1	0	0	4	2	2	3	4	3	0	1	0	1	3	2	1	1	1	0	1	2	0	3	3	1	2	6	11	40	370	38	40	8	5	11	28	62	27	11	14	5	6	6	1	1	1	3	1	1	0	2	1	0	8	2	3	1	4	13	8	25	21	13	12	216	169	52	27	28	171	22	23	34	20	28	10	19	19	21	21	11	11	21	0	31	8	15	6	4	6	3	3	4	3	0	2	7	4	4
0	0	0	0	0	0	0	0	1	0	1	3	2	1	2	1	2	4	2	2	2	0	4	0	2	2	2	3	2	2	0	0	0	0	2	0	0	2	1	1	2	6	2	3	1	2	0	0	0	1	4	2	0	2	6	25	69	15	4	6	7	12	12	12	8	14	7	5	5	2	0	0	2	1	0	1	1	1	0	2	7	4	2	3	4	5	8	13	5	5	18	18	22	22	49	24	9	21	16	10	17	11	13	59	34	17	5	12	12	31	0	53	7	6	10	5	2	1	4	2	5	0	0	4	0
0	0	0	2	0	0	0	3	0	1	1	1	1	2	3	1	2	2	3	2	4	1	2	2	0	0	3	1	3	3	3	4	5	1	1	2	0	1	1	0	4	7	8	2	5	2	2	0	1	0	1	4	5	13	10	24	26	9	2	4	7	11	8	7	6	19	2	4	8	3	1	1	2	3	4	3	3	1	2	6	4	6	2	4	6	6	4	15	4	7	8	11	29	21	26	9	6	18	12	6	15	4	3	16	13	10	7	11	19	8	53	0	10	17	10	1	2	2	6	6	1	2	6	3	3
0	0	0	1	2	2	0	2	1	0	1	0	3	1	0	0	2	0	1	2	2	4	4	1	4	2	1	0	0	2	2	4	2	0	1	2	1	1	1	5	0	3	6	1	4	3	1	0	1	1	7	4	11	16	24	19	11	25	15	18	50	77	16	46	14	86	31	16	10	4	3	2	1	3	2	5	3	1	3	4	3	6	0	10	8	10	10	18	14	54	34	11	12	4	11	14	3	5	14	8	7	3	4	8	39	18273	69	109	415	15	7	10	0	14	39	19	5	10	2	4	3	3	2	6	2
0	0	0	2	3	2	3	3	2	5	3	4	5	2	3	5	2	4	4	4	3	2	4	4	7	4	6	4	3	3	3	4	2	4	3	0	2	1	2	6	13	13	17	6	4	0	0	1	3	2	5	10	31	41	17	7	9	7	8	8	10	28	8	9	3	11	3	18	27	5	6	2	2	1	5	2	4	1	1	10	10	8	5	21	19	21	13	41	10	21	13	7	22	7	8	7	6	9	11	2	3	3	6	3	8	19	15	13	28	6	6	17	14	0	23	11	5	13	27	9	6	3	13	22	14
0	0	0	1	0	1	3	0	2	1	2	0	4	1	0	4	1	3	2	2	1	1	1	1	0	0	3	0	1	2	1	5	2	4	2	0	1	3	1	2	6	6	7	0	5	1	1	1	1	2	0	8	13	9	7	5	6	3	6	13	21	23	5	11	8	30	22	147	30	6	2	1	4	2	5	3	2	1	0	2	2	2	2	8	3	4	9	13	3	20	16	7	6	4	1	3	3	2	8	3	3	1	0	4	11	30	11	38	40	4	10	10	39	23	0	30	14	12	21	27	6	2	7	7	10
0	0	0	0	0	0	0	0	4	2	1	0	1	0	2	2	3	0	6	3	4	3	2	1	0	0	3	3	0	1	1	2	2	3	2	2	0	0	2	3	1	4	1	2	9	5	2	2	1	2	3	12	6	24	3	6	6	4	12	28	36	7	2	7	3	11	23	69	15	5	1	0	2	1	3	1	3	2	3	4	5	2	0	6	5	11	0	10	11	28	12	3	3	2	4	1	4	1	2	2	1	1	3	4	10	15	21	14	27	6	5	1	19	11	30	0	36	13	17	18	10	2	4	9	9
0	0	0	1	2	3	1	1	1	0	2	0	1	2	1	1	1	3	5	4	5	1	5	1	1	2	2	1	2	0	1	3	3	2	4	0	3	3	5	4	3	4	5	4	6	7	4	1	2	3	5	7	8	6	2	4	1	2	4	5	9	2	1	5	4	4	10	21	17	5	2	3	4	2	2	6	2	1	1	1	1	1	1	4	3	4	4	0	3	8	2	1	2	6	3	2	4	2	7	1	2	2	4	0	2	2	7	6	5	3	2	2	5	5	14	36	0	9	13	24	13	1	9	6	2
0	0	0	2	3	5	1	3	1	2	1	2	4	5	4	11	2	5	19	8	7	5	7	2	2	5	8	1	4	10	5	7	6	7	7	1	2	2	10	19	22	11	36	17	31	7	2	3	3	7	27	98	47	16	7	5	3	2	8	8	3	7	4	4	1	7	3	15	31	72	7	3	6	4	8	9	7	3	5	8	5	4	4	9	9	14	3	8	12	6	6	1	5	2	1	5	3	4	8	4	1	0	4	2	1	5	5	8	7	3	1	2	10	13	12	13	9	0	29	29	62	8	29	34	148
0	0	0	1	1	2	2	3	1	6	1	1	2	2	8	3	3	6	7	4	8	3	5	3	2	0	3	5	1	5	5	3	4	1	4	4	5	3	2	9	5	16	22	6	11	3	1	2	0	3	12	122	30	11	3	4	4	1	2	6	7	5	1	1	2	4	5	25	579	16	5	2	2	5	8	9	5	2	3	8	3	8	5	6	10	9	4	5	3	10	3	3	6	6	2	1	1	1	7	4	3	2	3	4	9	9	4	5	6	4	4	6	2	27	21	17	13	29	0	42	11	4	18	64	26
0	0	0	1	1	1	2	1	2	1	4	0	2	2	0	4	2	2	9	6	7	3	4	1	0	3	2	5	3	0	2	2	4	4	2	2	2	1	2	6	6	8	15	10	14	2	3	2	5	4	7	29	21	12	6	1	1	2	6	4	8	15	3	8	4	6	5	33	72	13	11	2	2	5	10	1	3	0	1	4	6	3	2	4	7	11	6	8	8	5	6	3	5	3	2	3	1	3	6	0	2	0	3	2	3	9	3	10	5	3	2	6	4	9	27	18	24	29	42	0	22	4	13	18	20
0	0	0	2	1	1	1	2	1	2	2	4	2	2	8	3	6	3	7	2	5	7	6	3	2	3	3	1	3	1	6	1	5	1	6	2	2	4	7	16	9	11	10	15	31	6	5	1	8	6	12	23	9	11	8	0	0	2	1	9	7	4	0	2	2	4	4	6	15	82	10	4	4	4	9	2	4	1	3	6	1	2	0	6	2	9	1	4	2	1	2	3	4	4	3	3	2	1	3	0	1	1	0	0	4	6	2	4	8	0	5	1	3	6	6	10	13	62	11	22	0	15	10	17	29
0	0	0	1	7	4	3	5	4	2	2	7	7	11	8	8	7	6	11	20	18	101	16	12	7	3	11	11	11	14	12	10	26	3	5	3	2	7	10	9	13	4	15	29	9	20	6	11	15	20	18	5	4	7	3	6	2	3	2	7	2	5	1	0	1	2	3	3	2	17	24	8	10	7	17	7	10	7	5	7	5	10	6	7	6	7	3	1	5	5	2	0	1	2	2	0	1	0	0	0	2	2	1	2	0	1	1	2	5	2	0	2	3	3	2	2	1	8	4	4	15	0	10	1	11
0	0	0	3	3	6	1	1	3	0	2	3	3	4	4	8	6	4	16	8	15	7	28	10	2	4	5	6	3	9	6	4	3	1	4	5	2	1	5	8	10	22	27	12	16	2	2	2	2	2	19	17	50	49	6	7	3	5	2	13	6	14	7	3	1	6	1	11	14	16	7	2	5	3	15	11	19	4	6	13	5	12	10	71	17	105	13	11	20	17	6	7	4	4	1	7	7	3	8	4	5	4	4	4	3	10	4	3	8	7	0	6	2	13	7	4	9	29	18	13	10	10	0	9	21
0	0	0	1	3	4	2	1	4	10	3	5	3	7	8	8	5	16	32	10	9	8	6	6	4	2	6	3	5	9	6	4	10	3	9	3	2	8	5	21	21	20	62	15	21	2	5	4	3	4	36	203	27	15	2	5	1	3	4	5	4	4	7	3	2	5	4	10	45	20	10	0	4	12	14	10	8	3	4	5	4	4	4	12	8	8	6	3	6	7	3	4	5	5	3	4	3	1	5	3	3	3	2	2	6	3	6	3	3	4	4	3	6	22	7	9	6	34	64	18	17	1	9	0	66
0	0	0	2	4	5	5	1	5	2	4	1	7	5	9	6	7	8	32	6	28	9	9	6	1	4	5	5	6	4	5	4	8	2	6	4	3	3	7	42	23	18	45	22	49	10	2	4	3	9	58	68	29	11	6	1	3	3	3	5	8	2	4	2	1	1	5	5	21	88	27	6	10	16	25	14	6	6	1	6	2	11	5	11	9	8	5	4	7	2	4	4	7	3	2	0	2	1	2	2	3	1	0	2	4	3	2	3	6	4	0	3	2	14	10	9	2	148	26	20	29	11	21	66	0
