0	0	0	0	0	0	0	0	0	0	0	0	0	0	0	0	0	0	0	0	0	0	0	0	0	0	0	0	0	0	0	0	0	0	0	0	0	0	0	0	0	0	0	0	0	0	0	0	0	0	0	0	0	0	0	0	0	0	0	0	0	0	0	0	0	0	0	0	0	0	0	0	0	0	0	0	0	0	0	0	0	0	0	0	0	0	0	0	0	0	0	0	0	0	0	0	0	0	0	0	0	0	0	0	0	0	0	0	0	0	0	0	0	0	0	0	0	0	0	0	0	0	0	0	0	0	0	0	0	0	0	0	0	0	0	0	0	0	0	0	0	0	0	0	0	0	0	0	0	0	0	0	0	0	0	0	0	0	0	0	0	0	0	0	0	0	0	0	0	0	0	0
0	0	0	0	0	0	0	0	0	0	0	0	0	0	0	0	0	0	0	0	0	0	0	0	0	0	0	0	0	0	0	0	0	0	0	0	0	0	0	0	0	0	0	0	0	0	0	0	0	0	0	0	0	0	0	0	0	0	0	0	0	0	0	0	0	0	0	0	0	0	0	0	0	0	0	0	0	0	0	0	0	0	0	0	0	0	0	0	0	0	0	0	0	0	0	0	0	0	0	0	0	0	0	0	0	0	0	0	0	0	0	0	0	0	0	0	0	0	0	0	0	0	0	0	0	0	0	0	0	0	0	0	0	0	0	0	0	0	0	0	0	0	0	0	0	0	0	0	0	0	0	0	0	0	0	0	0	0	0	0	0	0	0	0	0	0	0	0	0	0	0	0
0	0	0	0	0	0	0	0	0	0	0	0	0	0	0	0	0	0	0	0	0	0	0	0	0	0	0	0	0	0	0	0	0	0	0	0	0	0	0	0	0	0	0	0	0	0	0	0	0	0	0	0	0	0	0	0	0	0	0	0	0	0	0	0	0	0	0	0	0	0	0	0	0	0	0	0	0	0	0	0	0	0	0	0	0	0	0	0	0	0	0	0	0	0	0	0	0	0	0	0	0	0	0	0	0	0	0	0	0	0	0	0	0	0	0	0	0	0	0	0	0	0	0	0	0	0	0	0	0	0	0	0	0	0	0	0	0	0	0	0	0	0	0	0	0	0	0	0	0	0	0	0	0	0	0	0	0	0	0	0	0	0	0	0	0	0	0	0	0	0	0	0
0	0	0	0	0	0	0	0	0	0	0	0	0	0	0	0	0	0	0	0	0	0	0	0	0	0	0	0	0	0	0	0	0	0	0	0	0	0	0	0	0	0	0	0	0	0	0	0	0	0	0	0	0	0	0	0	0	0	0	0	0	0	0	0	0	0	0	0	0	0	0	0	0	0	0	0	0	0	0	0	0	0	0	0	0	0	0	0	0	0	0	0	0	0	0	0	0	0	0	0	0	0	0	0	0	0	0	0	0	0	0	0	0	0	0	0	0	0	0	0	0	0	0	0	0	0	0	0	0	0	0	0	0	0	0	0	0	0	0	0	0	0	0	0	0	0	0	0	0	0	0	0	0	0	0	0	0	0	0	0	0	0	0	0	0	0	0	0	0	0	0	0
0	0	0	0	0	135	28	10	7	3	0	3	2	1	1	2	5	8	5	2	2	3	2	10	10	6	6	7	3	3	4	6	8	10	17	35	36	17	10	9	11	6	21	9	10	10	8	3	8	9	5	5	11	8	6	15	8	1	10	6	10	7	7	15	14	9	14	5	14	9	6	4	4	7	6	5	1	4	10	1	4	5	3	1	4	4	4	11	5	5	4	6	2	5	5	3	2	1	1	2	1	1	0	2	2	1	1	0	2	0	1	1	3	2	0	3	1	1	0	2	1	0	0	6	1	1	3	5	2	3	1	1	1	1	0	2	2	2	1	1	4	3	4	1	0	2	3	5	2	0	0	0	0	3	0	1	2	3	0	2	1	0	1	0	2	1	2	0	3	1	0	0
0	0	0	0	135	0	105	17	11	5	3	5	3	2	4	3	0	2	6	3	0	2	6	7	2	4	7	2	3	3	7	5	4	14	23	19	34	18	22	11	16	15	29	21	13	9	4	11	11	5	9	5	3	11	10	3	9	8	8	11	14	6	9	7	20	38	22	17	16	12	5	8	9	5	5	6	11	9	4	4	4	7	7	0	6	5	9	10	6	6	6	8	7	9	8	3	1	4	1	3	1	3	2	0	2	3	1	1	1	1	3	1	0	1	3	2	1	1	4	4	6	3	0	3	3	8	2	2	3	3	1	1	0	1	3	1	2	2	2	2	4	3	4	1	3	2	6	6	5	1	2	1	2	5	1	2	4	5	4	1	1	0	2	0	1	1	2	3	1	0	0	0
0	0	0	0	28	105	0	70	21	15	5	7	7	9	5	4	1	9	11	7	8	3	11	10	5	2	3	1	5	5	4	2	9	13	21	22	32	36	47	20	30	30	29	19	8	16	8	19	14	4	8	6	7	13	9	16	7	8	20	25	33	25	27	16	50	83	44	28	27	18	14	7	6	13	11	14	16	7	5	7	6	8	7	10	10	10	7	21	8	13	13	12	10	21	6	5	7	2	2	1	6	6	0	0	0	5	6	3	3	2	2	1	3	5	6	3	0	3	5	4	5	4	1	3	2	8	3	3	4	4	3	0	1	0	1	1	2	1	0	6	3	5	6	3	1	3	7	12	5	2	1	4	2	2	6	1	3	2	4	3	0	1	1	3	0	0	2	2	1	1	2	0
0	0	0	0	10	17	70	0	54	14	9	14	8	4	5	8	4	5	8	10	8	3	5	9	11	13	5	9	3	10	7	1	5	9	16	12	34	78	160	46	23	24	38	15	11	7	6	13	14	16	11	7	9	17	23	17	24	31	44	46	44	23	16	8	21	33	24	21	21	36	13	15	17	15	17	21	18	9	10	11	5	8	5	8	7	28	16	12	11	18	11	12	13	30	15	9	4	1	1	3	5	6	1	3	3	6	0	1	3	2	4	3	2	4	5	1	2	4	6	5	5	9	3	6	8	3	2	3	3	3	7	3	2	2	7	6	3	5	2	5	2	11	8	10	5	5	9	12	3	1	2	5	2	2	3	3	4	2	4	5	1	2	1	1	3	2	3	1	4	3	1	0
0	0	0	0	7	11	21	54	0	54	16	40	18	17	14	17	6	14	14	11	5	8	11	10	2	5	4	7	2	3	5	3	9	12	11	9	13	24	42	24	8	8	12	11	5	6	5	8	13	12	9	4	5	16	9	13	18	20	48	53	86	95	26	14	19	20	13	8	16	27	16	11	17	31	54	110	32	23	23	19	13	17	25	20	14	167	58	17	19	26	33	12	26	106	64	12	12	10	0	7	4	6	4	1	6	3	4	6	4	2	5	7	3	8	2	2	2	11	9	13	15	8	7	12	5	7	1	2	8	14	3	7	4	6	6	3	6	6	6	4	8	17	11	7	5	6	20	13	15	4	2	5	7	11	13	11	5	5	4	5	3	4	3	2	5	2	1	5	3	3	1	0
0	0	0	0	3	5	15	14	54	0	52	51	29	35	39	44	23	39	34	25	14	13	13	9	6	7	1	5	3	6	5	10	9	7	5	7	7	9	13	9	4	3	8	6	3	0	3	4	4	2	7	0	1	11	9	3	9	8	25	28	28	44	13	16	17	8	7	3	3	13	13	4	6	18	32	42	28	36	131	140	29	75	38	34	32	155	238	26	23	68	34	15	27	81	159	37	26	9	6	5	8	7	8	4	2	8	7	10	0	1	4	5	9	3	3	10	7	5	9	7	22	15	14	19	4	8	3	13	17	15	17	2	6	6	9	12	13	6	12	13	27	23	9	4	4	4	8	15	18	8	5	4	7	11	11	14	7	6	3	7	6	1	4	7	2	4	8	7	5	4	1	0
0	0	0	0	0	3	5	9	16	52	0	156	112	45	38	41	27	30	15	14	5	7	5	5	3	6	2	3	2	2	3	5	3	5	3	2	3	4	9	7	11	7	2	2	1	1	4	2	5	1	1	3	2	4	5	3	10	7	3	12	14	23	13	7	8	7	4	2	6	9	3	5	10	18	19	14	25	82	290	204	43	41	21	47	38	27	24	17	13	17	19	11	33	31	43	45	79	21	9	13	16	11	9	10	4	16	9	11	2	6	9	7	4	7	5	14	8	12	14	10	39	18	29	56	22	37	22	36	88	32	46	10	6	6	16	16	21	14	13	23	69	33	14	8	8	3	11	29	26	7	9	11	14	16	30	34	11	22	17	22	11	6	6	0	4	9	7	5	7	7	7	0
0	0	0	0	3	5	7	14	40	51	156	0	166	44	32	12	11	8	11	6	8	7	1	5	3	4	1	3	0	2	3	8	5	4	2	1	4	8	9	8	7	7	4	7	5	4	3	6	7	3	1	3	5	5	3	5	4	4	9	12	12	29	21	12	4	8	9	16	9	10	11	6	9	35	43	27	96	231	182	86	30	18	25	24	28	37	34	16	13	18	15	14	51	76	71	32	21	11	10	6	8	6	7	6	5	11	5	5	4	3	9	7	13	4	11	15	12	16	23	20	62	30	17	111	23	24	7	20	24	26	19	9	6	6	8	13	14	16	14	18	44	40	23	8	18	15	25	48	35	12	9	13	8	17	32	30	24	18	16	18	12	5	5	5	2	6	7	9	7	6	6	0
0	0	0	0	2	3	7	8	18	29	112	166	0	86	34	13	10	10	14	9	5	3	7	5	2	2	4	1	3	0	1	5	6	2	0	2	3	4	6	6	4	3	6	4	2	5	1	2	4	1	1	0	2	4	3	1	5	5	6	7	10	13	13	6	3	6	5	2	6	11	9	7	18	23	38	21	41	52	71	62	16	17	14	17	12	20	19	13	8	10	12	7	23	23	52	46	34	15	15	11	21	9	10	9	8	10	8	13	7	9	20	10	8	13	5	17	12	17	24	19	31	32	27	73	18	23	7	19	31	16	27	5	3	4	6	16	25	24	25	21	108	160	32	15	7	17	26	47	52	6	9	16	24	35	64	97	28	33	22	26	9	8	1	3	5	3	9	6	10	5	11	0
0	0	0	0	1	2	9	4	17	35	45	44	86	0	84	19	17	16	8	14	8	10	4	2	5	4	1	1	0	3	1	2	4	4	2	4	4	5	8	11	6	3	3	4	1	1	2	2	6	10	6	2	3	5	3	6	2	4	4	9	6	7	8	5	9	2	6	5	6	11	7	13	7	15	18	21	21	17	34	23	11	12	9	12	12	16	24	5	6	19	11	6	13	27	66	126	30	15	12	14	23	17	17	8	9	11	9	10	7	11	12	7	4	2	6	6	11	13	13	11	14	9	10	21	9	5	11	13	10	11	19	8	8	2	8	21	33	52	26	7	51	257	30	15	8	10	18	26	35	8	7	16	21	69	49	32	12	15	17	23	10	6	4	2	7	6	5	3	4	5	5	0
0	0	0	0	1	4	5	5	14	39	38	32	34	84	0	77	13	33	22	15	11	24	9	4	1	0	3	4	2	2	2	1	3	6	1	4	6	5	9	6	3	5	1	1	3	2	2	3	5	1	4	3	4	3	5	5	8	3	6	10	5	10	10	5	5	2	8	6	5	9	3	2	8	9	12	18	15	13	36	37	20	23	14	22	13	16	29	4	10	15	14	10	10	26	50	1387	113	32	13	25	28	21	16	10	12	12	14	10	4	6	10	3	4	3	4	3	1	4	9	8	13	16	8	14	7	9	10	19	16	11	29	11	14	12	13	36	43	22	16	21	34	31	14	9	5	10	8	11	12	4	4	12	4	23	26	19	5	9	13	11	6	4	3	7	3	2	2	8	5	6	14	0
0	0	0	0	2	3	4	8	17	44	41	12	13	19	77	0	131	121	80	30	18	20	7	7	5	1	2	3	2	2	5	5	4	6	6	4	4	2	2	2	4	1	4	2	0	3	1	3	5	1	3	5	2	6	3	2	6	4	11	6	16	11	7	6	8	5	4	3	2	4	4	5	3	4	12	12	8	21	45	44	36	88	71	61	15	15	25	16	27	29	13	11	13	16	26	43	93	46	18	30	22	16	6	6	5	14	12	8	6	5	10	1	9	4	4	9	4	5	5	6	7	4	8	11	13	10	14	40	27	25	20	8	11	7	23	12	17	15	13	14	24	16	5	1	3	6	6	9	10	5	6	9	6	11	13	23	8	6	10	8	4	4	4	7	3	2	4	1	4	6	1	0
0	0	0	0	5	0	1	4	6	23	27	11	10	17	13	131	0	91	150	59	41	18	10	4	0	4	3	1	4	3	4	7	5	2	3	2	3	4	3	4	4	0	1	3	3	3	4	4	4	3	1	1	2	1	2	1	6	3	7	11	9	10	4	4	8	8	5	1	3	5	3	0	6	4	5	6	2	10	22	24	26	52	70	58	16	18	20	16	23	32	19	12	16	13	12	16	25	23	16	28	10	8	5	4	3	10	16	4	4	4	3	0	4	5	2	4	4	4	3	5	5	6	5	11	5	11	14	37	23	26	17	4	5	6	10	17	13	6	7	12	7	5	5	1	2	1	2	10	8	2	2	8	3	4	9	10	3	5	4	8	7	2	3	1	1	2	0	4	4	3	0	0
0	0	0	0	8	2	9	5	14	39	30	8	10	16	33	121	91	0	209	110	60	76	12	12	4	5	3	3	3	5	3	5	8	6	6	7	2	9	6	0	2	5	3	2	2	5	1	1	3	3	1	5	6	0	7	5	8	8	10	24	8	8	3	2	7	5	6	2	6	10	0	5	11	7	8	15	10	5	22	32	25	70	57	40	15	21	30	10	25	31	23	13	10	21	19	29	28	30	15	17	12	10	3	6	7	5	5	5	6	6	2	3	1	6	1	6	5	1	5	3	8	4	6	6	8	6	3	10	23	12	8	2	4	7	14	19	13	5	9	11	15	15	7	3	3	10	3	5	1	7	4	5	4	8	15	8	2	3	7	9	3	0	2	1	0	3	6	2	5	1	5	0
0	0	0	0	5	6	11	8	14	34	15	11	14	8	22	80	150	209	0	266	114	38	8	6	5	2	7	4	2	5	9	14	17	13	4	4	5	5	5	3	4	1	2	1	3	3	3	4	6	5	5	4	5	1	8	0	3	9	6	16	16	15	8	11	4	3	1	2	2	2	8	4	4	6	1	4	7	10	22	28	25	98	102	61	20	24	40	26	39	40	25	16	10	8	14	17	20	18	15	10	4	8	6	4	5	9	7	8	3	4	3	2	3	5	3	2	3	6	2	4	5	0	5	6	13	9	3	21	6	21	12	6	6	6	9	13	9	8	9	6	10	13	4	4	3	2	3	6	10	3	7	6	5	6	2	6	3	1	5	3	3	2	2	0	3	4	3	2	4	3	4	0
0	0	0	0	2	3	7	10	11	25	14	6	9	14	15	30	59	110	266	0	306	69	5	10	7	2	4	4	6	8	9	15	27	13	9	5	10	4	8	4	6	2	2	7	4	3	3	6	2	3	0	4	3	6	7	4	9	9	16	27	15	13	7	7	9	6	4	5	6	6	2	4	3	9	16	13	8	4	11	24	20	70	80	23	13	22	39	42	72	55	18	12	12	13	11	16	21	11	8	6	8	4	3	4	1	4	1	4	4	5	0	4	3	1	2	5	2	7	3	5	6	2	6	7	3	9	7	12	12	14	9	2	5	3	7	4	8	5	3	4	9	7	3	4	5	2	5	3	7	1	1	4	2	11	6	3	3	2	6	4	2	3	3	0	2	2	7	1	3	2	1	0
0	0	0	0	2	0	8	8	5	14	5	8	5	8	11	18	41	60	114	306	0	63	13	16	8	6	5	3	7	6	5	26	35	13	8	5	4	4	1	1	5	5	3	3	3	1	3	8	3	0	4	3	5	5	5	5	11	12	12	16	11	6	9	4	7	3	1	1	6	0	3	2	4	3	1	6	3	5	8	13	17	30	32	23	12	11	19	28	55	36	13	19	9	10	11	8	13	8	9	6	5	4	3	2	4	5	4	2	1	3	1	3	6	0	3	0	1	1	4	4	3	2	0	5	5	7	8	11	4	4	8	1	1	3	1	7	5	4	3	7	5	5	2	1	1	2	5	2	2	7	0	2	3	0	8	5	2	3	4	1	0	2	1	2	0	1	0	3	2	0	1	0
0	0	0	0	3	2	3	3	8	13	7	7	3	10	24	20	18	76	38	69	63	0	31	19	8	4	2	3	7	6	9	15	17	11	3	5	3	8	8	5	3	6	4	2	2	2	2	3	5	8	5	3	5	7	10	5	8	12	14	8	12	5	5	7	4	5	4	3	5	2	5	2	3	5	8	10	6	8	12	8	10	25	22	13	12	14	17	11	25	24	15	5	8	9	18	14	7	8	9	11	5	7	5	3	1	9	7	5	4	8	1	3	2	5	3	4	2	0	2	4	5	5	4	4	5	4	8	8	8	9	7	3	3	3	9	3	2	7	3	5	8	4	3	4	4	10	5	4	4	4	2	1	2	6	10	4	3	3	3	2	3	1	1	1	0	0	2	3	1	1	0	0
0	0	0	0	2	6	11	5	11	13	5	1	7	4	9	7	10	12	8	5	13	31	0	157	52	18	11	21	12	4	8	10	18	19	12	7	11	9	13	9	3	7	10	1	2	5	4	10	6	10	9	4	16	8	17	21	42	52	38	29	11	11	5	5	10	5	1	3	3	1	1	2	4	11	4	9	9	2	0	6	7	6	7	5	6	14	11	17	15	13	5	3	5	5	9	2	5	7	5	6	3	3	2	2	4	2	3	1	1	1	2	3	2	1	2	2	1	1	1	2	3	4	4	2	2	3	6	3	3	4	5	1	3	1	4	3	3	4	4	0	2	4	2	3	1	2	7	5	3	4	2	3	5	6	2	2	6	4	4	4	0	0	1	0	2	0	1	1	3	0	1	0
0	0	0	0	10	7	10	9	10	9	5	5	5	2	4	7	4	12	6	10	16	19	157	0	117	28	25	18	22	15	22	15	35	37	22	14	20	13	5	0	8	5	2	10	3	9	8	8	3	9	4	5	12	6	19	16	83	43	23	18	6	10	6	6	8	4	3	4	3	3	2	1	1	3	1	4	2	4	12	3	1	2	9	4	5	3	6	9	22	7	11	7	8	9	7	2	5	5	5	1	3	3	3	1	1	4	4	3	0	0	4	0	1	3	0	0	4	5	2	3	2	1	2	2	3	2	5	2	5	1	1	1	6	1	3	2	2	1	2	3	3	3	3	3	1	1	5	2	3	1	1	1	2	1	4	4	1	0	1	1	1	0	1	1	2	1	3	5	1	0	0	0
0	0	0	0	10	2	5	11	2	6	3	3	2	5	1	5	0	4	5	7	8	8	52	117	0	62	48	46	37	21	13	6	11	8	21	15	6	14	9	5	2	5	6	1	4	9	10	12	7	10	13	11	10	16	14	25	68	31	19	9	5	3	5	6	3	9	5	2	3	2	7	1	2	1	2	5	5	2	7	2	5	2	6	3	5	4	7	8	6	3	6	3	1	5	6	3	4	2	3	1	2	1	3	3	1	2	4	4	0	1	1	2	1	1	3	1	2	3	4	2	5	2	0	2	1	2	0	1	3	3	3	0	2	1	5	1	2	2	2	1	4	1	1	1	0	0	1	3	1	1	2	0	3	2	3	1	1	5	4	0	2	2	0	1	1	0	0	1	0	1	4	0
0	0	0	0	6	4	2	13	5	7	6	4	2	4	0	1	4	5	2	2	6	4	18	28	62	0	136	58	25	19	11	6	3	10	29	23	17	13	4	4	3	2	3	10	10	7	5	13	11	9	16	15	14	10	26	54	52	34	8	9	1	0	0	2	5	3	4	5	1	4	4	1	6	3	2	1	2	1	1	1	4	3	3	4	6	3	10	4	4	7	5	5	2	5	5	1	5	1	0	1	0	1	0	0	0	3	3	1	1	1	2	2	0	0	0	2	0	0	2	4	1	1	1	2	0	0	1	1	1	3	1	2	0	1	3	1	3	0	2	0	4	2	0	2	4	4	3	3	2	1	1	0	3	1	5	2	2	1	0	3	0	0	2	0	1	1	3	2	3	0	1	0
0	0	0	0	6	7	3	5	4	1	2	1	4	1	3	2	3	3	7	4	5	2	11	25	48	136	0	81	26	18	4	8	5	7	14	14	14	12	1	5	2	5	5	2	5	9	5	15	5	0	5	15	16	10	12	23	17	13	10	4	2	3	2	4	2	5	4	1	4	2	2	3	1	1	4	6	3	2	3	2	1	2	1	1	1	4	6	4	5	1	5	6	5	1	4	4	3	1	2	2	2	1	0	3	1	1	1	4	0	0	1	1	0	1	0	5	1	0	1	0	1	0	1	1	0	2	1	3	1	3	3	1	0	0	1	0	1	1	0	2	0	3	5	1	1	4	2	0	1	2	4	0	0	1	2	3	1	0	3	1	0	0	2	1	0	0	0	0	1	0	0	0
0	0	0	0	7	2	1	9	7	5	3	3	1	1	4	3	1	3	4	4	3	3	21	18	46	58	81	0	81	26	15	2	4	12	12	9	8	6	3	3	5	2	5	4	1	7	5	4	1	2	3	2	4	5	8	10	14	13	12	7	7	4	1	1	3	3	1	6	2	6	2	3	2	4	5	1	4	1	2	0	5	4	4	1	4	1	3	7	2	4	4	2	5	4	2	2	2	0	1	0	1	1	1	2	0	1	1	1	2	1	3	3	1	0	0	0	0	0	1	0	1	0	1	1	1	1	2	0	2	0	0	2	0	3	2	2	1	1	1	1	2	6	1	2	1	0	3	4	0	5	2	3	2	5	4	2	1	0	0	1	1	0	0	1	0	1	0	1	0	1	0	0
0	0	0	0	3	3	5	3	2	3	2	0	3	0	2	2	4	3	2	6	7	7	12	22	37	25	26	81	0	102	20	14	7	15	22	15	5	3	4	2	3	6	4	2	1	2	4	2	3	3	2	6	7	6	5	12	11	10	8	5	4	4	2	1	1	0	1	2	2	3	0	1	1	1	1	4	1	4	1	2	1	2	2	3	1	0	0	4	6	3	2	2	1	2	0	1	3	0	0	4	6	2	1	1	2	2	1	1	0	1	0	3	1	1	0	1	2	0	0	2	1	1	2	0	2	1	2	1	1	1	2	0	1	1	1	3	2	1	1	1	2	4	1	0	1	0	2	0	0	0	0	0	1	1	1	0	1	1	2	1	3	0	1	0	1	5	1	0	0	1	0	0
0	0	0	0	3	3	5	10	3	6	2	2	0	3	2	2	3	5	5	8	6	6	4	15	21	19	18	26	102	0	105	25	13	27	19	11	3	2	4	3	4	3	6	2	2	2	3	3	5	5	1	4	9	7	3	6	8	13	8	5	4	4	2	3	4	5	4	3	1	1	3	1	2	0	1	1	2	5	4	6	6	5	4	2	4	3	3	11	11	9	5	3	3	5	5	5	3	2	3	5	0	1	1	3	1	1	1	0	0	1	0	1	2	1	1	2	1	1	3	1	1	3	0	2	3	1	1	1	4	0	1	1	1	1	1	1	3	2	3	2	2	1	1	2	4	1	2	2	1	0	1	2	1	0	0	1	0	0	1	2	0	0	1	0	1	1	0	0	0	1	1	0
0	0	0	0	4	7	4	7	5	5	3	3	1	1	2	5	4	3	9	9	5	9	8	22	13	11	4	15	20	105	0	94	32	26	20	6	5	2	3	2	6	5	6	5	1	2	4	4	6	2	5	6	5	3	8	11	8	10	8	5	9	5	5	2	5	7	1	4	6	6	4	2	5	2	3	7	3	4	8	4	2	5	7	9	3	4	5	13	12	8	8	7	3	4	6	2	3	3	2	2	2	2	0	0	1	1	3	3	1	0	2	2	0	2	0	0	1	3	0	1	1	3	2	0	2	1	3	2	2	4	1	1	2	1	1	3	4	0	3	1	4	1	1	3	1	3	0	3	2	1	0	1	0	4	2	1	1	2	2	1	1	1	0	0	1	0	1	0	1	2	1	0
0	0	0	0	6	5	2	1	3	10	5	8	5	2	1	5	7	5	14	15	26	15	10	15	6	6	8	2	14	25	94	0	82	42	12	12	10	10	4	9	5	2	4	2	1	3	0	2	3	3	3	3	3	3	3	6	14	11	4	10	12	7	5	6	5	5	4	1	3	4	3	1	0	2	1	3	5	2	3	8	6	7	2	9	6	2	7	28	19	7	9	11	2	4	4	3	4	2	0	3	3	3	3	1	3	2	1	1	2	0	3	0	1	2	0	1	1	0	3	2	1	3	1	2	3	1	4	3	1	7	3	3	3	2	5	4	1	4	4	3	7	4	1	0	3	1	1	6	2	1	1	3	0	3	2	1	2	2	3	0	2	0	0	0	2	1	5	1	1	1	2	0
0	0	0	0	8	4	9	5	9	9	3	5	6	4	3	4	5	8	17	27	35	17	18	35	11	3	5	4	7	13	32	82	0	97	22	10	10	10	5	1	2	5	2	4	1	3	4	5	2	4	3	4	2	4	6	7	8	9	19	30	15	16	2	10	10	5	6	3	5	1	3	2	2	1	6	6	10	5	8	6	15	11	15	12	6	6	16	63	53	30	18	17	9	15	8	5	9	5	1	5	6	3	2	1	1	3	2	1	0	2	1	2	2	5	0	4	3	2	4	5	0	5	2	5	2	5	4	9	2	4	5	1	2	0	6	4	3	3	3	0	3	2	4	2	2	4	3	3	0	3	0	1	1	3	3	3	4	3	3	3	1	0	0	1	1	2	1	0	0	2	4	0
0	0	0	0	10	14	13	9	12	7	5	4	2	4	6	6	2	6	13	13	13	11	19	37	8	10	7	12	15	27	26	42	97	0	101	35	13	10	11	7	5	10	5	3	2	6	4	4	7	5	6	4	10	6	10	9	21	34	26	39	17	13	10	15	23	9	4	2	4	8	7	1	5	9	9	4	11	6	3	10	4	6	7	11	7	6	16	33	23	20	15	12	10	8	4	4	2	4	3	2	0	2	2	1	0	4	3	2	1	1	0	2	1	3	0	3	1	4	4	2	5	2	3	2	3	4	4	1	1	9	2	0	1	4	4	3	5	4	1	1	4	3	2	3	2	1	4	3	2	3	1	4	3	3	3	5	3	2	2	2	1	0	1	1	1	1	2	0	2	3	2	0
0	0	0	0	17	23	21	16	11	5	3	2	0	2	1	6	3	6	4	9	8	3	12	22	21	29	14	12	22	19	20	12	22	101	0	101	26	21	10	5	6	10	11	7	15	10	2	13	8	7	8	6	7	5	9	17	33	27	24	15	19	8	8	14	16	8	3	9	8	6	4	2	10	3	5	6	7	5	2	3	4	2	4	10	4	8	3	10	12	7	5	7	7	5	7	6	6	1	2	1	8	2	0	2	1	1	1	3	0	1	1	1	0	4	1	3	4	2	3	1	4	5	5	2	0	3	3	1	2	6	2	1	1	0	1	3	2	5	2	2	2	2	3	2	1	3	5	0	3	0	0	2	2	2	4	4	2	6	2	1	1	1	1	0	2	3	2	1	2	3	1	0
0	0	0	0	35	19	22	12	9	7	2	1	2	4	4	4	2	7	4	5	5	5	7	14	15	23	14	9	15	11	6	12	10	35	101	0	93	34	11	10	6	11	8	9	12	9	23	6	13	6	8	11	14	8	12	30	26	18	15	22	13	6	5	4	24	18	8	5	7	8	7	6	3	7	7	5	9	4	2	6	5	5	4	9	4	6	6	9	8	7	9	7	5	10	3	5	2	2	2	5	2	0	1	2	3	2	2	1	1	4	3	3	1	1	2	2	2	0	4	1	4	2	1	4	1	3	1	3	3	8	1	0	1	0	1	2	2	2	3	2	2	3	3	4	7	4	4	6	1	4	1	3	0	5	1	4	3	1	2	1	2	0	1	0	0	1	2	1	0	3	1	0
0	0	0	0	36	34	32	34	13	7	3	4	3	4	6	4	3	2	5	10	4	3	11	20	6	17	14	8	5	3	5	10	10	13	26	93	0	110	25	11	11	14	19	18	20	21	16	45	15	11	11	15	19	28	16	44	18	48	24	21	8	8	8	8	18	20	13	6	12	9	4	6	6	8	12	11	4	3	6	0	3	5	7	5	3	8	2	11	7	5	5	3	9	11	8	5	2	1	1	1	1	1	5	2	1	2	0	2	1	0	2	2	0	0	1	1	2	1	2	5	2	3	4	2	4	2	4	1	2	3	2	1	1	4	1	1	2	0	2	3	4	1	1	3	5	2	3	4	4	1	1	1	2	3	0	0	0	3	3	3	4	2	0	2	5	0	1	2	1	0	1	0
0	0	0	0	17	18	36	78	24	9	4	8	4	5	5	2	4	9	5	4	4	8	9	13	14	13	12	6	3	2	2	10	10	10	21	34	110	0	149	25	16	13	36	33	13	19	19	33	26	18	20	31	37	69	58	66	30	60	53	35	18	9	11	10	13	11	16	5	8	16	13	6	11	12	7	21	9	6	2	2	5	5	11	4	8	9	6	5	5	8	5	7	9	8	10	8	4	2	3	1	3	6	2	3	2	3	1	1	0	1	3	2	2	3	2	0	2	2	3	7	3	2	6	1	4	2	5	4	4	2	3	2	1	2	0	3	3	6	5	3	3	7	11	5	3	2	9	2	6	3	1	3	1	3	0	5	3	0	2	1	1	2	2	1	0	1	2	2	0	2	4	0
0	0	0	0	10	22	47	160	42	13	9	9	6	8	9	2	3	6	5	8	1	8	13	5	9	4	1	3	4	4	3	4	5	11	10	11	25	149	0	93	32	36	43	51	10	20	24	23	31	31	21	11	22	56	41	30	19	37	44	28	21	11	16	8	5	15	13	8	15	38	13	3	13	7	19	28	12	3	6	6	6	6	6	3	7	10	13	9	7	9	5	6	10	26	11	4	4	1	1	3	3	6	3	4	4	2	4	2	3	1	2	2	2	2	4	2	3	2	10	4	8	7	5	5	2	3	2	5	1	5	2	1	3	1	1	3	2	3	2	4	6	7	7	6	2	9	4	9	7	4	2	3	7	2	7	4	3	7	1	1	3	1	1	0	0	1	1	1	2	1	1	0
0	0	0	0	9	11	20	46	24	9	7	8	6	11	6	2	4	0	3	4	1	5	9	0	5	4	5	3	2	3	2	9	1	7	5	10	11	25	93	0	74	51	60	39	16	11	21	13	33	20	13	7	9	21	20	16	10	14	18	11	12	18	22	9	11	12	10	18	42	68	22	18	22	15	20	29	16	9	5	5	7	5	4	2	0	11	10	9	7	1	6	8	2	12	10	5	7	1	1	2	2	2	4	2	1	4	0	2	3	2	3	7	2	3	2	3	6	3	14	5	10	6	8	5	2	4	3	3	6	1	4	1	3	1	3	1	2	4	2	2	3	5	11	7	4	7	17	4	3	0	1	4	3	4	6	3	5	1	1	2	2	1	4	1	3	2	5	0	3	2	1	0
0	0	0	0	11	16	30	23	8	4	11	7	4	6	3	4	4	2	4	6	5	3	3	8	2	3	2	5	3	4	6	5	2	5	6	6	11	16	32	74	0	153	79	39	15	14	6	13	12	7	8	6	7	11	16	6	8	4	7	4	9	13	15	8	14	19	26	66	268	115	79	18	39	19	19	20	17	6	4	5	4	1	3	3	8	9	11	4	3	8	3	4	10	13	10	7	2	5	3	3	5	2	4	0	2	2	1	3	4	2	2	2	6	2	7	5	6	13	10	8	8	6	3	4	7	2	3	5	4	5	2	3	2	1	1	4	4	3	1	1	3	3	9	8	3	9	20	9	5	3	2	5	4	5	4	3	4	5	3	4	5	0	4	1	4	3	3	1	3	0	1	0
0	0	0	0	6	15	30	24	8	3	7	7	3	3	5	1	0	5	1	2	5	6	7	5	5	2	5	2	6	3	5	2	5	10	10	11	14	13	36	51	153	0	774	67	29	18	7	18	21	12	8	7	10	10	8	14	2	6	11	11	15	10	11	9	13	21	14	28	69	26	35	8	12	12	13	8	6	5	4	1	4	3	2	7	3	5	3	4	5	6	7	7	6	8	7	4	6	2	2	0	2	1	2	4	2	1	1	4	1	2	3	3	3	2	3	3	3	2	6	9	6	5	4	5	7	4	3	2	3	0	4	1	3	0	3	3	2	1	3	1	5	2	5	9	1	5	8	3	6	0	2	2	1	4	2	4	1	3	2	0	2	1	0	1	1	3	2	1	3	2	2	0
0	0	0	0	21	29	29	38	12	8	2	4	6	3	1	4	1	3	2	2	3	4	10	2	6	3	5	5	4	6	6	4	2	5	11	8	19	36	43	60	79	774	0	78	20	22	10	21	30	8	10	9	15	28	11	13	7	13	12	10	6	11	6	12	12	16	17	26	51	24	29	6	18	10	7	14	2	3	3	6	3	8	2	1	10	9	6	6	2	3	9	7	4	10	12	0	2	2	1	3	2	1	1	1	3	2	1	1	3	2	4	1	2	0	1	2	1	1	4	7	6	6	2	3	5	4	1	2	4	0	3	5	1	0	2	1	3	3	2	4	3	4	7	4	2	8	15	4	2	0	1	2	8	1	2	5	5	3	1	2	1	1	1	1	0	0	1	1	2	2	2	0
0	0	0	0	9	21	19	15	11	6	2	7	4	4	1	2	3	2	1	7	3	2	1	10	1	10	2	4	2	2	5	2	4	3	7	9	18	33	51	39	39	67	78	0	107	72	67	39	64	20	24	11	21	29	22	12	10	9	11	8	10	8	12	6	4	4	9	6	21	19	14	8	10	7	9	6	8	4	6	5	2	4	2	1	4	7	7	5	4	3	2	4	5	9	2	2	4	1	1	2	0	3	1	0	1	3	0	0	1	3	1	0	2	2	0	3	3	4	6	2	4	8	1	3	1	1	2	1	3	3	3	2	1	2	3	1	2	1	2	0	2	1	5	5	3	5	8	4	4	1	0	2	1	2	3	0	3	3	0	5	2	0	3	0	2	1	2	1	4	2	0	0
0	0	0	0	10	13	8	11	5	3	1	5	2	1	3	0	3	2	3	4	3	2	2	3	4	10	5	1	1	2	1	1	1	2	15	12	20	13	10	16	15	29	20	107	0	186	93	28	37	9	14	14	15	20	11	21	5	14	9	2	9	5	6	3	3	5	9	5	19	7	7	6	8	4	5	3	4	1	2	4	1	1	4	1	3	4	2	3	1	3	3	2	3	2	4	4	0	0	1	2	1	0	1	4	0	2	1	4	0	1	1	0	3	1	2	1	2	6	6	1	4	2	2	3	2	3	0	3	2	1	1	2	0	0	0	2	0	4	3	1	3	3	2	0	4	2	3	4	3	2	1	2	4	0	1	2	1	3	2	1	3	1	2	0	1	2	2	0	1	0	0	0
0	0	0	0	10	9	16	7	6	0	1	4	5	1	2	3	3	5	3	3	1	2	5	9	9	7	9	7	2	2	2	3	3	6	10	9	21	19	20	11	14	18	22	72	186	0	314	87	65	18	25	18	24	34	18	22	9	15	8	4	8	6	1	5	5	3	3	6	9	9	7	5	3	6	5	2	2	4	1	1	2	2	7	3	1	5	5	1	5	3	2	3	4	6	4	0	2	3	2	3	1	2	3	2	0	0	1	0	1	0	2	2	1	0	1	2	2	0	3	5	0	2	1	3	1	0	0	1	1	2	0	1	2	1	1	2	2	2	0	4	4	3	0	2	2	4	1	3	1	2	1	0	0	2	2	0	4	1	2	1	1	0	1	0	2	3	1	1	1	3	1	0
0	0	0	0	8	4	8	6	5	3	4	3	1	2	2	1	4	1	3	3	3	2	4	8	10	5	5	5	4	3	4	0	4	4	2	23	16	19	24	21	6	7	10	67	93	314	0	123	139	22	50	42	38	55	13	13	8	10	7	9	6	4	4	1	1	8	6	6	11	7	3	3	6	6	5	8	4	3	1	2	3	2	2	2	6	3	2	7	4	5	1	0	2	5	4	2	1	1	0	0	0	1	1	1	0	2	1	1	1	4	3	2	1	2	0	1	0	4	3	2	2	1	4	3	2	0	0	2	3	2	2	1	3	2	2	2	3	1	2	1	1	1	8	1	1	6	5	4	3	0	0	4	1	3	3	3	0	2	1	1	0	1	2	1	1	4	1	3	3	0	3	0
0	0	0	0	3	11	19	13	8	4	2	6	2	2	3	3	4	1	4	6	8	3	10	8	12	13	15	4	2	3	4	2	5	4	13	6	45	33	23	13	13	18	21	39	28	87	123	0	81	40	71	49	87	93	31	63	21	16	13	9	2	6	5	5	3	6	7	4	8	4	6	3	3	8	5	5	3	1	9	4	1	5	2	2	0	5	6	10	4	3	2	3	6	5	6	3	2	1	2	1	2	2	1	1	0	1	0	0	1	3	1	2	2	1	1	2	3	0	3	3	5	4	2	4	2	1	4	0	1	2	2	3	1	1	0	0	2	1	3	1	2	1	3	3	1	4	5	4	4	1	2	1	5	0	5	3	6	2	0	2	1	3	0	1	1	0	0	2	1	1	0	0
0	0	0	0	8	11	14	14	13	4	5	7	4	6	5	5	4	3	6	2	3	5	6	3	7	11	5	1	3	5	6	3	2	7	8	13	15	26	31	33	12	21	30	64	37	65	139	81	0	82	69	36	39	149	38	17	12	12	10	5	7	6	8	4	3	5	9	6	6	9	8	7	6	5	8	9	7	1	5	6	1	3	3	2	2	5	3	4	4	8	3	2	3	5	6	0	4	3	1	0	2	1	1	2	0	3	3	1	1	2	1	2	1	2	2	0	3	2	5	3	5	3	1	4	2	1	2	2	3	4	4	1	5	2	0	1	3	4	0	4	8	5	4	5	6	8	4	1	3	0	2	2	2	1	5	3	1	1	3	0	1	0	1	0	3	2	2	2	3	2	0	0
0	0	0	0	9	5	4	16	12	2	1	3	1	10	1	1	3	3	5	3	0	8	10	9	10	9	0	2	3	5	2	3	4	5	7	6	11	18	31	20	7	12	8	20	9	18	22	40	82	0	85	40	53	102	53	25	13	15	17	7	5	3	2	4	4	5	6	5	7	10	10	4	10	1	9	9	5	2	6	7	1	5	2	3	3	3	5	9	3	5	1	5	2	4	9	5	2	2	1	4	2	2	1	2	1	2	1	5	1	3	3	4	1	1	2	2	3	2	2	1	4	1	0	4	5	1	3	5	2	7	2	3	2	1	0	2	4	3	2	2	2	3	3	2	3	5	2	5	0	2	5	3	1	3	3	1	1	4	3	0	4	1	6	3	2	2	1	2	5	0	0	0
0	0	0	0	5	9	8	11	9	7	1	1	1	6	4	3	1	1	5	0	4	5	9	4	13	16	5	3	2	1	5	3	3	6	8	8	11	20	21	13	8	8	10	24	14	25	50	71	69	85	0	207	102	51	19	22	15	12	9	4	0	3	2	0	2	6	4	3	7	3	2	6	3	2	8	7	3	6	2	2	0	3	2	2	1	3	2	2	2	5	5	2	2	3	5	2	2	0	2	1	3	1	3	2	1	1	1	2	3	5	3	1	1	0	3	0	0	3	2	0	1	7	4	0	2	2	0	0	2	0	2	0	1	1	1	4	5	3	3	0	2	3	2	1	1	1	4	4	3	0	2	2	0	2	2	0	1	3	1	1	0	0	1	0	1	0	2	2	1	0	2	0
0	0	0	0	5	5	6	7	4	0	3	3	0	2	3	5	1	5	4	4	3	3	4	5	11	15	15	2	6	4	6	3	4	4	6	11	15	31	11	7	6	7	9	11	14	18	42	49	36	40	207	0	112	37	28	27	11	13	11	5	3	5	1	3	1	2	2	1	4	1	3	0	7	2	3	3	2	1	2	3	0	2	2	1	3	5	5	3	5	7	2	4	2	1	2	2	4	2	2	1	1	2	1	1	3	0	1	1	1	1	1	2	1	2	1	0	1	1	1	1	1	0	2	1	0	4	0	0	3	2	2	1	2	3	1	2	1	1	2	1	2	4	2	3	3	1	0	3	7	0	0	0	1	1	0	1	0	2	4	1	3	0	1	2	2	2	1	2	1	1	1	0
0	0	0	0	11	3	7	9	5	1	2	5	2	3	4	2	2	6	5	3	5	5	16	12	10	14	16	4	7	9	5	3	2	10	7	14	19	37	22	9	7	10	15	21	15	24	38	87	39	53	102	112	0	121	83	91	31	25	16	6	8	3	3	4	2	4	5	8	3	10	3	2	5	2	7	6	5	3	4	9	0	4	6	2	2	7	1	3	4	6	1	3	2	1	11	5	4	0	1	3	2	0	2	2	1	1	0	1	2	1	2	3	3	2	2	1	1	2	3	1	4	1	1	3	0	2	2	2	1	1	0	1	1	1	2	2	1	2	1	2	3	9	2	5	4	4	5	6	1	3	1	0	1	0	0	4	3	3	2	0	2	0	2	0	1	3	0	2	0	0	1	0
0	0	0	0	8	11	13	17	16	11	4	5	4	5	3	6	1	0	1	6	5	7	8	6	16	10	10	5	6	7	3	3	4	6	5	8	28	69	56	21	11	10	28	29	20	34	55	93	149	102	51	37	121	0	128	58	16	25	21	13	8	9	2	8	7	4	7	8	9	7	9	2	8	5	7	9	6	4	6	3	2	5	4	3	1	6	5	6	6	2	2	3	5	7	10	6	3	1	1	2	2	4	3	5	4	5	3	0	0	2	3	1	2	1	1	1	3	3	3	4	0	4	5	7	1	0	1	2	0	6	0	0	1	4	2	1	1	3	3	2	2	4	7	7	4	5	3	4	5	0	1	1	6	4	1	2	3	2	3	2	2	0	1	2	2	0	1	1	2	1	1	0
0	0	0	0	6	10	9	23	9	9	5	3	3	3	5	3	2	7	8	7	5	10	17	19	14	26	12	8	5	3	8	3	6	10	9	12	16	58	41	20	16	8	11	22	11	18	13	31	38	53	19	28	83	128	0	94	45	58	36	15	10	5	4	1	4	13	9	1	12	10	5	5	7	7	11	11	9	4	4	8	1	2	1	2	6	8	3	8	4	6	3	3	1	8	5	4	2	5	2	2	2	4	1	2	3	3	3	4	5	2	3	1	1	1	1	2	1	2	4	4	2	8	1	5	2	3	3	5	5	4	4	0	2	0	1	2	0	3	1	2	2	4	1	1	3	5	9	7	1	1	1	2	3	8	2	3	4	3	1	0	2	0	0	2	0	0	3	0	1	1	0	0
0	0	0	0	15	3	16	17	13	3	3	5	1	6	5	2	1	5	0	4	5	5	21	16	25	54	23	10	12	6	11	6	7	9	17	30	44	66	30	16	6	14	13	12	21	22	13	63	17	25	22	27	91	58	94	0	88	77	26	13	4	5	3	2	12	12	9	3	7	5	1	3	3	3	4	4	3	5	4	2	4	5	7	5	4	11	7	8	7	6	4	2	2	2	11	7	2	2	3	2	2	2	1	0	1	2	2	1	1	0	1	3	1	3	2	2	2	2	1	5	3	2	1	2	0	1	1	2	2	1	2	1	2	1	3	3	2	3	2	2	1	5	2	2	1	6	5	1	4	2	2	3	1	2	2	2	3	3	0	0	2	0	2	1	0	1	0	1	1	2	1	0
0	0	0	0	8	9	7	24	18	9	10	4	5	2	8	6	6	8	3	9	11	8	42	83	68	52	17	14	11	8	8	14	8	21	33	26	18	30	19	10	8	2	7	10	5	9	8	21	12	13	15	11	31	16	45	88	0	465	72	37	15	11	2	4	8	6	10	6	3	7	5	7	6	8	8	6	9	0	6	3	3	12	9	5	2	10	9	10	7	14	4	6	2	3	5	6	3	2	1	4	0	3	2	2	0	0	3	1	2	3	4	2	2	0	3	1	0	2	3	4	3	1	2	3	3	6	2	3	3	4	1	3	0	0	4	4	3	2	1	1	4	5	1	6	0	0	6	2	4	3	0	6	3	3	4	2	1	1	0	1	3	1	0	0	1	1	0	0	0	1	1	0
0	0	0	0	1	8	8	31	20	8	7	4	5	4	3	4	3	8	9	9	12	12	52	43	31	34	13	13	10	13	10	11	9	34	27	18	48	60	37	14	4	6	13	9	14	15	10	16	12	15	12	13	25	25	58	77	465	0	125	35	15	9	6	7	9	14	8	11	10	9	2	6	9	10	3	15	10	8	13	5	5	10	5	6	5	15	11	20	7	16	4	3	6	4	12	5	2	1	4	2	3	3	5	4	4	3	5	0	0	3	3	0	3	1	0	1	1	4	3	5	7	4	5	5	1	0	2	3	3	3	1	2	6	2	3	7	5	2	2	1	4	6	4	2	1	6	6	7	3	3	0	2	4	1	1	2	2	2	4	4	1	1	1	0	1	1	0	2	0	2	1	0
0	0	0	0	10	8	20	44	48	25	3	9	6	4	6	11	7	10	6	16	12	14	38	23	19	8	10	12	8	8	8	4	19	26	24	15	24	53	44	18	7	11	12	11	9	8	7	13	10	17	9	11	16	21	36	26	72	125	0	119	23	18	9	10	14	14	10	5	6	9	6	3	8	7	8	21	8	8	18	9	6	14	10	8	7	25	17	22	7	18	16	11	9	18	10	7	7	2	5	4	3	3	3	3	2	4	0	4	1	4	3	2	2	1	4	2	7	1	7	4	9	4	4	4	5	3	2	4	9	4	3	2	3	2	2	3	2	8	1	2	6	10	6	5	2	2	6	3	7	4	3	2	3	7	6	3	2	0	0	2	2	1	0	1	2	2	3	1	1	1	1	0
0	0	0	0	6	11	25	46	53	28	12	12	7	9	10	6	11	24	16	27	16	8	29	18	9	9	4	7	5	5	5	10	30	39	15	22	21	35	28	11	4	11	10	8	2	4	9	9	5	7	4	5	6	13	15	13	37	35	119	0	76	45	15	12	31	15	7	8	7	20	3	3	9	9	20	19	24	8	11	19	11	17	11	17	18	41	70	54	37	73	17	11	17	29	18	4	5	2	4	5	3	3	2	3	1	4	4	3	2	2	1	3	1	1	0	2	4	2	5	5	9	2	9	11	7	4	2	7	11	14	6	1	3	2	4	4	2	4	5	3	5	11	6	1	7	7	17	4	3	4	1	2	2	10	6	7	7	3	3	2	1	1	1	3	1	1	2	1	0	2	2	0
0	0	0	0	10	14	33	44	86	28	14	12	10	6	5	16	9	8	16	15	11	12	11	6	5	1	2	7	4	4	9	12	15	17	19	13	8	18	21	12	9	15	6	10	9	8	6	2	7	5	0	3	8	8	10	4	15	15	23	76	0	298	67	31	81	43	20	15	12	21	5	13	9	22	17	32	21	21	20	16	11	12	29	18	24	103	57	43	23	40	51	34	43	78	28	6	10	8	3	2	1	2	3	2	4	3	3	3	3	3	6	6	7	2	6	3	4	8	8	11	22	9	5	14	8	8	5	4	8	6	3	5	2	3	3	6	4	5	2	3	6	16	7	5	5	4	14	7	15	2	4	4	5	9	7	7	6	2	6	5	3	3	1	2	2	1	6	3	3	3	4	0
0	0	0	0	7	6	25	23	95	44	23	29	13	7	10	11	10	8	15	13	6	5	11	10	3	0	3	4	4	4	5	7	16	13	8	6	8	9	11	18	13	10	11	8	5	6	4	6	6	3	3	5	3	9	5	5	11	9	18	45	298	0	90	42	59	32	24	14	19	33	15	9	13	30	24	44	65	41	46	32	21	19	20	20	51	155	63	28	23	46	30	39	93	202	18	12	7	4	7	6	5	3	5	1	1	3	3	6	3	3	4	4	3	4	3	2	5	11	12	14	21	7	11	13	12	11	6	8	14	15	4	3	4	2	2	6	9	6	5	6	9	15	9	7	5	5	12	15	12	2	2	4	6	8	7	9	6	10	9	6	3	3	4	2	2	2	3	2	2	3	4	0
0	0	0	0	7	9	27	16	26	13	13	21	13	8	10	7	4	3	8	7	9	5	5	6	5	0	2	1	2	2	5	5	2	10	8	5	8	11	16	22	15	11	6	12	6	1	4	5	8	2	2	1	3	2	4	3	2	6	9	15	67	90	0	70	35	51	71	23	30	38	13	13	12	23	16	12	35	21	20	19	16	10	8	13	19	34	18	15	6	13	24	24	53	41	18	4	4	7	4	4	6	1	5	2	1	5	4	5	0	3	5	7	4	7	5	6	8	6	12	22	30	13	9	23	15	8	2	1	8	15	9	3	2	5	3	7	4	10	3	2	5	8	9	10	5	12	23	14	6	4	3	1	6	8	9	4	8	4	5	9	4	1	4	1	2	4	5	0	3	3	0	0
0	0	0	0	15	7	16	8	14	16	7	12	6	5	5	6	4	2	11	7	4	7	5	6	6	2	4	1	1	3	2	6	10	15	14	4	8	10	8	9	8	9	12	6	3	5	1	5	4	4	0	3	4	8	1	2	4	7	10	12	31	42	70	0	84	76	60	18	14	10	6	7	11	8	11	9	15	15	7	16	7	6	10	10	25	14	14	21	11	11	17	31	41	15	10	7	2	2	1	3	4	1	2	3	6	2	2	5	1	2	1	3	3	2	2	2	3	6	5	10	14	11	6	11	14	9	6	6	9	11	3	2	2	4	4	8	2	5	1	2	6	8	3	5	2	6	5	5	4	2	1	0	3	6	5	9	3	7	4	3	3	1	1	2	2	4	1	3	1	1	0	0
0	0	0	0	14	20	50	21	19	17	8	4	3	9	5	8	8	7	4	9	7	4	10	8	3	5	2	3	1	4	5	5	10	23	16	24	18	13	5	11	14	13	12	4	3	5	1	3	3	4	2	1	2	7	4	12	8	9	14	31	81	59	35	84	0	77	35	12	17	19	8	4	6	16	13	8	13	13	11	16	9	8	8	10	18	21	21	20	17	27	25	39	23	27	10	6	3	5	3	5	5	3	4	3	3	4	2	0	0	2	1	4	4	1	2	3	5	3	8	7	11	7	7	10	7	6	8	5	7	10	4	2	1	5	1	3	3	5	3	8	10	4	4	1	3	5	7	5	7	3	4	3	1	4	8	5	3	0	8	2	0	1	1	2	3	3	3	2	2	0	1	0
0	0	0	0	9	38	83	33	20	8	7	8	6	2	2	5	8	5	3	6	3	5	5	4	9	3	5	3	0	5	7	5	5	9	8	18	20	11	15	12	19	21	16	4	5	3	8	6	5	5	6	2	4	4	13	12	6	14	14	15	43	32	51	76	77	0	175	35	34	22	13	6	17	11	12	11	12	9	8	10	8	7	6	11	9	15	6	11	11	13	7	20	12	17	6	4	6	4	5	1	0	2	0	0	2	0	4	5	3	1	2	7	3	2	0	4	2	2	10	9	11	8	7	8	5	4	3	2	1	11	2	0	2	0	4	1	3	3	0	4	4	5	6	7	9	5	7	5	3	2	1	2	4	3	2	5	5	3	0	5	4	3	1	1	0	2	2	2	2	1	3	0
0	0	0	0	14	22	44	24	13	7	4	9	5	6	8	4	5	6	1	4	1	4	1	3	5	4	4	1	1	4	1	4	6	4	3	8	13	16	13	10	26	14	17	9	9	3	6	7	9	6	4	2	5	7	9	9	10	8	10	7	20	24	71	60	35	175	0	145	57	35	21	16	15	23	6	13	14	8	8	9	11	4	4	5	8	14	10	6	7	11	11	9	15	17	7	3	7	5	2	3	1	0	2	1	3	2	0	1	2	4	6	5	4	3	6	3	6	9	11	9	9	11	3	9	5	7	2	5	3	1	3	1	2	0	2	1	5	8	5	3	3	7	5	7	7	3	13	9	6	3	5	3	2	4	7	7	1	6	1	3	3	3	2	1	2	4	1	9	4	4	3	0
0	0	0	0	5	17	28	21	8	3	2	16	2	5	6	3	1	2	2	5	1	3	3	4	2	5	1	6	2	3	4	1	3	2	9	5	6	5	8	18	66	28	26	6	5	6	6	4	6	5	3	1	8	8	1	3	6	11	5	8	15	14	23	18	12	35	145	0	136	37	31	15	23	13	11	13	8	3	4	4	6	4	3	6	7	4	8	5	11	5	3	8	11	3	6	2	1	0	1	3	0	1	1	4	1	2	1	1	0	3	2	3	6	3	3	3	8	4	11	13	13	6	7	0	8	3	2	3	2	6	5	0	3	5	1	1	5	1	4	4	6	3	5	3	5	4	19	11	3	1	3	3	1	2	2	6	4	7	5	1	0	0	1	3	2	2	2	2	3	1	2	0
0	0	0	0	14	16	27	21	16	3	6	9	6	6	5	2	3	6	2	6	6	5	3	3	3	1	4	2	2	1	6	3	5	4	8	7	12	8	15	42	268	69	51	21	19	9	11	8	6	7	7	4	3	9	12	7	3	10	6	7	12	19	30	14	17	34	57	136	0	127	83	29	34	30	21	13	16	5	4	10	5	6	4	8	11	17	6	8	8	1	7	10	12	13	6	4	3	0	2	2	3	4	3	1	2	3	2	2	2	1	2	10	2	2	5	4	6	7	14	5	10	11	5	9	7	3	6	5	5	2	4	2	1	2	3	4	1	0	5	3	4	6	9	19	7	5	13	11	9	1	4	4	4	8	3	3	4	2	4	3	1	3	3	0	2	4	5	3	2	3	4	0
0	0	0	0	9	12	18	36	27	13	9	10	11	11	9	4	5	10	2	6	0	2	1	3	2	4	2	6	3	1	6	4	1	8	6	8	9	16	38	68	115	26	24	19	7	9	7	4	9	10	3	1	10	7	10	5	7	9	9	20	21	33	38	10	19	22	35	37	127	0	82	36	65	72	24	40	31	9	8	11	7	2	7	3	7	13	14	8	4	6	7	9	18	35	16	6	2	3	1	4	3	6	3	1	5	1	3	2	3	2	6	2	6	4	3	5	8	12	17	9	15	5	11	14	4	2	0	6	1	4	7	2	1	0	3	1	2	0	2	3	3	9	20	14	11	16	35	25	12	2	1	4	3	3	1	2	4	4	5	3	4	2	2	3	5	3	3	0	5	3	4	0
0	0	0	0	6	5	14	13	16	13	3	11	9	7	3	4	3	0	8	2	3	5	1	2	7	4	2	2	0	3	4	3	3	7	4	7	4	13	13	22	79	35	29	14	7	7	3	6	8	10	2	3	3	9	5	1	5	2	6	3	5	15	13	6	8	13	21	31	83	82	0	112	165	35	20	14	19	14	4	4	3	6	5	3	10	13	4	5	5	2	2	4	12	15	6	5	7	3	2	3	4	1	4	3	3	3	3	4	2	1	6	8	5	10	4	4	5	10	7	15	15	7	8	4	2	5	1	1	3	4	2	1	3	5	3	2	3	4	3	3	7	8	10	16	11	15	40	10	12	0	1	11	6	3	5	11	4	5	3	4	2	2	3	0	1	9	5	1	5	3	2	0
0	0	0	0	4	8	7	15	11	4	5	6	7	13	2	5	0	5	4	4	2	2	2	1	1	1	3	3	1	1	2	1	2	1	2	6	6	6	3	18	18	8	6	8	6	5	3	3	7	4	6	0	2	2	5	3	7	6	3	3	13	9	13	7	4	6	16	15	29	36	112	0	93	51	20	17	12	14	5	5	4	2	6	6	6	8	6	8	3	0	4	4	12	12	9	6	6	3	1	5	6	1	3	3	4	3	1	3	3	3	12	18	13	7	6	13	11	23	33	27	19	15	12	9	6	6	4	5	7	3	2	1	2	1	3	6	5	5	3	0	3	10	17	16	33	52	43	19	14	4	7	4	5	8	6	13	5	5	4	6	7	1	2	0	3	6	7	7	5	5	2	0
0	0	0	0	4	9	6	17	17	6	10	9	18	7	8	3	6	11	4	3	4	3	4	1	2	6	1	2	1	2	5	0	2	5	10	3	6	11	13	22	39	12	18	10	8	3	6	3	6	10	3	7	5	8	7	3	6	9	8	9	9	13	12	11	6	17	15	23	34	65	165	93	0	82	34	30	27	11	6	5	4	3	5	6	7	12	11	6	7	4	9	3	9	20	11	7	9	3	1	0	5	7	3	2	2	1	2	3	4	1	4	12	7	5	5	7	11	16	21	17	23	14	17	13	6	10	3	3	4	5	6	3	2	3	4	2	3	11	3	3	6	12	17	24	18	54	72	16	9	3	0	1	5	5	7	10	11	9	4	6	1	2	6	2	3	5	5	6	4	2	2	0
0	0	0	0	7	5	13	15	31	18	18	35	23	15	9	4	4	7	6	9	3	5	11	3	1	3	1	4	1	0	2	2	1	9	3	7	8	12	7	15	19	12	10	7	4	6	6	8	5	1	2	2	2	5	7	3	8	10	7	9	22	30	23	8	16	11	23	13	30	72	35	51	82	0	89	54	113	31	19	29	11	5	11	9	15	16	10	8	4	7	7	8	25	38	30	7	13	4	7	5	10	8	5	6	4	5	1	4	1	6	11	14	11	8	5	7	12	21	55	44	54	32	14	20	9	7	3	7	8	5	6	3	3	4	2	4	6	10	7	4	7	14	37	19	18	30	215	51	17	0	3	8	4	11	13	15	10	7	4	7	7	1	1	3	4	2	5	5	9	3	4	0
0	0	0	0	6	5	11	17	54	32	19	43	38	18	12	12	5	8	1	16	1	8	4	1	2	2	4	5	1	1	3	1	6	9	5	7	12	7	19	20	19	13	7	9	5	5	5	5	8	9	8	3	7	7	11	4	8	3	8	20	17	24	16	11	13	12	6	11	21	24	20	20	34	89	0	474	89	21	29	20	11	6	6	5	13	34	22	15	6	19	13	6	22	57	61	13	10	5	5	2	8	4	5	5	3	7	4	6	5	3	8	11	4	5	4	3	13	20	26	14	29	13	16	23	6	10	3	7	11	17	9	4	3	4	6	9	11	9	9	4	9	41	38	22	7	29	77	48	30	4	3	4	9	15	12	14	7	13	6	6	4	3	3	3	4	6	12	3	7	1	5	0
0	0	0	0	5	6	14	21	110	42	14	27	21	21	18	12	6	15	4	13	6	10	9	4	5	1	6	1	4	1	7	3	6	4	6	5	11	21	28	29	20	8	14	6	3	2	8	5	9	9	7	3	6	9	11	4	6	15	21	19	32	44	12	9	8	11	13	13	13	40	14	17	30	54	474	0	56	25	25	17	10	11	10	10	13	50	15	17	13	22	10	7	14	58	81	12	12	5	4	1	8	4	8	3	3	4	4	1	6	2	8	6	3	0	3	8	5	9	16	6	11	17	12	13	10	8	4	6	11	5	7	1	2	3	5	8	9	11	6	7	15	26	24	8	10	10	44	37	15	3	5	6	5	13	15	12	8	7	3	3	7	2	3	3	2	0	9	4	3	3	3	0
0	0	0	0	1	11	16	18	32	28	25	96	41	21	15	8	2	10	7	8	3	6	9	2	5	2	3	4	1	2	3	5	10	11	7	9	4	9	12	16	17	6	2	8	4	2	4	3	7	5	3	2	5	6	9	3	9	10	8	24	21	65	35	15	13	12	14	8	16	31	19	12	27	113	89	56	0	105	58	32	25	6	11	8	28	54	34	12	11	13	12	13	48	154	62	14	14	6	3	5	6	2	4	3	2	7	4	3	2	7	12	13	10	9	5	8	15	34	34	23	89	20	13	33	11	12	9	5	13	15	9	4	3	3	4	8	11	9	11	7	9	31	21	15	11	12	54	55	31	8	3	9	8	9	13	13	13	16	12	15	6	2	3	1	2	3	14	9	6	2	2	0
0	0	0	0	4	9	7	9	23	36	82	231	52	17	13	21	10	5	10	4	5	8	2	4	2	1	2	1	4	5	4	2	5	6	5	4	3	6	3	9	6	5	3	4	1	4	3	1	1	2	6	1	3	4	4	5	0	8	8	8	21	41	21	15	13	9	8	3	5	9	14	14	11	31	21	25	105	0	78	64	44	12	16	33	59	27	22	11	16	15	24	14	82	66	33	21	21	13	7	4	5	4	6	3	2	5	6	7	2	8	8	8	4	8	7	11	18	16	31	34	171	51	30	147	41	40	11	18	37	27	18	6	4	7	8	11	13	21	7	12	19	28	15	6	8	13	15	40	22	10	4	11	13	11	17	38	23	22	16	19	17	5	2	2	6	5	7	1	6	4	2	0
0	0	0	0	10	4	5	10	23	131	290	182	71	34	36	45	22	22	22	11	8	12	0	12	7	1	3	2	1	4	8	3	8	3	2	2	6	2	6	5	4	4	3	6	2	1	1	9	5	6	2	2	4	6	4	4	6	13	18	11	20	46	20	7	11	8	8	4	4	8	4	5	6	19	29	25	58	78	0	1652	68	45	37	64	76	63	62	23	8	31	32	19	51	64	68	42	44	11	10	17	9	9	5	5	7	13	6	6	3	1	11	9	3	5	10	8	7	9	15	15	43	18	20	47	12	26	11	24	43	38	23	4	2	7	15	16	18	12	18	23	39	36	12	5	7	7	15	24	13	8	3	3	5	18	12	31	7	21	9	10	8	4	3	0	5	2	8	6	5	3	6	0
0	0	0	0	1	4	7	11	19	140	204	86	62	23	37	44	24	32	28	24	13	8	6	3	2	1	2	0	2	6	4	8	6	10	3	6	0	2	6	5	5	1	6	5	4	1	2	4	6	7	2	3	9	3	8	2	3	5	9	19	16	32	19	16	16	10	9	4	10	11	4	5	5	29	20	17	32	64	1652	0	103	93	61	65	64	62	80	23	13	35	33	29	36	51	75	44	43	29	8	11	16	7	7	5	5	11	4	11	3	5	9	8	3	9	2	9	7	6	12	14	23	17	13	31	17	22	13	31	47	42	28	3	6	7	15	17	12	17	9	13	17	29	13	4	8	6	14	13	12	6	10	7	9	12	16	18	7	10	13	6	3	4	1	1	1	2	5	2	7	6	6	0
0	0	0	0	4	4	6	5	13	29	43	30	16	11	20	36	26	25	25	20	17	10	7	1	5	4	1	5	1	6	2	6	15	4	4	5	3	5	6	7	4	4	3	2	1	2	3	1	1	1	0	0	0	2	1	4	3	5	6	11	11	21	16	7	9	8	11	6	5	7	3	4	4	11	11	10	25	44	68	103	0	112	93	314	168	34	24	16	20	30	74	42	51	21	16	11	32	20	8	17	10	6	5	3	4	6	6	7	6	3	6	12	3	7	4	7	6	5	14	10	20	13	8	25	20	23	30	43	55	276	10	4	3	6	7	10	7	8	10	13	23	14	2	2	6	3	9	9	11	7	3	6	8	13	9	11	9	9	12	8	4	1	3	2	3	4	6	3	2	7	4	0
0	0	0	0	5	7	8	8	17	75	41	18	17	12	23	88	52	70	98	70	30	25	6	2	2	3	2	4	2	5	5	7	11	6	2	5	5	5	6	5	1	3	8	4	1	2	2	5	3	5	3	2	4	5	2	5	12	10	14	17	12	19	10	6	8	7	4	4	6	2	6	2	3	5	6	11	6	12	45	93	112	0	936	339	40	56	83	36	38	72	60	34	26	32	23	22	27	17	14	9	13	5	6	3	3	3	9	7	3	6	5	4	3	6	4	4	7	6	7	11	11	6	10	17	11	15	6	26	27	42	10	4	8	8	8	7	10	10	6	10	17	15	7	4	4	3	9	10	12	0	10	3	4	7	5	9	12	8	8	10	2	4	2	5	3	0	2	4	5	3	3	0
0	0	0	0	3	7	7	5	25	38	21	25	14	9	14	71	70	57	102	80	32	22	7	9	6	3	1	4	2	4	7	2	15	7	4	4	7	11	6	4	3	2	2	2	4	7	2	2	3	2	2	2	6	4	1	7	9	5	10	11	29	20	8	10	8	6	4	3	4	7	5	6	5	11	6	10	11	16	37	61	93	936	0	291	52	44	60	47	58	81	67	43	24	19	20	26	25	18	14	10	8	3	3	4	2	10	9	4	0	4	6	6	2	4	1	3	3	3	4	5	6	4	8	12	10	8	16	21	23	42	16	5	7	7	7	10	7	8	11	11	11	12	5	2	3	3	12	11	5	6	2	3	2	3	5	7	8	4	7	4	2	1	3	2	3	0	1	3	4	2	3	0
0	0	0	0	1	0	10	8	20	34	47	24	17	12	22	61	58	40	61	23	23	13	5	4	3	4	1	1	3	2	9	9	12	11	10	9	5	4	3	2	3	7	1	1	1	3	2	2	2	3	2	1	2	3	2	5	5	6	8	17	18	20	13	10	10	11	5	6	8	3	3	6	6	9	5	10	8	33	64	65	314	339	291	0	71	33	48	31	27	46	67	36	36	24	19	23	32	26	17	14	10	8	4	2	1	6	6	8	5	4	4	5	4	2	5	6	7	5	6	11	11	8	18	19	16	21	20	29	35	77	11	5	3	5	8	6	6	11	4	9	17	12	8	3	4	2	3	4	10	5	3	9	3	5	16	6	8	9	7	11	7	7	4	2	0	3	5	3	5	4	4	0
0	0	0	0	4	6	10	7	14	32	38	28	12	12	13	15	16	15	20	13	12	12	6	5	5	6	1	4	1	4	3	6	6	7	4	4	3	8	7	0	8	3	10	4	3	1	6	0	2	3	1	3	2	1	6	4	2	5	7	18	24	51	19	25	18	9	8	7	11	7	10	6	7	15	13	13	28	59	76	64	168	40	52	71	0	62	46	36	31	46	188	109	195	31	17	11	15	9	8	7	6	5	3	3	5	5	6	4	1	3	3	3	5	4	1	4	7	8	7	9	15	17	9	11	17	17	12	13	25	90	10	6	4	2	4	6	7	5	9	5	13	8	8	3	3	8	10	12	12	1	4	3	5	8	9	6	16	8	6	9	6	1	1	2	2	5	5	2	4	6	4	0
0	0	0	0	4	5	10	28	167	155	27	37	20	16	16	15	18	21	24	22	11	14	14	3	4	3	4	1	0	3	4	2	6	6	8	6	8	9	10	11	9	5	9	7	4	5	3	5	5	3	3	5	7	6	8	11	10	15	25	41	103	155	34	14	21	15	14	4	17	13	13	8	12	16	34	50	54	27	63	62	34	56	44	33	62	0	243	45	20	92	46	28	51	278	75	24	17	6	5	10	6	4	7	4	4	7	4	1	3	7	3	6	9	1	4	4	8	10	14	10	21	9	7	19	8	8	10	6	11	24	9	4	3	3	5	7	7	7	6	11	12	15	9	2	7	11	12	10	11	5	1	8	5	9	11	4	6	8	4	7	5	0	3	0	3	4	4	3	3	4	2	0
0	0	0	0	4	9	7	16	58	238	24	34	19	24	29	25	20	30	40	39	19	17	11	6	7	10	6	3	0	3	5	7	16	16	3	6	2	6	13	10	11	3	6	7	2	5	2	6	3	5	2	5	1	5	3	7	9	11	17	70	57	63	18	14	21	6	10	8	6	14	4	6	11	10	22	15	34	22	62	80	24	83	60	48	46	243	0	71	35	268	81	43	33	71	60	22	25	11	4	1	13	3	5	2	5	2	7	3	1	5	8	5	7	1	7	3	6	12	9	8	16	9	7	14	7	4	7	10	13	29	12	4	3	2	5	9	6	3	7	1	12	15	6	2	4	9	11	12	7	3	1	4	4	6	11	9	3	7	6	3	2	4	4	2	3	5	0	8	3	4	0	0
0	0	0	0	11	10	21	12	17	26	17	16	13	5	4	16	16	10	26	42	28	11	17	9	8	4	4	7	4	11	13	28	63	33	10	9	11	5	9	9	4	4	6	5	3	1	7	10	4	9	2	3	3	6	8	8	10	20	22	54	43	28	15	21	20	11	6	5	8	8	5	8	6	8	15	17	12	11	23	23	16	36	47	31	36	45	71	0	183	195	74	61	20	16	8	10	7	6	1	8	7	8	0	1	2	3	5	4	3	6	4	0	2	3	5	2	8	5	7	2	4	4	6	2	9	1	9	14	1	10	11	1	4	1	3	4	1	5	3	6	2	7	7	5	1	1	7	6	3	5	3	1	1	6	9	5	2	3	1	4	5	1	0	2	2	4	2	2	1	0	1	0
0	0	0	0	5	6	8	11	19	23	13	13	8	6	10	27	23	25	39	72	55	25	15	22	6	4	5	2	6	11	12	19	53	23	12	8	7	5	7	7	3	5	2	4	1	5	4	4	4	3	2	5	4	6	4	7	7	7	7	37	23	23	6	11	17	11	7	11	8	4	5	3	7	4	6	13	11	16	8	13	20	38	58	27	31	20	35	183	0	97	65	55	22	21	10	6	8	10	7	1	2	0	1	3	1	0	2	0	0	2	2	2	1	0	4	5	0	5	9	2	9	4	3	5	7	5	4	6	9	20	6	2	0	4	6	9	3	2	2	3	7	5	2	3	1	1	8	7	5	2	0	6	2	2	7	8	3	6	4	4	6	1	2	1	2	2	2	2	2	2	2	0
0	0	0	0	5	6	13	18	26	68	17	18	10	19	15	29	32	31	40	55	36	24	13	7	3	7	1	4	3	9	8	7	30	20	7	7	5	8	9	1	8	6	3	3	3	3	5	3	8	5	5	7	6	2	6	6	14	16	18	73	40	46	13	11	27	13	11	5	1	6	2	0	4	7	19	22	13	15	31	35	30	72	81	46	46	92	268	195	97	0	81	58	28	24	23	15	18	11	10	10	8	4	3	2	2	5	7	3	4	2	2	2	1	2	3	5	3	4	16	6	8	6	6	6	14	11	5	15	3	10	7	4	0	1	5	4	8	1	5	5	10	10	8	2	3	5	8	8	7	4	0	5	3	2	8	5	3	5	8	2	3	2	2	2	2	2	0	3	3	3	3	0
0	0	0	0	4	6	13	11	33	34	19	15	12	11	14	13	19	23	25	18	13	15	5	11	6	5	5	4	2	5	8	9	18	15	5	9	5	5	5	6	3	7	9	2	3	2	1	2	3	1	5	2	1	2	3	4	4	4	16	17	51	30	24	17	25	7	11	3	7	7	2	4	9	7	13	10	12	24	32	33	74	60	67	67	188	46	81	74	65	81	0	413	55	25	8	6	17	12	10	5	4	4	2	3	2	7	4	4	5	3	2	3	6	3	3	4	3	5	9	8	15	7	9	8	12	14	11	14	12	40	11	2	3	2	5	4	4	2	5	5	10	5	6	4	5	7	4	7	6	2	4	6	3	3	4	9	3	7	4	5	8	1	2	2	1	3	2	3	3	1	3	0
0	0	0	0	6	8	12	12	12	15	11	14	7	6	10	11	12	13	16	12	19	5	3	7	3	5	6	2	2	3	7	11	17	12	7	7	3	7	6	8	4	7	7	4	2	3	0	3	2	5	2	4	3	3	3	2	6	3	11	11	34	39	24	31	39	20	9	8	10	9	4	4	3	8	6	7	13	14	19	29	42	34	43	36	109	28	43	61	55	58	413	0	61	21	13	11	5	6	4	5	6	4	3	1	2	3	6	3	2	2	1	3	3	4	0	7	3	4	3	6	14	6	5	6	15	12	7	9	15	41	7	1	3	0	4	3	7	3	5	2	4	9	5	4	0	2	8	12	5	3	3	5	2	2	5	10	4	10	1	5	2	1	0	2	1	1	5	2	4	3	3	0
0	0	0	0	2	7	10	13	26	27	33	51	23	13	10	13	16	10	10	12	9	8	5	8	1	2	5	5	1	3	3	2	9	10	7	5	9	9	10	2	10	6	4	5	3	4	2	6	3	2	2	2	2	5	1	2	2	6	9	17	43	93	53	41	23	12	15	11	12	18	12	12	9	25	22	14	48	82	51	36	51	26	24	36	195	51	33	20	22	28	55	61	0	63	21	15	12	6	4	8	5	7	3	5	2	3	2	5	4	1	4	6	3	1	2	10	8	8	20	26	41	19	11	31	32	19	13	6	17	45	8	2	3	6	7	3	6	3	6	6	6	13	13	2	5	5	13	17	12	7	4	10	7	8	12	14	8	5	8	8	6	1	1	1	3	7	4	6	3	2	4	0
0	0	0	0	5	9	21	30	106	81	31	76	23	27	26	16	13	21	8	13	10	9	5	9	5	5	1	4	2	5	4	4	15	8	5	10	11	8	26	12	13	8	10	9	2	6	5	5	5	4	3	1	1	7	8	2	3	4	18	29	78	202	41	15	27	17	17	3	13	35	15	12	20	38	57	58	154	66	64	51	21	32	19	24	31	278	71	16	21	24	25	21	63	0	64	16	18	9	7	8	4	3	1	4	5	3	5	3	1	3	5	5	1	3	7	4	6	19	18	17	53	25	13	32	16	16	5	6	13	14	11	4	2	4	4	7	6	8	5	5	15	21	16	5	5	15	24	29	16	6	2	8	6	3	8	11	6	8	8	10	6	3	2	2	3	1	6	3	3	5	5	0
0	0	0	0	5	8	6	15	64	159	43	71	52	66	50	26	12	19	14	11	11	18	9	7	6	5	4	2	0	5	6	4	8	4	7	3	8	10	11	10	10	7	12	2	4	4	4	6	6	9	5	2	11	10	5	11	5	12	10	18	28	18	18	10	10	6	7	6	6	16	6	9	11	30	61	81	62	33	68	75	16	23	20	19	17	75	60	8	10	23	8	13	21	64	0	56	17	11	6	11	8	10	10	4	9	5	4	5	4	6	10	10	2	5	2	7	7	6	10	7	17	13	5	23	7	6	8	12	13	11	11	5	6	5	5	12	5	15	11	11	13	45	22	7	13	10	28	25	26	6	2	6	9	15	31	22	9	10	13	11	1	8	2	2	1	4	5	4	4	3	0	0
0	0	0	0	3	3	5	9	12	37	45	32	46	126	1387	43	16	29	17	16	8	14	2	2	3	1	4	2	1	5	2	3	5	4	6	5	5	8	4	5	7	4	0	2	4	0	2	3	0	5	2	2	5	6	4	7	6	5	7	4	6	12	4	7	6	4	3	2	4	6	5	6	7	7	13	12	14	21	42	44	11	22	26	23	11	24	22	10	6	15	6	11	15	16	56	0	98	25	17	23	46	27	10	16	17	19	9	7	5	11	7	4	3	6	1	5	9	9	12	12	7	10	14	19	8	9	7	18	13	16	20	6	10	16	12	39	32	29	24	28	35	56	11	4	8	8	11	15	13	6	4	8	5	31	32	31	12	10	14	10	7	5	3	2	3	8	7	7	6	3	8	0
0	0	0	0	2	1	7	4	12	26	79	21	34	30	113	93	25	28	20	21	13	7	5	5	4	5	3	2	3	3	3	4	9	2	6	2	2	4	4	7	2	6	2	4	0	2	1	2	4	2	2	4	4	3	2	2	3	2	7	5	10	7	4	2	3	6	7	1	3	2	7	6	9	13	10	12	14	21	44	43	32	27	25	32	15	17	25	7	8	18	17	5	12	18	17	98	0	92	22	47	51	17	11	8	11	21	11	10	12	10	11	4	3	5	8	5	12	10	10	7	9	11	13	14	7	12	16	45	56	28	64	18	10	16	31	53	56	22	36	43	82	36	8	3	4	3	4	10	15	6	10	17	10	21	36	26	9	10	23	18	7	3	3	3	0	2	4	9	2	4	6	0
0	0	0	0	1	4	2	1	10	9	21	11	15	15	32	46	23	30	18	11	8	8	7	5	2	1	1	0	0	2	3	2	5	4	1	2	1	2	1	1	5	2	2	1	0	3	1	1	3	2	0	2	0	1	5	2	2	1	2	2	8	4	7	2	5	4	5	0	0	3	3	3	3	4	5	5	6	13	11	29	20	17	18	26	9	6	11	6	10	11	12	6	6	9	11	25	92	0	154	178	44	20	13	12	13	21	22	19	6	8	2	5	3	8	5	4	4	2	7	5	6	7	7	10	10	17	38	91	49	19	108	20	13	28	78	46	53	19	29	55	45	8	4	3	5	4	5	3	5	11	7	14	11	15	20	23	8	8	20	15	0	5	1	3	3	4	3	2	5	9	2	0
0	0	0	0	1	1	2	1	0	6	9	10	15	12	13	18	16	15	15	8	9	9	5	5	3	0	2	1	0	3	2	0	1	3	2	2	1	3	1	1	3	2	1	1	1	2	0	2	1	1	2	2	1	1	2	3	1	4	5	4	3	7	4	1	3	5	2	1	2	1	2	1	1	7	5	4	3	7	10	8	8	14	14	17	8	5	4	1	7	10	10	4	4	7	6	17	22	154	0	119	22	16	6	5	8	21	32	12	7	5	6	2	2	6	1	13	4	3	0	5	5	2	8	7	6	21	25	45	22	14	58	14	19	37	93	26	25	12	16	38	26	8	9	1	2	4	4	4	7	4	10	8	8	9	12	7	6	15	10	11	6	5	0	4	2	2	1	8	1	1	3	0
0	0	0	0	2	3	1	3	7	5	13	6	11	14	25	30	28	17	10	6	6	11	6	1	1	1	2	0	4	5	2	3	5	2	1	5	1	1	3	2	3	0	3	2	2	3	0	1	0	4	1	1	3	2	2	2	4	2	4	5	2	6	4	3	5	1	3	3	2	4	3	5	0	5	2	1	5	4	17	11	17	9	10	14	7	10	1	8	1	10	5	5	8	8	11	23	47	178	119	0	60	35	12	18	11	31	44	18	14	8	5	6	2	8	5	3	3	5	3	5	7	7	5	11	6	6	16	38	12	7	40	11	29	55	255	88	53	25	17	22	30	11	7	6	2	5	4	6	11	5	10	17	11	11	18	13	2	7	13	8	8	1	2	3	2	1	2	4	2	6	6	0
0	0	0	0	1	1	6	5	4	8	16	8	21	23	28	22	10	12	4	8	5	5	3	3	2	0	2	1	6	0	2	3	6	0	8	2	1	3	3	2	5	2	2	0	1	1	0	2	2	2	3	1	2	2	2	2	0	3	3	3	1	5	6	4	5	0	1	0	3	3	4	6	5	10	8	8	6	5	9	16	10	13	8	10	6	6	13	7	2	8	4	6	5	4	8	46	51	44	22	60	0	190	43	21	20	55	70	42	16	14	7	7	2	3	6	6	3	3	8	0	11	6	7	7	4	12	8	12	15	4	35	37	40	40	63	240	117	53	40	31	37	12	5	5	2	8	9	13	9	10	10	20	17	24	24	13	8	8	21	18	5	7	1	1	5	7	7	6	6	4	3	0
0	0	0	0	1	3	6	6	6	7	11	6	9	17	21	16	8	10	8	4	4	7	3	3	1	1	1	1	2	1	2	3	3	2	2	0	1	6	6	2	2	1	1	3	0	2	1	2	1	2	1	2	0	4	4	2	3	3	3	3	2	3	1	1	3	2	0	1	4	6	1	1	7	8	4	4	2	4	9	7	6	5	3	8	5	4	3	8	0	4	4	4	7	3	10	27	17	20	16	35	190	0	85	42	44	74	124	90	23	23	11	8	8	6	4	7	5	3	5	1	5	5	8	5	3	6	4	0	10	1	18	49	71	41	54	95	52	45	25	15	26	14	6	6	1	1	7	13	6	8	13	18	18	23	21	4	7	10	12	13	8	4	1	3	3	5	5	5	4	5	13	0
0	0	0	0	0	2	0	1	4	8	9	7	10	17	16	6	5	3	6	3	3	5	2	3	3	0	0	1	1	1	0	3	2	2	0	1	5	2	3	4	4	2	1	1	1	3	1	1	1	1	3	1	2	3	1	1	2	5	3	2	3	5	5	2	4	0	2	1	3	3	4	3	3	5	5	8	4	6	5	7	5	6	3	4	3	7	5	0	1	3	2	3	3	1	10	10	11	13	6	12	43	85	0	88	80	29	28	53	46	25	7	6	5	8	2	3	0	4	3	4	8	6	6	2	3	4	6	5	9	7	9	24	29	23	13	30	27	39	23	7	16	11	5	6	5	0	2	7	5	1	6	14	18	23	14	11	6	8	11	10	9	3	5	4	6	4	7	10	6	4	8	0
0	0	0	0	2	0	0	3	1	4	10	6	9	8	10	6	4	6	4	4	2	3	2	1	3	0	3	2	1	3	0	1	1	1	2	2	2	3	4	2	0	4	1	0	4	2	1	1	2	2	2	1	2	5	2	0	2	4	3	3	2	1	2	3	3	0	1	4	1	1	3	3	2	6	5	3	3	3	5	5	3	3	4	2	3	4	2	1	3	2	3	1	5	4	4	16	8	12	5	18	21	42	88	0	742	74	17	159	261	59	12	5	6	6	2	1	5	3	4	4	3	2	10	6	2	7	7	5	8	5	10	69	23	25	16	24	29	42	46	9	13	10	8	3	4	1	6	11	8	9	22	27	42	26	26	12	16	8	20	19	12	5	7	8	5	8	7	9	6	9	13	0
0	0	0	0	2	2	0	3	6	2	4	5	8	9	12	5	3	7	5	1	4	1	4	1	1	0	1	0	2	1	1	3	1	0	1	3	1	2	4	1	2	2	3	1	0	0	0	0	0	1	1	3	1	4	3	1	0	4	2	1	4	1	1	6	3	2	3	1	2	5	3	4	2	4	3	3	2	2	7	5	4	3	2	1	5	4	5	2	1	2	2	2	2	5	9	17	11	13	8	11	20	44	80	742	0	61	14	86	226	84	13	6	3	10	10	9	8	2	5	5	3	4	10	14	5	5	6	3	8	3	11	42	35	24	13	30	28	48	41	13	20	12	5	2	4	8	3	7	14	9	21	52	50	34	22	17	11	15	16	24	7	7	7	2	4	8	11	14	15	11	17	0
0	0	0	0	1	3	5	6	3	8	16	11	10	11	12	14	10	5	9	4	5	9	2	4	2	3	1	1	2	1	1	2	3	4	1	2	2	3	2	4	2	1	2	3	2	0	2	1	3	2	1	0	1	5	3	2	0	3	4	4	3	3	5	2	4	0	2	2	3	1	3	3	1	5	7	4	7	5	13	11	6	3	10	6	5	7	2	3	0	5	7	3	3	3	5	19	21	21	21	31	55	74	29	74	61	0	44	442	52	36	15	6	8	8	11	6	13	5	6	7	6	5	10	9	4	6	13	10	12	5	47	281	68	51	50	110	119	87	237	36	28	12	7	5	3	1	2	6	11	19	28	45	32	33	49	20	8	12	34	22	10	9	5	4	4	5	15	7	17	9	6	0
0	0	0	0	1	1	6	0	4	7	9	5	8	9	14	12	16	5	7	1	4	7	3	4	4	3	1	1	1	1	3	1	2	3	1	2	0	1	4	0	1	1	1	0	1	1	1	0	3	1	1	1	0	3	3	2	3	5	0	4	3	3	4	2	2	4	0	1	2	3	3	1	2	1	4	4	4	6	6	4	6	9	9	6	6	4	7	5	2	7	4	6	2	5	4	9	11	22	32	44	70	124	28	17	14	44	0	34	22	15	9	2	5	7	4	1	4	2	1	1	2	5	4	6	2	6	9	11	7	5	19	51	222	127	121	64	50	24	24	15	13	12	5	2	2	4	2	4	7	10	10	22	12	13	12	7	5	8	16	15	9	2	5	1	4	3	4	5	5	1	4	0
0	0	0	0	0	1	3	1	6	10	11	5	13	10	10	8	4	5	8	4	2	5	1	3	4	1	4	1	1	0	3	1	1	2	3	1	2	1	2	2	3	4	1	0	4	0	1	0	1	5	2	1	1	0	4	1	1	0	4	3	3	6	5	5	0	5	1	1	2	2	4	3	3	4	6	1	3	7	6	11	7	7	4	8	4	1	3	4	0	3	4	3	5	3	5	7	10	19	12	18	42	90	53	159	86	442	34	0	99	41	11	5	6	7	10	7	2	8	3	6	5	9	5	3	4	8	7	4	5	5	18	242	92	50	48	60	57	49	73	21	20	5	9	2	3	3	4	6	14	11	27	44	33	26	29	16	7	8	28	31	14	7	4	3	6	6	7	15	7	5	9	0
0	0	0	0	2	1	3	3	4	0	2	4	7	7	4	6	4	6	3	4	1	4	1	0	0	1	0	2	0	0	1	2	0	1	0	1	1	0	3	3	4	1	3	1	0	1	1	1	1	1	3	1	2	0	5	1	2	0	1	2	3	3	0	1	0	3	2	0	2	3	2	3	4	1	5	6	2	2	3	3	6	3	0	5	1	3	1	3	0	4	5	2	4	1	4	5	12	6	7	14	16	23	46	261	226	52	22	99	0	86	13	8	5	5	7	1	4	5	4	4	1	3	5	4	4	1	5	9	3	6	10	61	33	16	21	24	23	32	23	13	9	10	11	7	4	5	3	5	9	16	23	40	35	16	21	14	7	7	17	24	16	7	7	6	7	6	11	17	9	6	15	0
0	0	0	0	0	1	2	2	2	1	6	3	9	11	6	5	4	6	4	5	3	8	1	0	1	1	0	1	1	1	0	0	2	1	1	4	0	1	1	2	2	2	2	3	1	0	4	3	2	3	5	1	1	2	2	0	3	3	4	2	3	3	3	2	2	1	4	3	1	2	1	3	1	6	3	2	7	8	1	5	3	6	4	4	3	7	5	6	2	2	3	2	1	3	6	11	10	8	5	8	14	23	25	59	84	36	15	41	86	0	64	13	7	13	14	12	9	6	8	8	8	10	21	3	8	6	7	6	10	2	10	24	16	16	11	9	26	36	44	16	14	16	15	10	6	10	4	4	14	19	42	157	149	30	29	15	21	18	29	33	21	13	6	11	7	17	20	47	31	21	35	0
0	0	0	0	1	3	2	4	5	4	9	9	20	12	10	10	3	2	3	0	1	1	2	4	1	2	1	3	0	0	2	3	1	0	1	3	2	3	2	3	2	3	4	1	1	2	3	1	1	3	3	1	2	3	3	1	4	3	3	1	6	4	5	1	1	2	6	2	2	6	6	12	4	11	8	8	12	8	11	9	6	5	6	4	3	3	8	4	2	2	2	1	4	5	10	7	11	2	6	5	7	11	7	12	13	15	9	11	13	64	0	61	21	28	16	8	20	24	14	9	11	28	23	17	8	5	4	4	11	5	12	8	11	6	6	9	6	31	15	10	14	22	35	27	19	19	17	25	59	22	25	50	79	30	24	36	56	40	18	28	81	21	10	8	16	10	86	94	71	30	27	0
0	0	0	0	1	1	1	3	7	5	7	7	10	7	3	1	0	3	2	4	3	3	3	0	2	2	1	3	3	1	2	0	2	2	1	3	2	2	2	7	2	3	1	0	0	2	2	2	2	4	1	2	3	1	1	3	2	0	2	3	6	4	7	3	4	7	5	3	10	2	8	18	12	14	11	6	13	8	9	8	12	4	6	5	3	6	5	0	2	2	3	3	6	5	10	4	4	5	2	6	7	8	6	5	6	6	2	5	8	13	61	0	78	49	26	12	56	89	25	17	18	32	25	17	6	13	0	2	5	1	7	7	6	4	4	7	9	13	2	4	13	18	28	28	74	47	20	25	32	7	9	14	16	11	14	22	43	23	11	18	37	10	14	12	17	25	135	36	58	26	22	0
0	0	0	0	3	0	3	2	3	9	4	13	8	4	4	9	4	1	3	3	6	2	2	1	1	0	0	1	1	2	0	1	2	1	0	1	0	2	2	2	6	3	2	2	3	1	1	2	1	1	1	1	3	2	1	1	2	3	2	1	7	3	4	3	4	3	4	6	2	6	5	13	7	11	4	3	10	4	3	3	3	3	2	4	5	9	7	2	1	1	6	3	3	1	2	3	3	3	2	2	2	8	5	6	3	8	5	6	5	7	21	78	0	116	43	33	80	50	17	15	12	18	14	19	5	4	5	4	4	7	7	5	2	3	2	3	11	8	3	4	7	8	12	16	32	17	15	18	16	9	8	21	9	8	11	11	40	23	6	15	34	15	8	10	14	23	76	16	43	34	18	0
0	0	0	0	2	1	5	4	8	3	7	4	13	2	3	4	5	6	5	1	0	5	1	3	1	0	1	0	1	1	2	2	5	3	4	1	0	3	2	3	2	2	0	2	1	0	2	1	2	1	0	2	2	1	1	3	0	1	1	1	2	4	7	2	1	2	3	3	2	4	10	7	5	8	5	0	9	8	5	9	7	6	4	2	4	1	1	3	0	2	3	4	1	3	5	6	5	8	6	8	3	6	8	6	10	8	7	7	5	13	28	49	116	0	299	58	57	23	17	11	11	17	30	18	8	9	6	5	7	3	9	3	5	5	5	6	3	9	7	7	9	8	17	5	15	10	6	10	10	28	10	17	16	10	11	13	38	27	13	16	83	25	13	17	17	33	110	26	47	54	33	0
0	0	0	0	0	3	6	5	2	3	5	11	5	6	4	4	2	1	3	2	3	3	2	0	3	0	0	0	0	1	0	0	0	0	1	2	1	2	4	2	7	3	1	0	2	1	0	1	2	2	3	1	2	1	1	2	3	0	4	0	6	3	5	2	2	0	6	3	5	3	4	6	5	5	4	3	5	7	10	2	4	4	1	5	1	4	7	5	4	3	3	0	2	7	2	1	8	5	1	5	6	4	2	2	10	11	4	10	7	14	16	26	43	299	0	94	49	24	8	11	5	18	28	13	17	6	9	8	9	7	7	8	3	7	3	9	4	15	10	12	11	5	15	12	6	9	5	8	14	39	16	18	7	10	10	15	27	39	14	17	69	7	10	11	20	22	51	28	26	33	36	0
0	0	0	0	3	2	3	1	2	10	14	15	17	6	3	9	4	6	2	5	0	4	2	0	1	2	5	0	1	2	0	1	4	3	3	2	1	0	2	3	5	3	2	3	1	2	1	2	0	2	0	0	1	1	2	2	1	1	2	2	3	2	6	2	3	4	3	3	4	5	4	13	7	7	3	8	8	11	8	9	7	4	3	6	4	4	3	2	5	5	4	7	10	4	7	5	5	4	13	3	6	7	3	1	9	6	1	7	1	12	8	12	33	58	94	0	152	20	14	18	18	43	63	20	31	29	10	9	15	10	7	9	7	2	3	8	9	6	11	10	12	5	11	8	9	9	8	13	19	40	16	15	9	4	10	22	50	63	33	17	39	3	9	5	11	6	25	15	17	13	17	0
0	0	0	0	1	1	0	2	2	7	8	12	12	11	1	4	4	5	3	2	1	2	1	4	2	0	1	0	2	1	1	1	3	1	4	2	2	2	3	6	6	3	1	3	2	2	0	3	3	3	0	1	1	3	1	2	0	1	7	4	4	5	8	3	5	2	6	8	6	8	5	11	11	12	13	5	15	18	7	7	6	7	3	7	7	8	6	8	0	3	3	3	8	6	7	9	12	4	4	3	3	5	0	5	8	13	4	2	4	9	20	56	80	57	49	152	0	76	49	33	17	77	87	32	22	20	10	4	10	11	6	3	2	2	7	8	6	6	9	11	8	7	15	9	16	18	12	18	19	15	12	8	6	9	7	19	62	38	12	20	36	7	9	7	7	15	50	20	15	10	18	0
0	0	0	0	1	1	3	4	11	5	12	16	17	13	4	5	4	1	6	7	1	0	1	5	3	0	0	0	0	1	3	0	2	4	2	0	1	2	2	3	13	2	1	4	6	0	4	0	2	2	3	1	2	3	2	2	2	4	1	2	8	11	6	6	3	2	9	4	7	12	10	23	16	21	20	9	34	16	9	6	5	6	3	5	8	10	12	5	5	4	5	4	8	19	6	9	10	2	3	5	3	3	4	3	2	5	2	8	5	6	24	89	50	23	24	20	76	0	218	39	34	85	58	32	16	10	9	7	9	7	8	4	2	3	6	4	4	5	8	6	13	13	64	38	43	48	39	77	60	11	13	18	10	9	16	19	53	35	9	19	22	7	3	4	8	13	42	13	29	14	13	0
0	0	0	0	0	4	5	6	9	9	14	23	24	13	9	5	3	5	2	3	4	2	1	2	4	2	1	1	0	3	0	3	4	4	3	4	2	3	10	14	10	6	4	6	6	3	3	3	5	2	2	1	3	3	4	1	3	3	7	5	8	12	12	5	8	10	11	11	14	17	7	33	21	55	26	16	34	31	15	12	14	7	4	6	7	14	9	7	9	16	9	3	20	18	10	12	10	7	0	3	8	5	3	4	5	6	1	3	4	8	14	25	17	17	8	14	49	218	0	100	92	104	40	61	20	21	6	3	10	12	12	5	3	3	2	3	9	16	10	5	13	15	59	23	35	58	51	146	61	7	6	8	12	13	20	25	36	27	11	20	21	2	3	9	9	7	14	7	7	11	4	0
0	0	0	0	2	4	4	5	13	7	10	20	19	11	8	6	5	3	4	5	4	4	2	3	2	4	0	0	2	1	1	2	5	2	1	1	5	7	4	5	8	9	7	2	1	5	2	3	3	1	0	1	1	4	4	5	4	5	4	5	11	14	22	10	7	9	9	13	5	9	15	27	17	44	14	6	23	34	15	14	10	11	5	11	9	10	8	2	2	6	8	6	26	17	7	12	7	5	5	5	0	1	4	4	5	7	1	6	4	8	9	17	15	11	11	18	33	39	100	0	84	85	28	36	23	16	6	2	4	9	9	4	3	4	3	1	6	8	7	8	11	13	26	16	12	18	28	32	14	10	5	8	8	5	4	15	20	19	2	8	10	2	4	2	3	6	8	5	2	9	4	0
0	0	0	0	1	6	5	5	15	22	39	62	31	14	13	7	5	8	5	6	3	5	3	2	5	1	1	1	1	1	1	1	0	5	4	4	2	3	8	10	8	6	6	4	4	0	2	5	5	4	1	1	4	0	2	3	3	7	9	9	22	21	30	14	11	11	9	13	10	15	15	19	23	54	29	11	89	171	43	23	20	11	6	11	15	21	16	4	9	8	15	14	41	53	17	7	9	6	5	7	11	5	8	3	3	6	2	5	1	8	11	18	12	11	5	18	17	34	92	84	0	102	33	116	36	21	9	14	20	6	17	2	7	0	3	9	10	8	9	12	22	17	17	12	21	11	35	48	30	7	5	6	8	11	14	28	19	29	8	29	14	4	3	2	2	3	7	8	8	3	5	0
0	0	0	0	0	3	4	9	8	15	18	30	32	9	16	4	6	4	0	2	2	5	4	1	2	1	0	0	1	3	3	3	5	2	5	2	3	2	7	6	6	5	6	8	2	2	1	4	3	1	7	0	1	4	8	2	1	4	4	2	9	7	13	11	7	8	11	6	11	5	7	15	14	32	13	17	20	51	18	17	13	6	4	8	17	9	9	4	4	6	7	6	19	25	13	10	11	7	2	7	6	5	6	2	4	5	5	9	3	10	28	32	18	17	18	43	77	85	104	85	102	0	150	106	49	30	11	13	15	14	6	4	2	5	7	8	16	15	7	10	11	19	21	16	19	15	18	36	32	6	4	11	10	12	15	39	38	56	12	14	23	5	9	9	8	7	19	8	10	10	12	0
0	0	0	0	0	0	1	3	7	14	29	17	27	10	8	8	5	6	5	6	0	4	4	2	0	1	1	1	2	0	2	1	2	3	5	1	4	6	5	8	3	4	2	1	2	1	4	2	1	0	4	2	1	5	1	1	2	5	4	9	5	11	9	6	7	7	3	7	5	11	8	12	17	14	16	12	13	30	20	13	8	10	8	18	9	7	7	6	3	6	9	5	11	13	5	14	13	7	8	5	7	8	6	10	10	10	4	5	5	21	23	25	14	30	28	63	87	58	40	28	33	150	0	110	42	31	9	12	20	15	11	11	8	4	8	12	14	14	19	18	28	26	33	8	11	19	16	39	58	16	25	20	14	13	38	79	249	281	36	52	34	6	6	6	11	10	26	19	11	14	18	0
0	0	0	0	6	3	3	6	12	19	56	111	73	21	14	11	11	6	6	7	5	4	2	2	2	2	1	1	0	2	0	2	5	2	2	4	2	1	5	5	4	5	3	3	3	3	3	4	4	4	0	1	3	7	5	2	3	5	4	11	14	13	23	11	10	8	9	0	9	14	4	9	13	20	23	13	33	147	47	31	25	17	12	19	11	19	14	2	5	6	8	6	31	32	23	19	14	10	7	11	7	5	2	6	14	9	6	3	4	3	17	17	19	18	13	20	32	32	61	36	116	106	110	0	50	35	10	25	33	29	31	11	5	6	6	18	14	16	16	23	47	35	22	9	21	17	18	46	39	7	9	17	16	18	23	78	38	59	24	33	15	5	2	4	5	7	10	9	11	10	8	0
0	0	0	0	1	3	2	8	5	4	22	23	18	9	7	13	5	8	13	3	5	5	2	3	1	0	0	1	2	3	2	3	2	3	0	1	4	4	2	2	7	7	5	1	2	1	2	2	2	5	2	0	0	1	2	0	3	1	5	7	8	12	15	14	7	5	5	8	7	4	2	6	6	9	6	10	11	41	12	17	20	11	10	16	17	8	7	9	7	14	12	15	32	16	7	8	7	10	6	6	4	3	3	2	5	4	2	4	4	8	8	6	5	8	17	31	22	16	20	23	36	49	42	50	0	183	39	22	50	29	10	7	4	4	6	11	10	13	10	25	18	10	16	9	6	9	4	15	12	12	2	9	2	8	13	23	25	35	24	21	10	3	5	3	3	5	12	6	10	8	6	0
0	0	0	0	1	8	8	3	7	8	37	24	23	5	9	10	11	6	9	9	7	4	3	2	2	0	2	1	1	1	1	1	5	4	3	3	2	2	3	4	2	4	4	1	3	0	0	1	1	1	2	4	2	0	3	1	6	0	3	4	8	11	8	9	6	4	7	3	3	2	5	6	10	7	10	8	12	40	26	22	23	15	8	21	17	8	4	1	5	11	14	12	19	16	6	9	12	17	21	6	12	6	4	7	5	6	6	8	1	6	5	13	4	9	6	29	20	10	21	16	21	30	31	35	183	0	89	45	120	46	33	8	9	8	13	11	14	10	13	33	18	13	9	2	4	3	8	12	14	26	18	13	11	12	13	24	22	25	25	16	14	4	7	3	5	5	8	6	3	6	8	0
0	0	0	0	3	2	3	2	1	3	22	7	7	11	10	14	14	3	3	7	8	8	6	5	0	1	1	2	2	1	3	4	4	4	3	1	4	5	2	3	3	3	1	2	0	0	0	4	2	3	0	0	2	1	3	1	2	2	2	2	5	6	2	6	8	3	2	2	6	0	1	4	3	3	3	4	9	11	11	13	30	6	16	20	12	10	7	9	4	5	11	7	13	5	8	7	16	38	25	16	8	4	6	7	6	13	9	7	5	7	4	0	5	6	9	10	10	9	6	6	9	11	9	10	39	89	0	67	70	32	34	10	9	9	9	5	13	9	14	39	16	5	3	4	4	2	3	6	6	14	11	5	3	4	14	9	11	16	25	13	7	6	1	4	0	5	4	2	2	8	4	0
0	0	0	0	5	2	3	3	2	13	36	20	19	13	19	40	37	10	21	12	11	8	3	2	1	1	3	0	1	1	2	3	9	1	1	3	1	4	5	3	5	2	2	1	3	1	2	0	2	5	0	0	2	2	5	2	3	3	4	7	4	8	1	6	5	2	5	3	5	6	1	5	3	7	7	6	5	18	24	31	43	26	21	29	13	6	10	14	6	15	14	9	6	6	12	18	45	91	45	38	12	0	5	5	3	10	11	4	9	6	4	2	4	5	8	9	4	7	3	2	14	13	12	25	22	45	67	0	164	58	65	10	11	19	20	18	18	13	14	61	32	15	7	6	4	3	6	7	9	7	9	15	11	13	17	12	13	21	19	23	4	4	3	1	7	1	8	5	8	0	5	0
0	0	0	0	2	3	4	3	8	17	88	24	31	10	16	27	23	23	6	12	4	8	3	5	3	1	1	2	1	4	2	1	2	1	2	3	2	4	1	6	4	3	4	3	2	1	3	1	3	2	2	3	1	0	5	2	3	3	9	11	8	14	8	9	7	1	3	2	5	1	3	7	4	8	11	11	13	37	43	47	55	27	23	35	25	11	13	1	9	3	12	15	17	13	13	13	56	49	22	12	15	10	9	8	8	12	7	5	3	10	11	5	4	7	9	15	10	9	10	4	20	15	20	33	50	120	70	164	0	62	74	6	9	6	13	35	16	10	19	58	43	17	10	5	4	10	4	15	8	9	10	14	11	10	15	38	19	25	30	28	6	3	0	3	4	0	7	5	8	4	6	0
0	0	0	0	3	3	4	3	14	15	32	26	16	11	11	25	26	12	21	14	4	9	4	1	3	3	3	0	1	0	4	7	4	9	6	8	3	2	5	1	5	0	0	3	1	2	2	2	4	7	0	2	1	6	4	1	4	3	4	14	6	15	15	11	10	11	1	6	2	4	4	3	5	5	17	5	15	27	38	42	276	42	42	77	90	24	29	10	20	10	40	41	45	14	11	16	28	19	14	7	4	1	7	5	3	5	5	5	6	2	5	1	7	3	7	10	11	7	12	9	6	14	15	29	29	46	32	58	62	0	18	8	8	3	9	7	16	6	13	20	16	9	6	6	3	5	4	14	4	8	3	4	8	11	9	9	9	17	11	11	5	5	1	3	4	3	5	3	4	1	4	0
0	0	0	0	1	1	3	7	3	17	46	19	27	19	29	20	17	8	12	9	8	7	5	1	3	1	3	0	2	1	1	3	5	2	2	1	2	3	2	4	2	4	3	3	1	0	2	2	4	2	2	2	0	0	4	2	1	1	3	6	3	4	9	3	4	2	3	5	4	7	2	2	6	6	9	7	9	18	23	28	10	10	16	11	10	9	12	11	6	7	11	7	8	11	11	20	64	108	58	40	35	18	9	10	11	47	19	18	10	10	12	7	7	9	7	7	6	8	12	9	17	6	11	31	10	33	34	65	74	18	0	28	21	19	31	61	75	30	71	406	160	10	9	3	3	7	9	14	11	10	14	23	19	25	32	38	20	22	64	40	10	3	6	3	9	4	10	7	2	8	3	0
0	0	0	0	1	1	0	3	7	2	10	9	5	8	11	8	4	2	6	2	1	3	1	1	0	2	1	2	0	1	1	3	1	0	1	0	1	2	1	1	3	1	5	2	2	1	1	3	1	3	0	1	1	0	0	1	3	2	2	1	5	3	3	2	2	0	1	0	2	2	1	1	3	3	4	1	4	6	4	3	4	4	5	5	6	4	4	1	2	4	2	1	2	4	5	6	18	20	14	11	37	49	24	69	42	281	51	242	61	24	8	7	5	3	8	9	3	4	5	4	2	4	11	11	7	8	10	10	6	8	28	0	89	77	44	50	61	34	80	30	18	6	10	4	3	9	2	6	9	14	27	40	20	20	26	20	14	15	24	19	8	10	1	3	7	6	8	17	9	8	12	0
0	0	0	0	1	0	1	2	4	6	6	6	3	8	14	11	5	4	6	5	1	3	3	6	2	0	0	0	1	1	2	3	2	1	1	1	1	1	3	3	2	3	1	1	0	2	3	1	5	2	1	2	1	1	2	2	0	6	3	3	2	4	2	2	1	2	2	3	1	1	3	2	2	3	3	2	3	4	2	6	3	8	7	3	4	3	3	4	0	0	3	3	3	2	6	10	10	13	19	29	40	71	29	23	35	68	222	92	33	16	11	6	2	5	3	7	2	2	3	3	7	2	8	5	4	9	9	11	9	8	21	89	0	303	67	38	30	15	26	9	14	9	8	4	1	1	2	6	5	5	23	13	10	11	13	3	6	8	23	14	6	3	4	8	2	4	4	8	5	5	2	0
0	0	0	0	1	1	0	2	6	6	6	6	4	2	12	7	6	7	6	3	3	3	1	1	1	1	0	3	1	1	1	2	0	4	0	0	4	2	1	1	1	0	0	2	0	1	2	1	2	1	1	3	1	4	0	1	0	2	2	2	3	2	5	4	5	0	0	5	2	0	5	1	3	4	4	3	3	7	7	7	6	8	7	5	2	3	2	1	4	1	2	0	6	4	5	16	16	28	37	55	40	41	23	25	24	51	127	50	16	16	6	4	3	5	7	2	2	3	3	4	0	5	4	6	4	8	9	19	6	3	19	77	303	0	123	52	32	8	27	29	12	6	1	1	0	3	2	3	12	5	13	19	16	4	15	11	5	7	12	11	7	3	5	2	0	4	3	2	5	1	7	0
0	0	0	0	0	3	1	7	6	9	16	8	6	8	13	23	10	14	9	7	1	9	4	3	5	3	1	2	1	1	1	5	6	4	1	1	1	0	1	3	1	3	2	3	0	1	2	0	0	0	1	1	2	2	1	3	4	3	2	4	3	2	3	4	1	4	2	1	3	3	3	3	4	2	6	5	4	8	15	15	7	8	7	8	4	5	5	3	6	5	5	4	7	4	5	12	31	78	93	255	63	54	13	16	13	50	121	48	21	11	6	4	2	5	3	3	7	6	2	3	3	7	8	6	6	13	9	20	13	9	31	44	67	123	0	100	72	21	38	30	19	8	12	4	5	7	4	4	8	8	11	11	9	12	12	16	5	7	13	20	7	5	0	1	1	5	4	5	3	3	4	0
0	0	0	0	2	1	1	6	3	12	16	13	16	21	36	12	17	19	13	4	7	3	3	2	1	1	0	2	3	1	3	4	4	3	3	2	1	3	3	1	4	3	1	1	2	2	2	0	1	2	4	2	2	1	2	3	4	7	3	4	6	6	7	8	3	1	1	1	4	1	2	6	2	4	9	8	8	11	16	17	10	7	10	6	6	7	9	4	9	4	4	3	3	7	12	39	53	46	26	88	240	95	30	24	30	110	64	60	24	9	9	7	3	6	9	8	8	4	3	1	9	8	12	18	11	11	5	18	35	7	61	50	38	52	100	0	943	67	99	45	44	23	6	10	2	3	4	7	10	9	16	25	26	33	40	25	6	13	26	25	5	3	4	1	5	3	3	7	4	6	10	0
0	0	0	0	2	2	2	3	6	13	21	14	25	33	43	17	13	13	9	8	5	2	3	2	2	3	1	1	2	3	4	1	3	5	2	2	2	3	2	2	4	2	3	2	0	2	3	2	3	4	5	1	1	1	0	2	3	5	2	2	4	9	4	2	3	3	5	5	1	2	3	5	3	6	11	9	11	13	18	12	7	10	7	6	7	7	6	1	3	8	4	7	6	6	5	32	56	53	25	53	117	52	27	29	28	119	50	57	23	26	6	9	11	3	4	9	6	4	9	6	10	16	14	14	10	14	13	18	16	16	75	61	30	32	72	943	0	113	173	61	64	28	12	6	4	5	10	8	14	9	18	34	29	37	61	21	10	15	32	39	12	1	7	5	4	8	9	9	7	3	9	0
0	0	0	0	2	2	1	5	6	6	14	16	24	52	22	15	6	5	8	5	4	7	4	1	2	0	1	1	1	2	0	4	3	4	5	2	0	6	3	4	3	1	3	1	4	2	1	1	4	3	3	1	2	3	3	3	2	2	8	4	5	6	10	5	5	3	8	1	0	0	4	5	11	10	9	11	9	21	12	17	8	10	8	11	5	7	3	5	2	1	2	3	3	8	15	29	22	19	12	25	53	45	39	42	48	87	24	49	32	36	31	13	8	9	15	6	6	5	16	8	8	15	14	16	13	10	9	13	10	6	30	34	15	8	21	67	113	0	128	26	66	38	19	11	8	6	9	16	37	14	11	60	76	214	299	50	17	25	40	45	16	11	8	6	6	12	21	11	11	8	16	0
0	0	0	0	1	2	0	2	6	12	13	14	25	26	16	13	7	9	9	3	3	3	4	2	2	2	0	1	1	3	3	4	3	1	2	3	2	5	2	2	1	3	2	2	3	0	2	3	0	2	3	2	1	3	1	2	1	2	1	5	2	5	3	1	3	0	5	4	5	2	3	3	3	7	9	6	11	7	18	9	10	6	11	4	9	6	7	3	2	5	5	5	6	5	11	24	36	29	16	17	40	25	23	46	41	237	24	73	23	44	15	2	3	7	10	11	9	8	10	7	9	7	19	16	10	13	14	14	19	13	71	80	26	27	38	99	173	128	0	69	58	32	15	10	4	8	5	9	19	17	24	96	36	44	84	37	13	27	131	80	11	9	4	9	4	3	14	16	8	3	10	0
0	0	0	0	1	2	6	5	4	13	23	18	21	7	21	14	12	11	6	4	7	5	0	3	1	0	2	1	1	2	1	3	0	1	2	2	3	3	4	2	1	1	4	0	1	4	1	1	4	2	0	1	2	2	2	2	1	1	2	3	3	6	2	2	8	4	3	4	3	3	3	0	3	4	4	7	7	12	23	13	13	10	11	9	5	11	1	6	3	5	5	2	6	5	11	28	43	55	38	22	31	15	7	9	13	36	15	21	13	16	10	4	4	7	12	10	11	6	5	8	12	10	18	23	25	33	39	61	58	20	406	30	9	29	30	45	61	26	69	0	72	12	10	6	7	2	4	14	18	24	22	29	11	18	39	58	11	22	105	72	14	5	2	3	2	7	8	6	5	8	14	0
0	0	0	0	4	4	3	2	8	27	69	44	108	51	34	24	7	15	10	9	5	8	2	3	4	4	0	2	2	2	4	7	3	4	2	2	4	3	6	3	3	5	3	2	3	4	1	2	8	2	2	2	3	2	2	1	4	4	6	5	6	9	5	6	10	4	3	6	4	3	7	3	6	7	9	15	9	19	39	17	23	17	11	17	13	12	12	2	7	10	10	4	6	15	13	35	82	45	26	30	37	26	16	13	20	28	13	20	9	14	14	13	7	9	11	12	8	13	13	11	22	11	28	47	18	18	16	32	43	16	160	18	14	12	19	44	64	66	58	72	0	43	20	10	7	14	15	22	21	16	15	35	24	48	110	111	26	40	62	59	15	1	2	4	3	12	12	7	9	6	7	0
0	0	0	0	3	3	5	11	17	23	33	40	160	257	31	16	5	15	13	7	5	4	4	3	1	2	3	6	4	1	1	4	2	3	2	3	1	7	7	5	3	2	4	1	3	3	1	1	5	3	3	4	9	4	4	5	5	6	10	11	16	15	8	8	4	5	7	3	6	9	8	10	12	14	41	26	31	28	36	29	14	15	12	12	8	15	15	7	5	10	5	9	13	21	45	56	36	8	8	11	12	14	11	10	12	12	12	5	10	16	22	18	8	8	5	5	7	13	15	13	17	19	26	35	10	13	5	15	17	9	10	6	9	6	8	23	28	38	32	12	43	0	73	17	12	16	22	64	95	9	10	15	18	92	87	44	25	14	17	24	17	5	4	3	2	7	9	6	14	5	7	0
0	0	0	0	4	4	6	8	11	9	14	23	32	30	14	5	5	7	4	3	2	3	2	3	1	0	5	1	1	1	1	1	4	2	3	3	1	11	7	11	9	5	7	5	2	0	8	3	4	3	2	2	2	7	1	2	1	4	6	6	7	9	9	3	4	6	5	5	9	20	10	17	17	37	38	24	21	15	12	13	2	7	5	8	8	9	6	7	2	8	6	5	13	16	22	11	8	4	9	7	5	6	5	8	5	7	5	9	11	15	35	28	12	17	15	11	15	64	59	26	17	21	33	22	16	9	3	7	10	6	9	10	8	1	12	6	12	19	15	10	20	73	0	68	39	74	60	234	392	3	6	13	24	32	30	33	29	21	10	21	21	7	3	10	8	12	23	13	16	12	12	0
0	0	0	0	1	1	3	10	7	4	8	8	15	15	9	1	1	3	4	4	1	4	3	3	1	2	1	2	0	2	3	0	2	3	2	4	3	5	6	7	8	9	4	5	0	2	1	3	5	2	1	3	5	7	1	2	6	2	5	1	5	7	10	5	1	7	7	3	19	14	16	16	24	19	22	8	15	6	5	4	2	4	2	3	3	2	2	5	3	2	4	4	2	5	7	4	3	3	1	6	5	6	6	3	2	5	2	2	7	10	27	28	16	5	12	8	9	38	23	16	12	16	8	9	9	2	4	6	5	6	3	4	4	1	4	10	6	11	10	6	10	17	68	0	113	185	47	36	43	10	5	9	13	17	10	10	15	8	11	10	9	6	8	8	6	12	26	13	7	16	8	0
0	0	0	0	0	3	1	5	5	4	8	18	7	8	5	3	2	3	3	5	1	4	1	1	0	4	1	1	1	4	1	3	2	2	1	7	5	3	2	4	3	1	2	3	4	2	1	1	6	3	1	3	4	4	3	1	0	1	2	7	5	5	5	2	3	9	7	5	7	11	11	33	18	18	7	10	11	8	7	8	6	4	3	4	3	7	4	1	1	3	5	0	5	5	13	8	4	5	2	2	2	1	5	4	4	3	2	3	4	6	19	74	32	15	6	9	16	43	35	12	21	19	11	21	6	4	4	4	4	3	3	3	1	0	5	2	4	8	4	7	7	12	39	113	0	158	30	24	32	7	6	10	16	8	8	13	16	11	6	9	12	8	8	8	10	15	34	7	18	14	12	0
0	0	0	0	2	2	3	5	6	4	3	15	17	10	10	6	1	10	2	2	2	10	2	1	0	4	4	0	0	1	3	1	4	1	3	4	2	2	9	7	9	5	8	5	2	4	6	4	8	5	1	1	4	5	5	6	0	6	2	7	4	5	12	6	5	5	3	4	5	16	15	52	54	30	29	10	12	13	7	6	3	3	3	2	8	11	9	1	1	5	7	2	5	15	10	8	3	4	4	5	8	1	0	1	8	1	4	3	5	10	19	47	17	10	9	9	18	48	58	18	11	15	19	17	9	3	2	3	10	5	7	9	1	3	7	3	5	6	8	2	14	16	74	185	158	0	79	61	57	3	4	8	17	13	12	12	12	15	5	10	12	4	6	6	4	8	15	7	13	12	1	0
0	0	0	0	3	6	7	9	20	8	11	25	26	18	8	6	2	3	3	5	5	5	7	5	1	3	2	3	2	2	0	1	3	4	5	4	3	9	4	17	20	8	15	8	3	1	5	5	4	2	4	0	5	3	9	5	6	6	6	17	14	12	23	5	7	7	13	19	13	35	40	43	72	215	77	44	54	15	15	14	9	9	12	3	10	12	11	7	8	8	4	8	13	24	28	11	4	5	4	4	9	7	2	6	3	2	2	4	3	4	17	20	15	6	5	8	12	39	51	28	35	18	16	18	4	8	3	6	4	4	9	2	2	2	4	4	10	9	5	4	15	22	60	47	30	79	0	123	32	7	3	7	9	1	10	6	12	9	10	10	6	8	2	2	7	5	8	5	6	5	3	0
0	0	0	0	5	6	12	12	13	15	29	48	47	26	11	9	10	5	6	3	2	4	5	2	3	3	0	4	0	2	3	6	3	3	0	6	4	2	9	4	9	3	4	4	4	3	4	4	1	5	4	3	6	4	7	1	2	7	3	4	7	15	14	5	5	5	9	11	11	25	10	19	16	51	48	37	55	40	24	13	9	10	11	4	12	10	12	6	7	8	7	12	17	29	25	15	10	3	4	6	13	13	7	11	7	6	4	6	5	4	25	25	18	10	8	13	18	77	146	32	48	36	39	46	15	12	6	7	15	14	14	6	6	3	4	7	8	16	9	14	22	64	234	36	24	61	123	0	202	8	9	16	25	19	25	46	40	22	19	12	14	6	4	3	4	6	23	12	16	9	13	0
0	0	0	0	2	5	5	3	15	18	26	35	52	35	12	10	8	1	10	7	2	4	3	3	1	2	1	0	0	1	2	2	0	2	3	1	4	6	7	3	5	6	2	4	3	1	3	4	3	0	3	7	1	5	1	4	4	3	7	3	15	12	6	4	7	3	6	3	9	12	12	14	9	17	30	15	31	22	13	12	11	12	5	10	12	11	7	3	5	7	6	5	12	16	26	13	15	5	7	11	9	6	5	8	14	11	7	14	9	14	59	32	16	10	14	19	19	60	61	14	30	32	58	39	12	14	6	9	8	4	11	9	5	12	8	10	14	37	19	18	21	95	392	43	32	57	32	202	0	9	8	21	30	44	40	77	54	29	20	34	25	10	3	1	8	10	24	13	16	6	16	0
0	0	0	0	0	1	2	1	4	8	7	12	6	8	4	5	2	7	3	1	7	4	4	1	1	1	2	5	0	0	1	1	3	3	0	4	1	3	4	0	3	0	0	1	2	2	0	1	0	2	0	0	3	0	1	2	3	3	4	4	2	2	4	2	3	2	3	1	1	2	0	4	3	0	4	3	8	10	8	6	7	0	6	5	1	5	3	5	2	4	2	3	7	6	6	6	6	11	4	5	10	8	1	9	9	19	10	11	16	19	22	7	9	28	39	40	15	11	7	10	7	6	16	7	12	26	14	7	9	8	10	14	5	5	8	9	9	14	17	24	16	9	3	10	7	3	7	8	9	0	90	41	20	9	14	18	23	38	51	58	62	16	8	8	7	11	19	22	15	18	32	0
0	0	0	0	0	2	1	2	2	5	9	9	9	7	4	6	2	4	7	1	0	2	2	1	2	1	4	2	0	1	0	1	0	1	0	1	1	1	2	1	2	2	1	0	1	1	0	2	2	5	2	0	1	1	1	2	0	0	3	1	4	2	3	1	4	1	5	3	4	1	1	7	0	3	3	5	3	4	3	10	3	10	2	3	4	1	1	3	0	0	4	3	4	2	2	4	10	7	10	10	10	13	6	22	21	28	10	27	23	42	25	9	8	10	16	16	12	13	6	5	5	4	25	9	2	18	11	9	10	3	14	27	23	13	11	16	18	11	24	22	15	10	6	5	6	4	3	9	8	90	0	57	25	13	13	18	16	21	52	39	27	11	11	9	5	7	20	24	14	17	37	0
0	0	0	0	0	1	4	5	5	4	11	13	16	16	12	9	8	5	6	4	2	1	3	1	0	0	0	3	0	2	1	3	1	4	2	3	1	3	3	4	5	2	2	2	2	0	4	1	2	3	2	0	0	1	2	3	6	2	2	2	4	4	1	0	3	2	3	3	4	4	11	4	1	8	4	6	9	11	3	7	6	3	3	9	3	8	4	1	6	5	6	5	10	8	6	8	17	14	8	17	20	18	14	27	52	45	22	44	40	157	50	14	21	17	18	15	8	18	8	8	6	11	20	17	9	13	5	15	14	4	23	40	13	19	11	25	34	60	96	29	35	15	13	9	10	8	7	16	21	41	57	0	134	45	60	46	42	24	104	122	61	12	6	9	7	5	21	36	16	20	32	0
0	0	0	0	0	2	2	2	7	7	14	8	24	21	4	6	3	4	5	2	3	2	5	2	3	3	0	2	1	1	0	0	1	3	2	0	2	1	7	3	4	1	8	1	4	0	1	5	2	1	0	1	1	6	3	1	3	4	3	2	5	6	6	3	1	4	2	1	4	3	6	5	5	4	9	5	8	13	5	9	8	4	2	3	5	5	4	1	2	3	3	2	7	6	9	5	10	11	8	11	17	18	18	42	50	32	12	33	35	149	79	16	9	16	7	9	6	10	12	8	8	10	14	16	2	11	3	11	11	8	19	20	10	16	9	26	29	76	36	11	24	18	24	13	16	17	9	25	30	20	25	134	0	94	84	30	23	16	32	44	41	7	11	3	7	9	25	28	24	19	20	0
0	0	0	0	3	5	2	2	11	11	16	17	35	69	23	11	4	8	6	11	0	6	6	1	2	1	1	5	1	0	4	3	3	3	2	5	3	3	2	4	5	4	1	2	0	2	3	0	1	3	2	1	0	4	8	2	3	1	7	10	9	8	8	6	4	3	4	2	8	3	3	8	5	11	15	13	9	11	18	12	13	7	3	5	8	9	6	6	2	2	3	2	8	3	15	31	21	15	9	11	24	23	23	26	34	33	13	26	16	30	30	11	8	10	10	4	9	9	13	5	11	12	13	18	8	12	4	13	10	11	25	20	11	4	12	33	37	214	44	18	48	92	32	17	8	13	1	19	44	9	13	45	94	0	258	52	19	16	34	33	18	14	7	3	5	10	14	10	13	4	6	0
0	0	0	0	0	1	6	3	13	11	30	32	64	49	26	13	9	15	2	6	8	10	2	4	3	5	2	4	1	0	2	2	3	3	4	1	0	0	7	6	4	2	2	3	1	2	3	5	5	3	2	0	0	1	2	2	4	1	6	6	7	7	9	5	8	2	7	2	3	1	5	6	7	13	12	15	13	17	12	16	9	5	5	16	9	11	11	9	7	8	4	5	12	8	31	32	36	20	12	18	24	21	14	26	22	49	12	29	21	29	24	14	11	11	10	10	7	16	20	4	14	15	38	23	13	13	14	17	15	9	32	26	13	15	12	40	61	299	84	39	110	87	30	10	8	12	10	25	40	14	13	60	84	258	0	82	29	32	59	79	24	7	7	3	10	5	16	15	12	7	14	0
0	0	0	0	1	2	1	3	11	14	34	30	97	32	19	23	10	8	6	3	5	4	2	4	1	2	3	2	0	1	1	1	3	5	4	4	0	5	4	3	3	4	5	0	2	0	3	3	3	1	0	1	4	2	3	2	2	2	3	7	7	9	4	9	5	5	7	6	3	2	11	13	10	15	14	12	13	38	31	18	11	9	7	6	6	4	9	5	8	5	9	10	14	11	22	31	26	23	7	13	13	4	11	12	17	20	7	16	14	15	36	22	11	13	15	22	19	19	25	15	28	39	79	78	23	24	9	12	38	9	38	20	3	11	16	25	21	50	37	58	111	44	33	10	13	12	6	46	77	18	18	46	30	52	82	0	91	98	80	148	36	6	7	11	9	6	19	12	9	12	14	0
0	0	0	0	2	4	3	4	5	7	11	24	28	12	5	8	3	2	3	3	2	3	6	1	1	2	1	1	1	0	1	2	4	3	2	3	0	3	3	5	4	1	5	3	1	4	0	6	1	1	1	0	3	3	4	3	1	2	2	7	6	6	8	3	3	5	1	4	4	4	4	5	11	10	7	8	13	23	7	7	9	12	8	8	16	6	3	2	3	3	3	4	8	6	9	12	9	8	6	2	8	7	6	16	11	8	5	7	7	21	56	43	40	38	27	50	62	53	36	20	19	38	249	38	25	22	11	13	19	9	20	14	6	5	5	6	10	17	13	11	26	25	29	15	16	12	12	40	54	23	16	42	23	19	29	91	0	266	50	65	112	9	4	7	6	11	65	31	19	18	17	0
0	0	0	0	3	5	2	2	5	6	22	18	33	15	9	6	5	3	1	2	3	3	4	0	5	1	0	0	1	0	2	2	3	2	6	1	3	0	7	1	5	3	3	3	3	1	2	2	1	4	3	2	3	2	3	3	1	2	0	3	2	10	4	7	0	3	6	7	2	4	5	5	9	7	13	7	16	22	21	10	9	8	4	9	8	8	7	3	6	5	7	10	5	8	10	10	10	8	15	7	8	10	8	8	15	12	8	8	7	18	40	23	23	27	39	63	38	35	27	19	29	56	281	59	35	25	16	21	25	17	22	15	8	7	7	13	15	25	27	22	40	14	21	8	11	15	9	22	29	38	21	24	16	16	32	98	266	0	88	126	72	9	6	9	5	12	37	22	17	15	22	0
0	0	0	0	0	4	4	4	4	3	17	16	22	17	13	10	4	7	5	6	4	3	4	1	4	0	3	0	2	1	2	3	3	2	2	2	3	2	1	1	3	2	1	0	2	2	1	0	3	3	1	4	2	3	1	0	0	4	0	3	6	9	5	4	8	0	1	5	4	5	3	4	4	4	6	3	12	16	9	13	12	8	7	7	6	4	6	1	4	8	4	1	8	8	13	14	23	20	10	13	21	12	11	20	16	34	16	28	17	29	18	11	6	13	14	33	12	9	11	2	8	12	36	24	24	25	25	19	30	11	64	24	23	12	13	26	32	40	131	105	62	17	10	11	6	5	10	19	20	51	52	104	32	34	59	80	50	88	0	578	53	4	6	5	6	10	11	19	14	12	20	0
0	0	0	0	2	1	3	5	5	7	22	18	26	23	11	8	8	9	3	4	1	2	4	1	0	3	1	1	1	2	1	0	3	2	1	1	3	1	1	2	4	0	2	5	1	1	1	2	0	0	1	1	0	2	0	0	1	4	2	2	5	6	9	3	2	5	3	1	3	3	4	6	6	7	6	3	15	19	10	6	8	10	4	11	9	7	3	4	4	2	5	5	8	10	11	10	18	15	11	8	18	13	10	19	24	22	15	31	24	33	28	18	15	16	17	17	20	19	20	8	29	14	52	33	21	16	13	23	28	11	40	19	14	11	20	25	39	45	80	72	59	24	21	10	9	10	10	12	34	58	39	122	44	33	79	148	65	126	578	0	61	12	8	5	11	13	18	21	22	20	18	0
0	0	0	0	1	1	0	1	3	6	11	12	9	10	6	4	7	3	3	2	0	3	0	1	2	0	0	1	3	0	1	2	1	1	1	2	4	1	3	2	5	2	1	2	3	1	0	1	1	4	0	3	2	2	2	2	3	1	2	1	3	3	4	3	0	4	3	0	1	4	2	7	1	7	4	7	6	17	8	3	4	2	2	7	6	5	2	5	6	3	8	2	6	6	1	7	7	0	6	8	5	8	9	12	7	10	9	14	16	21	81	37	34	83	69	39	36	22	21	10	14	23	34	15	10	14	7	4	6	5	10	8	6	7	7	5	12	16	11	14	15	17	21	9	12	12	6	14	25	62	27	61	41	18	24	36	112	72	53	61	0	23	11	15	14	30	123	82	63	54	82	0
0	0	0	0	0	0	1	2	4	1	6	5	8	6	4	4	2	0	2	3	2	1	0	0	2	0	0	0	0	0	1	0	0	0	1	0	2	2	1	1	0	1	1	0	1	0	1	3	0	1	0	0	0	0	0	0	1	1	1	1	3	3	1	1	1	3	3	0	3	2	2	1	2	1	3	2	2	5	4	4	1	4	1	7	1	0	4	1	1	2	1	1	1	3	8	5	3	5	5	1	7	4	3	5	7	9	2	7	7	13	21	10	15	25	7	3	7	7	2	2	4	5	6	5	3	4	6	4	3	5	3	10	3	3	5	3	1	11	9	5	1	5	7	6	8	4	8	6	10	16	11	12	7	14	7	6	9	9	4	12	23	0	95	68	236	76	28	56	47	70	75	0
0	0	0	0	1	2	1	1	3	4	6	5	1	4	3	4	3	2	2	3	1	1	1	1	0	2	2	0	1	1	0	0	0	1	1	1	0	2	1	4	4	0	1	3	2	1	2	0	1	6	1	1	2	1	0	2	0	1	0	1	1	4	4	1	1	1	2	1	3	2	3	2	6	1	3	3	3	2	3	1	3	2	3	4	1	3	4	0	2	2	2	0	1	2	2	3	3	1	0	2	1	1	5	7	7	5	5	4	7	6	10	14	8	13	10	9	9	3	3	4	3	9	6	2	5	7	1	3	0	1	6	1	4	5	0	4	7	8	4	2	2	4	3	8	8	6	2	4	3	8	11	6	11	7	7	7	4	6	6	8	11	95	0	1912	342	41	18	27	33	81	30	0
0	0	0	0	0	0	3	1	2	7	0	5	3	2	7	7	1	1	0	0	2	1	0	1	1	0	1	1	0	0	0	0	1	1	0	0	2	1	0	1	1	1	1	0	0	0	1	1	0	3	0	2	0	2	2	1	0	0	1	3	2	2	1	2	2	1	1	3	0	3	0	0	2	3	3	3	1	2	0	1	2	5	2	2	2	0	2	2	1	2	2	2	1	2	2	2	3	3	4	3	1	3	4	8	2	4	1	3	6	11	8	12	10	17	11	5	7	4	9	2	2	9	6	4	3	3	4	1	3	3	3	3	8	2	1	1	5	6	9	3	4	3	10	8	8	6	2	3	1	8	9	9	3	3	3	11	7	9	5	5	15	68	1912	0	259	39	9	21	31	55	22	0
0	0	0	0	2	1	0	3	5	2	4	2	5	7	3	3	1	0	3	2	0	0	2	2	1	1	0	0	1	1	1	2	1	1	2	0	5	0	0	3	4	1	0	2	1	2	1	1	3	2	1	2	1	2	0	0	1	1	2	1	2	2	2	2	3	0	2	2	2	5	1	3	3	4	4	2	2	6	5	1	3	3	3	0	2	3	3	2	2	2	1	1	3	3	1	3	0	3	2	2	5	3	6	5	4	4	4	6	7	7	16	17	14	17	20	11	7	8	9	3	2	8	11	5	3	5	0	7	4	4	9	7	2	0	1	5	4	6	4	2	3	2	8	6	10	4	7	4	8	7	5	7	7	5	10	9	6	5	6	11	14	236	342	259	0	76	28	32	47	69	28	0
0	0	0	0	1	1	0	2	2	4	9	6	3	6	2	2	2	3	4	2	1	0	0	1	0	1	0	1	5	1	0	1	2	1	3	1	0	1	1	2	3	3	0	1	2	3	4	0	2	2	0	2	3	0	0	1	1	1	2	1	1	2	4	4	3	2	4	2	4	3	9	6	5	2	6	0	3	5	2	2	4	0	0	3	5	4	5	4	2	2	3	1	7	1	4	8	2	4	2	1	7	5	4	8	8	5	3	6	6	17	10	25	23	33	22	6	15	13	7	6	3	7	10	7	5	5	5	1	0	3	4	6	4	4	5	3	8	12	3	7	12	7	12	12	15	8	5	6	10	11	7	5	9	10	5	6	11	12	10	13	30	76	41	39	76	0	25	65	98	101	33	0
0	0	0	0	2	2	2	3	1	8	7	7	9	5	2	4	0	6	3	7	0	2	1	3	0	3	0	0	1	0	1	5	1	2	2	2	1	2	1	5	3	2	1	2	2	1	1	0	2	1	2	1	0	1	3	0	0	0	3	2	6	3	5	1	3	2	1	2	5	3	5	7	5	5	12	9	14	7	8	5	6	2	1	5	5	4	0	2	2	0	2	5	4	6	5	7	4	3	1	2	7	5	7	7	11	15	4	7	11	20	86	135	76	110	51	25	50	42	14	8	7	19	26	10	12	8	4	8	7	5	10	8	4	3	4	3	9	21	14	8	12	9	23	26	34	15	8	23	24	19	20	21	25	14	16	19	65	37	11	18	123	28	18	9	28	25	0	80	152	78	46	0
0	0	0	0	0	3	2	1	5	7	5	9	6	3	8	1	4	2	2	1	3	3	1	5	1	2	0	1	0	0	0	1	0	0	1	1	2	2	1	0	1	1	1	1	0	1	3	2	2	2	2	2	2	1	0	1	0	2	1	1	3	2	0	3	2	2	9	2	3	0	1	7	6	5	3	4	9	1	6	2	3	4	3	3	2	3	8	2	2	3	3	2	6	3	4	7	9	2	8	4	6	5	10	9	14	7	5	15	17	47	94	36	16	26	28	15	20	13	7	5	8	8	19	9	6	6	2	5	5	3	7	17	8	2	5	7	9	11	16	6	7	6	13	13	7	7	5	12	13	22	24	36	28	10	15	12	31	22	19	21	82	56	27	21	32	65	80	0	324	98	163	0
0	0	0	0	3	1	1	4	3	5	7	7	10	4	5	4	4	5	4	3	2	1	3	1	0	3	1	0	0	0	1	1	0	2	2	0	1	0	2	3	3	3	2	4	1	1	3	1	3	5	1	1	0	2	1	1	0	0	1	0	3	2	3	1	2	2	4	3	2	5	5	5	4	9	7	3	6	6	5	7	2	5	4	5	4	3	3	1	2	3	3	4	3	3	4	6	2	5	1	2	6	4	6	6	15	17	5	7	9	31	71	58	43	47	26	17	15	29	7	2	8	10	11	11	10	3	2	8	8	4	2	9	5	5	3	4	7	11	8	5	9	14	16	7	18	13	6	16	16	15	14	16	24	13	12	9	19	17	14	22	63	47	33	31	47	98	152	324	0	258	60	0
0	0	0	0	1	0	1	3	3	4	7	6	5	5	6	6	3	1	3	2	0	1	0	0	1	0	0	1	1	1	2	1	2	3	3	3	0	2	1	2	0	2	2	2	0	3	0	1	2	0	0	1	0	1	1	2	1	2	1	2	3	3	3	1	0	1	4	1	3	3	3	5	2	3	1	3	2	4	3	6	7	3	2	4	6	4	4	0	2	3	1	3	2	5	3	3	4	9	1	6	4	5	4	9	11	9	1	5	6	21	30	26	34	54	33	13	10	14	11	9	3	10	14	10	8	6	8	0	4	1	8	8	5	1	3	6	3	8	3	8	6	5	12	16	14	12	5	9	6	18	17	20	19	4	7	12	18	15	12	20	54	70	81	55	69	101	78	98	258	0	84	0
0	0	0	0	0	0	2	1	1	1	7	6	11	5	14	1	0	5	4	1	1	0	1	0	4	1	0	0	0	1	1	2	4	2	1	1	1	4	1	1	1	2	2	0	0	1	3	0	0	0	2	1	1	1	0	1	1	1	1	2	4	4	0	0	1	3	3	2	4	4	2	2	2	4	5	3	2	2	6	6	4	3	3	4	4	2	0	1	2	3	3	3	4	5	0	8	6	2	3	6	3	13	8	13	17	6	4	9	15	35	27	22	18	33	36	17	18	13	4	4	5	12	18	8	6	8	4	5	6	4	3	12	2	7	4	10	9	16	10	14	7	7	12	8	12	1	3	13	16	32	37	32	20	6	14	14	17	22	20	18	82	75	30	22	28	33	46	163	60	84	0	0
0	0	0	0	0	0	0	0	0	0	0	0	0	0	0	0	0	0	0	0	0	0	0	0	0	0	0	0	0	0	0	0	0	0	0	0	0	0	0	0	0	0	0	0	0	0	0	0	0	0	0	0	0	0	0	0	0	0	0	0	0	0	0	0	0	0	0	0	0	0	0	0	0	0	0	0	0	0	0	0	0	0	0	0	0	0	0	0	0	0	0	0	0	0	0	0	0	0	0	0	0	0	0	0	0	0	0	0	0	0	0	0	0	0	0	0	0	0	0	0	0	0	0	0	0	0	0	0	0	0	0	0	0	0	0	0	0	0	0	0	0	0	0	0	0	0	0	0	0	0	0	0	0	0	0	0	0	0	0	0	0	0	0	0	0	0	0	0	0	0	0	0
