0	0	0	0	0	0	0	0	0	0	0	0	0	0	0	0	0	0	0	0	0	0	0	0	0	0	0	0	0	0	0	0	0	0	0	0	0	0	0	0	0	0	0	0	0	0	0	0	0	0	0	0	0	0	0	0	0	0	0	0	0	0	0	0	0	0	0	0	0	0	0	0	0	0	0	0	0	0	0	0	0	0	0	0	0	0	0	0	0	0	0	0	0	0	0	0	0	0	0	0	0	0	0	0	0	0	0	0	0	0	0	0	0	0	0	0	0	0	0	0	0	0	0	0	0	0	0	0	0	0	0	0	0	0	0	0	0	0	0	0	0	0	0	0	0	0	0	0	0	0	0	0	0	0	0	0	0	0	0	0	0	0	0	0	0	0	0	0	0	0	0	0	0	0	0	0	0	0	0	0	0	0	0	0	0	0	0	0	0	0	0	0	0	0	0	0
0	0	0	0	0	0	0	0	0	0	0	0	0	0	0	0	0	0	0	0	0	0	0	0	0	0	0	0	0	0	0	0	0	0	0	0	0	0	0	0	0	0	0	0	0	0	0	0	0	0	0	0	0	0	0	0	0	0	0	0	0	0	0	0	0	0	0	0	0	0	0	0	0	0	0	0	0	0	0	0	0	0	0	0	0	0	0	0	0	0	0	0	0	0	0	0	0	0	0	0	0	0	0	0	0	0	0	0	0	0	0	0	0	0	0	0	0	0	0	0	0	0	0	0	0	0	0	0	0	0	0	0	0	0	0	0	0	0	0	0	0	0	0	0	0	0	0	0	0	0	0	0	0	0	0	0	0	0	0	0	0	0	0	0	0	0	0	0	0	0	0	0	0	0	0	0	0	0	0	0	0	0	0	0	0	0	0	0	0	0	0	0	0	0	0	0
0	0	0	0	0	0	0	0	0	0	0	0	0	0	0	0	0	0	0	0	0	0	0	0	0	0	0	0	0	0	0	0	0	0	0	0	0	0	0	0	0	0	0	0	0	0	0	0	0	0	0	0	0	0	0	0	0	0	0	0	0	0	0	0	0	0	0	0	0	0	0	0	0	0	0	0	0	0	0	0	0	0	0	0	0	0	0	0	0	0	0	0	0	0	0	0	0	0	0	0	0	0	0	0	0	0	0	0	0	0	0	0	0	0	0	0	0	0	0	0	0	0	0	0	0	0	0	0	0	0	0	0	0	0	0	0	0	0	0	0	0	0	0	0	0	0	0	0	0	0	0	0	0	0	0	0	0	0	0	0	0	0	0	0	0	0	0	0	0	0	0	0	0	0	0	0	0	0	0	0	0	0	0	0	0	0	0	0	0	0	0	0	0	0	0	0
0	0	0	0	54	15	16	12	9	10	4	4	4	4	1	8	16	35	30	19	23	16	13	13	15	6	16	10	15	12	7	7	8	11	8	8	10	10	6	6	6	9	21	15	9	20	38	8	5	5	4	5	2	6	3	2	5	4	1	3	1	2	3	5	4	0	3	5	2	9	5	7	4	3	2	2	2	2	0	1	0	2	0	1	0	0	2	3	1	2	0	0	1	3	0	2	0	0	1	0	0	0	1	0	0	4	2	0	1	2	1	0	1	1	1	1	0	0	0	3	1	0	0	0	0	1	3	0	0	1	2	0	3	1	3	1	1	0	3	0	1	0	1	0	3	1	0	0	0	1	2	2	0	0	0	0	1	2	2	0	0	0	0	0	0	0	1	0	0	0	0	0	1	0	0	0	0	0	2	1	1	1	0	1	1	2	2	0	1	0	2	1	1	1	1	0
0	0	0	54	0	93	47	21	7	7	3	7	6	6	8	12	10	16	19	47	50	34	45	25	20	17	18	32	27	10	7	8	14	18	3	3	9	9	13	17	8	28	32	17	23	41	65	8	13	4	4	6	2	6	5	6	10	2	6	8	2	2	2	1	5	4	4	5	3	7	9	9	4	4	2	4	2	2	0	1	1	0	0	3	0	4	1	2	4	2	3	1	1	2	2	1	0	0	1	2	1	0	1	1	2	0	1	1	0	1	1	0	0	1	1	1	3	1	1	2	3	1	0	1	2	0	0	1	0	2	1	1	2	1	2	0	0	4	1	0	1	1	1	2	1	2	1	3	2	1	0	3	1	2	2	2	1	0	0	1	0	0	0	2	1	2	1	1	2	2	1	1	3	3	0	1	0	0	2	4	0	1	1	0	1	1	0	1	0	1	0	1	2	1	0	0
0	0	0	15	93	0	230	36	19	10	11	14	17	9	10	12	17	13	18	76	63	62	338	78	52	39	28	24	22	20	12	10	12	9	12	5	11	12	8	42	19	59	42	23	31	62	53	18	12	4	5	3	11	5	4	6	4	5	2	0	6	7	1	5	1	2	8	8	4	9	12	9	8	3	6	4	2	1	3	1	0	1	0	0	3	8	0	4	5	3	2	3	5	3	0	2	2	1	1	2	0	1	1	0	0	0	0	0	2	2	0	1	0	1	2	2	3	2	2	2	0	3	1	3	3	1	0	0	1	2	2	0	0	3	2	1	0	0	1	1	1	1	0	1	2	1	1	1	2	2	1	0	2	6	3	0	3	1	0	0	2	3	0	1	2	1	2	0	2	0	1	1	4	1	0	0	2	0	0	1	1	2	3	2	2	3	2	1	1	0	1	1	0	0	1	1
0	0	0	16	47	230	0	48	19	10	11	14	10	11	21	16	14	10	24	84	52	46	269	116	41	32	17	16	16	15	15	8	7	8	11	8	13	22	22	67	25	57	26	37	40	28	41	8	13	11	6	5	9	6	9	12	12	7	1	2	2	6	2	7	7	7	6	6	7	6	10	9	11	2	9	3	0	0	4	3	1	2	0	2	2	2	5	7	10	1	3	2	3	6	0	3	2	2	1	4	0	0	2	1	2	2	0	1	2	0	2	1	0	2	0	1	5	1	1	0	3	1	4	0	0	0	2	2	1	3	2	0	3	1	3	4	2	1	2	2	0	2	0	1	0	1	0	2	4	0	1	1	0	3	2	1	4	3	6	2	1	2	0	2	1	3	2	2	3	0	1	1	3	2	0	0	0	1	2	0	2	1	2	2	3	2	2	1	0	0	0	1	1	0	0	0
0	0	0	12	21	36	48	0	123	67	27	33	18	29	19	19	15	5	15	20	13	15	33	158	117	264	63	51	16	28	42	14	20	11	6	12	16	16	32	86	73	161	29	37	77	43	33	11	27	16	10	6	19	8	8	8	12	12	17	9	12	8	13	4	12	10	7	14	11	13	18	31	18	6	2	1	3	1	2	2	0	2	0	1	2	5	7	6	3	3	5	4	5	3	6	4	0	0	1	2	1	1	1	2	1	2	4	3	1	1	2	2	1	3	0	1	3	0	3	3	0	4	0	1	3	2	2	0	3	1	3	3	3	1	5	3	2	1	1	0	3	1	2	2	0	2	2	0	0	1	1	0	1	2	4	3	2	4	2	0	4	0	1	2	0	1	4	2	1	2	1	0	0	1	2	0	0	0	0	2	1	2	2	1	0	1	0	1	2	0	1	1	4	0	2	0
0	0	0	9	7	19	19	123	0	400	91	77	31	22	27	6	12	3	10	11	10	6	14	47	46	60	25	18	13	18	36	15	5	7	12	12	8	10	20	53	114	56	6	21	32	20	14	11	23	29	8	9	11	13	9	5	7	27	29	15	14	12	19	19	15	11	8	15	17	18	20	49	61	14	6	4	5	3	2	5	1	2	4	2	3	4	6	4	6	7	6	3	4	3	1	3	3	3	5	8	1	2	2	3	0	3	2	2	1	2	1	2	4	1	2	2	2	3	0	3	4	3	2	4	5	1	4	5	1	4	4	4	3	6	1	2	4	3	3	0	0	0	1	1	1	1	1	2	1	1	2	5	2	2	2	8	1	5	1	0	4	1	1	4	1	2	3	3	3	5	2	2	2	2	3	0	2	0	1	3	2	3	6	3	2	5	3	3	1	1	0	2	3	1	1	2
0	0	0	10	7	10	10	67	400	0	104	70	39	31	17	10	6	3	4	8	6	5	10	20	29	44	22	21	12	27	31	24	6	11	5	9	9	6	23	22	58	27	16	8	28	14	10	11	22	17	6	6	8	4	8	7	13	28	33	36	9	30	31	38	25	18	8	14	19	20	34	74	79	16	12	10	0	5	2	1	2	5	4	2	2	6	7	16	15	6	5	6	8	6	6	5	6	2	4	0	0	4	2	0	3	1	3	0	1	3	2	2	0	2	2	2	0	2	1	2	3	3	0	4	1	4	1	3	5	3	2	3	3	2	4	3	2	4	3	2	1	2	0	3	1	1	3	0	1	2	3	1	3	7	4	5	3	2	1	1	2	1	0	2	0	4	5	4	5	1	3	5	2	1	1	2	0	3	1	5	8	7	5	5	2	4	3	1	1	0	1	3	2	3	2	1
0	0	0	4	3	11	11	27	91	104	0	131	44	32	33	13	2	4	9	5	7	4	9	19	11	19	16	11	7	7	21	14	11	6	6	9	7	8	26	26	82	24	10	10	21	7	12	8	29	27	9	10	6	9	7	7	16	42	94	43	15	29	22	41	29	24	15	16	15	13	16	48	239	29	21	8	4	6	8	2	3	5	3	2	7	8	14	9	12	5	6	6	13	12	7	5	2	4	3	7	2	2	3	5	2	2	1	3	2	1	4	3	4	4	2	2	3	3	3	2	2	6	3	1	3	5	3	6	4	5	2	5	1	5	10	7	3	2	1	2	5	3	4	2	4	3	2	3	1	1	3	3	7	9	5	3	2	2	3	2	3	2	1	4	0	0	8	3	3	1	2	3	2	4	3	4	1	1	4	1	7	6	2	1	3	4	4	3	3	0	2	4	1	1	2	1
0	0	0	4	7	14	14	33	77	70	131	0	310	80	115	27	5	6	10	8	7	4	7	14	14	18	16	8	7	12	51	26	18	19	17	12	13	20	40	32	80	29	15	23	31	10	13	15	74	59	20	15	23	14	7	9	27	88	65	22	16	23	27	25	23	35	11	25	15	18	27	93	215	49	24	11	9	4	3	0	2	4	3	6	6	11	15	11	11	8	10	11	14	9	4	3	5	2	7	4	4	1	0	2	2	2	3	3	3	2	1	1	3	0	3	0	3	1	4	2	4	1	2	1	1	3	2	2	4	3	5	2	4	5	3	6	4	3	2	3	4	2	1	1	0	2	1	2	2	1	0	2	3	4	3	5	1	4	0	2	2	1	3	0	2	3	5	2	0	1	2	3	1	1	2	3	0	0	0	1	0	2	2	4	3	1	3	3	0	3	0	0	1	0	0	1
0	0	0	4	6	17	10	18	31	39	44	310	0	260	255	32	8	10	9	11	7	7	8	10	7	19	12	11	5	8	47	44	14	20	21	37	16	32	21	22	44	18	11	29	36	17	11	18	138	176	46	29	36	27	16	16	41	286	54	12	8	15	29	21	33	39	13	24	27	17	23	75	98	71	26	10	5	1	2	2	4	1	2	5	10	9	9	7	14	13	7	6	6	14	6	6	5	4	3	2	1	2	3	0	5	3	2	3	1	3	3	1	3	3	1	1	1	1	2	1	2	4	4	1	3	1	1	1	3	2	3	2	6	4	6	6	5	4	1	1	1	2	1	3	3	0	3	1	3	6	3	2	3	4	4	1	3	3	2	2	0	0	2	1	1	1	1	2	1	2	2	0	2	2	0	3	0	0	1	1	3	2	6	3	3	1	1	2	2	0	2	1	5	1	1	0
0	0	0	4	6	9	11	29	22	31	32	80	260	0	116	36	7	7	16	5	5	5	6	7	13	20	10	12	20	11	85	152	31	33	23	34	15	22	17	16	23	34	12	29	32	20	11	42	294	120	40	22	45	44	19	19	80	203	31	12	10	14	27	21	20	39	35	65	60	34	34	111	43	30	22	11	6	3	2	4	1	1	5	3	2	7	11	7	11	6	8	7	9	7	11	6	5	1	2	3	2	2	3	1	0	1	2	3	2	1	3	4	5	1	4	1	0	1	3	4	1	3	0	4	2	2	0	0	2	1	1	2	3	3	2	5	4	2	2	1	1	3	5	3	2	0	1	0	1	3	2	3	6	1	0	5	4	2	1	2	2	0	0	3	1	2	0	2	1	3	0	0	3	3	0	4	1	1	1	0	2	3	0	3	3	2	0	3	3	3	2	0	1	0	2	3
0	0	0	1	8	10	21	19	27	17	33	115	255	116	0	75	18	10	12	7	4	8	14	15	12	12	13	4	8	15	50	34	19	23	17	45	34	44	42	29	45	45	9	46	35	21	18	43	233	434	62	31	48	17	13	14	36	66	23	8	6	13	15	24	18	17	16	19	17	14	20	36	49	26	15	14	3	3	4	2	2	0	1	3	5	8	8	4	7	6	5	8	4	7	5	4	3	2	1	0	4	3	2	3	3	3	1	1	4	2	3	0	1	3	1	1	3	4	3	0	6	2	1	0	4	3	3	2	1	7	1	4	4	5	4	2	3	1	1	1	1	3	1	0	1	1	2	1	1	0	5	2	4	2	5	2	2	1	1	1	0	4	1	0	1	1	0	2	3	0	1	3	0	2	0	0	3	0	2	2	0	3	0	1	1	1	0	1	0	1	2	3	2	1	0	1
0	0	0	8	12	12	16	19	6	10	13	27	32	36	75	0	22	19	29	15	7	10	9	7	8	8	16	10	9	21	19	30	21	19	50	807	135	123	21	9	21	27	45	59	33	26	22	81	103	95	78	75	102	23	28	33	35	29	9	4	4	5	10	8	13	19	9	10	12	19	19	25	23	13	14	6	9	4	3	3	1	3	2	3	3	6	4	4	3	3	3	6	7	0	0	4	3	2	4	0	1	3	2	0	3	0	1	2	3	2	0	2	0	1	1	2	0	3	1	3	3	3	1	2	1	0	3	0	2	0	3	3	3	1	3	2	2	1	0	0	0	0	1	3	1	1	0	3	0	1	3	1	3	3	3	2	1	1	1	1	1	0	1	1	2	3	3	0	4	1	5	1	2	1	2	2	0	0	2	0	1	2	4	2	1	2	1	2	2	3	1	1	0	1	2	1
0	0	0	16	10	17	14	15	12	6	2	5	8	7	18	22	0	757	190	23	10	7	5	4	8	12	9	6	10	8	16	10	9	22	20	28	65	24	7	7	10	18	39	21	21	44	29	38	11	13	16	6	17	12	8	12	4	7	3	5	3	2	9	6	3	6	5	5	6	5	9	5	4	8	4	1	1	1	1	2	1	1	3	2	1	1	1	4	4	1	1	1	2	2	1	2	3	1	0	5	1	2	0	2	1	0	1	2	0	0	0	0	0	1	2	1	1	3	3	5	1	1	1	0	1	1	0	0	2	0	1	0	0	2	0	0	4	1	2	0	0	0	1	3	0	1	1	1	0	1	4	3	2	1	1	1	2	0	2	0	2	1	1	2	1	3	0	0	3	2	0	2	2	3	1	1	0	1	0	0	0	1	2	3	0	1	0	1	1	0	1	1	1	0	0	1
0	0	0	35	16	13	10	5	3	3	4	6	10	7	10	19	757	0	123	34	18	9	15	14	8	7	10	11	7	11	15	9	11	18	21	11	43	27	8	7	9	10	45	22	11	31	43	20	14	10	6	12	9	7	11	11	4	6	2	3	1	4	3	4	3	7	2	3	5	6	10	4	9	4	2	4	2	0	2	1	2	0	2	3	2	2	5	2	1	0	1	3	2	2	2	1	1	2	1	0	3	3	1	0	0	0	0	1	2	1	0	0	0	0	1	0	1	0	1	0	1	1	1	0	1	1	2	4	1	1	2	0	1	4	2	0	4	0	0	2	0	1	1	0	1	3	1	0	1	1	0	2	1	2	0	2	0	1	0	1	1	1	0	2	0	1	0	0	2	4	1	4	0	0	0	0	1	2	1	1	4	1	1	2	0	0	1	2	0	1	0	1	1	0	0	0
0	0	0	30	19	18	24	15	10	4	9	10	9	16	12	29	190	123	0	67	19	14	22	14	11	16	15	17	6	14	19	11	12	17	18	28	75	36	12	15	13	31	54	60	27	74	56	29	13	16	9	9	17	5	12	13	8	8	7	7	0	3	6	3	3	4	6	3	6	5	5	13	8	4	6	4	2	0	0	0	1	0	2	2	3	3	3	3	5	2	0	1	3	1	1	2	2	2	1	3	0	2	1	0	4	0	1	1	3	3	1	1	0	1	1	2	0	0	0	0	2	1	0	0	0	1	2	2	2	0	1	3	2	2	1	0	0	2	1	0	0	0	1	2	1	0	1	0	0	2	2	1	1	1	2	0	3	1	1	0	0	3	1	0	2	1	3	0	2	0	0	1	2	3	1	1	0	0	1	1	0	1	2	0	0	3	0	1	1	0	2	0	0	0	1	1
0	0	0	19	47	76	84	20	11	8	5	8	11	5	7	15	23	34	67	0	190	60	66	20	12	16	9	5	12	10	14	11	8	7	7	10	18	13	13	26	7	25	26	29	25	46	55	9	15	10	8	11	6	6	6	2	6	7	5	3	4	2	4	5	0	2	7	5	5	3	7	2	3	8	2	3	2	1	1	2	1	2	1	2	1	5	4	5	2	0	1	4	2	0	1	1	2	1	1	3	0	1	0	3	0	1	0	1	2	2	1	1	2	3	1	1	0	1	1	1	2	0	2	0	2	2	1	1	0	0	1	1	1	2	2	2	1	0	2	3	0	2	1	1	0	2	1	1	0	1	1	0	1	1	3	1	3	0	0	2	2	0	0	1	0	2	4	1	1	0	2	2	2	1	0	0	0	2	2	1	5	1	1	0	1	1	1	0	0	1	4	0	0	1	2	0
0	0	0	23	50	63	52	13	10	6	7	7	7	5	4	7	10	18	19	190	0	350	80	25	18	13	9	14	9	5	5	3	10	9	8	8	9	7	14	15	11	18	16	23	16	23	22	8	4	2	4	8	4	2	5	3	2	3	3	3	5	4	4	3	3	5	1	6	0	8	7	9	6	5	3	2	2	1	1	2	1	1	0	3	2	3	3	1	2	2	2	2	2	3	1	0	1	1	1	2	0	1	0	0	0	0	0	1	0	1	1	0	1	3	0	0	0	0	3	0	2	0	1	3	2	1	1	1	1	2	0	1	1	2	3	2	0	2	2	0	0	0	0	1	0	0	3	0	0	2	1	1	3	1	1	1	1	0	0	1	0	0	1	0	1	1	0	0	0	0	0	0	1	2	0	1	1	0	1	0	2	5	1	0	0	1	2	0	0	1	0	1	1	0	0	1
0	0	0	16	34	62	46	15	6	5	4	4	7	5	8	10	7	9	14	60	350	0	81	18	11	11	17	7	10	12	9	3	6	6	5	5	5	10	10	15	5	11	15	10	17	16	23	5	6	4	5	5	4	4	4	2	2	4	1	2	1	2	2	8	0	0	3	1	2	4	5	2	5	7	3	1	2	2	3	1	0	1	1	0	2	3	1	4	2	1	7	3	2	0	1	1	1	2	1	4	2	0	0	0	1	2	0	0	3	2	2	0	1	1	1	0	1	0	2	1	3	0	1	1	0	0	2	0	0	0	3	0	0	1	1	1	1	0	0	1	2	0	1	1	0	0	0	1	2	2	0	2	0	3	0	3	1	1	1	3	0	0	0	1	0	1	2	0	0	0	2	0	0	0	1	0	0	1	2	0	3	1	1	1	2	1	1	0	1	0	3	0	2	0	1	1
0	0	0	13	45	338	269	33	14	10	9	7	8	6	14	9	5	15	22	66	80	81	0	86	36	37	22	13	12	4	13	10	8	5	5	2	10	10	13	26	15	39	20	20	23	29	31	14	13	11	5	11	9	5	1	4	4	11	9	5	1	4	5	8	5	3	4	4	8	8	8	10	5	3	4	2	2	1	1	1	0	1	0	2	0	5	5	3	3	2	1	2	1	2	2	0	0	1	4	1	1	0	1	1	2	2	1	2	2	1	2	0	0	2	1	1	2	0	2	4	4	0	0	1	0	0	1	0	2	1	1	2	0	1	2	0	2	1	1	0	2	0	2	2	2	1	1	1	1	2	0	1	2	1	0	3	0	0	0	1	2	3	1	0	0	0	2	1	1	1	1	2	2	2	2	0	1	0	1	1	5	3	3	3	0	1	0	3	2	0	2	0	0	1	2	0
0	0	0	13	25	78	116	158	47	20	19	14	10	7	15	7	4	14	14	20	25	18	86	0	97	118	44	20	9	12	21	12	9	9	5	12	11	14	26	107	45	69	25	33	47	22	25	14	14	10	4	9	4	8	4	5	7	5	13	9	3	6	10	7	9	2	5	9	4	3	9	18	20	4	4	4	1	0	3	0	0	1	1	1	1	2	4	3	2	2	3	1	2	1	3	1	0	3	2	2	0	0	1	1	2	0	1	0	4	2	1	1	3	2	3	0	1	2	2	4	1	3	0	2	4	1	1	1	4	1	1	0	2	1	3	1	2	1	0	0	1	1	1	1	0	0	0	2	3	2	1	1	1	1	0	1	1	1	2	1	2	0	1	0	1	3	2	0	1	1	1	2	0	1	3	2	1	1	1	0	1	4	3	3	2	1	2	2	1	0	0	3	1	0	1	0
0	0	0	15	20	52	41	117	46	29	11	14	7	13	12	8	8	8	11	12	18	11	36	97	0	661	209	82	31	36	32	12	13	9	4	15	4	10	11	22	24	46	23	24	59	39	32	19	10	5	7	7	5	4	3	9	6	9	6	9	4	4	9	7	6	8	4	8	7	20	21	13	11	2	5	4	3	4	1	3	2	3	0	0	1	3	7	3	6	5	7	2	2	7	5	5	1	0	1	1	0	0	1	3	0	0	2	3	1	2	1	1	4	1	1	0	0	0	2	1	5	0	3	2	2	0	1	4	4	1	3	5	0	3	5	4	2	2	2	0	1	0	1	1	3	2	2	0	2	0	1	1	0	1	2	1	2	0	1	0	1	1	2	0	3	2	2	1	2	1	1	1	2	2	0	1	0	1	0	0	2	3	2	1	2	0	1	0	2	0	0	1	1	3	0	1
0	0	0	6	17	39	32	264	60	44	19	18	19	20	12	8	12	7	16	16	13	11	37	118	661	0	204	55	33	38	32	13	12	7	7	17	12	9	19	55	36	74	18	23	61	22	26	18	23	11	5	10	11	8	5	5	12	7	16	6	8	4	5	13	4	8	7	12	7	17	22	34	23	10	5	2	0	2	1	1	0	2	0	1	3	6	5	3	3	3	6	0	7	5	4	2	1	2	0	1	3	0	1	1	0	0	1	2	0	2	1	0	1	1	3	0	0	3	1	2	1	1	2	1	1	1	3	1	1	1	4	6	3	1	3	3	1	1	1	1	2	1	2	0	1	1	1	1	2	1	1	2	5	2	4	1	1	0	4	1	0	1	2	1	1	2	1	1	0	0	2	0	4	3	1	1	0	2	4	3	2	6	3	0	1	0	1	0	0	0	1	5	1	2	1	1
0	0	0	16	18	28	17	63	25	22	16	16	12	10	13	16	9	10	15	9	9	17	22	44	209	204	0	294	48	89	48	18	14	14	6	10	15	13	14	25	16	42	26	15	59	34	32	26	20	10	10	7	7	7	8	8	9	7	11	11	5	2	9	12	8	8	11	8	9	18	22	23	18	9	3	2	1	3	2	2	2	0	0	0	0	5	7	9	1	3	5	3	9	2	1	0	2	1	1	2	2	1	1	3	1	2	1	1	2	1	1	1	1	1	2	0	4	0	3	2	0	0	2	1	2	3	2	2	0	4	0	3	1	1	2	1	3	4	0	3	0	1	1	1	1	0	1	4	2	0	2	1	2	2	3	3	0	3	2	2	0	2	2	2	2	2	0	2	3	1	2	0	1	1	2	0	1	0	1	0	5	4	3	1	0	0	1	1	0	3	4	2	0	1	0	0
0	0	0	10	32	24	16	51	18	21	11	8	11	12	4	10	6	11	17	5	14	7	13	20	82	55	294	0	122	240	53	18	22	25	5	14	6	11	7	5	14	37	45	30	46	30	36	31	19	12	7	8	10	13	9	9	4	13	8	9	8	5	9	11	6	5	8	20	11	27	37	26	6	4	2	4	5	0	1	0	0	2	1	2	2	3	3	7	3	2	3	2	1	3	1	3	4	1	0	0	3	0	1	0	1	0	1	2	2	1	3	1	0	0	0	0	1	0	1	0	1	3	2	2	3	2	3	1	3	2	0	0	2	3	1	2	5	1	1	1	4	0	1	1	1	3	2	0	0	1	3	0	1	3	3	3	1	0	2	2	1	3	0	0	1	1	1	1	3	0	1	0	0	3	0	0	0	0	1	0	1	1	3	4	2	2	1	0	0	2	3	1	2	0	0	2
0	0	0	15	27	22	16	16	13	12	7	7	5	20	8	9	10	7	6	12	9	10	12	9	31	33	48	122	0	212	23	12	32	26	7	9	16	6	2	7	9	23	28	15	27	27	29	23	14	7	9	7	5	6	12	4	8	8	7	3	3	3	6	10	8	3	4	9	20	27	21	17	5	5	3	2	4	2	3	2	0	1	0	2	0	3	5	5	2	2	3	1	0	4	3	0	2	2	3	0	0	0	0	3	0	1	1	1	0	1	2	2	0	2	0	0	1	2	0	3	0	2	2	1	1	1	1	1	1	3	1	1	2	1	3	3	2	2	0	0	2	0	0	0	0	0	1	1	1	1	2	4	1	1	2	4	2	1	1	1	1	0	0	1	2	1	2	1	1	2	2	1	0	0	2	0	0	1	0	1	3	3	2	0	1	1	0	1	0	1	2	1	1	0	0	0
0	0	0	12	10	20	15	28	18	27	7	12	8	11	15	21	8	11	14	10	5	12	4	12	36	38	89	240	212	0	51	29	50	38	14	10	10	7	8	13	14	30	43	16	47	23	32	25	20	6	9	2	14	11	7	6	4	15	5	5	8	7	8	2	7	5	13	8	20	48	49	29	11	6	1	6	4	2	0	0	1	1	2	0	0	2	6	4	3	5	5	4	5	3	1	3	2	4	2	3	2	3	0	2	1	0	1	1	2	1	1	0	1	2	1	2	1	1	2	1	2	1	1	0	1	0	3	1	1	0	1	1	1	6	2	3	2	1	0	1	2	2	0	1	1	1	2	0	1	1	1	3	4	2	3	0	0	2	0	0	1	1	0	0	2	0	2	3	1	1	2	3	2	2	0	1	1	1	0	1	1	3	0	2	2	1	1	2	1	0	2	1	0	1	0	3
0	0	0	7	7	12	15	42	36	31	21	51	47	85	50	19	16	15	19	14	5	9	13	21	32	32	48	53	23	51	0	80	32	35	22	22	23	18	14	17	25	65	32	53	86	19	17	50	88	32	22	16	25	22	20	15	26	28	16	12	13	11	18	21	18	19	20	28	46	71	132	154	29	12	11	6	6	2	6	1	4	3	4	1	3	8	11	5	13	3	6	4	7	3	4	4	3	0	2	1	5	0	1	1	2	1	1	0	1	4	2	0	1	2	1	1	2	0	2	2	2	3	0	0	3	3	3	2	5	2	0	1	2	3	3	2	6	5	1	2	1	3	5	0	1	4	3	0	0	1	0	4	3	0	2	3	2	2	1	1	4	3	1	0	0	1	4	3	0	2	2	2	4	4	2	1	1	0	2	3	1	2	4	1	1	1	0	1	1	0	2	3	2	0	1	2
0	0	0	7	8	10	8	14	15	24	14	26	44	152	34	30	10	9	11	11	3	3	10	12	12	13	18	18	12	29	80	0	41	41	38	24	23	17	10	20	22	13	17	27	42	16	13	38	77	33	22	31	49	95	43	25	67	64	14	11	5	4	25	17	11	17	62	80	108	103	105	85	25	23	9	5	5	3	3	3	2	4	2	4	2	8	9	11	5	5	7	6	6	8	4	2	1	2	2	1	0	1	2	1	2	0	2	3	1	2	3	0	0	0	2	1	0	2	4	1	2	1	1	4	1	2	2	2	0	3	3	3	2	4	3	3	6	0	4	0	1	1	0	2	1	2	1	2	4	3	2	5	0	2	4	2	1	1	0	1	1	1	1	0	1	0	3	2	1	1	2	4	5	3	1	1	0	1	3	1	5	3	2	3	3	0	4	1	3	4	3	0	0	3	2	2
0	0	0	8	14	12	7	20	5	6	11	18	14	31	19	21	9	11	12	8	10	6	8	9	13	12	14	22	32	50	32	41	0	381	46	25	16	5	6	5	10	13	33	22	23	24	22	59	22	17	13	7	20	25	30	24	25	17	9	6	4	6	10	6	11	17	15	24	23	97	59	16	12	5	7	5	5	3	2	3	2	2	1	3	0	6	2	7	8	5	4	3	1	1	7	3	4	1	1	3	2	2	0	2	0	0	1	2	0	1	1	0	0	1	1	0	0	0	1	2	2	0	1	3	2	1	2	1	1	0	0	3	2	2	3	2	1	1	2	1	0	2	0	3	0	0	1	0	2	2	2	2	2	3	2	3	0	0	0	3	0	1	0	0	0	1	0	1	2	4	1	1	5	2	1	0	0	3	0	1	0	0	1	1	1	1	0	1	0	2	2	0	0	0	0	0
0	0	0	11	18	9	8	11	7	11	6	19	20	33	23	19	22	18	17	7	9	6	5	9	9	7	14	25	26	38	35	41	381	0	63	30	33	10	12	13	6	14	40	38	33	24	37	98	26	11	10	18	34	30	36	28	19	10	5	4	3	3	8	2	5	11	11	18	14	40	27	16	8	6	6	3	3	3	2	1	0	2	1	4	1	0	3	3	7	4	5	3	2	5	1	2	0	3	1	4	3	3	0	3	0	2	0	2	0	1	1	0	0	2	0	0	1	0	2	0	0	2	2	1	2	1	0	5	0	2	3	2	3	3	3	1	2	2	0	0	0	2	0	0	2	2	1	0	0	3	3	1	3	4	3	1	1	1	0	0	2	1	2	2	3	1	0	1	1	5	2	2	2	0	1	0	1	0	0	2	0	2	3	1	1	0	2	1	0	2	3	0	1	0	3	0
0	0	0	8	3	12	11	6	12	5	6	17	21	23	17	50	20	21	18	7	8	5	5	5	4	7	6	5	7	14	22	38	46	63	0	69	56	20	9	5	6	20	22	28	16	23	15	68	25	25	20	30	106	49	134	245	38	14	8	6	7	2	4	5	3	4	15	12	8	15	13	9	4	6	5	7	8	1	8	0	3	0	2	2	5	6	1	4	5	3	4	3	5	5	3	5	1	4	2	2	1	1	1	0	0	1	0	2	1	2	2	1	1	0	1	1	0	1	1	2	0	2	3	0	0	3	1	0	1	0	2	1	3	3	2	1	6	2	1	0	2	1	0	3	0	1	0	2	1	2	2	2	1	0	1	2	0	2	0	0	2	3	2	0	0	2	1	2	2	0	1	0	0	0	0	1	2	3	0	2	0	3	2	1	1	0	1	2	0	1	2	0	0	2	1	0
0	0	0	8	3	5	8	12	12	9	9	12	37	34	45	807	28	11	28	10	8	5	2	12	15	17	10	14	9	10	22	24	25	30	69	0	224	109	24	9	10	12	29	62	24	24	25	72	59	62	48	82	101	25	30	35	37	18	7	8	5	1	2	8	4	11	10	14	14	20	12	16	9	14	9	6	6	3	3	0	2	2	0	2	5	4	7	5	2	4	3	6	5	3	2	5	4	2	2	2	3	5	0	0	2	1	1	0	0	4	0	1	0	3	3	4	0	0	1	2	2	0	4	0	4	0	3	4	0	1	2	0	0	1	1	2	0	2	1	2	0	3	0	2	0	0	2	2	1	1	0	4	2	1	2	0	0	1	2	2	3	1	1	1	0	0	1	0	0	3	1	1	1	1	0	1	0	1	3	1	1	3	1	2	2	1	1	1	3	1	0	1	1	3	2	1
0	0	0	10	9	11	13	16	8	9	7	13	16	15	34	135	65	43	75	18	9	5	10	11	4	12	15	6	16	10	23	23	16	33	56	224	0	101	11	12	13	35	57	92	39	36	25	87	31	42	31	41	45	22	17	31	16	14	4	5	0	3	6	2	10	4	13	10	5	7	8	9	11	11	4	2	3	2	1	3	4	1	1	2	2	2	3	2	7	5	3	1	3	1	5	1	1	1	1	1	3	1	0	2	0	1	2	1	1	1	2	1	3	2	1	7	1	0	0	2	1	1	0	3	0	1	3	0	0	3	3	2	1	0	5	1	4	2	4	1	0	0	0	2	1	1	1	0	0	1	0	0	1	1	0	2	1	1	2	0	0	1	0	3	0	1	1	3	0	0	1	2	2	0	1	0	0	1	0	0	0	2	0	2	4	2	0	0	1	4	0	2	1	0	0	0
0	0	0	10	9	12	22	16	10	6	8	20	32	22	44	123	24	27	36	13	7	10	10	14	10	9	13	11	6	7	18	17	5	10	20	109	101	0	52	31	20	22	13	53	24	26	26	23	43	54	57	43	28	9	10	11	22	19	8	8	4	4	6	0	2	9	8	9	5	8	11	12	12	6	5	7	1	3	1	1	3	3	4	5	2	8	3	2	3	5	1	4	5	2	2	2	6	1	3	2	2	2	2	0	4	1	1	1	2	0	2	1	0	2	2	4	2	0	5	1	1	2	3	1	0	4	1	2	2	1	2	2	0	0	1	3	1	3	1	1	0	1	1	3	0	0	0	2	1	1	0	1	4	0	1	0	1	0	1	2	2	1	0	0	2	4	0	1	1	2	4	0	4	1	0	2	1	2	1	1	1	4	1	4	1	0	1	0	1	4	0	0	0	2	0	1
0	0	0	6	13	8	22	32	20	23	26	40	21	17	42	21	7	8	12	13	14	10	13	26	11	19	14	7	2	8	14	10	6	12	9	24	11	52	0	85	74	25	19	30	17	25	15	18	36	41	26	13	11	11	4	6	11	21	20	6	8	4	5	12	9	10	4	5	5	5	10	15	24	13	3	5	4	7	2	4	0	2	4	0	1	4	7	10	6	2	3	2	3	1	3	3	1	0	1	3	3	4	0	0	1	2	2	3	2	0	1	1	3	4	1	3	2	2	0	3	2	2	1	1	1	1	0	2	1	1	4	0	4	3	3	1	2	4	4	0	0	1	0	0	1	0	0	1	2	3	5	1	2	1	3	1	5	1	2	2	1	1	1	3	1	2	3	4	1	1	2	0	0	3	2	1	2	2	2	2	0	4	2	0	1	2	2	1	1	2	1	3	0	3	0	1
0	0	0	6	17	42	67	86	53	22	26	32	22	16	29	9	7	7	15	26	15	15	26	107	22	55	25	5	7	13	17	20	5	13	5	9	12	31	85	0	154	70	23	42	47	25	22	20	21	19	12	11	8	8	6	4	11	20	14	10	2	6	5	6	8	7	7	6	3	11	11	21	26	15	11	5	4	1	1	4	3	2	1	6	2	4	3	1	5	2	5	4	2	6	4	1	3	2	0	2	3	0	1	0	3	0	4	2	5	0	2	0	0	0	0	1	2	1	2	1	3	1	1	3	2	3	3	2	3	0	1	4	0	3	1	5	4	5	2	1	3	0	0	1	1	1	3	0	2	1	4	0	4	2	4	5	3	3	3	0	0	1	0	2	1	2	1	2	4	1	1	3	3	1	0	2	0	2	1	1	4	2	0	2	0	2	2	2	0	0	0	1	1	2	1	2
0	0	0	6	8	19	25	73	114	58	82	80	44	23	45	21	10	9	13	7	11	5	15	45	24	36	16	14	9	14	25	22	10	6	6	10	13	20	74	154	0	65	14	28	40	17	18	13	31	27	13	15	18	8	8	9	16	30	32	18	4	4	6	14	10	7	8	13	10	11	21	29	38	9	8	7	6	2	1	2	3	1	1	1	3	1	7	3	5	2	2	7	2	11	5	4	3	1	3	3	4	2	2	2	1	1	2	1	1	2	1	2	4	1	1	1	2	2	0	1	1	2	2	1	3	3	2	3	1	2	1	2	2	2	7	3	3	1	3	1	0	0	1	1	1	2	4	0	2	1	3	0	0	2	6	6	1	2	2	0	3	2	3	3	1	4	3	4	2	2	3	0	1	0	2	1	0	0	0	2	2	2	4	2	3	1	4	0	0	3	4	0	0	1	0	3
0	0	0	9	28	59	57	161	56	27	24	29	18	34	45	27	18	10	31	25	18	11	39	69	46	74	42	37	23	30	65	13	13	14	20	12	35	22	25	70	65	0	46	143	551	101	65	64	53	14	14	12	17	11	9	9	11	16	16	4	3	8	6	9	7	10	7	17	12	15	19	31	17	6	7	7	2	1	6	0	0	1	4	2	3	4	7	7	0	4	2	4	5	6	3	1	4	3	1	1	2	1	3	5	2	1	0	2	1	2	3	3	2	1	1	1	2	3	1	1	1	4	1	2	4	1	0	2	3	2	1	0	4	4	1	3	2	1	0	1	2	1	1	2	0	2	1	0	0	1	2	3	1	1	2	1	1	2	2	1	1	2	1	1	1	2	1	1	0	1	1	4	2	4	2	2	3	2	2	0	0	2	3	1	2	2	1	1	2	2	0	1	3	0	0	3
0	0	0	21	32	42	26	29	6	16	10	15	11	12	9	45	39	45	54	26	16	15	20	25	23	18	26	45	28	43	32	17	33	40	22	29	57	13	19	23	14	46	0	126	92	383	401	127	24	12	11	9	20	18	7	10	7	14	10	7	8	7	6	5	6	3	9	14	13	23	12	13	16	6	7	7	2	3	1	0	1	3	0	0	2	4	2	3	4	2	2	7	1	3	6	3	1	1	2	1	3	1	1	1	1	1	3	1	1	2	1	1	3	2	3	0	1	1	1	1	1	0	0	0	1	1	1	1	1	3	3	0	1	1	1	2	1	1	0	1	0	0	1	0	1	2	0	0	1	2	3	0	1	2	3	1	1	2	1	0	0	1	0	1	0	1	0	1	1	0	2	3	1	3	2	0	0	2	1	0	0	1	1	0	2	3	1	0	2	2	1	1	2	2	1	1
0	0	0	15	17	23	37	37	21	8	10	23	29	29	46	59	21	22	60	29	23	10	20	33	24	23	15	30	15	16	53	27	22	38	28	62	92	53	30	42	28	143	126	0	241	175	87	150	66	34	21	21	32	17	17	25	20	19	6	10	8	6	14	10	11	8	9	11	11	18	13	21	8	4	8	7	2	0	4	0	2	2	1	3	1	3	2	4	3	4	7	2	6	4	3	2	3	2	0	3	4	5	1	2	1	1	1	3	1	7	0	2	1	1	3	3	3	0	2	2	1	0	2	1	2	2	2	4	1	1	1	2	3	2	0	2	7	0	3	1	2	2	4	0	0	4	0	0	1	3	4	0	1	2	2	2	0	2	3	1	1	0	0	1	4	0	1	0	1	1	3	0	5	0	0	0	1	1	0	1	1	0	5	1	3	1	0	2	2	0	3	2	1	1	0	1
0	0	0	9	23	31	40	77	32	28	21	31	36	32	35	33	21	11	27	25	16	17	23	47	59	61	59	46	27	47	86	42	23	33	16	24	39	24	17	47	40	551	92	241	0	130	67	97	65	22	10	20	27	12	14	9	24	9	11	4	3	4	12	14	4	13	8	17	7	28	25	42	20	14	10	1	1	1	2	2	2	0	1	3	0	5	4	2	4	4	7	7	1	4	6	0	2	1	0	2	2	1	2	0	3	1	1	0	6	2	3	1	0	0	1	1	0	2	2	2	4	2	1	1	2	1	2	2	1	2	1	3	1	4	1	6	3	2	1	0	2	3	2	0	0	3	2	2	2	0	1	1	2	4	4	2	3	1	2	2	0	1	0	0	2	3	0	0	2	0	2	4	1	0	0	1	0	1	1	0	5	2	2	1	1	1	1	2	0	1	3	0	1	1	0	2
0	0	0	20	41	62	28	43	20	14	7	10	17	20	21	26	44	31	74	46	23	16	29	22	39	22	34	30	27	23	19	16	24	24	23	24	36	26	25	25	17	101	383	175	130	0	1139	74	16	18	7	11	15	15	9	12	10	12	7	6	3	4	7	8	4	4	6	7	10	20	18	19	13	7	4	0	0	2	1	3	1	1	3	2	2	4	3	1	4	5	1	4	1	2	2	4	1	2	1	1	0	0	3	0	1	2	2	1	0	0	3	1	1	1	1	1	3	1	2	1	1	1	1	1	1	1	2	1	1	1	1	0	0	2	0	1	1	0	2	4	1	3	2	0	0	0	1	0	0	0	1	3	2	3	1	2	3	2	2	1	1	3	1	1	0	0	2	1	0	2	2	0	0	0	0	1	0	3	1	0	0	4	5	0	2	1	1	1	0	0	1	2	1	0	1	1
0	0	0	38	65	53	41	33	14	10	12	13	11	11	18	22	29	43	56	55	22	23	31	25	32	26	32	36	29	32	17	13	22	37	15	25	25	26	15	22	18	65	401	87	67	1139	0	37	16	15	5	10	14	17	17	10	4	7	8	6	3	2	5	7	8	6	6	12	13	11	15	10	10	4	6	1	1	1	2	0	0	2	0	0	2	3	3	1	3	1	2	1	5	1	4	2	0	0	0	0	1	0	0	1	0	1	2	2	0	1	1	0	1	1	1	2	1	0	1	1	0	0	1	0	2	0	1	2	2	1	0	0	2	1	2	1	2	1	1	0	1	2	1	0	1	1	0	2	2	1	1	0	2	0	2	2	1	0	2	0	1	2	0	2	1	3	4	1	2	1	3	2	2	1	0	0	2	0	1	0	0	0	3	1	2	1	0	1	1	1	0	1	1	2	2	1
0	0	0	8	8	18	8	11	11	11	8	15	18	42	43	81	38	20	29	9	8	5	14	14	19	18	26	31	23	25	50	38	59	98	68	72	87	23	18	20	13	64	127	150	97	74	37	0	72	26	19	21	32	21	26	34	18	27	10	10	1	2	11	7	12	10	7	11	13	30	21	19	8	10	2	3	3	1	2	1	1	2	2	2	1	2	4	5	5	4	4	1	5	1	2	3	4	1	1	1	2	0	0	2	2	0	0	1	1	2	0	2	1	1	0	3	1	1	2	1	3	0	3	3	0	1	2	0	1	1	0	1	0	1	3	2	3	1	2	2	4	2	1	0	0	2	3	1	1	0	1	3	0	2	1	0	1	3	1	2	1	2	0	0	1	0	2	4	2	2	0	3	1	2	1	0	1	1	0	1	1	2	3	0	3	0	1	1	0	0	0	2	1	3	1	0
0	0	0	5	13	12	13	27	23	22	29	74	138	294	233	103	11	14	13	15	4	6	13	14	10	23	20	19	14	20	88	77	22	26	25	59	31	43	36	21	31	53	24	66	65	16	16	72	0	205	43	39	71	35	22	23	49	73	11	7	6	5	15	15	9	21	21	26	27	39	29	64	33	23	12	8	0	4	2	3	0	3	1	6	3	1	12	4	8	5	10	4	4	6	5	4	4	4	1	4	1	3	1	3	3	2	3	4	2	2	0	4	1	0	0	1	0	3	3	2	4	1	2	1	1	3	1	0	1	2	6	1	4	4	6	5	1	0	0	2	1	0	1	4	1	0	1	0	3	3	0	1	7	2	2	2	1	2	0	2	0	2	1	1	3	2	1	4	1	0	1	3	3	5	2	0	1	4	0	0	2	2	5	4	3	0	2	0	2	2	0	1	1	2	4	0
0	0	0	5	4	4	11	16	29	17	27	59	176	120	434	95	13	10	16	10	2	4	11	10	5	11	10	12	7	6	32	33	17	11	25	62	42	54	41	19	27	14	12	34	22	18	15	26	205	0	138	68	68	20	11	22	41	98	22	11	7	10	10	13	10	15	23	21	23	10	21	35	30	36	15	11	10	4	1	6	1	0	6	4	5	10	3	8	5	4	6	7	10	7	2	5	5	3	3	9	2	1	1	0	3	2	2	1	1	2	6	2	2	3	1	3	2	2	0	7	2	3	2	2	4	4	2	4	3	1	2	0	2	1	4	5	3	4	3	1	2	2	2	1	1	3	3	0	1	0	1	4	0	4	4	4	4	2	2	4	1	0	0	1	1	1	0	1	1	0	1	5	2	2	1	2	2	0	1	2	3	2	8	1	5	1	2	2	2	3	1	0	0	1	4	0
0	0	0	4	4	5	6	10	8	6	9	20	46	40	62	78	16	6	9	8	4	5	5	4	7	5	10	7	9	9	22	22	13	10	20	48	31	57	26	12	13	14	11	21	10	7	5	19	43	138	0	394	93	26	18	18	56	40	14	12	4	3	9	7	10	7	12	12	5	7	6	17	24	21	12	20	9	1	6	4	5	5	5	6	5	8	6	4	5	3	5	6	13	8	3	5	8	2	1	2	2	1	0	3	1	0	1	1	0	2	1	3	2	0	3	2	1	2	2	1	3	1	3	1	1	4	4	0	3	2	3	1	3	6	3	2	5	4	1	3	3	1	1	1	2	2	2	1	2	1	3	0	3	5	2	2	2	1	1	3	2	2	0	1	1	6	5	2	3	2	0	0	2	3	1	0	1	1	1	2	0	1	4	0	1	1	0	1	1	2	0	1	4	2	1	1
0	0	0	5	6	3	5	6	9	6	10	15	29	22	31	75	6	12	9	11	8	5	11	9	7	10	7	8	7	2	16	31	7	18	30	82	41	43	13	11	15	12	9	21	20	11	10	21	39	68	394	0	125	26	18	27	63	25	11	5	0	7	6	6	8	11	16	12	8	9	9	19	13	20	9	8	5	4	2	3	3	3	1	6	5	9	3	4	3	1	5	5	4	3	7	3	4	5	3	0	3	4	3	1	2	4	2	3	1	2	3	1	2	4	2	2	3	2	1	3	4	1	4	3	2	1	3	0	5	1	0	0	1	1	3	1	2	4	2	5	2	2	3	0	2	3	0	4	1	1	0	2	1	4	2	1	1	2	1	0	2	1	3	2	0	1	0	4	0	1	3	4	2	1	0	1	0	2	1	3	2	2	3	2	0	0	3	1	0	0	3	0	1	1	1	1
0	0	0	2	2	11	9	19	11	8	6	23	36	45	48	102	17	9	17	6	4	4	9	4	5	11	7	10	5	14	25	49	20	34	106	101	45	28	11	8	18	17	20	32	27	15	14	32	71	68	93	125	0	88	79	89	139	28	13	4	5	3	5	9	11	13	12	16	18	20	13	18	16	18	8	6	7	1	4	2	1	1	1	4	2	7	7	9	7	2	6	6	7	3	5	4	5	5	3	4	2	1	3	2	2	3	3	3	3	2	1	2	1	3	2	2	5	2	0	3	3	2	1	2	0	3	2	1	1	6	1	2	3	4	2	3	3	4	2	1	2	1	1	0	1	2	0	0	4	1	3	0	1	0	3	1	1	1	1	0	1	0	2	2	2	2	1	3	2	0	4	0	4	2	0	1	2	0	2	3	3	4	2	1	0	1	1	2	0	1	3	2	2	0	1	2
0	0	0	6	6	5	6	8	13	4	9	14	27	44	17	23	12	7	5	6	2	4	5	8	4	8	7	13	6	11	22	95	25	30	49	25	22	9	11	8	8	11	18	17	12	15	17	21	35	20	26	26	88	0	156	79	151	30	12	10	6	9	18	9	15	22	49	45	33	38	29	25	11	12	6	7	5	4	4	1	1	2	8	1	2	8	4	10	6	4	6	5	9	4	5	2	5	1	1	2	2	0	4	2	0	3	4	5	4	2	1	2	2	1	8	4	1	2	1	2	2	1	0	1	1	3	1	1	2	2	2	0	3	4	3	3	4	4	0	1	2	1	3	1	1	0	1	1	1	4	0	6	2	2	1	1	0	2	4	1	2	0	1	2	0	1	0	0	0	1	2	2	3	0	2	1	1	2	1	0	1	2	2	4	1	3	0	2	1	0	1	2	3	2	1	3
0	0	0	3	5	4	9	8	9	8	7	7	16	19	13	28	8	11	12	6	5	4	1	4	3	5	8	9	12	7	20	43	30	36	134	30	17	10	4	6	8	9	7	17	14	9	17	26	22	11	18	18	79	156	0	455	44	15	4	4	5	2	1	8	12	10	21	12	23	22	13	18	11	8	10	12	5	2	3	1	2	4	3	0	2	2	4	5	4	6	6	3	6	5	7	9	3	0	3	3	2	1	1	1	1	1	1	0	2	2	1	1	2	0	1	2	1	4	3	0	3	2	0	2	3	0	0	1	1	0	0	1	3	3	2	2	1	4	0	1	1	2	0	1	2	1	1	0	0	3	4	1	1	2	3	2	4	3	0	0	1	1	1	1	2	0	0	1	2	1	6	3	1	2	0	1	0	1	1	2	2	2	0	0	1	3	0	2	0	1	2	2	1	1	0	0
0	0	0	2	6	6	12	8	5	7	7	9	16	19	14	33	12	11	13	2	3	2	4	5	9	5	8	9	4	6	15	25	24	28	245	35	31	11	6	4	9	9	10	25	9	12	10	34	23	22	18	27	89	79	455	0	44	17	7	4	4	7	5	5	10	6	14	11	23	17	19	13	7	9	7	6	1	3	1	1	0	1	2	3	8	3	1	4	4	4	6	2	5	4	2	5	1	4	3	2	2	2	0	0	3	2	2	0	1	2	1	1	0	0	1	2	0	0	3	1	0	0	3	1	1	2	0	2	4	0	5	2	4	2	3	1	2	1	1	3	0	0	2	4	2	0	0	1	1	2	1	4	0	2	0	1	1	2	0	0	1	0	0	0	0	1	0	0	2	0	0	2	2	0	0	0	1	2	1	0	2	3	1	0	0	0	2	0	0	1	2	0	0	0	2	1
0	0	0	5	10	4	12	12	7	13	16	27	41	80	36	35	4	4	8	6	2	2	4	7	6	12	9	4	8	4	26	67	25	19	38	37	16	22	11	11	16	11	7	20	24	10	4	18	49	41	56	63	139	151	44	44	0	58	24	10	6	7	15	14	12	19	32	40	34	20	15	18	18	40	25	9	9	6	5	3	3	3	3	2	3	6	8	8	6	8	2	9	11	8	9	8	3	4	0	4	1	3	0	1	0	1	1	0	3	4	2	2	3	3	1	2	2	1	2	2	2	2	0	2	1	2	2	5	2	1	1	3	4	3	4	4	0	3	2	2	2	1	0	0	1	1	1	4	4	1	2	0	2	2	2	1	2	4	0	0	1	1	0	1	1	2	1	2	3	1	3	1	0	0	1	1	1	3	1	2	1	2	5	2	0	2	1	1	0	0	1	0	0	0	2	2
0	0	0	4	2	5	7	12	27	28	42	88	286	203	66	29	7	6	8	7	3	4	11	5	9	7	7	13	8	15	28	64	17	10	14	18	14	19	21	20	30	16	14	19	9	12	7	27	73	98	40	25	28	30	15	17	58	0	42	20	9	16	45	42	47	71	41	74	48	27	22	86	63	96	24	15	10	7	7	4	3	3	4	4	5	12	11	8	14	11	2	10	10	10	5	9	6	2	6	1	5	1	1	3	5	1	3	3	6	3	4	3	3	1	5	2	3	0	4	3	6	5	0	2	2	3	5	4	2	1	2	3	5	5	0	5	3	4	3	2	3	1	1	0	2	0	1	0	1	4	0	3	4	3	2	4	1	0	2	0	1	3	1	2	4	2	1	1	2	1	0	5	8	0	4	0	1	1	1	2	1	3	5	3	4	2	0	3	3	0	1	2	1	2	2	1
0	0	0	1	6	2	1	17	29	33	94	65	54	31	23	9	3	2	7	5	3	1	9	13	6	16	11	8	7	5	16	14	9	5	8	7	4	8	20	14	32	16	10	6	11	7	8	10	11	22	14	11	13	12	4	7	24	42	0	102	19	34	47	53	77	54	15	22	15	13	15	37	247	96	39	16	15	8	4	6	4	5	7	9	8	22	37	15	28	10	13	24	17	18	7	8	6	3	6	5	1	1	2	2	2	2	4	4	2	2	7	1	3	3	5	2	3	0	4	3	4	3	1	2	3	3	4	5	2	7	5	1	8	3	6	8	9	5	5	6	4	2	2	6	4	2	1	2	3	2	4	4	4	5	6	3	2	3	4	1	2	3	5	3	4	5	3	2	2	4	3	0	6	4	2	2	1	3	2	2	3	7	4	3	1	5	2	3	3	3	1	1	3	2	1	2
0	0	0	3	8	0	2	9	15	36	43	22	12	12	8	4	5	3	7	3	3	2	5	9	9	6	11	9	3	5	12	11	6	4	6	8	5	8	6	10	18	4	7	10	4	6	6	10	7	11	12	5	4	10	4	4	10	20	102	0	72	230	51	129	84	41	15	20	18	9	15	15	68	33	15	10	17	3	3	6	4	4	2	5	10	16	57	13	28	18	18	15	20	25	12	7	6	1	10	7	3	3	3	4	3	5	3	2	6	4	3	5	4	1	2	2	3	6	3	6	5	6	4	1	0	6	5	8	9	6	2	6	9	8	12	9	9	9	6	5	3	0	4	6	0	5	2	3	12	3	2	4	13	10	10	8	7	5	1	4	3	2	3	5	2	4	1	3	5	8	1	7	5	0	7	3	1	1	3	2	4	13	14	7	3	3	4	3	2	2	5	5	3	3	1	1
0	0	0	1	2	6	2	12	14	9	15	16	8	10	6	4	3	1	0	4	5	1	1	3	4	8	5	8	3	8	13	5	4	3	7	5	0	4	8	2	4	3	8	8	3	3	3	1	6	7	4	0	5	6	5	4	6	9	19	72	0	180	28	44	25	11	5	13	8	2	6	7	24	7	11	5	10	11	1	6	3	4	4	4	7	8	46	22	33	13	11	20	17	22	15	4	4	3	3	5	3	4	4	1	3	2	8	5	3	5	4	2	2	2	4	2	5	5	5	8	5	8	5	4	3	7	8	6	10	4	4	7	3	17	17	16	7	9	2	6	10	8	2	5	7	5	2	1	6	4	3	8	8	16	13	24	9	4	7	6	5	7	4	6	1	2	7	2	10	9	7	9	4	5	3	3	1	6	5	5	6	10	15	7	6	0	5	5	4	4	5	5	3	3	3	2
0	0	0	2	2	7	6	8	12	30	29	23	15	14	13	5	2	4	3	2	4	2	4	6	4	4	2	5	3	7	11	4	6	3	2	1	3	4	4	6	4	8	7	6	4	4	2	2	5	10	3	7	3	9	2	7	7	16	34	230	180	0	56	109	80	33	14	15	7	7	11	20	40	16	11	13	10	7	4	4	4	4	2	6	4	10	80	25	50	26	18	32	37	26	16	2	5	1	9	4	2	8	2	3	0	1	5	4	1	5	2	2	5	4	7	3	3	4	6	5	12	4	7	3	1	1	2	1	3	3	5	7	3	20	14	18	9	10	3	7	2	6	4	2	3	4	3	1	7	3	4	2	4	10	11	14	4	3	6	2	2	4	10	5	0	2	3	10	3	9	8	7	7	7	1	4	2	5	3	1	3	16	19	6	4	4	4	2	3	4	4	1	6	2	3	2
0	0	0	3	2	1	2	13	19	31	22	27	29	27	15	10	9	3	6	4	4	2	5	10	9	5	9	9	6	8	18	25	10	8	4	2	6	6	5	5	6	6	6	14	12	7	5	11	15	10	9	6	5	18	1	5	15	45	47	51	28	56	0	407	199	132	39	50	46	24	18	37	47	18	16	9	9	10	3	3	2	7	3	4	7	13	47	57	98	26	27	27	42	17	7	4	9	6	1	5	5	0	0	1	5	5	2	3	2	2	3	3	2	3	4	1	2	0	2	2	3	4	6	1	3	2	7	2	3	0	2	4	5	3	6	12	10	4	4	2	3	2	0	3	1	1	6	6	2	0	3	4	5	7	3	4	6	4	5	3	3	4	3	5	0	2	1	2	2	4	4	6	2	3	0	1	1	1	4	5	5	1	4	5	4	4	4	3	1	0	6	1	5	1	1	2
0	0	0	5	1	5	7	4	19	38	41	25	21	21	24	8	6	4	3	5	3	8	8	7	7	13	12	11	10	2	21	17	6	2	5	8	2	0	12	6	14	9	5	10	14	8	7	7	15	13	7	6	9	9	8	5	14	42	53	129	44	109	407	0	162	73	22	36	29	15	26	39	64	26	9	7	9	4	4	7	1	4	7	6	6	11	43	42	63	22	21	18	29	24	8	1	3	2	6	4	2	4	4	0	3	4	4	5	4	3	1	5	1	4	3	3	3	4	3	4	5	5	3	2	2	1	0	1	2	4	6	4	1	5	6	8	10	7	4	5	3	2	2	5	1	2	1	1	4	1	7	2	4	4	7	9	4	6	3	2	4	0	3	1	2	1	3	4	2	4	2	6	1	2	3	1	1	1	5	4	5	6	8	2	3	2	4	2	1	0	2	4	2	2	2	3
0	0	0	4	5	1	7	12	15	25	29	23	33	20	18	13	3	3	3	0	3	0	5	9	6	4	8	6	8	7	18	11	11	5	3	4	10	2	9	8	10	7	6	11	4	4	8	12	9	10	10	8	11	15	12	10	12	47	77	84	25	80	199	162	0	296	33	28	32	16	20	20	55	48	21	27	19	8	4	4	6	4	5	9	12	26	95	40	90	30	20	30	56	39	33	9	6	3	6	7	4	3	3	4	5	1	2	4	3	2	4	1	1	4	1	4	4	2	0	9	5	1	5	0	3	4	3	5	3	3	1	3	2	3	8	10	12	8	3	0	5	0	2	3	5	5	3	1	5	2	5	6	4	9	4	8	8	3	3	0	4	1	3	2	3	4	4	4	0	1	1	9	6	2	2	2	4	3	3	2	4	8	6	1	5	8	1	3	1	1	2	0	1	2	1	2
0	0	0	0	4	2	7	10	11	18	24	35	39	39	17	19	6	7	4	2	5	0	3	2	8	8	8	5	3	5	19	17	17	11	4	11	4	9	10	7	7	10	3	8	13	4	6	10	21	15	7	11	13	22	10	6	19	71	54	41	11	33	132	73	296	0	73	99	46	16	23	33	44	48	29	14	13	8	9	2	3	7	7	5	6	19	51	27	71	19	15	29	37	27	14	8	2	4	5	3	4	4	3	4	4	1	3	4	3	3	4	3	2	2	4	3	3	5	7	3	1	4	4	1	3	5	3	2	3	3	1	4	6	8	7	13	10	9	7	5	4	3	4	1	3	4	2	1	4	4	2	2	6	5	5	7	2	2	2	3	4	2	3	3	1	1	1	0	6	10	3	1	13	0	1	3	1	0	3	0	4	5	5	5	3	1	0	5	2	1	1	4	0	2	2	4
0	0	0	3	4	8	6	7	8	8	15	11	13	35	16	9	5	2	6	7	1	3	4	5	4	7	11	8	4	13	20	62	15	11	15	10	13	8	4	7	8	7	9	9	8	6	6	7	21	23	12	16	12	49	21	14	32	41	15	15	5	14	39	22	33	73	0	523	261	36	38	44	21	11	20	9	5	3	2	6	0	3	2	7	3	10	17	26	19	18	15	14	15	11	5	7	5	2	2	1	1	1	1	1	1	0	1	2	3	5	1	3	3	4	1	2	1	1	2	6	2	1	3	4	0	3	2	1	1	1	0	1	6	2	4	6	6	4	2	1	1	1	0	1	0	2	1	2	0	3	3	2	3	5	2	1	3	3	2	1	0	3	3	4	1	1	3	4	1	1	2	3	2	0	2	2	1	0	2	3	2	3	5	3	3	0	2	2	2	0	2	1	1	2	1	2
0	0	0	5	5	8	6	14	15	14	16	25	24	65	19	10	5	3	3	5	6	1	4	9	8	12	8	20	9	8	28	80	24	18	12	14	10	9	5	6	13	17	14	11	17	7	12	11	26	21	12	12	16	45	12	11	40	74	22	20	13	15	50	36	28	99	523	0	416	51	45	56	21	30	17	6	7	2	3	3	3	6	0	2	5	14	20	17	28	11	8	8	17	12	6	3	3	3	1	4	0	1	2	0	1	2	3	1	3	1	2	2	3	4	4	0	3	2	3	4	1	1	1	2	1	1	1	1	4	2	3	4	3	4	9	0	5	2	2	2	4	2	0	1	4	3	2	2	2	1	2	3	4	8	6	0	0	4	2	2	4	0	0	0	0	3	2	2	1	3	2	2	1	1	0	1	0	1	0	4	0	1	5	7	1	2	1	2	3	2	3	1	1	1	1	2
0	0	0	2	3	4	7	11	17	19	15	15	27	60	17	12	6	5	6	5	0	2	8	4	7	7	9	11	20	20	46	108	23	14	8	14	5	5	5	3	10	12	13	11	7	10	13	13	27	23	5	8	18	33	23	23	34	48	15	18	8	7	46	29	32	46	261	416	0	113	92	62	18	22	8	6	7	3	1	4	3	2	1	4	3	10	11	14	14	8	10	10	11	16	6	5	2	3	1	4	4	3	0	1	0	3	2	0	2	2	0	1	0	2	0	0	1	1	1	2	1	1	0	0	3	4	3	3	1	1	2	2	2	2	6	6	3	5	3	2	0	2	3	3	3	1	3	1	4	1	4	3	0	2	6	4	2	2	1	1	1	2	2	2	2	0	3	1	0	2	3	1	3	2	2	1	0	1	3	3	1	5	2	1	1	3	1	4	4	0	3	0	5	0	1	1
0	0	0	9	7	9	6	13	18	20	13	18	17	34	14	19	5	6	5	3	8	4	8	3	20	17	18	27	27	48	71	103	97	40	15	20	7	8	5	11	11	15	23	18	28	20	11	30	39	10	7	9	20	38	22	17	20	27	13	9	2	7	24	15	16	16	36	51	113	0	331	52	16	9	7	7	7	3	0	2	1	1	1	6	2	2	9	11	15	5	8	4	13	5	3	0	3	1	2	0	1	0	1	0	1	1	2	2	1	0	0	3	1	1	0	3	1	0	0	1	4	0	3	3	5	1	1	2	2	1	2	2	1	1	5	4	4	2	1	1	1	0	2	2	1	3	2	0	1	0	1	1	2	3	2	3	1	0	0	5	0	0	1	2	0	1	5	2	1	4	4	2	4	0	2	1	2	0	1	0	0	2	3	2	2	0	2	1	0	2	2	0	2	0	0	0
0	0	0	5	9	12	10	18	20	34	16	27	23	34	20	19	9	10	5	7	7	5	8	9	21	22	22	37	21	49	132	105	59	27	13	12	8	11	10	11	21	19	12	13	25	18	15	21	29	21	6	9	13	29	13	19	15	22	15	15	6	11	18	26	20	23	38	45	92	331	0	119	18	14	7	7	3	4	2	2	0	2	1	3	0	6	8	10	9	9	8	7	7	10	7	6	2	3	5	0	2	1	0	1	1	2	1	0	2	2	0	1	1	1	3	0	2	2	3	0	2	0	3	0	1	2	2	2	2	1	1	0	2	2	3	4	1	4	1	1	1	1	0	0	0	0	0	2	1	0	3	1	0	4	1	3	3	4	0	1	1	3	0	1	2	1	2	2	3	1	0	1	3	2	0	1	0	0	2	4	4	3	8	3	1	0	3	4	0	0	1	0	2	3	1	0
0	0	0	7	9	9	9	31	49	74	48	93	75	111	36	25	5	4	13	2	9	2	10	18	13	34	23	26	17	29	154	85	16	16	9	16	9	12	15	21	29	31	13	21	42	19	10	19	64	35	17	19	18	25	18	13	18	86	37	15	7	20	37	39	20	33	44	56	62	52	119	0	57	25	8	7	6	4	3	4	2	2	1	4	2	12	14	15	8	11	12	6	12	4	6	5	3	3	2	0	2	3	3	2	0	2	4	1	3	0	3	3	2	1	3	4	1	1	3	1	3	3	3	3	2	4	2	1	3	0	0	2	2	1	5	6	4	8	1	2	2	1	0	0	3	2	2	1	0	2	0	0	5	4	3	3	1	0	0	1	0	1	0	2	0	1	1	3	1	3	1	4	0	4	0	0	3	1	1	4	2	5	10	2	3	1	4	2	4	0	0	0	1	0	2	0
0	0	0	4	4	8	11	18	61	79	239	215	98	43	49	23	4	9	8	3	6	5	5	20	11	23	18	6	5	11	29	25	12	8	4	9	11	12	24	26	38	17	16	8	20	13	10	8	33	30	24	13	16	11	11	7	18	63	247	68	24	40	47	64	55	44	21	21	18	16	18	57	0	59	32	18	6	7	6	5	1	2	3	6	5	14	26	12	15	9	10	7	17	19	11	2	5	6	5	8	2	2	2	1	3	1	3	4	3	4	3	4	1	2	4	4	4	2	3	3	5	2	2	1	1	3	4	4	4	5	5	5	4	8	5	11	7	9	4	3	5	2	2	4	3	2	0	1	1	2	4	3	3	3	10	5	5	2	4	2	1	0	0	2	0	2	5	2	1	3	5	4	5	1	2	2	1	1	2	0	5	7	6	8	7	2	1	0	3	0	3	2	1	0	2	3
0	0	0	3	4	3	2	6	14	16	29	49	71	30	26	13	8	4	4	8	5	7	3	4	2	10	9	4	5	6	12	23	5	6	6	14	11	6	13	15	9	6	6	4	14	7	4	10	23	36	21	20	18	12	8	9	40	96	96	33	7	16	18	26	48	48	11	30	22	9	14	25	59	0	196	37	15	7	7	5	3	2	2	4	10	33	25	9	19	11	7	5	18	21	22	6	6	4	2	6	4	2	2	2	1	0	7	3	4	4	6	3	4	1	5	0	4	7	1	5	2	0	1	6	5	3	7	6	5	1	2	3	5	6	5	11	6	6	4	3	1	0	2	5	4	1	1	2	1	2	3	3	3	1	2	4	4	4	4	5	2	5	1	4	0	4	1	1	3	2	1	6	4	1	2	1	3	1	4	5	4	5	3	3	2	2	2	0	2	2	0	3	2	0	1	3
0	0	0	2	2	6	9	2	6	12	21	24	26	22	15	14	4	2	6	2	3	3	4	4	5	5	3	2	3	1	11	9	7	6	5	9	4	5	3	11	8	7	7	8	10	4	6	2	12	15	12	9	8	6	10	7	25	24	39	15	11	11	16	9	21	29	20	17	8	7	7	8	32	196	0	95	22	11	10	7	4	8	4	12	15	106	20	7	9	12	7	8	18	18	20	14	11	7	8	14	10	3	3	5	1	3	4	6	5	8	2	4	3	1	3	1	4	5	5	7	4	3	2	2	4	2	6	7	4	1	3	2	11	9	11	10	7	9	1	6	5	2	3	5	9	2	3	3	2	2	0	2	3	10	5	2	4	5	2	6	2	1	0	6	2	1	6	2	4	3	3	5	2	1	2	0	0	3	4	1	4	2	2	5	5	1	2	2	0	0	2	1	3	1	1	1
0	0	0	2	4	4	3	1	4	10	8	11	10	11	14	6	1	4	4	3	2	1	2	4	4	2	2	4	2	6	6	5	5	3	7	6	2	7	5	5	7	7	7	7	1	0	1	3	8	11	20	8	6	7	12	6	9	15	16	10	5	13	9	7	27	14	9	6	6	7	7	7	18	37	95	0	56	18	9	9	6	6	9	24	44	112	7	3	10	8	1	10	8	15	19	33	22	5	19	22	6	10	2	5	4	2	6	4	7	5	1	5	7	5	4	2	8	1	4	3	6	3	2	2	2	3	6	8	5	6	5	6	7	7	4	13	10	4	3	3	6	4	6	2	1	2	2	5	5	4	6	4	9	5	1	6	2	4	2	2	0	0	2	3	1	4	1	5	0	0	3	5	4	4	3	3	0	1	0	2	6	5	2	2	5	2	2	1	3	2	2	1	2	1	1	2
0	0	0	2	2	2	0	3	5	0	4	9	5	6	3	9	1	2	2	2	2	2	2	1	3	0	1	5	4	4	6	5	5	3	8	6	3	1	4	4	6	2	2	2	1	0	1	3	0	10	9	5	7	5	5	1	9	10	15	17	10	10	9	9	19	13	5	7	7	7	3	6	6	15	22	56	0	78	43	23	10	15	29	57	194	163	16	3	14	8	12	20	14	27	63	125	40	13	31	41	14	14	13	2	2	5	10	12	13	5	8	5	7	6	6	10	8	6	10	10	6	6	6	3	6	13	8	8	6	9	5	9	17	29	16	21	23	9	8	3	10	4	4	6	5	6	8	5	6	8	6	13	9	10	3	4	5	3	2	3	2	6	6	5	1	3	7	5	1	1	2	8	5	1	3	1	2	5	4	1	5	4	6	2	5	2	2	4	1	1	7	7	4	3	1	3
0	0	0	2	2	1	0	1	3	5	6	4	1	3	3	4	1	0	0	1	1	2	1	0	4	2	3	0	2	2	2	3	3	3	1	3	2	3	7	1	2	1	3	0	1	2	1	1	4	4	1	4	1	4	2	3	6	7	8	3	11	7	10	4	8	8	3	2	3	3	4	4	7	7	11	18	78	0	297	57	25	24	43	91	118	30	8	6	4	2	7	11	21	20	38	302	57	51	87	55	21	22	6	6	2	7	13	18	8	6	6	3	7	13	9	21	11	9	12	5	7	4	3	5	2	3	13	5	7	4	3	11	20	26	13	18	25	16	3	6	10	1	6	4	1	4	4	3	6	10	10	11	15	5	3	3	2	2	4	4	5	6	4	5	5	6	9	6	3	9	7	6	5	1	3	0	1	2	3	2	7	6	3	5	13	5	2	3	1	4	1	2	0	1	2	7
0	0	0	0	0	3	4	2	2	2	8	3	2	2	4	3	1	2	0	1	1	3	1	3	1	1	2	1	3	0	6	3	2	2	8	3	1	1	2	1	1	6	1	4	2	1	2	2	2	1	6	2	4	4	3	1	5	7	4	3	1	4	3	4	4	9	2	3	1	0	2	3	6	7	10	9	43	297	0	162	59	58	71	74	45	13	3	4	3	3	6	6	12	11	29	93	27	50	104	38	45	19	12	3	1	2	10	18	11	6	3	4	5	6	18	15	13	13	3	6	13	5	5	5	2	4	8	13	5	7	11	15	24	15	15	17	26	21	9	6	6	3	2	8	6	1	4	12	14	14	7	15	10	6	7	7	3	1	4	3	2	4	6	0	3	2	4	4	2	3	6	7	6	2	3	5	1	3	0	4	2	0	6	2	9	7	2	4	2	2	1	1	2	0	1	1
0	0	0	1	1	1	3	2	5	1	2	0	2	4	2	3	2	1	0	2	2	1	1	0	3	1	2	0	2	0	1	3	3	1	0	0	3	1	4	4	2	0	0	0	2	3	0	1	3	6	4	3	2	1	1	1	3	4	6	6	6	4	3	7	4	2	6	3	4	2	2	4	5	5	7	9	23	57	162	0	167	183	85	48	25	11	4	5	7	7	6	13	13	14	19	31	15	36	41	24	36	17	13	10	5	19	18	32	8	9	5	6	10	17	27	17	24	10	11	10	6	4	4	5	8	5	8	17	10	5	9	13	38	22	13	11	35	20	20	8	8	7	5	3	6	3	5	13	15	43	27	16	28	7	9	5	6	3	2	3	3	6	5	3	5	2	2	4	4	2	8	6	6	2	2	4	0	1	3	3	4	3	4	10	9	5	2	3	4	2	3	5	3	3	4	1
0	0	0	0	1	0	1	0	1	2	3	2	4	1	2	1	1	2	1	1	1	0	0	0	2	0	2	0	0	1	4	2	2	0	3	2	4	3	0	3	3	0	1	2	2	1	0	1	0	1	5	3	1	1	2	0	3	3	4	4	3	4	2	1	6	3	0	3	3	1	0	2	1	3	4	6	10	25	59	167	0	116	37	27	11	8	5	4	5	4	7	6	9	3	16	21	12	19	27	14	8	19	8	5	3	7	19	20	10	8	5	5	10	27	29	24	24	17	17	5	5	4	4	5	4	3	14	17	14	9	5	16	26	13	8	18	21	31	27	13	15	3	6	8	6	8	5	8	28	40	52	30	18	14	8	4	3	4	2	4	3	2	3	7	4	3	10	3	3	8	10	13	10	5	3	1	2	5	2	0	3	9	2	5	9	1	3	1	0	6	6	3	5	1	0	1
0	0	0	2	0	1	2	2	2	5	5	4	1	1	0	3	1	0	0	2	1	1	1	1	3	2	0	2	1	1	3	4	2	2	0	2	1	3	2	2	1	1	3	2	0	1	2	2	3	0	5	3	1	2	4	1	3	3	5	4	4	4	7	4	4	7	3	6	2	1	2	2	2	2	8	6	15	24	58	183	116	0	87	42	19	6	6	2	6	2	4	3	8	9	17	27	14	25	29	25	48	27	12	8	3	16	36	50	10	9	5	7	18	41	78	72	47	15	22	9	9	7	4	4	4	10	15	16	13	18	15	42	67	31	11	24	13	24	23	7	9	8	11	12	9	6	10	17	28	63	32	28	15	17	7	7	5	2	5	4	2	4	7	9	8	4	5	7	5	4	8	17	2	4	1	0	2	3	2	1	4	12	3	5	5	4	1	2	3	2	3	0	1	1	1	0
0	0	0	0	0	0	0	0	4	4	3	3	2	5	1	2	3	2	2	1	0	1	0	1	0	0	0	1	0	2	4	2	1	1	2	0	1	4	4	1	1	4	0	1	1	3	0	2	1	6	5	1	1	8	3	2	3	4	7	2	4	2	3	7	5	7	2	0	1	1	1	1	3	2	4	9	29	43	71	85	37	87	0	97	30	10	4	2	3	3	4	5	11	10	11	38	18	96	130	86	263	61	19	13	8	9	22	40	19	13	4	9	11	17	35	39	23	12	12	6	7	5	3	2	5	5	10	10	7	13	11	22	27	20	9	8	14	5	8	11	7	5	4	6	6	3	6	2	9	12	10	11	9	7	4	4	2	5	8	5	2	4	2	2	4	2	6	3	3	2	8	5	6	4	3	2	5	0	4	2	6	3	6	4	5	7	4	4	1	0	3	3	2	0	0	1
0	0	0	1	3	0	2	1	2	2	2	6	5	3	3	3	2	3	2	2	3	0	2	1	0	1	0	2	2	0	1	4	3	4	2	2	2	5	0	6	1	2	0	3	3	2	0	2	6	4	6	6	4	1	0	3	2	4	9	5	4	6	4	6	9	5	7	2	4	6	3	4	6	4	12	24	57	91	74	48	27	42	97	0	231	16	10	6	4	7	5	5	11	7	16	115	50	54	155	276	77	48	20	4	14	6	16	24	19	14	9	3	9	17	19	23	14	21	9	9	7	7	3	4	6	10	18	14	14	15	12	15	28	37	13	11	19	11	11	2	3	8	3	8	3	6	4	2	7	8	12	11	13	6	8	4	7	4	3	4	3	1	4	6	2	2	5	3	4	3	7	4	5	1	1	1	1	2	3	3	2	5	4	4	8	4	2	3	6	1	4	4	1	1	1	1
0	0	0	0	0	3	2	2	3	2	7	6	10	2	5	3	1	2	3	1	2	2	0	1	1	3	0	2	0	0	3	2	0	1	5	5	2	2	1	2	3	3	2	1	0	2	2	1	3	5	5	5	2	2	2	8	3	5	8	10	7	4	7	6	12	6	3	5	3	2	0	2	5	10	15	44	194	118	45	25	11	19	30	231	0	53	13	3	7	3	3	10	14	11	33	245	81	36	77	96	32	19	13	10	3	8	17	17	14	14	7	4	6	11	17	16	11	9	13	11	8	9	5	4	5	7	5	7	7	6	7	10	18	28	14	12	11	6	9	6	5	4	2	6	2	5	5	0	12	8	5	8	9	10	2	7	4	2	3	2	2	1	4	4	3	5	5	3	2	6	4	4	6	1	1	1	0	1	2	2	6	1	6	4	7	3	2	3	3	3	2	5	3	1	2	1
0	0	0	0	4	8	2	5	4	6	8	11	9	7	8	6	1	2	3	5	3	3	5	2	3	6	5	3	3	2	8	8	6	0	6	4	2	8	4	4	1	4	4	3	5	4	3	2	1	10	8	9	7	8	2	3	6	12	22	16	8	10	13	11	26	19	10	14	10	2	6	12	14	33	106	112	163	30	13	11	8	6	10	16	53	0	22	9	13	11	6	21	38	33	39	40	24	13	16	17	5	6	6	7	2	5	6	6	9	5	8	1	2	4	1	5	5	6	11	6	4	7	5	4	7	4	3	7	4	5	8	7	13	14	9	13	20	11	5	4	7	3	5	9	3	1	1	2	4	6	5	7	5	4	13	4	3	2	8	3	4	7	5	2	1	6	2	4	3	3	4	4	8	2	1	1	4	3	1	2	5	6	7	3	2	2	3	2	1	4	1	1	1	0	1	5
0	0	0	2	1	0	5	7	6	7	14	15	9	11	8	4	1	5	3	4	3	1	5	4	7	5	7	3	5	6	11	9	2	3	1	7	3	3	7	3	7	7	2	2	4	3	3	4	12	3	6	3	7	4	4	1	8	11	37	57	46	80	47	43	95	51	17	20	11	9	8	14	26	25	20	7	16	8	3	4	5	6	4	10	13	22	0	44	164	50	62	131	139	142	35	9	6	1	6	7	5	4	2	2	3	1	6	7	3	1	5	0	3	5	7	10	4	1	4	3	10	6	3	1	1	4	7	7	7	5	4	10	10	14	16	23	26	14	4	8	5	6	3	1	1	5	3	3	8	3	2	10	15	7	16	6	5	1	5	2	2	7	3	1	3	2	4	4	5	5	6	13	11	3	1	5	2	4	4	5	5	7	10	7	8	3	4	5	2	9	4	7	3	2	3	2
0	0	0	3	2	4	7	6	4	16	9	11	7	7	4	4	4	2	3	5	1	4	3	3	3	3	9	7	5	4	5	11	7	3	4	5	2	2	10	1	3	7	3	4	2	1	1	5	4	8	4	4	9	10	5	4	8	8	15	13	22	25	57	42	40	27	26	17	14	11	10	15	12	9	7	3	3	6	4	5	4	2	2	6	3	9	44	0	119	111	47	27	32	21	12	3	4	4	2	2	3	6	2	4	3	4	6	5	5	4	2	2	0	1	4	3	1	3	3	6	6	0	3	3	3	1	3	3	4	4	4	2	6	8	5	13	8	12	3	3	4	0	1	0	1	5	2	1	2	5	5	3	7	8	3	10	5	1	4	2	3	2	5	3	3	3	5	7	3	4	2	5	5	6	4	5	0	1	1	1	7	7	11	5	1	2	6	2	3	1	5	2	6	1	1	4
0	0	0	1	4	5	10	3	6	15	12	11	14	11	7	3	4	1	5	2	2	2	3	2	6	3	1	3	2	3	13	5	8	7	5	2	7	3	6	5	5	0	4	3	4	4	3	5	8	5	5	3	7	6	4	4	6	14	28	28	33	50	98	63	90	71	19	28	14	15	9	8	15	19	9	10	14	4	3	7	5	6	3	4	7	13	164	119	0	139	108	84	108	60	22	8	10	6	3	4	4	1	2	5	2	2	3	5	6	5	1	2	2	3	3	5	5	3	3	5	2	2	6	3	1	2	4	4	3	2	3	7	6	8	12	23	10	9	5	5	1	1	2	3	2	3	3	7	0	5	3	8	8	7	11	8	3	1	3	1	3	2	4	4	3	2	2	3	2	4	5	7	10	5	3	3	2	0	3	2	3	4	7	3	6	2	6	3	0	1	2	2	1	0	3	3
0	0	0	2	2	3	1	3	7	6	5	8	13	6	6	3	1	0	2	0	2	1	2	2	5	3	3	2	2	5	3	5	5	4	3	4	5	5	2	2	2	4	2	4	4	5	1	4	5	4	3	1	2	4	6	4	8	11	10	18	13	26	26	22	30	19	18	11	8	5	9	11	9	11	12	8	8	2	3	7	4	2	3	7	3	11	50	111	139	0	1156	135	53	57	17	6	5	3	2	2	5	2	3	3	0	2	2	3	2	2	2	3	5	4	1	1	7	1	6	7	7	7	6	1	2	4	3	8	4	4	4	4	5	4	10	19	9	11	9	3	2	4	2	4	5	2	3	3	9	9	3	6	6	8	7	5	7	3	3	1	3	5	6	4	2	4	7	2	9	5	7	10	10	3	1	6	7	2	3	3	3	4	9	4	4	2	1	3	2	2	6	2	2	4	7	2
0	0	0	0	3	2	3	5	6	5	6	10	7	8	5	3	1	1	0	1	2	7	1	3	7	6	5	3	3	5	6	7	4	5	4	3	3	1	3	5	2	2	2	7	7	1	2	4	10	6	5	5	6	6	6	6	2	2	13	18	11	18	27	21	20	15	15	8	10	8	8	12	10	7	7	1	12	7	6	6	7	4	4	5	3	6	62	47	108	1156	0	108	59	53	23	11	6	2	7	6	3	6	1	1	3	2	1	2	3	2	3	1	0	3	2	1	4	0	2	7	5	3	2	3	3	4	4	9	4	2	4	4	3	4	7	12	11	13	7	4	3	2	4	3	2	4	2	5	5	10	7	4	11	9	10	8	5	4	0	1	2	7	4	4	5	5	4	2	3	7	7	13	8	2	4	2	3	2	3	2	1	2	7	4	7	7	3	2	1	2	1	2	3	6	2	3
0	0	0	0	1	3	2	4	3	6	6	11	6	7	8	6	1	3	1	4	2	3	2	1	2	0	3	2	1	4	4	6	3	3	3	6	1	4	2	4	7	4	7	2	7	4	1	1	4	7	6	5	6	5	3	2	9	10	24	15	20	32	27	18	30	29	14	8	10	4	7	6	7	5	8	10	20	11	6	13	6	3	5	5	10	21	131	27	84	135	108	0	272	324	52	13	13	3	4	7	1	7	1	4	3	3	5	3	1	4	2	5	0	2	8	5	4	3	8	6	1	6	4	2	2	4	1	11	12	7	6	4	8	14	12	40	41	21	13	5	4	4	3	2	1	3	1	7	2	11	6	6	11	9	13	6	6	7	2	4	1	6	4	8	2	12	4	3	3	6	8	19	9	5	1	2	3	3	1	2	8	7	8	7	7	2	3	4	1	2	2	3	2	3	3	2
0	0	0	1	1	5	3	5	4	8	13	14	6	9	4	7	2	2	3	2	2	2	1	2	2	7	9	1	0	5	7	6	1	2	5	5	3	5	3	2	2	5	1	6	1	1	5	5	4	10	13	4	7	9	6	5	11	10	17	20	17	37	42	29	56	37	15	17	11	13	7	12	17	18	18	8	14	21	12	13	9	8	11	11	14	38	139	32	108	53	59	272	0	1093	91	21	5	2	9	5	3	9	3	1	2	4	8	6	8	7	4	3	4	6	3	4	3	4	10	5	6	6	4	4	5	1	4	8	7	6	7	9	13	11	14	30	34	24	7	7	6	2	4	5	0	2	3	4	2	4	7	3	10	12	8	8	3	3	1	2	1	2	2	5	3	2	6	4	6	4	3	10	9	1	0	1	2	1	1	6	7	8	13	3	3	3	5	2	0	1	3	1	2	0	2	2
0	0	0	3	2	3	6	3	3	6	12	9	14	7	7	0	2	2	1	0	3	0	2	1	7	5	2	3	4	3	3	8	1	5	5	3	1	2	1	6	11	6	3	4	4	2	1	1	6	7	8	3	3	4	5	4	8	10	18	25	22	26	17	24	39	27	11	12	16	5	10	4	19	21	18	15	27	20	11	14	3	9	10	7	11	33	142	21	60	57	53	324	1093	0	114	11	1	8	12	7	5	4	4	3	7	6	2	4	3	6	3	3	5	10	9	8	8	4	4	6	11	5	4	3	2	3	10	5	6	9	4	8	10	12	23	50	35	22	15	5	8	0	5	3	1	2	8	5	8	1	6	7	8	10	14	5	3	0	5	3	2	6	6	2	3	3	5	8	6	2	6	6	10	4	3	2	2	2	4	1	2	6	8	10	5	1	6	3	4	3	3	2	1	4	0	2
0	0	0	0	2	0	0	6	1	6	7	4	6	11	5	0	1	2	1	1	1	1	2	3	5	4	1	1	3	1	4	4	7	1	3	2	5	2	3	4	5	3	6	3	6	2	4	2	5	2	3	7	5	5	7	2	9	5	7	12	15	16	7	8	33	14	5	6	6	3	7	6	11	22	20	19	63	38	29	19	16	17	11	16	33	39	35	12	22	17	23	52	91	114	0	27	19	16	20	11	10	11	6	2	5	6	13	13	8	2	7	4	2	3	7	6	8	3	11	11	8	7	6	3	2	4	6	9	8	14	8	11	18	35	26	60	113	26	16	7	5	2	2	8	6	2	4	6	12	11	11	17	20	21	5	6	6	3	1	3	4	5	9	6	3	4	10	7	9	7	6	14	10	5	2	0	1	2	2	4	4	6	8	7	4	4	2	5	0	5	6	6	5	2	2	2
0	0	0	2	1	2	3	4	3	5	5	3	6	6	4	4	2	1	2	1	0	1	0	1	5	2	0	3	0	3	4	2	3	2	5	5	1	2	3	1	4	1	3	2	0	4	2	3	4	5	5	3	4	2	9	5	8	9	8	7	4	2	4	1	9	8	7	3	5	0	6	5	2	6	14	33	125	302	93	31	21	27	38	115	245	40	9	3	8	6	11	13	21	11	27	0	147	50	108	74	33	17	14	1	1	6	10	11	12	6	5	1	5	11	14	10	9	5	8	6	4	4	2	3	6	5	6	8	8	9	8	8	15	16	17	17	23	8	7	5	5	2	1	4	7	5	5	4	3	9	6	5	16	8	2	5	3	2	2	1	3	5	5	3	1	2	1	5	1	4	4	4	4	4	4	3	1	2	1	4	4	4	4	1	3	2	1	1	0	1	3	0	3	1	0	1
0	0	0	0	0	2	2	0	3	6	2	5	5	5	3	3	3	1	2	2	1	1	0	0	1	1	2	4	2	2	3	1	4	0	1	4	1	6	1	3	3	4	1	3	2	1	0	4	4	5	8	4	5	5	3	1	3	6	6	6	4	5	9	3	6	2	5	3	2	3	2	3	5	6	11	22	40	57	27	15	12	14	18	50	81	24	6	4	10	5	6	13	5	1	19	147	0	69	106	83	28	9	6	10	4	1	8	12	5	3	1	4	1	4	9	13	10	4	2	7	3	2	3	7	3	4	6	2	5	1	8	8	10	11	11	13	6	9	3	5	5	6	8	3	3	1	2	1	5	8	4	6	1	5	6	4	3	1	1	1	0	2	2	1	1	3	3	4	1	5	1	3	5	2	2	1	1	3	1	1	4	2	5	3	3	2	1	1	0	1	4	1	1	0	1	3
0	0	0	0	0	1	2	0	3	2	4	2	4	1	2	2	1	2	2	1	1	2	1	3	0	2	1	1	2	4	0	2	1	3	4	2	1	1	0	2	1	3	1	2	1	2	0	1	4	3	2	5	5	1	0	4	4	2	3	1	3	1	6	2	3	4	2	3	3	1	3	3	6	4	7	5	13	51	50	36	19	25	96	54	36	13	1	4	6	3	2	3	2	8	16	50	69	0	304	87	54	15	7	2	5	5	15	14	7	9	4	5	7	8	17	13	6	7	10	2	3	1	2	7	4	5	4	5	9	4	9	10	12	13	4	11	11	6	6	3	8	2	1	4	4	4	0	3	10	6	11	8	8	4	2	4	1	5	1	4	2	1	3	1	1	0	5	4	3	4	5	2	0	2	1	2	1	1	2	2	3	0	6	1	0	3	0	1	0	2	1	1	1	2	0	1
0	0	0	1	1	1	1	1	5	4	3	7	3	2	1	4	0	1	1	1	1	1	4	2	1	0	1	0	3	2	2	2	1	1	2	2	1	3	1	0	3	1	2	0	0	1	0	1	1	3	1	3	3	1	3	3	0	6	6	10	3	9	1	6	6	5	2	1	1	2	5	2	5	2	8	19	31	87	104	41	27	29	130	155	77	16	6	2	3	2	7	4	9	12	20	108	106	304	0	190	59	23	8	9	8	6	8	13	13	6	8	2	5	12	12	14	10	11	6	3	2	4	8	4	5	7	5	6	8	10	11	17	21	16	11	8	12	6	5	1	3	1	7	2	4	0	2	5	7	10	12	7	7	6	7	1	1	3	1	2	0	3	5	3	4	0	4	3	0	5	6	6	2	2	2	1	1	0	0	1	3	4	3	6	5	2	1	0	1	0	2	1	3	1	2	2
0	0	0	0	2	2	4	2	8	0	7	4	2	3	0	0	5	0	3	3	2	4	1	2	1	1	2	0	0	3	1	1	3	4	2	2	1	2	3	2	3	1	1	3	2	1	0	1	4	9	2	0	4	2	3	2	4	1	5	7	5	4	5	4	7	3	1	4	4	0	0	0	8	6	14	22	41	55	38	24	14	25	86	276	96	17	7	2	4	2	6	7	5	7	11	74	83	87	190	0	95	44	19	6	8	3	12	22	18	15	7	3	5	7	14	12	14	11	11	9	6	6	5	5	8	5	8	7	7	6	10	8	25	20	4	12	10	12	5	2	1	4	2	7	3	6	4	4	8	9	4	3	3	8	11	3	4	4	1	1	3	0	7	6	1	2	6	5	4	4	4	6	6	2	0	0	1	3	4	4	2	4	6	0	4	5	1	2	1	3	4	2	2	3	1	2
0	0	0	0	1	0	0	1	1	0	2	4	1	2	4	1	1	3	0	0	0	2	1	0	0	3	2	3	0	2	5	0	2	3	1	3	3	2	3	3	4	2	3	4	2	0	1	2	1	2	2	3	2	2	2	2	1	5	1	3	3	2	5	2	4	4	1	0	4	1	2	2	2	4	10	6	14	21	45	36	8	48	263	77	32	5	5	3	4	5	3	1	3	5	10	33	28	54	59	95	0	146	31	13	12	9	26	50	25	11	13	11	14	18	36	27	27	23	16	9	5	7	4	6	6	9	8	7	10	3	13	14	26	20	16	4	10	5	3	2	5	7	3	1	6	2	1	7	8	9	10	9	9	7	1	1	4	4	2	0	1	3	7	1	1	2	3	3	7	4	3	5	2	1	1	2	3	1	2	1	3	5	5	2	4	1	0	1	4	1	3	0	6	1	1	3
0	0	0	0	0	1	0	1	2	4	2	1	2	2	3	3	2	3	2	1	1	0	0	0	0	0	1	0	0	3	0	1	2	3	1	5	1	2	4	0	2	1	1	5	1	0	0	0	3	1	1	4	1	0	1	2	3	1	1	3	4	8	0	4	3	4	1	1	3	0	1	3	2	2	3	10	14	22	19	17	19	27	61	48	19	6	4	6	1	2	6	7	9	4	11	17	9	15	23	44	146	0	133	24	13	16	54	115	53	28	24	11	17	34	60	54	37	53	29	14	6	3	6	13	12	8	12	16	10	9	19	22	21	20	5	9	10	6	6	6	5	5	6	11	10	5	3	4	10	15	10	12	8	9	2	6	3	5	1	2	4	2	1	4	2	6	8	5	4	3	5	6	4	5	3	0	1	4	1	2	7	3	3	2	4	4	2	3	1	4	6	5	1	2	0	5
0	0	0	1	1	1	2	1	2	2	3	0	3	3	2	2	0	1	1	0	0	0	1	1	1	1	1	1	0	0	1	2	0	0	1	0	0	2	0	1	2	3	1	1	2	3	0	0	1	1	0	3	3	4	1	0	0	1	2	3	4	2	0	4	3	3	1	2	0	1	0	3	2	2	3	2	13	6	12	13	8	12	19	20	13	6	2	2	2	3	1	1	3	4	6	14	6	7	8	19	31	133	0	44	16	37	76	101	176	57	39	20	37	21	32	46	55	116	61	16	8	4	9	8	17	14	12	14	9	19	28	20	21	12	9	10	6	9	2	1	9	12	4	13	4	6	5	6	8	7	9	7	8	11	5	4	5	8	2	5	2	2	2	4	7	2	9	6	2	3	8	8	1	1	0	1	2	2	4	1	2	4	0	9	6	6	1	4	1	3	4	3	6	4	5	3
0	0	0	0	1	0	1	2	3	0	5	2	0	1	3	0	2	0	0	3	0	0	1	1	3	1	3	0	3	2	1	1	2	3	0	0	2	0	0	0	2	5	1	2	0	0	1	2	3	0	3	1	2	2	1	0	1	3	2	4	1	3	1	0	4	4	1	0	1	0	1	2	1	2	5	5	2	6	3	10	5	8	13	4	10	7	2	4	5	3	1	4	1	3	2	1	10	2	9	6	13	24	44	0	290	69	29	25	58	152	823	108	40	16	19	17	28	58	51	29	18	10	30	49	73	36	20	9	8	21	39	14	12	16	11	5	3	3	7	4	16	13	11	14	15	6	6	5	11	12	7	5	10	13	10	4	7	8	17	12	9	8	5	8	3	12	16	6	4	7	4	6	4	1	3	2	3	2	7	7	7	3	3	11	9	10	8	4	4	3	6	5	4	2	2	4
0	0	0	0	2	0	2	1	0	3	2	2	5	0	3	3	1	0	4	0	0	1	2	2	0	0	1	1	0	1	2	2	0	0	0	2	0	4	1	3	1	2	1	1	3	1	0	2	3	3	1	2	2	0	1	3	0	5	2	3	3	0	5	3	5	4	1	1	0	1	1	0	3	1	1	4	2	2	1	5	3	3	8	14	3	2	3	3	2	0	3	3	2	7	5	1	4	5	8	8	12	13	16	290	0	60	25	12	36	61	211	281	38	14	8	13	17	30	53	53	18	20	40	132	192	63	26	12	10	30	63	25	14	11	10	5	5	6	1	8	10	24	17	14	10	7	3	3	10	8	3	10	6	18	10	9	13	13	8	9	14	6	9	9	14	11	16	15	5	9	3	4	10	6	5	2	3	7	6	10	11	10	7	5	14	16	5	3	3	6	5	3	1	0	3	2
0	0	0	4	0	0	2	2	3	1	2	2	3	1	3	0	0	0	0	1	0	2	2	0	0	0	2	0	1	0	1	0	0	2	1	1	1	1	2	0	1	1	1	1	1	2	1	0	2	2	0	4	3	3	1	2	1	1	2	5	2	1	5	4	1	1	0	2	3	1	2	2	1	0	3	2	5	7	2	19	7	16	9	6	8	5	1	4	2	2	2	3	4	6	6	6	1	5	6	3	9	16	37	69	60	0	54	24	38	34	51	139	550	32	22	28	67	97	107	22	16	17	28	36	21	50	40	25	21	44	132	40	23	18	7	12	5	6	9	12	22	43	18	42	14	10	6	9	20	14	13	12	14	21	17	5	9	6	8	10	8	9	8	7	5	12	14	24	4	3	6	4	11	4	5	3	3	2	4	10	11	4	3	6	14	15	11	4	1	2	7	2	5	4	2	4
0	0	0	2	1	0	0	4	2	3	1	3	2	2	1	1	1	0	1	0	0	0	1	1	2	1	1	1	1	1	1	2	1	0	0	1	2	1	2	4	2	0	3	1	1	2	2	0	3	2	1	2	3	4	1	2	1	3	4	3	8	5	2	4	2	3	1	3	2	2	1	4	3	7	4	6	10	13	10	18	19	36	22	16	17	6	6	6	3	2	1	5	8	2	13	10	8	15	8	12	26	54	76	29	25	54	0	530	76	22	29	24	75	52	77	130	441	232	205	30	8	4	6	20	16	27	54	31	27	47	94	177	122	45	17	17	17	16	13	11	21	13	2	23	16	10	9	11	31	33	23	15	27	17	21	13	12	5	3	1	3	8	8	12	6	12	14	16	13	6	9	5	7	3	3	2	0	5	5	5	10	10	11	8	11	4	3	5	1	5	3	3	3	1	1	2
0	0	0	0	1	0	1	3	2	0	3	3	3	3	1	2	2	1	1	1	1	0	2	0	3	2	1	2	1	1	0	3	2	2	2	0	1	1	3	2	1	2	1	3	0	1	2	1	4	1	1	3	3	5	0	0	0	3	4	2	5	4	3	5	4	4	2	1	0	2	0	1	4	3	6	4	12	18	18	32	20	50	40	24	17	6	7	5	5	3	2	3	6	4	13	11	12	14	13	22	50	115	101	25	12	24	530	0	89	42	44	24	43	53	76	136	200	165	92	26	13	12	12	13	12	19	30	21	16	39	55	93	61	31	17	13	9	13	13	8	15	10	9	13	13	7	4	13	19	17	24	12	18	15	12	3	7	3	3	1	7	6	10	5	6	6	10	9	3	8	5	7	5	5	3	2	2	3	6	4	7	6	10	8	7	8	8	1	2	4	7	3	1	4	1	0
0	0	0	1	0	2	2	1	1	1	2	3	1	2	4	3	0	2	3	2	0	3	2	4	1	0	2	2	0	2	1	1	0	0	1	0	1	2	2	5	1	1	1	1	6	0	0	1	2	1	0	1	3	4	2	1	3	6	2	6	3	1	2	4	3	3	3	3	2	1	2	3	3	4	5	7	13	8	11	8	10	10	19	19	14	9	3	5	6	2	3	1	8	3	8	12	5	7	13	18	25	53	176	58	36	38	76	89	0	256	94	31	26	16	24	29	32	86	77	44	19	11	12	19	34	22	15	7	5	22	26	29	23	18	13	13	4	6	3	4	6	15	8	9	5	3	3	9	14	6	4	11	7	7	13	8	5	5	6	4	5	5	3	5	5	6	12	8	7	7	3	1	6	4	6	0	0	3	4	4	5	5	1	5	6	6	4	5	1	3	2	2	2	0	0	2
0	0	0	2	1	2	0	1	2	3	1	2	3	1	2	2	0	1	3	2	1	2	1	2	2	2	1	1	1	1	4	2	1	1	2	4	1	0	0	0	2	2	2	7	2	0	1	2	2	2	2	2	2	2	2	2	4	3	2	4	5	5	2	3	2	3	5	1	2	0	2	0	4	4	8	5	5	6	6	9	8	9	13	14	14	5	1	4	5	2	2	4	7	6	2	6	3	9	6	15	11	28	57	152	61	34	22	42	256	0	301	41	23	11	15	27	24	47	39	47	9	5	14	19	55	29	20	13	12	20	30	23	22	17	4	5	3	4	5	3	7	8	9	10	6	4	5	3	9	10	7	6	6	17	11	5	8	6	14	5	8	5	6	5	7	7	12	9	3	7	5	3	3	1	3	3	4	0	2	8	5	5	5	5	16	5	1	3	1	0	3	4	0	3	1	2
0	0	0	1	1	0	2	2	1	2	4	1	3	3	3	0	0	0	1	1	1	2	2	1	1	1	1	3	2	1	2	3	1	1	2	0	2	2	1	2	1	3	1	0	3	3	1	0	0	6	1	3	1	1	1	1	2	4	7	3	4	2	3	1	4	4	1	2	0	0	0	3	3	6	2	1	8	6	3	5	5	5	4	9	7	8	5	2	1	2	3	2	4	3	7	5	1	4	8	7	13	24	39	823	211	51	29	44	94	301	0	70	28	10	11	19	36	50	61	45	12	17	24	41	102	26	16	7	22	16	32	21	19	16	13	5	8	2	7	5	13	15	16	19	9	3	4	10	11	11	8	7	11	17	12	5	11	9	9	12	6	9	6	4	7	6	13	10	1	2	5	2	4	2	4	5	2	3	6	7	10	6	3	9	7	10	7	0	4	4	5	2	7	2	0	3
0	0	0	0	0	1	1	2	2	2	3	1	1	4	0	2	0	0	1	1	0	0	0	1	1	0	1	1	2	0	0	0	0	0	1	1	1	1	1	0	2	3	1	2	1	1	0	2	4	2	3	1	2	2	1	1	2	3	1	5	2	2	3	5	1	3	3	2	1	3	1	3	4	3	4	5	5	3	4	6	5	7	9	3	4	1	0	2	2	3	1	5	3	3	4	1	4	5	2	3	11	11	20	108	281	139	24	24	31	41	70	0	61	12	10	19	23	37	60	33	31	22	47	132	76	139	27	18	16	36	74	22	17	10	9	7	3	2	7	4	19	49	29	29	22	13	9	5	20	9	9	8	10	13	16	9	12	10	18	18	16	6	8	17	8	10	19	11	7	3	8	11	5	5	5	6	2	5	4	8	9	13	11	9	10	14	11	4	3	9	6	6	2	3	6	2
0	0	0	1	0	0	0	1	4	0	4	3	3	5	1	0	0	0	0	2	1	1	0	3	4	1	1	0	0	1	1	0	0	0	1	0	3	0	3	0	4	2	3	1	0	1	1	1	1	2	2	2	1	2	2	0	3	3	3	4	2	5	2	1	1	2	3	3	0	1	1	2	1	4	3	7	7	7	5	10	10	18	11	9	6	2	3	0	2	5	0	0	4	5	2	5	1	7	5	5	14	17	37	40	38	550	75	43	26	23	28	61	0	45	43	41	98	120	115	23	17	13	19	23	15	42	56	38	26	53	209	57	39	11	7	11	6	6	12	9	30	41	34	43	27	17	12	17	25	21	13	15	21	17	12	6	3	12	11	9	15	10	15	6	6	5	18	22	9	12	5	9	10	5	3	1	2	5	4	4	8	13	3	12	14	20	8	5	1	6	5	3	3	2	4	2
0	0	0	1	1	1	2	3	1	2	4	0	3	1	3	1	1	0	1	3	3	1	2	2	1	1	1	0	2	2	2	0	1	2	0	3	2	2	4	0	1	1	2	1	0	1	1	1	0	3	0	4	3	1	0	0	3	1	3	1	2	4	3	4	4	2	4	4	2	1	1	1	2	1	1	5	6	13	6	17	27	41	17	17	11	4	5	1	3	4	3	2	6	10	3	11	4	8	12	7	18	34	21	16	14	32	52	53	16	11	10	12	45	0	244	231	143	46	36	11	4	5	8	11	7	17	24	29	18	20	23	47	33	18	18	6	11	7	14	7	15	6	17	18	10	10	14	16	53	64	32	16	17	10	7	4	8	6	6	6	6	7	19	7	8	7	4	15	6	4	8	10	7	2	3	2	3	5	3	6	5	6	6	5	6	11	4	5	4	4	7	3	1	1	0	2
0	0	0	1	1	2	0	0	2	2	2	3	1	4	1	1	2	1	1	1	0	1	1	3	1	3	2	0	0	1	1	2	1	0	1	3	1	2	1	0	1	1	3	3	1	1	1	0	0	1	3	2	2	8	1	1	1	5	5	2	4	7	4	3	1	4	1	4	0	0	3	3	4	5	3	4	6	9	18	27	29	78	35	19	17	1	7	4	3	1	2	8	3	9	7	14	9	17	12	14	36	60	32	19	8	22	77	76	24	15	11	10	43	244	0	723	164	53	26	8	4	5	12	3	7	8	21	24	21	22	28	38	36	18	12	11	7	7	12	9	8	10	5	17	6	11	5	24	33	27	36	23	14	16	11	2	7	4	7	6	4	6	4	9	5	5	7	4	8	7	5	8	9	5	1	2	2	4	2	5	5	4	1	7	5	5	3	3	6	6	3	4	1	1	1	4
0	0	0	1	1	2	1	1	2	2	2	0	1	1	1	2	1	0	2	1	0	0	1	0	0	0	0	0	0	2	1	1	0	0	1	4	7	4	3	1	1	1	0	3	1	1	2	3	1	3	2	2	2	4	2	2	2	2	2	2	2	3	1	3	4	3	2	0	0	3	0	4	4	0	1	2	10	21	15	17	24	72	39	23	16	5	10	3	5	1	1	5	4	8	6	10	13	13	14	12	27	54	46	17	13	28	130	136	29	27	19	19	41	231	723	0	387	98	62	20	8	4	14	11	14	17	43	39	18	32	41	51	57	23	16	18	17	14	12	10	15	14	6	15	10	12	7	15	32	57	30	29	17	16	11	2	3	2	3	3	6	7	4	14	8	3	3	9	5	5	3	5	10	1	3	5	2	0	2	3	6	6	3	7	14	7	3	5	9	5	3	1	2	1	1	3
0	0	0	0	3	3	5	3	2	0	3	3	1	0	3	0	1	1	0	0	0	1	2	1	0	0	4	1	1	1	2	0	0	1	0	0	1	2	2	2	2	2	1	3	0	3	1	1	0	2	1	3	5	1	1	0	2	3	3	3	5	3	2	3	4	3	1	3	1	1	2	1	4	4	4	8	8	11	13	24	24	47	23	14	11	5	4	1	5	7	4	4	3	8	8	9	10	6	10	14	27	37	55	28	17	67	441	200	32	24	36	23	98	143	164	387	0	229	97	23	13	7	12	10	20	16	61	37	20	43	68	121	78	28	12	12	3	12	11	7	18	16	15	19	24	10	11	15	41	38	20	9	24	16	13	9	5	4	10	7	10	9	8	6	5	8	10	6	3	7	9	9	12	7	5	3	2	0	3	2	5	4	9	9	4	4	7	6	3	2	5	3	2	4	6	1
0	0	0	0	1	2	1	0	3	2	3	1	1	1	4	3	3	0	0	1	0	0	0	2	0	3	0	0	2	1	0	2	0	0	1	0	0	0	2	1	2	3	1	0	2	1	0	1	3	2	2	2	2	2	4	0	1	0	0	6	5	4	0	4	2	5	1	2	1	0	2	1	2	7	5	1	6	9	13	10	17	15	12	21	9	6	1	3	3	1	0	3	4	4	3	5	4	7	11	11	23	53	116	58	30	97	232	165	86	47	50	37	120	46	53	98	229	0	173	27	12	7	20	16	27	19	33	26	12	42	71	46	44	21	10	8	6	6	9	8	14	17	10	17	9	6	6	9	21	24	11	8	12	19	15	4	12	8	13	5	8	6	7	7	8	10	9	11	7	6	2	5	6	2	3	2	0	4	12	2	5	4	3	11	10	6	4	4	4	3	6	6	5	0	3	2
0	0	0	0	1	2	1	3	0	1	3	4	2	3	3	1	3	1	0	1	3	2	2	2	2	1	3	1	0	2	2	4	1	2	1	1	0	5	0	2	0	1	1	2	2	2	1	2	3	0	2	1	0	1	3	3	2	4	4	3	5	6	2	3	0	7	2	3	1	0	3	3	3	1	5	4	10	12	3	11	17	22	12	9	13	11	4	3	3	6	2	8	10	4	11	8	2	10	6	11	16	29	61	51	53	107	205	92	77	39	61	60	115	36	26	62	97	173	0	61	27	10	34	32	35	52	70	30	29	88	215	98	50	32	14	13	11	12	13	14	16	26	10	30	11	11	9	7	22	20	14	12	18	28	20	11	12	10	7	8	9	3	8	13	8	9	15	13	5	5	10	7	9	5	9	2	2	4	5	2	10	12	7	15	17	13	8	3	1	2	5	3	2	5	2	8
0	0	0	3	2	2	0	3	3	2	2	2	1	4	0	3	5	0	0	1	0	1	4	4	1	2	2	0	3	1	2	1	2	0	2	2	2	1	3	1	1	1	1	2	2	1	1	1	2	7	1	3	3	2	0	1	2	3	3	6	8	5	2	4	9	3	6	4	2	1	0	1	3	5	7	3	10	5	6	10	5	9	6	9	11	6	3	6	5	7	7	6	5	6	11	6	7	2	3	9	9	14	16	29	53	22	30	26	44	47	45	33	23	11	8	20	23	27	61	0	72	41	49	52	68	80	38	12	23	59	47	30	20	26	18	6	8	9	8	8	9	25	13	11	14	5	3	7	21	14	8	1	15	29	31	14	22	8	11	10	11	4	5	6	7	15	25	17	6	6	8	8	9	6	5	3	2	7	5	10	16	12	11	20	21	15	6	4	1	3	7	3	3	6	2	3
0	0	0	1	3	0	3	0	4	3	2	4	2	1	6	3	1	1	2	2	2	3	4	1	5	1	0	1	0	2	2	2	2	0	0	2	1	1	2	3	1	1	1	1	4	1	0	3	4	2	3	4	3	2	3	0	2	6	4	5	5	12	3	5	5	1	2	1	1	4	2	3	5	2	4	6	6	7	13	6	5	9	7	7	8	4	10	6	2	7	5	1	6	11	8	4	3	3	2	6	5	6	8	18	18	16	8	13	19	9	12	31	17	4	4	8	13	12	27	72	0	132	93	31	37	93	24	14	36	58	30	29	16	23	34	15	12	13	11	5	28	28	12	28	18	18	3	8	6	10	4	16	15	43	61	37	53	36	14	22	11	19	22	14	21	24	147	34	16	11	6	14	9	8	8	2	5	10	10	19	44	46	29	48	38	21	23	11	8	14	11	7	7	3	4	6
0	0	0	0	1	3	1	4	3	3	6	1	4	3	2	3	1	1	1	0	0	0	0	3	0	1	0	3	2	1	3	1	0	2	2	0	1	2	2	1	2	4	0	0	2	1	0	0	1	3	1	1	2	1	2	0	2	5	3	6	8	4	4	5	1	4	1	1	1	0	0	3	2	0	3	3	6	4	5	4	4	7	5	7	9	7	6	0	2	7	3	6	6	5	7	4	2	1	4	6	7	3	4	10	20	17	4	12	11	5	17	22	13	5	5	4	7	7	10	41	132	0	230	57	29	55	16	11	24	16	16	13	11	18	10	7	5	2	4	11	16	29	25	13	19	11	4	5	4	11	11	9	13	12	25	26	60	60	54	49	18	17	16	11	29	79	246	36	7	12	9	19	9	13	7	9	11	8	16	27	91	36	24	36	42	51	23	10	17	13	22	5	3	9	1	7
0	0	0	0	0	1	4	0	2	0	3	2	4	0	1	1	1	1	0	2	1	1	0	0	3	2	2	2	2	1	0	1	1	2	3	4	0	3	1	1	2	1	0	2	1	1	1	3	2	2	3	4	1	0	0	3	0	0	1	4	5	7	6	3	5	4	3	1	0	3	3	3	2	1	2	2	6	3	5	4	4	4	3	3	5	5	3	3	6	6	2	4	4	4	6	2	3	2	8	5	4	6	9	30	40	28	6	12	12	14	24	47	19	8	12	14	12	20	34	49	93	230	0	175	46	204	18	15	18	27	31	15	16	16	11	6	3	1	6	8	21	51	22	22	16	11	4	6	9	12	5	6	8	22	18	17	20	32	38	46	18	14	10	12	21	53	97	38	12	12	9	6	7	8	6	11	4	11	9	19	36	25	12	21	20	30	17	7	6	7	10	6	6	2	2	5
0	0	0	0	1	3	0	1	4	4	1	1	1	4	0	2	0	0	0	0	3	1	1	2	2	1	1	2	1	0	0	4	3	1	0	0	3	1	1	3	1	2	0	1	1	1	0	3	1	2	1	3	2	1	2	1	2	2	2	1	4	3	1	2	0	1	4	2	0	3	0	3	1	6	2	2	3	5	5	5	5	4	2	4	4	4	1	3	3	1	3	2	4	3	3	3	7	7	4	5	6	13	8	49	132	36	20	13	19	19	41	132	23	11	3	11	10	16	32	52	31	57	175	0	230	177	15	12	13	30	46	11	9	8	5	4	3	1	6	9	15	39	14	17	15	9	5	7	10	6	7	4	4	10	13	16	9	21	26	17	13	11	11	9	10	27	45	22	4	6	5	9	8	6	5	7	6	4	9	16	17	9	17	13	18	18	10	6	8	4	10	3	3	3	2	2
0	0	0	0	2	3	0	3	5	1	3	1	3	2	4	1	1	1	0	2	2	0	0	4	2	1	2	3	1	1	3	1	2	2	0	4	0	0	1	2	3	4	1	2	2	1	2	0	1	4	1	2	0	1	3	1	1	2	3	0	3	1	3	2	3	3	0	1	3	5	1	2	1	5	4	2	6	2	2	8	4	4	5	6	5	7	1	3	1	2	3	2	5	2	2	6	3	4	5	8	6	12	17	73	192	21	16	12	34	55	102	76	15	7	7	14	20	27	35	68	37	29	46	230	0	55	12	9	6	20	25	9	12	14	12	5	3	7	4	2	7	23	12	18	11	6	4	8	8	5	3	11	5	5	15	8	19	14	15	12	10	7	6	5	5	18	21	8	3	4	6	10	2	9	5	4	2	7	2	13	13	7	7	12	14	17	6	9	13	8	6	6	2	1	2	5
0	0	0	1	0	1	0	2	1	4	5	3	1	2	3	0	1	1	1	2	1	0	0	1	0	1	3	2	1	0	3	2	1	1	3	0	1	4	1	3	3	1	1	2	1	1	0	1	3	4	4	1	3	3	0	2	2	3	3	6	7	1	2	1	4	5	3	1	4	1	2	4	3	3	2	3	13	3	4	5	3	10	5	10	7	4	4	1	2	4	4	4	1	3	4	5	4	5	7	5	9	8	14	36	63	50	27	19	22	29	26	139	42	17	8	17	16	19	52	80	93	55	204	177	55	0	58	27	20	86	79	22	19	18	16	7	8	6	6	10	25	68	24	47	29	14	10	13	20	7	8	13	17	17	27	12	20	28	25	28	21	14	13	14	27	30	76	32	10	5	7	12	9	4	7	4	4	7	12	6	17	13	13	23	35	32	16	15	8	11	7	8	2	2	2	5
0	0	0	3	0	0	2	2	4	1	3	2	1	0	3	3	0	2	2	1	1	2	1	1	1	3	2	3	1	3	3	2	2	0	1	3	3	1	0	3	2	0	1	2	2	2	1	2	1	2	4	3	2	1	0	0	2	5	4	5	8	2	7	0	3	3	2	1	3	1	2	2	4	7	6	6	8	13	8	8	14	15	10	18	5	3	7	3	4	3	4	1	4	10	6	6	6	4	5	8	8	12	12	20	26	40	54	30	15	20	16	27	56	24	21	43	61	33	70	38	24	16	18	15	12	58	0	142	272	417	205	224	72	37	31	21	15	12	28	31	61	32	26	80	30	24	16	32	55	41	26	42	63	79	53	14	18	21	11	13	15	19	21	16	7	17	24	38	21	14	15	12	20	9	3	8	3	8	8	9	8	17	14	25	39	17	7	7	9	16	6	11	7	5	5	0
0	0	0	0	1	0	2	0	5	3	6	2	1	0	2	0	0	4	2	1	1	0	0	1	4	1	2	1	1	1	2	2	1	5	0	4	0	2	2	2	3	2	1	4	2	1	2	0	0	4	0	0	1	1	1	2	5	4	5	8	6	1	2	1	5	2	1	1	3	2	2	1	4	6	7	8	8	5	13	17	17	16	10	14	7	7	7	3	4	8	9	11	8	5	9	8	2	5	6	7	7	16	14	9	12	25	31	21	7	13	7	18	38	29	24	39	37	26	30	12	14	11	15	12	9	27	142	0	271	73	45	70	52	32	28	19	22	29	67	66	79	19	21	62	21	36	19	73	138	76	39	129	164	70	29	6	14	15	10	11	16	15	18	30	9	9	17	25	27	23	25	34	36	12	8	6	5	6	9	2	7	9	11	20	40	19	9	7	4	9	12	8	1	3	5	5
0	0	0	0	0	1	1	3	1	5	4	4	3	2	1	2	2	1	2	0	1	0	2	4	4	1	0	3	1	1	5	0	1	0	1	0	0	2	1	3	1	3	1	1	1	1	2	1	1	3	3	5	1	2	1	4	2	2	2	9	10	3	3	2	3	3	1	4	1	2	2	3	4	5	4	5	6	7	5	10	14	13	7	14	7	4	7	4	3	4	4	12	7	6	8	8	5	9	8	7	10	10	9	8	10	21	27	16	5	12	22	16	26	18	21	18	20	12	29	23	36	24	18	13	6	20	272	271	0	134	72	73	49	26	44	20	11	21	33	34	101	28	16	81	29	31	21	29	50	33	23	56	139	134	63	22	25	13	14	15	14	25	28	35	21	18	31	46	25	25	33	33	31	3	9	7	4	4	10	15	16	14	17	25	63	37	12	13	7	12	10	14	5	5	9	3
0	0	0	1	2	2	3	1	4	3	5	3	2	1	7	0	0	1	0	0	2	0	1	1	1	1	4	2	3	0	2	3	0	2	0	1	3	1	1	0	2	2	3	1	2	1	1	1	2	1	2	1	6	2	0	0	1	1	7	6	4	3	0	4	3	3	1	2	1	1	1	0	5	1	1	6	9	4	7	5	9	18	13	15	6	5	5	4	2	4	2	7	6	9	14	9	1	4	10	6	3	9	19	21	30	44	47	39	22	20	16	36	53	20	22	32	43	42	88	59	58	16	27	30	20	86	417	73	134	0	289	157	60	38	35	18	24	5	17	23	39	25	21	71	14	19	21	18	33	27	16	15	41	84	32	25	28	12	19	15	12	12	15	21	10	12	37	31	21	9	14	13	6	4	3	4	6	8	3	9	11	20	16	25	30	30	14	7	8	10	13	7	5	2	2	1
0	0	0	2	1	2	2	3	4	2	2	5	3	1	1	3	1	2	1	1	0	3	1	1	3	4	0	0	1	1	0	3	0	3	2	2	3	2	4	1	1	1	3	1	1	1	0	0	6	2	3	0	1	2	0	5	1	2	5	2	4	5	2	6	1	1	0	3	2	2	1	0	5	2	3	5	5	3	11	9	5	15	11	12	7	8	4	4	3	4	4	6	7	4	8	8	8	9	11	10	13	19	28	39	63	132	94	55	26	30	32	74	209	23	28	41	68	71	215	47	30	16	31	46	25	79	205	45	72	289	0	121	59	25	21	10	12	6	11	16	31	33	33	70	30	15	16	14	31	29	21	17	25	40	24	12	13	13	15	15	13	7	14	16	12	16	43	32	11	11	9	10	5	10	1	5	2	5	7	7	12	8	7	12	25	19	10	5	9	7	4	5	4	6	2	2
0	0	0	0	1	0	0	3	4	3	5	2	2	2	4	3	0	0	3	1	1	0	2	0	5	6	3	0	1	1	1	3	3	2	1	0	2	2	0	4	2	0	0	2	3	0	0	1	1	0	1	0	2	0	1	2	3	3	1	6	7	7	4	4	3	4	1	4	2	2	0	2	5	3	2	6	9	11	15	13	16	42	22	15	10	7	10	2	7	4	4	4	9	8	11	8	8	10	17	8	14	22	20	14	25	40	177	93	29	23	21	22	57	47	38	51	121	46	98	30	29	13	15	11	9	22	224	70	73	157	121	0	315	74	41	20	26	17	18	18	30	20	11	45	16	12	10	14	40	43	24	44	55	65	25	13	12	8	7	7	7	10	10	11	8	7	12	8	14	12	10	11	11	7	2	4	5	5	4	8	6	11	7	16	16	13	2	7	4	1	10	4	2	4	4	3
0	0	0	3	2	0	3	3	3	3	1	4	6	3	4	3	0	1	2	1	1	0	0	2	0	3	1	2	2	1	2	2	2	3	3	0	1	0	4	0	2	4	1	3	1	0	2	0	4	2	3	1	3	3	3	4	4	5	8	9	3	3	5	1	2	6	6	3	2	1	2	2	4	5	11	7	17	20	24	38	26	67	27	28	18	13	10	6	6	5	3	8	13	10	18	15	10	12	21	25	26	21	21	12	14	23	122	61	23	22	19	17	39	33	36	57	78	44	50	20	16	11	16	9	12	19	72	52	49	60	59	315	0	111	49	22	33	20	19	15	23	9	10	16	10	18	13	16	28	50	33	37	65	57	27	9	5	11	6	12	11	9	11	4	8	4	14	7	6	8	14	13	8	4	2	2	1	3	8	3	5	16	12	10	13	13	6	4	3	6	6	3	3	1	5	1
0	0	0	1	1	3	1	1	6	2	5	5	4	3	5	1	2	4	2	2	2	1	1	1	3	1	1	3	1	6	3	4	2	3	3	1	0	0	3	3	2	4	1	2	4	2	1	1	4	1	6	1	4	4	3	2	3	5	3	8	17	20	3	5	3	8	2	4	2	1	2	1	8	6	9	7	29	26	15	22	13	31	20	37	28	14	14	8	8	4	4	14	11	12	35	16	11	13	16	20	20	20	12	16	11	18	45	31	18	17	16	10	11	18	18	23	28	21	32	26	23	18	16	8	14	18	37	32	26	38	25	74	111	0	170	49	31	23	11	13	17	9	10	19	10	2	5	6	10	15	19	28	49	67	31	13	10	5	5	5	7	7	10	9	8	12	16	7	7	8	12	21	10	8	3	4	3	2	3	7	8	14	9	15	13	13	8	3	4	7	5	3	3	3	2	4
0	0	0	3	2	2	3	5	1	4	10	3	6	2	4	3	0	2	1	2	3	1	2	3	5	3	2	1	3	2	3	3	3	3	2	1	5	1	3	1	7	1	1	0	1	0	2	3	6	4	3	3	2	3	2	3	4	0	6	12	17	14	6	6	8	7	4	9	6	5	3	5	5	5	11	4	16	13	15	13	8	11	9	13	14	9	16	5	12	10	7	12	14	23	26	17	11	4	11	4	16	5	9	11	10	7	17	17	13	4	13	9	7	18	12	16	12	10	14	18	34	10	11	5	12	16	31	28	44	35	21	41	49	170	0	87	30	24	16	10	19	9	4	14	9	10	9	6	20	22	13	22	57	172	55	27	18	7	5	8	2	4	8	11	9	6	12	18	10	14	12	28	23	9	3	3	6	6	2	3	13	15	24	25	21	15	5	2	8	5	4	5	4	0	2	3
0	0	0	1	0	1	4	3	2	3	7	6	6	5	2	2	0	0	0	2	2	1	0	1	4	3	1	2	3	3	2	3	2	1	1	2	1	3	1	5	3	3	2	2	6	1	1	2	5	5	2	1	3	3	2	1	4	5	8	9	16	18	12	8	10	13	6	0	6	4	4	6	11	11	10	13	21	18	17	11	18	24	8	11	12	13	23	13	23	19	12	40	30	50	60	17	13	11	8	12	4	9	10	5	5	12	17	13	13	5	5	7	11	6	11	18	12	8	13	6	15	7	6	4	5	7	21	19	20	18	10	20	22	49	87	0	142	105	29	15	10	6	3	11	8	6	4	9	16	15	23	39	50	40	19	14	10	8	6	3	4	6	8	10	3	0	9	11	9	11	9	30	23	5	3	1	1	3	2	4	5	14	16	14	11	4	10	4	3	2	10	4	1	2	6	2
0	0	0	1	0	0	2	2	4	2	3	4	5	4	3	2	4	4	0	1	0	1	2	2	2	1	3	5	2	2	6	6	1	2	6	0	4	1	2	4	3	2	1	7	3	1	2	3	1	3	5	2	3	4	1	2	0	3	9	9	7	9	10	10	12	10	6	5	3	4	1	4	7	6	7	10	23	25	26	35	21	13	14	19	11	20	26	8	10	9	11	41	34	35	113	23	6	11	12	10	10	10	6	3	5	5	17	9	4	3	8	3	6	11	7	17	3	6	11	8	12	5	3	3	3	8	15	22	11	24	12	26	33	31	30	142	0	154	27	13	11	3	7	8	8	6	11	12	22	25	17	36	43	16	12	9	6	3	3	2	3	10	8	5	5	2	5	3	11	11	11	14	9	6	1	2	3	1	4	4	3	4	11	8	14	9	3	3	4	4	6	4	1	3	2	9
0	0	0	0	4	0	1	1	3	4	2	3	4	2	1	1	1	0	2	0	2	0	1	1	2	1	4	1	2	1	5	0	1	2	2	2	2	3	4	5	1	1	1	0	2	0	1	1	0	4	4	4	4	4	4	1	3	4	5	9	9	10	4	7	8	9	4	2	5	2	4	8	9	6	9	4	9	16	21	20	31	24	5	11	6	11	14	12	9	11	13	21	24	22	26	8	9	6	6	12	5	6	9	3	6	6	16	13	6	4	2	2	6	7	7	14	12	6	12	9	13	2	1	1	7	6	12	29	21	5	6	17	20	23	24	105	154	0	62	22	12	7	4	12	6	5	6	12	22	38	46	78	54	25	21	6	11	4	3	5	4	6	10	12	5	6	12	11	5	14	24	39	20	7	7	4	7	1	7	3	4	8	8	12	7	5	1	8	6	4	4	6	8	8	1	6
0	0	0	3	1	1	2	1	3	3	1	2	1	2	1	0	2	0	1	2	2	0	1	0	2	1	0	1	0	0	1	4	2	0	1	1	4	1	4	2	3	0	0	3	1	2	1	2	0	3	1	2	2	0	0	1	2	3	5	6	2	3	4	4	3	7	2	2	3	1	1	1	4	4	1	3	8	3	9	20	27	23	8	11	9	5	4	3	5	9	7	13	7	15	16	7	3	6	5	5	3	6	2	7	1	9	13	13	3	5	7	7	12	14	12	12	11	9	13	8	11	4	6	6	4	6	28	67	33	17	11	18	19	11	16	29	27	62	0	88	27	9	10	21	9	15	30	62	72	72	98	337	57	24	5	6	6	6	5	4	10	12	13	17	7	9	5	10	14	32	30	32	28	13	6	7	2	10	3	6	5	9	15	3	15	10	9	3	5	5	6	6	8	9	2	3
0	0	0	0	0	1	2	0	0	2	2	3	1	1	1	0	0	2	0	3	0	1	0	0	0	1	3	1	0	1	2	0	1	0	0	2	1	1	0	1	1	1	1	1	0	4	0	2	2	1	3	5	1	1	1	3	2	2	6	5	6	7	2	5	0	5	1	2	2	1	1	2	3	3	6	3	3	6	6	8	13	7	11	2	6	4	8	3	5	3	4	5	7	5	7	5	5	3	1	2	2	6	1	4	8	12	11	8	4	3	5	4	9	7	9	10	7	8	14	8	5	11	8	9	2	10	31	66	34	23	16	18	15	13	10	15	13	22	88	0	57	9	21	28	29	58	109	286	56	36	32	72	37	16	12	9	15	6	12	9	12	33	32	30	14	9	6	22	45	60	77	51	35	20	12	10	6	9	11	6	12	4	10	13	31	16	8	11	13	10	9	8	7	10	8	8
0	0	0	1	1	1	0	3	0	1	5	4	1	1	1	0	0	0	0	0	0	2	2	1	1	2	0	4	2	2	1	1	0	0	2	0	0	0	0	3	0	2	0	2	2	1	1	4	1	2	3	2	2	2	1	0	2	3	4	3	10	2	3	3	5	4	1	4	0	1	1	2	5	1	5	6	10	10	6	8	15	9	7	3	5	7	5	4	1	2	3	4	6	8	5	5	5	8	3	1	5	5	9	16	10	22	21	15	6	7	13	19	30	15	8	15	18	14	16	9	28	16	21	15	7	25	61	79	101	39	31	30	23	17	19	10	11	12	27	57	0	53	58	251	163	123	65	74	48	20	22	21	42	32	26	13	13	23	18	17	24	57	75	72	29	16	31	128	37	31	32	28	38	13	9	13	4	12	19	6	16	8	15	24	94	58	12	7	8	18	17	14	9	7	6	8
0	0	0	0	1	1	2	1	0	2	3	2	2	3	3	0	0	1	0	2	0	0	0	1	0	1	1	0	0	2	3	1	2	2	1	3	0	1	1	0	0	1	0	2	3	3	2	2	0	2	1	2	1	1	2	0	1	1	2	0	8	6	2	2	0	3	1	2	2	0	1	1	2	0	2	4	4	1	3	7	3	8	5	8	4	3	6	0	1	4	2	4	2	0	2	2	6	2	1	4	7	5	12	13	24	43	13	10	15	8	15	49	41	6	10	14	16	17	26	25	28	29	51	39	23	68	32	19	28	25	33	20	9	9	9	6	3	7	9	9	53	0	196	142	122	20	14	16	18	12	13	5	14	15	14	9	13	44	56	34	55	21	34	15	43	36	43	82	14	14	9	9	10	11	8	7	5	9	16	19	19	10	11	20	31	54	22	11	5	12	18	10	8	4	10	4
0	0	0	1	1	0	0	2	1	0	4	1	1	5	1	1	1	1	1	1	0	1	2	1	1	2	1	1	0	0	5	0	0	0	0	0	0	1	0	0	1	1	1	4	2	2	1	1	1	2	1	3	1	3	0	2	0	1	2	4	2	4	0	2	2	4	0	0	3	2	0	0	2	2	3	6	4	6	2	5	6	11	4	3	2	5	3	1	2	2	4	3	4	5	2	1	8	1	7	2	3	6	4	11	17	18	2	9	8	9	16	29	34	17	5	6	15	10	10	13	12	25	22	14	12	24	26	21	16	21	33	11	10	10	4	3	7	4	10	21	58	196	0	103	339	50	26	20	22	10	16	16	7	19	12	11	11	23	19	35	60	35	23	37	41	28	22	66	21	14	12	7	14	10	7	8	9	9	17	10	10	11	10	18	26	47	11	17	10	21	14	5	10	4	5	5
0	0	0	0	2	1	1	2	1	3	2	1	3	3	0	3	3	0	2	1	1	1	2	1	1	0	1	1	0	1	0	2	3	0	3	2	2	3	0	1	1	2	0	0	0	0	0	0	4	1	1	0	0	1	1	4	0	0	6	6	5	2	3	5	3	1	1	1	3	2	0	0	4	5	5	2	6	4	8	3	8	12	6	8	6	9	1	0	3	4	3	2	5	3	8	4	3	4	2	7	1	11	13	14	14	42	23	13	9	10	19	29	43	18	17	15	19	17	30	11	28	13	22	17	18	47	80	62	81	71	70	45	16	19	14	11	8	12	21	28	251	142	103	0	177	59	39	37	32	20	14	23	28	22	25	7	13	28	26	16	33	34	36	34	22	32	53	127	33	21	19	15	11	22	6	10	6	6	11	8	18	21	15	26	50	60	15	9	8	23	14	8	7	2	12	10
0	0	0	3	1	2	0	0	1	1	4	0	3	2	1	1	0	1	1	0	0	0	2	0	3	1	1	1	0	1	1	1	0	2	0	0	1	0	1	1	1	0	1	0	0	0	1	0	1	1	2	2	1	1	2	2	1	2	4	0	7	3	1	1	5	3	0	4	3	1	0	3	3	4	9	1	5	1	6	6	6	9	6	3	2	3	1	1	2	5	2	1	0	1	6	7	3	4	4	3	6	10	4	15	10	14	16	13	5	6	9	22	27	10	6	10	24	9	11	14	18	19	16	15	11	29	30	21	29	14	30	16	10	10	9	8	8	6	9	29	163	122	339	177	0	99	30	45	31	12	12	16	17	17	17	14	20	42	48	21	81	47	61	78	35	25	25	148	41	26	18	11	11	17	16	9	3	12	13	11	16	6	11	25	56	57	20	19	12	26	18	22	4	3	11	8
0	0	0	1	2	1	1	2	1	1	3	2	0	0	1	1	1	3	0	2	0	0	1	0	2	1	0	3	0	1	4	2	0	2	1	0	1	0	0	1	2	2	2	4	3	0	1	2	0	3	2	3	2	0	1	0	1	0	2	5	5	4	1	2	5	4	2	3	1	3	0	2	2	1	2	2	6	4	1	3	8	6	3	6	5	1	5	5	3	2	4	3	2	2	2	5	1	4	0	6	2	5	6	6	7	10	10	7	3	4	3	13	17	10	11	12	10	6	11	5	18	11	11	9	6	14	24	36	31	19	15	12	18	2	10	6	6	5	15	58	123	20	50	59	99	0	241	81	25	15	19	15	15	12	16	11	10	18	11	14	32	137	208	111	21	10	16	70	69	57	47	15	25	21	22	18	6	15	16	10	8	3	15	24	64	53	18	9	14	27	14	23	13	5	4	11
0	0	0	0	1	1	0	2	1	3	2	1	3	1	2	0	1	1	1	1	3	0	1	0	2	1	1	2	1	2	3	1	1	1	0	2	1	0	0	3	4	1	0	0	2	1	0	3	1	3	2	0	0	1	1	0	1	1	1	2	2	3	6	1	3	2	1	2	3	2	0	2	0	1	3	2	8	4	4	5	5	10	6	4	5	1	3	2	3	3	2	1	3	8	4	5	2	0	2	4	1	3	5	6	3	6	9	4	3	5	4	9	12	14	5	7	11	6	9	3	3	4	4	5	4	10	16	19	21	21	16	10	13	5	9	4	11	6	30	109	65	14	26	39	30	241	0	163	36	30	21	16	21	11	16	6	9	11	11	7	16	50	50	39	7	5	11	34	24	33	31	18	17	18	21	6	9	9	7	6	7	7	5	12	17	18	4	11	9	17	17	13	4	2	3	15
0	0	0	0	3	1	2	0	2	0	3	2	1	0	1	3	1	0	0	1	0	1	1	2	0	1	4	0	1	0	0	2	0	0	2	2	0	2	1	0	0	0	0	0	2	0	2	1	0	0	1	4	0	1	0	1	4	0	2	3	1	1	6	1	1	1	2	2	1	0	2	1	1	2	3	5	5	3	12	13	8	17	2	2	0	2	3	1	7	3	5	7	4	5	6	4	1	3	5	4	7	4	6	5	3	9	11	13	9	3	10	5	17	16	24	15	15	9	7	7	8	5	6	7	8	13	32	73	29	18	14	14	16	6	6	9	12	12	62	286	74	16	20	37	45	81	163	0	91	37	55	48	29	14	14	5	13	10	9	8	11	18	35	30	10	9	9	24	22	31	26	21	22	12	18	7	9	5	12	9	5	4	6	13	16	25	14	5	4	14	12	13	4	6	7	9
0	0	0	0	2	2	4	0	1	1	1	2	3	1	1	0	0	1	0	0	0	2	1	3	2	2	2	0	1	1	0	4	2	0	1	1	0	1	2	2	2	0	1	1	2	0	2	1	3	1	2	1	4	1	0	1	4	1	3	12	6	7	2	4	5	4	0	2	4	1	1	0	1	1	2	5	6	6	14	15	28	28	9	7	12	4	8	2	0	9	5	2	2	8	12	3	5	10	7	8	8	10	8	11	10	20	31	19	14	9	11	20	25	53	33	32	41	21	22	21	6	4	9	10	8	20	55	138	50	33	31	40	28	10	20	16	22	22	72	56	48	18	22	32	31	25	36	91	0	249	146	109	53	24	10	4	13	10	10	5	6	16	17	21	8	5	14	17	13	8	28	20	16	5	7	2	2	5	6	4	7	7	13	12	30	16	8	4	3	5	6	3	4	1	2	8
0	0	0	1	1	2	0	1	1	2	1	1	6	3	0	1	1	1	2	1	2	2	2	2	0	1	0	1	1	1	1	3	2	3	2	1	1	1	3	1	1	1	2	3	0	0	1	0	3	0	1	1	1	4	3	2	1	4	2	3	4	3	0	1	2	4	3	1	1	0	0	2	2	2	2	4	8	10	14	43	40	63	12	8	8	6	3	5	5	9	10	11	4	1	11	9	8	6	10	9	9	15	7	12	8	14	33	17	6	10	11	9	21	64	27	57	38	24	20	14	10	11	12	6	5	7	41	76	33	27	29	43	50	15	22	15	25	38	72	36	20	12	10	20	12	15	30	37	249	0	319	97	61	22	8	6	8	3	7	6	4	16	14	12	7	8	10	8	9	10	7	10	8	9	6	3	6	2	4	2	6	4	5	11	12	9	7	1	2	6	5	7	2	8	1	4
0	0	0	2	0	1	1	1	2	3	3	0	3	2	5	3	4	0	2	1	1	0	0	1	1	1	2	3	2	1	0	2	2	3	2	0	0	0	5	4	3	2	3	4	1	1	1	1	0	1	3	0	3	0	4	1	2	0	4	2	3	4	3	7	5	2	3	2	4	1	3	0	4	3	0	6	6	10	7	27	52	32	10	12	5	5	2	5	3	3	7	6	7	6	11	6	4	11	12	4	10	10	9	7	3	13	23	24	4	7	8	9	13	32	36	30	20	11	14	8	4	11	5	7	3	8	26	39	23	16	21	24	33	19	13	23	17	46	98	32	22	13	16	14	12	19	21	55	146	319	0	113	39	16	6	5	5	5	3	7	7	5	10	11	6	7	8	14	9	8	16	15	8	11	7	7	5	0	0	4	2	3	4	9	8	7	2	4	2	3	2	5	1	6	2	5
0	0	0	2	3	0	1	0	5	1	3	2	2	3	2	1	3	2	1	0	1	2	1	1	1	2	1	0	4	3	4	5	2	1	2	4	0	1	1	0	0	3	0	0	1	3	0	3	1	4	0	2	0	6	1	4	0	3	4	4	8	2	4	2	6	2	2	3	3	1	1	0	3	3	2	4	13	11	15	16	30	28	11	11	8	7	10	3	8	6	4	6	3	7	17	5	6	8	7	3	9	12	7	5	10	12	15	12	11	6	7	8	15	16	23	29	9	8	12	1	16	9	6	4	11	13	42	129	56	15	17	44	37	28	22	39	36	78	337	72	21	5	16	23	16	15	16	48	109	97	113	0	164	34	5	7	9	7	6	10	6	9	14	14	6	8	12	7	18	31	17	33	23	12	2	6	4	4	5	3	9	6	10	14	22	6	6	8	2	3	8	5	4	4	6	4
0	0	0	0	1	2	0	1	2	3	7	3	3	6	4	3	2	1	1	1	3	0	2	1	0	5	2	1	1	4	3	0	2	3	1	2	1	4	2	4	0	1	1	1	2	2	2	0	7	0	3	1	1	2	1	0	2	4	4	13	8	4	5	4	4	6	3	4	0	2	0	5	3	3	3	9	9	15	10	28	18	15	9	13	9	5	15	7	8	6	11	11	10	8	20	16	1	8	7	3	9	8	8	10	6	14	27	18	7	6	11	10	21	17	14	17	24	12	18	15	15	13	8	4	5	17	63	164	139	41	25	55	65	49	57	50	43	54	57	37	42	14	7	28	17	15	21	29	53	61	39	164	0	93	36	12	6	10	6	7	6	12	20	8	11	5	12	26	20	19	30	43	39	9	7	6	4	8	8	5	7	14	15	12	31	13	8	3	6	10	7	8	6	3	7	4
0	0	0	0	2	6	3	2	2	7	9	4	4	1	2	3	1	2	1	1	1	3	1	1	1	2	2	3	1	2	0	2	3	4	0	1	1	0	1	2	2	1	2	2	4	3	0	2	2	4	5	4	0	2	2	2	2	3	5	10	16	10	7	4	9	5	5	8	2	3	4	4	3	1	10	5	10	5	6	7	14	17	7	6	10	4	7	8	7	8	9	9	12	10	21	8	5	4	6	8	7	9	11	13	18	21	17	15	7	17	17	13	17	10	16	16	16	19	28	29	43	12	22	10	5	17	79	70	134	84	40	65	57	67	172	40	16	25	24	16	32	15	19	22	17	12	11	14	24	22	16	34	93	0	107	30	34	18	10	7	11	20	13	20	10	11	28	23	21	15	22	35	33	13	6	3	2	9	6	5	22	27	24	35	36	22	9	6	6	10	15	9	6	3	4	5
0	0	0	0	2	3	2	4	2	4	5	3	4	0	5	3	1	0	2	3	1	0	0	0	2	4	3	3	2	3	2	4	2	3	1	2	0	1	3	4	6	2	3	2	4	1	2	1	2	4	2	2	3	1	3	0	2	2	6	10	13	11	3	7	4	5	2	6	6	2	1	3	10	2	5	1	3	3	7	9	8	7	4	8	2	13	16	3	11	7	10	13	8	14	5	2	6	2	7	11	1	2	5	10	10	17	21	12	13	11	12	16	12	7	11	11	13	15	20	31	61	25	18	13	15	27	53	29	63	32	24	25	27	31	55	19	12	21	5	12	26	14	12	25	17	16	16	14	10	8	6	5	36	107	0	95	117	26	12	14	12	10	25	19	11	21	45	27	30	27	19	38	36	19	9	6	11	7	6	8	17	68	100	95	64	26	19	18	6	9	14	18	3	10	10	5
0	0	0	0	2	0	1	3	8	5	3	5	1	5	2	2	1	2	0	1	1	3	3	1	1	1	3	3	4	0	3	2	3	1	2	0	2	0	1	5	6	1	1	2	2	2	2	0	2	4	2	1	1	1	2	1	1	4	3	8	24	14	4	9	8	7	1	0	4	3	3	3	5	4	2	6	4	3	7	5	4	7	4	4	7	4	6	10	8	5	8	6	8	5	6	5	4	4	1	3	1	6	4	4	9	5	13	3	8	5	5	9	6	4	2	2	9	4	11	14	37	26	17	16	8	12	14	6	22	25	12	13	9	13	27	14	9	6	6	9	13	9	11	7	14	11	6	5	4	6	5	7	12	30	95	0	174	30	14	9	7	12	15	19	14	12	39	24	26	10	18	22	26	28	12	12	8	11	17	13	43	496	411	86	36	17	20	16	14	11	16	9	8	7	11	9
0	0	0	1	1	3	4	2	1	3	2	1	3	4	2	1	2	0	3	3	1	1	0	1	2	1	0	1	2	0	2	1	0	1	0	0	1	1	5	3	1	1	1	0	3	3	1	1	1	4	2	1	1	0	4	1	2	1	2	7	9	4	6	4	8	2	3	0	2	1	3	1	5	4	4	2	5	2	3	6	3	5	2	7	4	3	5	5	3	7	5	6	3	3	6	3	3	1	1	4	4	3	5	7	13	9	12	7	5	8	11	12	3	8	7	3	5	12	12	22	53	60	20	9	19	20	18	14	25	28	13	12	5	10	18	10	6	11	6	15	13	13	11	13	20	10	9	13	13	8	5	9	6	34	117	174	0	39	37	26	16	21	19	37	22	41	86	37	20	25	19	19	33	18	12	10	15	21	19	32	102	172	84	358	75	39	47	31	14	21	32	19	12	4	9	10
0	0	0	2	0	1	3	4	5	2	2	4	3	2	1	1	0	1	1	0	0	1	0	1	0	0	3	0	1	2	2	1	0	1	2	1	1	0	1	3	2	2	2	2	1	2	0	3	2	2	1	2	1	2	3	2	4	0	3	5	4	3	4	6	3	2	3	4	2	0	4	0	2	4	5	4	3	2	1	3	4	2	5	4	2	2	1	1	1	3	4	7	3	0	3	2	1	5	3	4	4	5	8	8	13	6	5	3	5	6	9	10	12	6	4	2	4	8	10	8	36	60	32	21	14	28	21	15	13	12	13	8	11	5	7	8	3	4	6	6	23	44	23	28	42	18	11	10	10	3	5	7	10	18	26	30	39	0	504	193	99	30	34	34	153	826	85	68	19	14	9	7	10	19	22	4	13	30	51	87	101	21	14	64	59	119	62	38	36	37	44	18	12	10	7	15
0	0	0	2	0	0	6	2	1	1	3	0	2	1	1	1	2	0	1	0	0	1	0	2	1	4	2	2	1	0	1	0	0	0	0	2	2	1	2	3	2	2	1	3	2	2	2	1	0	2	1	1	1	4	0	0	0	2	4	1	7	6	5	3	3	2	2	2	1	0	0	0	4	4	2	2	2	4	4	2	2	5	8	3	3	8	5	4	3	3	0	2	1	5	1	2	1	1	1	1	2	1	2	17	8	8	3	3	6	14	9	18	11	6	7	3	10	13	7	11	14	54	38	26	15	25	11	10	14	19	15	7	6	5	5	6	3	3	5	12	18	56	19	26	48	11	11	9	10	7	3	6	6	10	12	14	37	504	0	638	109	27	28	40	222	704	67	57	21	14	6	14	13	14	15	6	10	20	58	61	54	20	18	34	31	80	50	29	26	31	37	19	7	8	12	11
0	0	0	0	1	0	2	0	0	1	2	2	2	2	1	1	0	1	0	2	1	3	1	1	0	1	2	2	1	0	1	1	3	0	0	2	0	2	2	0	0	1	0	1	2	1	0	2	2	4	3	0	0	1	0	0	0	0	1	4	6	2	3	2	0	3	1	2	1	5	1	1	2	5	6	2	3	4	3	3	4	4	5	4	2	3	2	2	1	1	1	4	2	3	3	1	1	4	2	1	0	2	5	12	9	10	1	1	4	5	12	18	9	6	6	3	7	5	8	10	22	49	46	17	12	28	13	11	15	15	15	7	12	5	8	3	2	5	4	9	17	34	35	16	21	14	7	8	5	6	7	10	7	7	14	9	26	193	638	0	68	22	17	21	104	591	45	27	18	7	10	13	10	10	12	7	9	15	39	93	65	15	7	24	24	51	24	10	31	23	23	11	8	2	16	11
0	0	0	0	0	2	1	4	4	2	3	2	0	2	0	1	2	1	0	2	0	0	2	2	1	0	0	1	1	1	4	1	0	2	2	3	0	2	1	0	3	1	0	1	0	1	1	1	0	1	2	2	1	2	1	1	1	1	2	3	5	2	3	4	4	4	0	4	1	0	1	0	1	2	2	0	2	5	2	3	3	2	2	3	2	4	2	3	3	3	2	1	1	2	4	3	0	2	0	3	1	4	2	9	14	8	3	7	5	8	6	16	15	6	4	6	10	8	9	11	11	18	18	13	10	21	15	16	14	12	13	7	11	7	2	4	3	4	10	12	24	55	60	33	81	32	16	11	6	4	7	6	6	11	12	7	16	99	109	68	0	74	60	57	285	61	27	72	33	19	8	7	14	27	21	8	7	35	59	27	36	7	10	29	42	113	32	21	24	61	40	24	5	7	14	17
0	0	0	0	0	3	2	0	1	1	2	1	0	0	4	0	1	1	3	0	0	0	3	0	1	1	2	3	0	1	3	1	1	1	3	1	1	1	1	1	2	2	1	0	1	3	2	2	2	0	2	1	0	0	1	0	1	3	3	2	7	4	4	0	1	2	3	0	2	0	3	1	0	5	1	0	6	6	4	6	2	4	4	1	1	7	7	2	2	5	7	6	2	6	5	5	2	1	3	0	3	2	2	8	6	9	8	6	5	5	9	6	10	7	6	7	9	6	3	4	19	17	14	11	7	14	19	15	25	12	7	10	9	7	4	6	10	6	12	33	57	21	35	34	47	137	50	18	16	16	5	9	12	20	10	12	21	30	27	22	74	0	931	264	30	20	12	81	116	50	32	17	20	47	59	17	18	26	33	14	16	8	16	32	62	60	25	26	19	54	60	41	10	13	14	11
0	0	0	0	0	0	0	1	1	0	1	3	2	0	1	1	1	0	1	0	1	0	1	1	2	2	2	0	0	0	1	1	0	2	2	1	0	0	1	0	3	1	0	0	0	1	0	0	1	0	0	3	2	1	1	0	0	1	5	3	4	10	3	3	3	3	3	0	2	1	0	0	0	1	0	2	6	4	6	5	3	7	2	4	4	5	3	5	4	6	4	4	2	6	9	5	2	3	5	7	7	1	2	5	9	8	8	10	3	6	6	8	15	19	4	4	8	7	8	5	22	16	10	11	6	13	21	18	28	15	14	10	11	10	8	8	8	10	13	32	75	34	23	36	61	208	50	35	17	14	10	14	20	13	25	15	19	34	28	17	60	931	0	606	36	20	24	85	220	75	39	15	30	51	38	12	10	14	13	12	13	15	14	30	84	86	25	18	16	41	51	34	17	12	7	10
0	0	0	0	2	1	2	2	4	2	4	0	1	3	0	1	2	2	0	1	0	1	0	0	0	1	2	0	1	0	0	0	0	2	0	1	3	0	3	2	3	1	1	1	0	1	2	0	1	1	1	2	2	2	1	0	1	2	3	5	6	5	5	1	2	3	4	0	2	2	1	2	2	4	6	3	5	5	0	3	7	9	2	6	4	2	1	3	4	4	4	8	5	2	6	3	1	1	3	6	1	4	4	8	9	7	12	5	5	5	4	17	6	7	9	14	6	7	13	6	14	11	12	9	5	14	16	30	35	21	16	11	4	9	11	10	5	12	17	30	72	15	37	34	78	111	39	30	21	12	11	14	8	20	19	19	37	34	40	21	57	264	606	0	35	26	37	117	391	76	60	27	41	66	36	17	14	31	37	15	22	13	32	54	137	153	43	32	19	48	60	39	12	9	8	24
0	0	0	0	1	2	1	0	1	0	0	2	1	1	1	2	1	0	2	0	1	0	0	1	3	1	2	1	2	2	0	1	0	3	0	0	0	2	1	1	1	1	0	4	2	0	1	1	3	1	1	0	2	0	2	0	1	4	4	2	1	0	0	2	3	1	1	0	2	0	2	0	0	0	2	1	1	5	3	5	4	8	4	2	3	1	3	3	3	2	5	2	3	3	3	1	1	1	4	1	1	2	7	3	14	5	6	6	5	7	7	8	6	8	5	8	5	8	8	7	21	29	21	10	5	27	7	9	21	10	12	8	8	8	9	3	5	5	7	14	29	43	41	22	35	21	7	10	8	7	6	6	11	10	11	14	22	153	222	104	285	30	36	35	0	115	33	59	40	23	8	7	9	18	24	15	20	45	111	59	22	14	9	30	37	82	64	49	31	91	51	24	14	13	17	18
0	0	0	0	2	1	3	1	2	4	0	3	1	2	1	3	3	1	1	2	1	1	0	3	2	2	2	1	1	0	1	0	1	1	2	0	1	4	2	2	4	2	1	0	3	0	3	0	2	1	6	1	2	1	0	1	2	2	5	4	2	2	2	1	4	1	1	3	0	1	1	1	2	4	1	4	3	6	2	2	3	4	2	2	5	6	2	3	2	4	5	12	2	3	4	2	3	0	0	2	2	6	2	12	11	12	12	6	6	7	6	10	5	7	5	3	8	10	9	15	24	79	53	27	18	30	17	9	18	12	16	7	4	12	6	0	2	6	9	9	16	36	28	32	25	10	5	9	5	8	7	8	5	11	21	12	41	826	704	591	61	20	20	26	115	0	108	39	26	12	10	5	11	12	13	5	13	30	50	124	79	21	9	44	37	59	58	28	28	30	26	9	6	9	10	13
0	0	0	1	1	2	2	4	3	5	8	5	1	0	0	3	0	0	3	4	0	2	2	2	2	1	0	1	2	2	4	3	0	0	1	1	1	0	3	1	3	1	0	1	0	2	4	2	1	0	5	0	1	0	0	0	1	1	3	1	7	3	1	3	4	1	3	2	3	5	2	1	5	1	6	1	7	9	4	2	10	5	6	5	5	2	4	5	2	7	4	4	6	5	10	1	3	5	4	6	3	8	9	16	16	14	14	10	12	12	13	19	18	4	7	3	10	9	15	25	147	246	97	45	21	76	24	17	31	37	43	12	14	16	12	9	5	12	5	6	31	43	22	53	25	16	11	9	14	10	8	12	12	28	45	39	86	85	67	45	27	12	24	37	33	108	0	68	22	10	11	16	11	13	14	9	9	12	18	28	90	41	23	85	77	102	29	17	17	19	20	15	3	8	5	8
0	0	0	0	1	0	2	2	3	4	3	2	2	2	2	0	0	0	0	1	0	0	1	0	1	1	2	1	1	3	3	2	1	1	2	0	3	1	4	2	4	1	1	0	0	1	1	4	4	1	2	4	3	0	1	0	2	1	2	3	2	10	2	4	4	0	4	2	1	2	2	3	2	1	2	5	5	6	4	4	3	7	3	3	3	4	4	7	3	2	2	3	4	8	7	5	4	4	3	5	3	5	6	6	15	24	16	9	8	9	10	11	22	15	4	9	6	11	13	17	34	36	38	22	8	32	38	25	46	31	32	8	7	7	18	11	3	11	10	22	128	82	66	127	148	70	34	24	17	8	14	7	26	23	27	24	37	68	57	27	72	81	85	117	59	39	68	0	53	24	27	20	29	25	20	9	9	16	31	21	23	8	21	61	274	453	24	21	15	22	34	18	11	11	8	6
0	0	0	0	2	2	3	1	3	5	3	0	1	1	3	4	3	2	2	1	0	0	1	1	2	0	3	3	1	1	0	1	2	1	2	0	0	1	1	4	2	0	1	1	2	0	2	2	1	1	3	0	2	0	2	2	3	2	2	5	10	3	2	2	0	6	1	1	0	1	3	1	1	3	4	0	1	3	2	4	3	5	3	4	2	3	5	3	2	9	3	3	6	6	9	1	1	3	0	4	7	4	2	4	5	4	13	3	7	3	1	7	9	6	8	5	3	7	5	6	16	7	12	4	3	10	21	27	25	21	11	14	6	7	10	9	11	5	14	45	37	14	21	33	41	69	24	22	13	9	9	18	20	21	30	26	20	19	21	18	33	116	220	391	40	26	22	53	0	181	117	39	82	101	45	21	17	19	24	8	16	19	29	56	112	89	48	35	18	35	76	51	27	15	9	26
0	0	0	0	2	0	0	2	5	1	1	1	2	3	0	1	2	4	0	0	0	0	1	1	1	0	1	0	2	1	2	1	4	5	0	3	0	2	1	1	2	1	0	1	0	2	1	2	0	0	2	1	0	1	1	0	1	1	4	8	9	9	4	4	1	10	1	3	2	4	1	3	3	2	3	0	1	9	3	2	8	4	2	3	6	3	5	4	4	5	7	6	4	2	7	4	5	4	5	4	4	3	3	7	9	3	6	8	7	7	2	3	12	4	7	5	7	6	5	6	11	12	12	6	4	5	14	23	25	9	11	12	8	8	14	11	11	14	32	60	31	14	14	21	26	57	33	31	8	10	8	31	19	15	27	10	25	14	14	7	19	50	75	76	23	12	10	24	181	0	701	63	106	61	28	11	16	8	15	8	12	10	13	25	32	37	16	12	9	25	35	26	21	4	11	15
0	0	0	0	1	1	1	1	2	3	2	2	2	0	1	5	0	1	0	2	0	2	1	1	1	2	2	1	2	2	2	2	1	2	1	1	1	4	2	1	3	1	2	3	2	2	3	0	1	1	0	3	4	2	6	0	3	0	3	1	7	8	4	2	1	3	2	2	3	4	0	1	5	1	3	3	2	7	6	8	10	8	8	7	4	4	6	2	5	7	7	8	3	6	6	4	1	5	6	4	3	5	8	4	3	6	9	5	3	5	5	8	5	8	5	3	9	2	10	8	6	9	9	5	6	7	15	25	33	14	9	10	14	12	12	9	11	24	30	77	32	9	12	19	18	47	31	26	28	7	16	17	30	22	19	18	19	9	6	10	8	32	39	60	8	10	11	27	117	701	0	112	157	34	16	15	6	16	12	8	13	18	29	18	32	21	12	10	11	10	23	16	19	7	6	7
0	0	0	0	1	1	1	0	2	5	3	3	0	0	3	1	2	4	1	2	0	0	2	2	1	0	0	0	1	3	2	4	1	2	0	1	2	0	0	3	0	4	3	0	4	0	2	3	3	5	0	4	0	2	3	2	1	5	0	7	9	7	6	6	9	1	3	2	1	2	1	4	4	6	5	5	8	6	7	6	13	17	5	4	4	4	13	5	7	10	13	19	10	6	14	4	3	2	6	6	5	6	8	6	4	4	5	7	1	3	2	11	9	10	8	5	9	5	7	8	14	19	6	9	10	12	12	34	33	13	10	11	13	21	28	30	14	39	32	51	28	9	7	15	11	15	18	21	20	10	15	33	43	35	38	22	19	7	14	13	7	17	15	27	7	5	16	20	39	63	112	0	334	16	10	8	7	8	5	10	10	9	28	29	36	16	20	10	3	10	12	13	9	7	9	6
0	0	0	1	3	4	3	0	2	2	2	1	2	3	0	2	2	0	2	2	1	0	2	0	2	4	1	0	0	2	4	5	5	2	0	1	2	4	0	3	1	2	1	5	1	0	2	1	3	2	2	2	4	3	1	2	0	8	6	5	4	7	2	1	6	13	2	1	3	4	3	0	5	4	2	4	5	5	6	6	10	2	6	5	6	8	11	5	10	10	8	9	9	10	10	4	5	0	2	6	2	4	1	4	10	11	7	5	6	3	4	5	10	7	9	10	12	6	9	9	9	9	7	8	2	9	20	36	31	6	5	11	8	10	23	23	9	20	28	35	38	10	14	11	11	25	17	22	16	8	8	23	39	33	36	26	33	10	13	10	14	20	30	41	9	11	11	29	82	106	157	334	0	34	24	11	6	8	9	10	18	20	46	36	45	17	19	13	7	10	20	17	11	7	5	11
0	0	0	0	3	1	2	1	2	1	4	1	2	3	2	1	3	0	3	1	2	0	2	1	2	3	1	3	0	2	4	3	2	0	0	1	0	1	3	1	0	4	3	0	0	0	1	2	5	2	3	1	2	0	2	0	0	0	4	0	5	7	3	2	2	0	0	1	2	0	2	4	1	1	1	4	1	1	2	2	5	4	4	1	1	2	3	6	5	3	2	5	1	4	5	4	2	2	2	2	1	5	1	1	6	4	3	5	4	1	2	5	5	2	5	1	7	2	5	6	8	13	8	6	9	4	9	12	3	4	10	7	4	8	9	5	6	7	13	20	13	11	10	22	17	21	18	12	5	9	11	12	9	13	19	28	18	19	14	10	27	47	51	66	18	12	13	25	101	61	34	16	34	0	74	35	30	30	23	15	13	21	26	31	30	34	56	55	21	43	104	202	66	30	23	24
0	0	0	0	0	0	0	2	3	1	3	2	0	0	0	2	1	0	1	0	0	1	2	3	0	1	2	0	2	0	2	1	1	1	0	0	1	0	2	0	2	2	2	0	0	0	0	1	2	1	1	0	0	2	0	0	1	4	2	7	3	1	0	3	2	1	2	0	2	2	0	0	2	2	2	3	3	3	3	2	3	1	3	1	1	1	1	4	3	1	4	1	0	3	2	4	2	1	2	0	1	3	0	3	5	5	3	3	6	3	4	5	3	3	1	3	5	3	9	5	8	7	6	5	5	7	3	8	9	3	1	2	2	3	3	3	1	7	6	12	9	8	7	6	16	22	21	18	7	6	7	2	7	6	9	12	12	22	15	12	21	59	38	36	24	13	14	20	45	28	16	10	24	74	0	100	78	59	29	10	13	10	10	17	26	23	23	46	32	87	71	162	50	42	34	76
0	0	0	0	1	0	0	0	0	2	4	3	3	4	0	2	1	0	1	0	1	0	0	2	1	1	0	0	0	1	1	1	0	0	1	1	0	2	1	2	1	2	0	0	1	1	0	0	0	2	0	1	1	1	1	0	1	0	2	3	3	4	1	1	2	3	2	1	1	1	1	0	2	1	0	3	1	0	5	4	1	0	2	1	1	1	5	5	3	6	2	2	1	2	0	3	1	2	1	0	2	0	1	2	2	3	2	2	0	3	5	6	1	2	2	5	3	2	2	3	2	9	11	7	4	4	8	6	7	4	5	4	2	4	3	1	2	4	7	10	13	7	8	10	9	18	6	7	2	3	7	6	6	3	6	12	10	4	6	7	8	17	12	17	15	5	9	9	21	11	15	8	11	35	100	0	350	46	18	5	4	5	4	8	7	10	15	20	22	33	35	44	49	82	65	116
0	0	0	0	0	2	0	0	2	0	1	0	0	1	3	0	0	1	0	0	1	0	1	1	0	0	1	0	0	1	1	0	0	1	2	0	0	1	2	0	0	3	0	1	0	0	2	1	1	2	1	0	2	1	0	1	1	1	1	1	1	2	1	1	4	1	1	0	0	2	0	3	1	3	0	0	2	1	1	0	2	2	5	1	0	4	2	0	2	7	3	3	2	2	1	1	1	1	1	1	3	1	2	3	3	3	0	2	0	4	2	2	2	3	2	2	2	0	2	2	5	11	4	6	2	4	3	5	4	6	2	5	1	3	6	1	3	7	2	6	4	5	9	6	3	6	9	9	2	6	5	4	4	2	11	8	15	13	10	9	7	18	10	14	20	13	9	9	17	16	6	7	6	30	78	350	0	73	31	8	11	2	5	9	10	9	23	24	36	29	36	64	54	140	144	400
0	0	0	0	0	0	1	0	0	3	1	0	0	1	0	0	1	2	0	2	0	1	0	1	1	2	0	0	1	1	0	1	3	0	3	1	1	2	2	2	0	2	2	1	1	3	0	1	4	0	1	2	0	2	1	2	3	1	3	1	6	5	1	1	3	0	0	1	1	0	0	1	1	1	3	1	5	2	3	1	5	3	0	2	1	3	4	1	0	2	2	3	1	2	2	2	3	1	0	3	1	4	2	2	7	2	5	3	3	0	3	5	5	5	4	0	0	4	4	7	10	8	11	4	7	7	8	6	4	8	5	5	3	2	6	3	1	1	10	9	12	9	9	6	12	15	9	5	5	2	0	4	8	9	7	11	21	30	20	15	35	26	14	31	45	30	12	16	19	8	16	8	8	30	59	46	73	0	200	36	19	6	10	19	15	22	40	144	370	208	69	81	31	33	69	165
0	0	0	2	2	0	2	0	1	1	4	0	1	1	2	2	0	1	1	2	1	2	1	1	0	4	1	1	0	0	2	3	0	0	0	3	0	1	2	1	0	2	1	0	1	1	1	0	0	1	1	1	2	1	1	1	1	1	2	3	5	3	4	5	3	3	2	0	3	1	2	1	2	4	4	0	4	3	0	3	2	2	4	3	2	1	4	1	3	3	3	1	1	4	2	1	1	2	0	4	2	1	4	7	6	4	5	6	4	2	6	4	4	3	2	2	3	12	5	5	10	16	9	9	2	12	8	9	10	3	7	4	8	3	2	2	4	7	3	11	19	16	17	11	13	16	7	12	6	4	0	5	8	6	6	17	19	51	58	39	59	33	13	37	111	50	18	31	24	15	12	5	9	23	29	18	31	200	0	52	25	16	10	26	20	44	100	130	264	267	100	53	16	14	25	52
0	0	0	1	4	1	0	2	3	5	1	1	1	0	2	0	0	1	1	1	0	0	1	0	0	3	0	0	1	1	3	1	1	2	2	1	0	1	2	1	2	0	0	1	0	0	0	1	0	2	2	3	3	0	2	0	2	2	2	2	5	1	5	4	2	0	3	4	3	0	4	4	0	5	1	2	1	2	4	3	0	1	2	3	2	2	5	1	2	3	2	2	6	1	4	4	1	2	1	4	1	2	1	7	10	10	5	4	4	8	7	8	4	6	5	3	2	2	2	10	19	27	19	16	13	6	9	2	15	9	7	8	3	7	3	4	4	3	6	6	6	19	10	8	11	10	6	9	4	2	4	3	5	5	8	13	32	87	61	93	27	14	12	15	59	124	28	21	8	8	8	10	10	15	10	5	8	36	52	0	96	24	16	32	21	40	66	46	43	33	35	15	16	8	13	22
0	0	0	1	0	1	2	1	2	8	7	0	3	2	0	1	0	4	0	5	2	3	5	1	2	2	5	1	3	1	1	5	0	0	0	1	0	1	0	4	2	0	0	1	5	0	0	1	2	3	0	2	3	1	2	2	1	1	3	4	6	3	5	5	4	4	2	0	1	0	4	2	5	4	4	6	5	7	2	4	3	4	6	2	6	5	5	7	3	3	1	8	7	2	4	4	4	3	3	2	3	7	2	7	11	11	10	7	5	5	10	9	8	5	5	6	5	5	10	16	44	91	36	17	13	17	8	7	16	11	12	6	5	8	13	5	3	4	5	12	16	19	10	18	16	8	7	5	7	6	2	9	7	22	17	43	102	101	54	65	36	16	13	22	22	79	90	23	16	12	13	10	18	13	13	4	11	19	25	96	0	41	15	66	29	36	62	24	16	16	28	13	8	6	7	11
0	0	0	1	1	2	1	2	3	7	6	2	2	3	3	2	1	1	1	1	5	1	3	4	3	6	4	1	3	3	2	3	0	2	3	3	2	4	4	2	2	2	1	0	2	4	0	2	2	2	1	2	4	2	2	3	2	3	7	13	10	16	1	6	8	5	3	1	5	2	3	5	7	5	2	5	4	6	0	3	9	12	3	5	1	6	7	7	4	4	2	7	8	6	6	4	2	0	4	4	5	3	4	3	10	4	10	6	5	5	6	13	13	6	4	6	4	4	12	12	46	36	25	9	7	13	17	9	14	20	8	11	16	14	15	14	4	8	9	4	8	10	11	21	6	3	7	4	7	4	3	6	14	27	68	496	172	21	20	15	7	8	15	13	14	21	41	8	19	10	18	9	20	21	10	5	2	6	16	24	41	0	103	56	22	13	26	18	10	4	20	18	9	5	4	4
0	0	0	0	1	3	2	2	6	5	2	2	6	0	0	4	2	1	2	1	1	1	3	3	2	3	3	3	2	0	4	2	1	3	2	1	0	1	2	0	4	3	1	5	2	5	3	3	5	8	4	3	2	2	0	1	5	5	4	14	15	19	4	8	6	5	5	5	2	3	8	10	6	3	2	2	6	3	6	4	2	3	6	4	6	7	10	11	7	9	7	8	13	8	8	4	5	6	3	6	5	3	0	3	7	3	11	10	1	5	3	11	3	6	1	3	9	3	7	11	29	24	12	17	7	13	14	11	17	16	7	7	12	9	24	16	11	8	15	10	15	11	10	15	11	15	5	6	13	5	4	10	15	24	100	411	84	14	18	7	10	16	14	32	9	9	23	21	29	13	29	28	46	26	10	4	5	10	10	16	15	103	0	68	32	20	22	15	10	8	17	18	13	7	3	4
0	0	0	1	0	2	2	1	3	5	1	4	3	3	1	2	3	2	0	0	0	1	3	3	1	0	1	4	0	2	1	3	1	1	1	2	2	4	0	2	2	1	0	1	1	0	1	0	4	1	0	2	1	4	0	0	2	3	3	7	7	6	5	2	1	5	3	7	1	2	3	2	8	3	5	2	2	5	2	10	5	5	4	4	4	3	7	5	3	4	4	7	3	10	7	1	3	1	6	0	2	2	9	11	5	6	8	8	5	5	9	9	12	5	7	7	9	11	15	20	48	36	21	13	12	23	25	20	25	25	12	16	10	15	25	14	8	12	3	13	24	20	18	26	25	24	12	13	12	11	9	14	12	35	95	86	358	64	34	24	29	32	30	54	30	44	85	61	56	25	18	29	36	31	17	8	9	19	26	32	66	56	68	0	162	117	79	24	13	19	53	26	13	5	11	10
0	0	0	1	1	2	3	0	2	2	3	3	3	3	1	1	0	0	0	1	0	2	0	2	2	1	0	2	1	2	1	3	1	1	1	2	4	1	1	0	3	2	2	3	1	2	2	3	3	5	1	0	0	1	1	0	0	4	1	3	6	4	4	3	5	3	3	1	1	2	1	3	7	2	5	5	5	13	9	9	9	5	5	8	7	2	8	1	6	4	7	7	3	5	4	3	3	0	5	4	4	4	6	9	14	14	11	7	6	16	7	10	14	6	5	14	4	10	17	21	38	42	20	18	14	35	39	40	63	30	25	16	13	13	21	11	14	7	15	31	94	31	26	50	56	64	17	16	30	12	8	22	31	36	64	36	75	59	31	24	42	62	84	137	37	37	77	274	112	32	32	36	45	30	26	7	10	15	20	21	29	22	32	162	0	258	40	23	17	26	50	20	12	9	11	16
0	0	0	2	1	3	2	1	5	4	4	1	1	2	1	2	1	0	3	1	1	1	1	1	0	0	0	2	1	1	1	0	1	0	0	1	2	0	2	2	1	2	3	1	1	1	1	0	0	1	1	0	1	3	3	0	2	2	5	3	0	4	4	2	8	1	0	2	3	0	0	1	2	2	1	2	2	5	7	5	1	4	7	4	3	2	3	2	2	2	7	2	3	1	4	2	2	3	2	5	1	4	6	10	16	15	4	8	6	5	10	14	20	11	5	7	4	6	13	15	21	51	30	18	17	32	17	19	37	30	19	13	13	13	15	4	9	5	10	16	58	54	47	60	57	53	18	25	16	9	7	6	13	22	26	17	39	119	80	51	113	60	86	153	82	59	102	453	89	37	21	16	17	34	23	10	9	22	44	40	36	13	20	117	258	0	62	20	18	51	59	25	12	9	21	14
0	0	0	2	0	2	2	0	3	3	4	3	1	0	0	1	0	1	0	1	2	1	0	2	1	1	1	1	0	1	0	4	0	2	1	1	0	1	2	2	4	1	1	0	1	1	0	1	2	2	0	3	1	0	0	2	1	0	2	4	5	4	4	4	1	0	2	1	1	2	3	4	1	2	2	2	2	2	2	2	3	1	4	2	2	3	4	6	6	1	3	3	5	6	2	1	1	0	1	1	0	2	1	8	5	11	3	8	4	1	7	11	8	4	3	3	7	4	8	6	23	23	17	10	6	16	7	9	12	14	10	2	6	8	5	10	3	1	9	8	12	22	11	15	20	18	4	14	8	7	2	6	8	9	19	20	47	62	50	24	32	25	25	43	64	58	29	24	48	16	12	20	19	56	23	15	23	40	100	66	62	26	22	79	40	62	0	219	49	83	208	68	31	19	23	27
0	0	0	0	1	1	1	1	3	1	3	3	2	3	1	2	1	2	1	0	0	0	3	2	0	0	1	0	1	2	1	1	1	1	2	1	0	0	1	2	0	1	0	2	2	1	1	1	0	2	1	1	2	2	2	0	1	3	3	3	5	2	3	2	3	5	2	2	4	1	4	2	0	0	2	1	4	3	4	3	1	2	4	3	3	2	5	2	3	3	2	4	2	3	5	1	1	1	0	2	1	3	4	4	3	4	5	1	5	3	0	4	5	5	3	5	6	4	3	4	11	10	7	6	9	15	7	7	13	7	5	7	4	3	2	4	3	8	3	11	7	11	17	9	19	9	11	5	4	1	4	8	3	6	18	16	31	38	29	10	21	26	18	32	49	28	17	21	35	12	10	10	13	55	46	20	24	144	130	46	24	18	15	24	23	20	219	0	105	108	151	92	40	26	43	50
0	0	0	1	0	1	0	2	1	1	3	0	2	3	0	2	1	0	1	0	0	1	2	1	2	0	0	0	0	1	1	3	0	0	0	3	1	1	1	0	0	2	2	2	0	0	1	0	2	2	1	0	0	1	0	0	0	3	3	2	4	3	1	1	1	2	2	3	4	0	0	4	3	2	0	3	1	1	2	4	0	3	1	6	3	1	2	3	0	2	1	1	0	4	0	0	0	0	1	1	4	1	1	4	3	1	1	2	1	1	4	3	1	4	6	9	3	4	1	1	8	17	6	8	13	8	9	4	7	8	9	4	3	4	8	3	4	6	5	13	8	5	10	8	12	14	9	4	3	2	2	2	6	6	6	14	14	36	26	31	24	19	16	19	31	28	17	15	18	9	11	3	7	21	32	22	36	370	264	43	16	10	10	13	17	18	49	105	0	88	43	44	33	27	54	78
0	0	0	0	1	0	0	0	1	0	0	3	0	3	1	3	0	1	0	1	1	0	0	0	0	0	3	2	1	0	0	4	2	2	1	1	4	4	2	0	3	2	2	0	1	0	1	0	2	3	2	0	1	0	1	1	0	0	3	2	4	4	0	0	1	1	0	2	0	2	0	0	0	2	0	2	1	4	2	2	6	2	0	1	3	4	9	1	1	2	2	2	1	3	5	1	1	2	0	3	1	4	3	3	6	2	5	4	3	0	4	9	6	4	6	5	2	3	2	3	14	13	7	4	8	11	16	9	12	10	7	1	6	7	5	2	4	4	5	10	18	12	21	23	26	27	17	14	5	6	3	3	10	10	9	11	21	37	31	23	61	54	41	48	91	30	19	22	35	25	10	10	10	43	87	33	29	208	267	33	16	4	8	19	26	51	83	108	88	0	267	91	21	24	22	48
0	0	0	2	0	1	0	1	0	1	2	0	2	2	2	1	1	0	2	4	0	3	2	0	0	1	4	3	2	2	2	3	2	3	2	0	0	0	1	0	4	0	1	3	3	1	0	0	0	1	0	3	3	1	2	2	1	1	1	5	5	4	6	2	2	1	2	3	3	2	1	0	3	0	2	2	7	1	1	3	6	3	3	4	2	1	4	5	2	6	1	2	3	3	6	3	4	1	2	4	3	6	4	6	5	7	3	7	2	3	5	6	5	7	3	3	5	6	5	7	11	22	10	10	6	7	6	12	10	13	4	10	6	5	4	10	6	4	6	9	17	18	14	14	18	14	17	12	6	5	2	8	7	15	14	16	32	44	37	23	40	60	51	60	51	26	20	34	76	35	23	12	20	104	71	35	36	69	100	35	28	20	17	53	50	59	208	151	43	267	0	262	38	22	25	46
0	0	0	1	1	1	1	1	2	3	4	0	1	0	3	1	1	1	0	0	1	0	0	3	1	5	2	1	1	1	3	0	0	0	0	1	2	0	3	1	0	1	1	2	0	2	1	2	1	0	1	0	2	2	2	0	0	2	1	5	5	1	1	4	0	4	1	1	0	0	0	0	2	3	1	1	7	2	1	5	3	0	3	4	5	1	7	2	2	2	2	3	1	2	6	0	1	1	1	2	0	5	3	5	3	2	3	3	2	4	2	6	3	3	4	1	3	6	3	3	7	5	6	3	6	8	11	8	14	7	5	4	3	3	5	4	4	6	6	8	14	10	5	8	22	23	13	13	3	7	5	5	8	9	18	9	19	18	19	11	24	41	34	39	24	9	15	18	51	26	16	13	17	202	162	44	64	81	53	15	13	18	18	26	20	25	68	92	44	91	262	0	69	44	39	76
0	0	0	1	2	0	1	4	3	2	1	1	5	1	2	0	1	1	0	0	1	2	0	1	1	1	0	2	1	0	2	0	0	1	0	1	1	0	0	1	0	3	2	1	1	1	1	1	1	0	4	1	2	3	1	0	0	1	3	3	3	6	5	2	1	0	1	1	5	2	2	1	1	2	3	2	4	0	2	3	5	1	2	1	3	1	3	6	1	2	3	2	2	1	5	3	1	1	3	2	6	1	6	4	1	5	3	1	2	0	7	2	3	1	1	2	2	5	2	3	7	3	6	3	2	2	7	1	5	5	4	2	3	3	4	1	1	8	8	7	9	8	10	7	4	13	4	4	4	2	1	4	6	6	3	8	12	12	7	8	5	10	17	12	14	6	3	11	27	21	19	9	11	66	50	49	54	31	16	16	8	9	13	13	12	12	31	40	33	21	38	69	0	125	45	40
0	0	0	1	1	0	0	0	1	3	1	0	1	0	1	1	0	0	0	1	0	0	1	0	3	2	1	0	0	1	0	3	0	0	2	3	0	2	3	2	1	0	2	1	1	0	2	3	2	1	2	1	0	2	1	0	0	2	2	3	3	2	1	2	2	2	2	1	0	0	3	0	0	0	1	1	3	1	0	3	1	1	0	1	1	0	2	1	0	4	6	3	0	4	2	1	0	2	1	3	1	2	4	2	0	4	1	4	0	3	2	3	2	1	1	1	4	0	5	6	3	9	2	3	1	2	5	3	5	2	6	4	1	3	0	2	3	8	9	10	7	4	4	2	3	5	2	6	1	8	6	4	3	3	10	7	4	10	8	2	7	13	12	9	13	9	8	11	15	4	7	7	7	30	42	82	140	33	14	8	6	5	7	5	9	9	19	26	27	24	22	44	125	0	111	75
0	0	0	1	0	1	0	2	1	2	2	0	1	2	0	2	0	0	1	2	0	1	2	1	0	1	0	0	0	0	1	2	0	3	1	2	0	0	0	1	0	0	1	0	0	1	2	1	4	4	1	1	1	1	0	2	2	2	1	1	3	3	1	2	1	2	1	1	1	0	1	2	2	1	1	1	1	2	1	4	0	1	0	1	2	1	3	1	3	7	2	3	2	0	2	0	1	0	2	1	1	0	5	2	3	2	1	1	0	1	0	6	4	0	1	1	6	3	2	2	4	1	2	2	2	2	5	5	9	2	2	4	5	2	2	6	2	1	2	8	6	10	5	12	11	4	3	7	2	1	2	6	7	4	10	11	9	7	12	16	14	14	7	8	17	10	5	8	9	11	6	9	5	23	34	65	144	69	25	13	7	4	3	11	11	21	23	43	54	22	25	39	45	111	0	250
0	0	0	0	0	1	0	0	2	1	1	1	0	3	1	1	1	0	1	0	1	1	0	0	1	1	0	2	0	3	2	2	0	0	0	1	0	1	1	2	3	3	1	1	2	1	1	0	0	0	1	1	2	3	0	1	2	1	2	1	2	2	2	3	2	4	2	2	1	0	0	0	3	3	1	2	3	7	1	1	1	0	1	1	1	5	2	4	3	2	3	2	2	2	2	1	3	1	2	2	3	5	3	4	2	4	2	0	2	2	3	2	2	2	4	3	1	2	8	3	6	7	5	2	5	5	0	5	3	1	2	3	1	4	3	2	9	6	3	8	8	4	5	10	8	11	15	9	8	4	5	4	4	5	5	9	10	15	11	11	17	11	10	24	18	13	8	6	26	15	7	6	11	24	76	116	400	165	52	22	11	4	4	10	16	14	27	50	78	48	46	76	40	75	250	0
