0	0	0	0	0	0	0	0	0	0	0	0	0	0	0	0	0	0	0	0	0	0	0	0	0	0	0	0	0	0	0	0	0	0	0	0	0	0	0	0	0	0	0	0	0	0	0	0	0	0	0	0	0	0	0	0	0	0	0	0	0	0	0	0	0	0	0	0	0	0	0	0	0	0	0	0	0	0	0	0	0	0	0	0	0	0	0	0	0	0	0	0	0	0	0	0	0	0	0	0	0	0	0	0	0	0	0	0	0	0	0	0	0	0	0	0	0	0	0	0	0	0	0	0	0
0	0	0	0	0	0	0	0	0	0	0	0	0	0	0	0	0	0	0	0	0	0	0	0	0	0	0	0	0	0	0	0	0	0	0	0	0	0	0	0	0	0	0	0	0	0	0	0	0	0	0	0	0	0	0	0	0	0	0	0	0	0	0	0	0	0	0	0	0	0	0	0	0	0	0	0	0	0	0	0	0	0	0	0	0	0	0	0	0	0	0	0	0	0	0	0	0	0	0	0	0	0	0	0	0	0	0	0	0	0	0	0	0	0	0	0	0	0	0	0	0	0	0	0	0
0	0	0	0	0	0	0	0	0	0	0	0	0	0	0	0	0	0	0	0	0	0	0	0	0	0	0	0	0	0	0	0	0	0	0	0	0	0	0	0	0	0	0	0	0	0	0	0	0	0	0	0	0	0	0	0	0	0	0	0	0	0	0	0	0	0	0	0	0	0	0	0	0	0	0	0	0	0	0	0	0	0	0	0	0	0	0	0	0	0	0	0	0	0	0	0	0	0	0	0	0	0	0	0	0	0	0	0	0	0	0	0	0	0	0	0	0	0	0	0	0	0	0	0	0
0	0	0	0	37	22	29	6	21	14	9	12	29	20	14	11	6	7	7	2	3	3	3	4	7	12	32	9	6	1	1	8	2	2	5	1	2	5	2	8	10	0	3	3	6	3	3	4	4	2	6	1	3	0	3	0	2	1	0	1	0	2	2	3	0	1	2	5	1	0	5	1	1	1	0	1	0	1	1	0	3	0	0	0	2	0	1	0	1	1	1	1	1	1	0	1	0	1	1	1	0	0	2	0	0	0	2	1	1	4	1	0	0	2	2	1	0	0	2	0	1	2	0	1	0
0	0	0	37	0	157	26	13	32	47	23	17	38	22	20	9	8	9	7	9	4	9	20	6	6	14	32	13	4	0	4	2	3	3	2	7	5	5	7	4	11	8	4	13	7	4	0	6	6	1	2	1	1	0	0	1	5	0	2	1	2	2	1	1	1	0	0	3	1	2	1	1	0	0	1	2	1	3	2	2	3	2	2	0	2	0	1	1	1	3	2	2	0	0	0	1	2	3	1	1	0	0	1	4	1	1	0	0	1	1	0	1	1	0	1	0	0	0	0	1	1	0	1	3	3
0	0	0	22	157	0	47	16	118	209	42	36	56	30	31	17	22	11	7	16	9	9	29	16	10	19	35	10	6	5	7	7	5	7	2	2	5	6	5	12	14	12	11	13	4	8	7	5	6	2	0	6	0	3	2	1	3	2	4	2	2	2	0	1	0	0	1	0	1	0	4	3	4	3	2	1	3	4	1	0	0	3	3	3	2	1	0	2	1	2	0	0	1	1	0	0	1	2	3	1	0	2	1	0	2	0	0	1	2	2	5	0	1	0	0	0	2	0	1	0	1	0	0	1	2
0	0	0	29	26	47	0	102	208	119	38	28	40	16	46	24	31	22	13	20	16	22	31	33	17	48	88	41	8	9	6	10	16	13	5	2	5	8	13	19	14	8	7	7	7	6	5	6	2	4	2	4	3	2	4	3	3	0	1	2	3	3	2	1	2	0	0	3	1	2	4	5	1	0	2	1	2	2	1	2	3	0	3	0	1	2	0	2	2	0	2	0	0	0	1	0	2	2	1	2	1	4	0	1	0	0	2	0	3	2	3	2	3	0	3	2	1	2	0	0	0	1	2	1	0
0	0	0	6	13	16	102	0	53	44	26	13	14	12	27	31	67	64	64	77	28	17	13	35	44	41	30	82	26	8	11	15	9	16	9	6	19	13	24	40	27	22	7	10	10	15	5	18	12	10	0	1	0	3	4	7	4	6	4	0	4	1	1	1	2	2	0	1	1	2	2	4	4	3	2	4	1	1	1	0	1	1	2	4	3	1	3	2	2	1	2	2	1	0	0	2	0	1	1	1	0	1	1	0	2	1	1	1	2	4	1	2	3	3	0	2	2	1	1	0	0	0	1	0	1
0	0	0	21	32	118	208	53	0	728	73	25	36	22	47	50	41	25	22	23	10	16	27	31	20	29	38	16	15	6	8	12	10	9	8	2	11	8	9	42	28	20	8	10	6	8	4	5	9	5	4	0	3	3	2	2	3	0	2	2	2	1	3	0	1	0	0	0	2	4	2	4	1	1	0	3	3	0	1	3	0	0	0	2	1	1	2	1	2	1	1	2	0	1	2	1	1	2	1	1	0	0	1	0	1	0	0	2	3	2	2	1	0	0	1	4	1	0	0	0	0	2	2	1	4
0	0	0	14	47	209	119	44	728	0	73	29	26	26	38	28	30	12	19	22	11	21	48	38	24	30	34	36	14	7	4	7	4	8	2	5	11	3	16	28	33	25	8	8	16	11	8	4	9	0	3	1	1	1	1	5	6	7	1	3	1	6	2	0	3	2	1	2	2	3	4	1	0	4	1	0	2	0	1	3	1	0	2	1	1	1	0	2	1	1	2	0	1	0	0	0	0	0	2	0	0	6	1	1	2	1	1	0	1	4	0	2	1	0	1	2	1	4	1	2	3	0	1	0	2
0	0	0	9	23	42	38	26	73	73	0	122	55	48	145	72	53	19	11	6	5	4	14	16	12	17	12	16	4	7	3	9	7	8	5	5	6	6	15	24	91	30	8	12	3	4	6	3	5	2	0	4	3	1	2	4	4	3	2	2	1	2	2	2	0	3	3	2	0	5	4	4	0	1	0	1	1	3	2	3	2	5	0	1	2	0	2	1	0	1	0	3	0	2	0	0	0	0	0	0	1	0	1	1	1	1	1	0	2	2	0	2	0	1	2	2	2	0	1	1	1	1	1	0	0
0	0	0	12	17	36	28	13	25	29	122	0	97	115	134	49	23	11	12	7	5	1	14	9	8	12	10	9	7	3	4	5	2	1	3	6	2	5	4	20	42	15	10	11	4	4	5	3	3	3	2	0	1	1	2	3	2	1	5	2	3	2	0	1	0	0	0	2	2	1	1	0	2	1	2	1	0	0	1	3	1	1	1	2	0	1	0	1	1	0	0	0	3	0	0	1	1	1	0	0	1	1	2	0	1	0	2	1	1	3	1	0	1	0	1	1	1	3	1	1	0	1	0	0	0
0	0	0	29	38	56	40	14	36	26	55	97	0	308	59	30	8	10	9	8	5	2	13	9	11	12	20	7	1	1	7	3	4	3	8	1	4	2	5	13	14	21	5	8	5	4	3	2	4	0	4	3	1	2	0	4	2	1	1	3	4	2	1	2	0	1	1	1	2	1	2	0	0	1	1	0	0	1	1	2	1	1	0	0	1	0	1	0	0	3	0	1	2	1	1	0	0	1	0	2	2	0	1	1	0	1	2	2	1	0	0	1	3	2	1	3	0	0	0	0	4	1	0	1	1
0	0	0	20	22	30	16	12	22	26	48	115	308	0	41	18	11	3	5	6	5	5	8	6	8	7	16	4	2	2	3	6	3	3	3	0	3	4	2	14	22	4	4	9	4	6	1	4	2	1	2	2	1	0	2	0	4	2	2	2	3	2	1	0	0	3	0	2	3	0	2	0	0	1	1	0	2	0	2	1	1	0	0	2	0	0	0	0	1	0	0	0	2	0	0	1	1	0	1	1	2	0	1	0	0	1	0	2	0	4	2	1	0	0	1	2	0	1	1	0	0	1	0	2	1
0	0	0	14	20	31	46	27	47	38	145	134	59	41	0	93	29	14	15	8	5	9	13	8	13	15	12	13	3	5	8	5	5	7	6	0	3	7	13	27	39	9	5	3	3	9	4	5	5	4	2	3	0	2	2	1	1	2	1	4	2	1	0	1	2	0	2	0	2	3	1	3	1	0	0	1	1	1	2	1	1	2	1	2	1	0	0	2	1	1	0	2	1	0	0	2	0	0	0	1	1	3	0	1	0	0	1	0	1	1	1	1	2	0	0	0	1	1	1	0	1	3	1	0	1
0	0	0	11	9	17	24	31	50	28	72	49	30	18	93	0	110	58	22	15	5	6	8	12	11	13	15	15	10	5	4	1	4	11	7	7	9	3	24	84	83	14	9	10	11	6	3	5	2	4	2	3	1	0	3	4	3	2	2	0	2	2	4	2	1	1	1	0	1	1	0	2	3	3	2	0	1	0	0	3	1	2	2	3	2	1	3	3	1	1	4	3	0	0	1	0	2	1	1	0	2	1	0	0	3	1	2	1	1	4	1	2	1	0	0	1	0	0	0	0	0	0	2	1	1
0	0	0	6	8	22	31	67	41	30	53	23	8	11	29	110	0	203	48	31	10	10	5	23	14	17	16	19	10	5	10	10	8	14	11	4	11	20	39	399	45	22	10	2	13	7	6	8	12	4	3	2	1	2	7	5	6	5	6	8	3	7	6	0	2	2	1	1	3	3	2	1	2	1	1	2	0	1	2	1	3	2	4	2	2	0	2	2	3	2	3	0	2	1	0	2	1	0	0	0	3	2	0	2	2	0	2	0	0	3	3	0	2	1	0	1	2	1	1	0	0	0	0	0	1
0	0	0	7	9	11	22	64	25	12	19	11	10	3	14	58	203	0	136	31	12	14	9	10	14	12	8	20	22	9	10	14	14	19	15	20	17	10	51	127	31	17	12	12	8	6	5	9	6	6	7	1	1	3	7	5	3	8	2	3	6	1	1	3	2	3	2	0	3	1	4	3	1	1	5	2	1	2	1	1	2	2	1	5	5	2	2	2	0	2	3	3	2	0	1	1	2	2	0	4	3	0	2	2	2	0	1	3	0	4	4	0	0	1	0	1	0	2	1	0	0	1	0	1	0
0	0	0	7	7	7	13	64	22	19	11	12	9	5	15	22	48	136	0	93	32	16	17	36	31	16	13	32	59	12	18	24	21	30	16	13	27	32	103	43	10	8	8	7	10	3	7	13	20	12	4	5	0	4	5	4	5	7	7	6	5	2	3	2	1	1	0	1	2	5	2	0	3	1	2	4	4	3	3	5	1	1	5	3	1	2	0	3	0	1	2	4	0	3	0	2	3	1	0	1	3	0	1	0	0	1	0	1	0	3	6	2	2	1	2	1	0	0	1	1	0	1	3	0	0
0	0	0	2	9	16	20	77	23	22	6	7	8	6	8	15	31	31	93	0	105	40	24	65	152	48	23	108	119	13	19	50	38	35	16	12	18	21	36	13	12	8	9	7	9	10	7	21	12	16	9	2	1	10	11	7	5	4	4	0	4	0	0	1	2	0	0	5	2	1	2	2	4	4	1	5	4	3	2	3	3	2	1	2	3	1	2	5	2	3	1	2	2	1	2	3	3	1	1	1	0	5	1	3	3	2	3	4	0	1	3	1	3	1	2	2	2	0	1	0	0	1	0	1	0
0	0	0	3	4	9	16	28	10	11	5	5	5	5	5	5	10	12	32	105	0	48	15	46	197	44	16	47	62	29	22	61	57	21	7	8	13	25	26	9	6	4	4	7	9	14	10	12	13	9	13	1	6	6	14	5	6	4	3	3	4	0	3	1	4	4	2	3	2	6	5	5	5	6	0	6	2	1	4	7	3	2	3	3	3	2	1	3	4	3	2	1	1	1	2	0	3	2	3	1	1	0	0	5	1	1	0	1	2	5	4	6	2	1	2	2	0	1	1	3	1	2	3	3	2
0	0	0	3	9	9	22	17	16	21	4	1	2	5	9	6	10	14	16	40	48	0	50	195	179	42	15	30	33	17	8	22	41	21	10	10	17	13	24	7	7	15	14	9	19	45	30	22	19	8	4	2	2	2	7	11	4	9	2	7	5	3	2	1	3	2	4	5	8	2	3	2	1	3	4	6	3	1	3	5	3	6	4	2	2	2	1	2	3	3	4	3	4	3	0	1	1	1	1	1	0	4	5	0	1	3	1	1	4	5	1	2	2	0	1	3	2	2	0	3	2	0	1	3	0
0	0	0	3	20	29	31	13	27	48	14	14	13	8	13	8	5	9	17	24	15	50	0	40	27	24	17	17	11	10	11	11	13	7	5	8	7	10	12	14	9	19	12	17	27	39	11	14	12	8	2	4	3	1	5	4	2	3	5	5	6	5	1	3	2	3	4	1	4	4	2	5	3	3	2	0	5	4	5	1	0	4	1	1	2	3	6	3	3	3	1	2	2	0	0	0	0	0	1	2	0	4	1	3	0	0	0	2	4	3	2	3	1	0	1	2	0	3	1	1	1	1	1	0	0
0	0	0	4	6	16	33	35	31	38	16	9	9	6	8	12	23	10	36	65	46	195	40	0	143	40	19	27	40	20	13	18	40	38	13	10	23	17	25	20	13	15	10	15	21	33	15	11	15	11	10	5	3	7	5	7	6	6	3	3	8	4	6	3	5	2	6	1	2	2	2	5	3	2	2	1	2	1	6	2	3	4	2	5	3	0	4	6	2	2	1	5	1	1	3	2	2	1	2	2	1	2	1	2	2	0	0	1	3	7	3	0	5	1	3	2	2	3	2	2	0	3	0	3	2
0	0	0	7	6	10	17	44	20	24	12	8	11	8	13	11	14	14	31	152	197	179	27	143	0	64	25	65	45	20	23	35	43	27	12	5	11	17	26	10	5	9	3	8	12	29	14	15	15	9	6	2	4	9	6	4	6	7	4	3	2	4	1	1	1	3	4	3	2	5	2	7	5	3	0	2	3	3	3	3	3	5	1	1	1	4	3	3	1	1	1	5	2	2	1	2	2	0	1	1	2	0	4	0	2	3	1	1	1	1	4	2	2	2	1	5	0	6	3	2	0	0	1	1	3
0	0	0	12	14	19	48	41	29	30	17	12	12	7	15	13	17	12	16	48	44	42	24	40	64	0	114	140	17	10	12	13	23	9	4	3	3	9	15	10	8	8	13	2	5	15	5	5	4	2	3	3	1	2	5	5	3	1	3	3	3	3	2	3	1	2	0	3	2	2	0	4	0	3	0	2	0	3	2	1	0	0	0	1	2	1	0	0	1	2	1	2	3	1	0	0	1	1	0	1	2	0	1	3	2	0	1	3	2	5	5	0	2	0	2	2	0	2	0	1	2	2	3	2	1
0	0	0	32	32	35	88	30	38	34	12	10	20	16	12	15	16	8	13	23	16	15	17	19	25	114	0	43	9	3	5	6	2	8	7	3	10	2	12	12	6	11	5	4	2	9	6	3	2	2	3	3	3	3	6	5	2	4	6	1	2	1	2	1	3	2	2	1	3	1	1	3	3	2	2	3	2	4	2	1	1	1	3	3	1	4	1	3	2	0	3	1	0	0	0	1	0	0	0	2	1	0	3	0	1	3	2	2	0	1	1	1	0	1	1	0	0	2	1	1	0	0	1	2	0
0	0	0	9	13	10	41	82	16	36	16	9	7	4	13	15	19	20	32	108	47	30	17	27	65	140	43	0	21	13	12	17	17	10	7	7	7	9	11	5	5	9	1	6	3	7	6	9	12	5	3	8	0	7	4	6	4	1	3	2	1	1	0	4	3	1	1	1	3	7	2	3	5	4	1	1	1	3	0	6	3	0	1	4	4	1	0	1	3	2	1	0	0	1	1	1	0	2	0	0	4	3	1	3	1	0	0	1	3	2	3	1	2	1	2	1	0	2	0	0	1	0	2	2	1
0	0	0	6	4	6	8	26	15	14	4	7	1	2	3	10	10	22	59	119	62	33	11	40	45	17	9	21	0	73	74	178	176	98	31	13	57	80	60	14	7	11	4	4	7	21	9	30	38	33	13	5	3	9	7	17	9	5	5	5	5	0	4	1	1	0	1	3	3	5	6	6	5	4	2	0	4	2	7	5	6	4	3	11	4	2	4	4	5	4	2	3	3	2	2	1	1	1	1	3	0	5	1	2	1	1	0	0	5	3	7	4	5	2	5	3	2	2	0	3	2	0	1	2	0
0	0	0	1	0	5	9	8	6	7	7	3	1	2	5	5	5	9	12	13	29	17	10	20	20	10	3	13	73	0	246	179	104	49	26	25	38	71	20	6	5	6	7	3	2	13	19	31	45	50	16	13	6	26	35	22	5	7	8	5	5	4	3	4	3	2	5	7	5	5	10	8	8	5	7	3	7	9	8	8	7	6	1	19	6	3	7	6	3	2	5	2	3	4	4	1	2	5	3	3	5	3	2	3	1	1	2	0	3	2	2	6	3	3	2	4	1	5	2	2	2	2	2	3	4
0	0	0	1	4	7	6	11	8	4	3	4	7	3	8	4	10	10	18	19	22	8	11	13	23	12	5	12	74	246	0	286	72	20	13	17	29	31	18	9	4	5	5	4	7	6	18	20	19	21	24	8	8	18	21	10	9	6	9	6	3	0	4	2	1	2	3	0	7	6	8	10	6	5	4	3	8	10	13	6	7	8	6	4	9	4	7	7	4	5	5	4	2	1	1	5	2	6	2	2	2	0	2	4	3	2	0	4	1	8	3	5	3	3	1	0	2	4	1	1	1	1	2	2	1
0	0	0	8	2	7	10	15	12	7	9	5	3	6	5	1	10	14	24	50	61	22	11	18	35	13	6	17	178	179	286	0	267	33	22	16	25	48	23	10	7	6	3	5	7	12	18	26	33	34	20	10	1	15	21	22	5	7	8	6	2	4	1	2	2	3	0	5	6	5	7	6	3	6	4	4	4	7	7	7	3	3	5	6	3	3	3	10	7	5	3	2	0	2	3	0	2	3	0	1	5	0	2	2	1	4	3	1	4	2	6	4	4	2	2	3	2	1	4	0	2	4	1	0	3
0	0	0	2	3	5	16	9	10	4	7	2	4	3	5	4	8	14	21	38	57	41	13	40	43	23	2	17	176	104	72	267	0	76	26	19	37	42	27	8	3	12	12	5	15	22	25	48	45	35	16	9	6	16	18	25	8	8	7	8	3	5	3	2	4	2	4	5	5	8	10	2	10	5	3	5	7	5	5	6	2	6	6	7	5	6	9	3	4	3	4	5	2	2	1	0	3	2	3	3	2	7	1	4	1	2	6	2	6	7	4	4	1	2	3	5	2	2	1	0	3	1	2	2	0
0	0	0	2	3	7	13	16	9	8	8	1	3	3	7	11	14	19	30	35	21	21	7	38	27	9	8	10	98	49	20	33	76	0	113	53	432	116	98	12	13	16	6	9	10	15	24	73	84	40	18	1	5	16	15	29	12	6	6	7	6	6	4	5	4	1	3	3	4	7	4	4	8	7	7	5	7	5	4	5	7	7	12	7	5	2	8	6	10	1	1	4	2	1	0	2	1	3	6	1	4	6	3	2	1	1	1	3	7	6	1	3	2	3	5	5	2	0	2	1	0	2	1	1	0
0	0	0	5	2	2	5	9	8	2	5	3	8	3	6	7	11	15	16	16	7	10	5	13	12	4	7	7	31	26	13	22	26	113	0	179	281	68	47	9	11	7	3	10	13	7	19	50	115	42	19	10	3	7	20	33	35	21	12	5	9	4	8	3	0	4	2	5	3	6	8	9	10	4	6	6	5	5	13	9	2	4	8	11	9	3	9	6	5	0	3	2	5	4	0	5	2	4	7	4	6	3	1	2	3	1	4	4	6	4	2	3	2	2	2	3	0	3	2	4	1	4	0	2	1
0	0	0	1	7	2	2	6	2	5	5	6	1	0	0	7	4	20	13	12	8	10	8	10	5	3	3	7	13	25	17	16	19	53	179	0	87	49	40	8	6	11	2	5	4	9	8	22	24	33	11	3	3	8	15	20	29	13	7	9	1	6	6	3	1	1	4	2	2	4	7	7	3	6	2	3	2	4	8	2	6	10	10	12	4	1	4	3	3	1	5	1	2	3	0	0	2	1	2	1	2	1	4	1	3	1	1	4	6	2	4	5	0	1	2	3	4	5	2	1	2	0	0	2	0
0	0	0	2	5	5	5	19	11	11	6	2	4	3	3	9	11	17	27	18	13	17	7	23	11	3	10	7	57	38	29	25	37	432	281	87	0	217	121	15	3	14	8	5	19	9	23	53	66	38	15	4	6	5	5	18	13	11	6	7	6	5	3	2	3	3	6	2	3	3	4	7	6	3	1	3	3	4	4	9	2	11	2	7	4	4	2	5	1	2	6	4	2	0	1	2	1	0	2	4	1	2	1	0	3	1	1	2	4	8	3	3	1	2	2	3	4	1	0	1	2	0	4	0	0
0	0	0	5	5	6	8	13	8	3	6	5	2	4	7	3	20	10	32	21	25	13	10	17	17	9	2	9	80	71	31	48	42	116	68	49	217	0	82	14	6	11	6	7	10	4	5	31	26	19	13	7	4	10	21	22	11	6	5	4	2	4	2	2	1	1	2	5	3	6	4	3	3	5	2	3	7	4	9	3	2	8	5	9	8	10	2	2	3	2	3	1	2	0	0	2	2	0	1	1	3	4	3	0	1	4	2	2	2	2	4	0	2	2	2	2	3	3	1	2	1	3	2	0	0
0	0	0	2	7	5	13	24	9	16	15	4	5	2	13	24	39	51	103	36	26	24	12	25	26	15	12	11	60	20	18	23	27	98	47	40	121	82	0	39	14	19	6	6	10	10	10	17	31	18	6	5	5	4	9	7	12	14	10	1	3	2	5	3	3	1	1	4	2	7	5	5	4	4	2	2	5	2	2	4	3	9	4	3	7	6	4	7	0	3	2	4	3	2	2	3	1	0	2	0	1	2	4	4	0	0	1	2	4	6	5	3	1	2	2	5	5	2	2	1	1	2	0	2	2
0	0	0	8	4	12	19	40	42	28	24	20	13	14	27	84	399	127	43	13	9	7	14	20	10	10	12	5	14	6	9	10	8	12	9	8	15	14	39	0	75	30	11	8	6	4	5	5	8	4	4	2	1	5	2	8	4	10	4	2	2	3	5	3	0	0	2	6	4	5	2	1	1	2	2	1	1	1	3	2	2	1	1	4	1	1	1	3	2	4	3	3	0	3	1	3	1	1	2	3	0	2	0	1	0	2	1	1	1	2	2	1	1	0	3	2	2	2	2	1	0	1	2	1	2
0	0	0	10	11	14	14	27	28	33	91	42	14	22	39	83	45	31	10	12	6	7	9	13	5	8	6	5	7	5	4	7	3	13	11	6	3	6	14	75	0	65	13	9	13	7	6	3	2	3	4	2	2	2	1	9	1	1	5	6	5	2	1	0	1	0	2	2	1	1	3	1	1	0	1	0	1	2	3	2	2	4	3	0	3	2	1	5	2	3	0	1	4	2	0	1	0	0	0	1	1	2	1	1	2	0	0	2	3	4	2	1	1	0	1	4	1	1	2	2	0	1	0	0	0
0	0	0	0	8	12	8	22	20	25	30	15	21	4	9	14	22	17	8	8	4	15	19	15	9	8	11	9	11	6	5	6	12	16	7	11	14	11	19	30	65	0	43	37	37	13	6	13	7	5	3	7	2	2	3	9	4	4	3	11	6	6	5	1	0	1	1	1	3	3	3	3	5	2	2	1	3	3	2	2	2	2	3	2	2	3	6	0	2	1	2	2	2	1	0	2	0	0	0	1	0	1	1	0	1	0	2	2	2	2	1	2	1	1	3	4	0	2	1	0	1	1	0	2	0
0	0	0	3	4	11	7	7	8	8	8	10	5	4	5	9	10	12	8	9	4	14	12	10	3	13	5	1	4	7	5	3	12	6	3	2	8	6	6	11	13	43	0	192	58	17	7	10	11	7	3	1	4	2	4	1	6	6	2	9	23	5	4	5	2	3	3	2	1	2	4	3	5	0	2	1	2	0	3	6	1	2	3	5	7	1	5	3	3	1	3	1	5	1	1	2	1	1	3	0	5	2	0	0	2	0	0	2	1	4	4	1	2	0	1	2	4	2	1	1	1	1	1	1	1
0	0	0	3	13	13	7	10	10	8	12	11	8	9	3	10	2	12	7	7	7	9	17	15	8	2	4	6	4	3	4	5	5	9	10	5	5	7	6	8	9	37	192	0	54	10	10	7	7	6	5	3	3	2	4	8	7	6	4	15	20	7	1	0	1	3	1	0	1	1	4	3	3	3	2	1	3	3	4	2	1	0	4	2	3	2	2	3	4	2	1	3	0	3	1	0	1	1	2	1	2	1	1	0	2	1	1	2	2	3	3	2	1	1	1	3	5	1	1	2	0	1	3	2	0
0	0	0	6	7	4	7	10	6	16	3	4	5	4	3	11	13	8	10	9	9	19	27	21	12	5	2	3	7	2	7	7	15	10	13	4	19	10	10	6	13	37	58	54	0	37	27	22	15	8	6	7	0	10	6	7	6	7	11	16	16	11	3	2	5	0	1	2	4	5	4	6	8	2	4	1	1	2	7	2	2	4	5	5	5	1	5	2	5	2	4	6	1	0	2	2	1	5	1	4	2	1	1	3	1	1	2	2	3	10	8	5	3	0	2	4	1	0	1	2	3	2	4	1	1
0	0	0	3	4	8	6	15	8	11	4	4	4	6	9	6	7	6	3	10	14	45	39	33	29	15	9	7	21	13	6	12	22	15	7	9	9	4	10	4	7	13	17	10	37	0	77	24	20	13	11	7	3	10	10	18	8	10	12	9	9	14	7	5	8	3	1	7	9	5	7	10	9	2	1	2	4	4	2	9	3	4	3	4	4	4	9	6	6	7	2	7	3	2	2	2	5	3	5	3	1	2	6	2	2	4	0	8	8	6	8	2	3	3	1	4	1	2	0	1	0	1	1	3	1
0	0	0	3	0	7	5	5	4	8	6	5	3	1	4	3	6	5	7	7	10	30	11	15	14	5	6	6	9	19	18	18	25	24	19	8	23	5	10	5	6	6	7	10	27	77	0	57	31	38	30	13	4	20	30	43	10	12	17	16	18	17	13	3	4	5	7	9	11	12	13	14	13	11	4	4	8	2	5	13	3	4	7	5	5	3	7	5	9	10	7	4	6	5	2	1	4	1	2	3	4	5	2	2	7	2	8	4	12	17	9	8	6	3	3	4	4	2	4	2	1	3	1	1	3
0	0	0	4	6	5	6	18	5	4	3	3	2	4	5	5	8	9	13	21	12	22	14	11	15	5	3	9	30	31	20	26	48	73	50	22	53	31	17	5	3	13	10	7	22	24	57	0	677	89	30	12	8	11	37	110	14	18	16	13	10	12	7	3	6	9	4	8	11	14	4	15	14	8	5	0	2	9	11	17	4	12	9	7	7	8	8	3	3	1	6	5	0	1	2	1	1	1	1	3	4	1	1	0	2	1	1	3	5	11	7	2	6	0	4	4	4	4	3	1	1	1	1	5	0
0	0	0	4	6	6	2	12	9	9	5	3	4	2	5	2	12	6	20	12	13	19	12	15	15	4	2	12	38	45	19	33	45	84	115	24	66	26	31	8	2	7	11	7	15	20	31	677	0	143	36	10	3	14	43	113	36	12	25	6	7	9	7	5	2	7	4	6	6	6	6	8	10	10	5	1	11	3	12	19	11	14	9	18	10	5	17	11	12	8	6	5	6	7	2	3	3	3	3	2	1	8	3	3	4	3	0	4	4	9	2	5	3	5	3	4	1	2	1	2	0	1	4	1	2
0	0	0	2	1	2	4	10	5	0	2	3	0	1	4	4	4	6	12	16	9	8	8	11	9	2	2	5	33	50	21	34	35	40	42	33	38	19	18	4	3	5	7	6	8	13	38	89	143	0	80	17	9	26	156	134	21	19	11	5	3	10	16	9	4	4	4	5	11	13	15	12	11	9	6	3	10	7	10	23	4	10	20	23	17	4	13	16	6	11	12	7	5	2	2	1	5	1	5	7	2	1	3	3	0	5	4	6	12	8	11	6	2	3	3	5	3	2	4	0	0	1	1	2	1
0	0	0	6	2	0	2	0	4	3	0	2	4	2	2	2	3	7	4	9	13	4	2	10	6	3	3	3	13	16	24	20	16	18	19	11	15	13	6	4	4	3	3	5	6	11	30	30	36	80	0	62	21	83	649	59	18	12	10	8	3	9	8	8	9	5	4	13	24	16	40	44	25	25	6	12	14	20	36	41	22	21	16	23	18	16	21	22	14	12	13	7	7	1	0	3	7	9	4	1	8	6	3	9	1	3	4	5	10	13	14	11	9	2	9	7	5	3	1	1	4	4	4	2	0
0	0	0	1	1	6	4	1	0	1	4	0	3	2	3	3	2	1	5	2	1	2	4	5	2	3	3	8	5	13	8	10	9	1	10	3	4	7	5	2	2	7	1	3	7	7	13	12	10	17	62	0	70	96	35	9	14	8	8	2	4	0	9	7	7	7	13	12	22	23	35	46	24	69	25	36	85	93	47	25	10	16	23	5	22	4	18	17	9	21	9	6	4	7	6	2	4	9	4	2	17	20	8	4	8	3	3	0	23	6	10	18	13	14	14	7	5	6	7	3	3	3	5	6	4
0	0	0	3	1	0	3	0	3	1	3	1	1	1	0	1	1	1	0	1	6	2	3	3	4	1	3	0	3	6	8	1	6	5	3	3	6	4	5	1	2	2	4	3	0	3	4	8	3	9	21	70	0	20	12	4	5	2	10	3	2	1	5	6	4	3	11	4	14	20	25	18	20	56	132	86	95	438	50	23	19	6	10	15	15	12	26	18	15	15	24	25	15	8	6	5	9	8	12	6	32	40	12	19	7	9	5	9	11	12	10	24	28	16	27	12	5	7	6	8	5	4	2	9	11
0	0	0	0	0	3	2	3	3	1	1	1	2	0	2	0	2	3	4	10	6	2	1	7	9	2	3	7	9	26	18	15	16	16	7	8	5	10	4	5	2	2	2	2	10	10	20	11	14	26	83	96	20	0	62	19	5	9	10	6	4	1	10	0	7	5	2	7	26	16	19	22	16	29	8	13	33	37	49	22	13	26	15	25	25	9	12	16	15	5	11	4	8	3	5	1	5	2	2	4	5	8	3	5	4	4	4	8	6	8	13	6	7	4	7	4	4	1	1	1	2	6	3	3	3
0	0	0	3	0	2	4	4	2	1	2	2	0	2	2	3	7	7	5	11	14	7	5	5	6	5	6	4	7	35	21	21	18	15	20	15	5	21	9	2	1	3	4	4	6	10	30	37	43	156	649	35	12	62	0	85	20	13	14	6	3	9	6	6	10	5	5	5	6	27	14	21	29	13	11	7	8	16	29	30	12	19	21	16	14	9	18	15	12	13	11	8	4	2	2	0	7	4	0	5	2	7	8	4	6	0	3	6	10	17	10	5	5	4	6	6	3	4	2	1	3	3	5	5	3
0	0	0	0	1	1	3	7	2	5	4	3	4	0	1	4	5	5	4	7	5	11	4	7	4	5	5	6	17	22	10	22	25	29	33	20	18	22	7	8	9	9	1	8	7	18	43	110	113	134	59	9	4	19	85	0	56	27	31	14	10	11	14	7	8	7	11	8	8	17	23	19	29	12	5	3	3	9	13	27	7	9	19	20	19	13	11	17	10	12	11	9	5	5	2	3	6	4	6	4	5	5	3	4	5	0	5	7	18	15	10	7	7	0	7	11	5	10	2	1	2	5	2	4	1
0	0	0	2	5	3	3	4	3	6	4	2	2	4	1	3	6	3	5	5	6	4	2	6	6	3	2	4	9	5	9	5	8	12	35	29	13	11	12	4	1	4	6	7	6	8	10	14	36	21	18	14	5	5	20	56	0	171	23	7	9	17	8	11	4	5	3	4	4	17	17	9	8	9	3	1	5	7	17	25	20	33	26	36	22	11	31	15	12	6	11	9	2	3	3	6	3	2	1	2	2	1	6	6	5	5	4	10	14	11	6	5	1	3	3	7	7	7	3	2	2	6	7	3	2
0	0	0	1	0	2	0	6	0	7	3	1	1	2	2	2	5	8	7	4	4	9	3	6	7	1	4	1	5	7	6	7	8	6	21	13	11	6	14	10	1	4	6	6	7	10	12	18	12	19	12	8	2	9	13	27	171	0	29	21	13	12	20	6	9	4	4	3	6	8	15	17	17	6	6	4	5	6	11	33	12	22	26	24	18	23	20	22	22	4	10	11	2	3	2	4	3	4	4	3	5	4	3	1	3	2	5	10	20	9	7	5	2	4	3	5	7	1	4	0	2	1	4	0	0
0	0	0	0	2	4	1	4	2	1	2	5	1	2	1	2	6	2	7	4	3	2	5	3	4	3	6	3	5	8	9	8	7	6	12	7	6	5	10	4	5	3	2	4	11	12	17	16	25	11	10	8	10	10	14	31	23	29	0	26	13	56	86	28	19	14	11	8	16	34	31	23	45	6	14	3	6	5	11	24	7	12	14	13	9	14	13	12	29	13	6	13	2	3	3	2	7	6	3	7	2	5	4	3	7	4	2	11	46	82	27	9	6	2	8	20	12	9	4	6	2	5	6	5	2
0	0	0	1	1	2	2	0	2	3	2	2	3	2	4	0	8	3	6	0	3	7	5	3	3	3	1	2	5	5	6	6	8	7	5	9	7	4	1	2	6	11	9	15	16	9	16	13	6	5	8	2	3	6	6	14	7	21	26	0	110	168	19	6	3	3	6	3	4	8	9	6	11	3	2	3	1	1	2	9	1	3	8	3	3	10	12	11	9	6	2	3	3	1	2	4	1	1	1	6	2	3	5	2	0	1	8	5	13	23	4	2	5	0	6	11	6	3	3	1	1	4	1	2	1
0	0	0	0	2	2	3	4	2	1	1	3	4	3	2	2	3	6	5	4	4	5	6	8	2	3	2	1	5	5	3	2	3	6	9	1	6	2	3	2	5	6	23	20	16	9	18	10	7	3	3	4	2	4	3	10	9	13	13	110	0	47	14	8	6	4	1	2	3	6	5	5	3	3	2	0	1	3	5	6	1	2	4	2	5	3	2	7	3	4	4	2	3	0	1	3	2	2	3	1	5	3	2	3	5	3	2	5	6	10	7	1	3	3	3	10	3	2	1	1	2	2	2	2	3
0	0	0	2	2	2	3	1	1	6	2	2	2	2	1	2	7	1	2	0	0	3	5	4	4	3	1	1	0	4	0	4	5	6	4	6	5	4	2	3	2	6	5	7	11	14	17	12	9	10	9	0	1	1	9	11	17	12	56	168	47	0	58	24	10	7	9	3	10	11	9	8	11	3	3	1	3	3	8	7	1	4	5	4	5	9	8	6	10	4	7	5	2	1	2	2	8	5	2	2	2	3	5	2	8	2	3	10	14	41	15	5	6	1	2	9	4	5	1	2	2	2	3	4	1
0	0	0	2	1	0	2	1	3	2	2	0	1	1	0	4	6	1	3	0	3	2	1	6	1	2	2	0	4	3	4	1	3	4	8	6	3	2	5	5	1	5	4	1	3	7	13	7	7	16	8	9	5	10	6	14	8	20	86	19	14	58	0	89	18	13	13	5	8	26	21	24	26	8	11	4	3	5	10	20	10	9	15	10	9	11	12	17	38	17	7	10	10	5	7	3	11	11	3	4	7	10	5	5	6	5	3	25	49	58	38	7	8	2	6	30	16	12	3	2	7	2	0	3	2
0	0	0	3	1	1	1	1	0	0	2	1	2	0	1	2	0	3	2	1	1	1	3	3	1	3	1	4	1	4	2	2	2	5	3	3	2	2	3	3	0	1	5	0	2	5	3	3	5	9	8	7	6	0	6	7	11	6	28	6	8	24	89	0	64	24	25	13	22	27	21	14	26	9	2	6	3	8	13	14	5	6	11	5	5	9	6	17	45	12	2	10	6	1	5	7	11	17	10	6	8	4	4	6	21	9	9	39	40	75	34	15	5	2	13	76	28	14	6	5	12	4	2	6	4
0	0	0	0	1	0	2	2	1	3	0	0	0	0	2	1	2	2	1	2	4	3	2	5	1	1	3	3	1	3	1	2	4	4	0	1	3	1	3	0	1	0	2	1	5	8	4	6	2	4	9	7	4	7	10	8	4	9	19	3	6	10	18	64	0	155	66	23	29	16	11	16	14	11	10	3	3	3	4	10	7	3	8	2	6	7	7	9	26	20	11	7	6	4	4	9	12	19	9	10	17	7	14	8	32	16	17	31	26	23	48	21	4	5	21	55	30	22	8	12	23	13	10	5	4
0	0	0	1	0	0	0	2	0	2	3	0	1	3	0	1	2	3	1	0	4	2	3	2	3	2	2	1	0	2	2	3	2	1	4	1	3	1	1	0	0	1	3	3	0	3	5	9	7	4	5	7	3	5	5	7	5	4	14	3	4	7	13	24	155	0	89	23	23	27	21	11	21	17	12	16	4	7	8	8	3	4	14	8	4	13	9	16	29	24	11	11	10	6	6	9	18	63	25	13	16	15	25	28	65	24	29	62	26	11	29	53	10	11	33	65	34	23	14	16	25	28	13	6	12
0	0	0	2	0	1	0	0	0	1	3	0	1	0	2	1	1	2	0	0	2	4	4	6	4	0	2	1	1	5	3	0	4	3	2	4	6	2	1	2	2	1	3	1	1	1	7	4	4	4	4	13	11	2	5	11	3	4	11	6	1	9	13	25	66	89	0	43	35	17	19	13	22	17	12	2	7	4	6	10	2	5	6	1	3	2	7	8	11	35	7	8	9	5	7	8	7	33	13	9	20	13	19	16	67	17	20	28	10	16	47	79	8	4	15	19	16	16	15	15	24	43	11	9	7
0	0	0	5	3	0	3	1	0	2	2	2	1	2	0	0	1	0	1	5	3	5	1	1	3	3	1	1	3	7	0	5	5	3	5	2	2	5	4	6	2	1	2	0	2	7	9	8	6	5	13	12	4	7	5	8	4	3	8	3	2	3	5	13	23	23	43	0	71	18	20	20	14	33	8	8	12	3	5	8	8	5	5	6	8	4	8	10	16	14	6	7	2	2	3	3	10	14	10	6	14	11	14	9	21	11	6	11	5	12	40	55	15	7	11	9	6	9	3	5	12	14	8	14	12
0	0	0	1	1	1	1	1	2	2	0	2	2	3	2	1	3	3	2	2	2	8	4	2	2	2	3	3	3	5	7	6	5	4	3	2	3	3	2	4	1	3	1	1	4	9	11	11	6	11	24	22	14	26	6	8	4	6	16	4	3	10	8	22	29	23	35	71	0	70	109	125	52	70	13	18	18	10	19	16	8	5	5	3	8	10	9	17	32	54	15	12	4	9	4	7	9	8	5	6	19	24	17	17	23	11	2	23	22	32	143	102	14	9	28	24	11	5	5	8	9	5	6	5	9
0	0	0	0	2	0	2	2	4	3	5	1	1	0	3	1	3	1	5	1	6	2	4	2	5	2	1	7	5	5	6	5	8	7	6	4	3	6	7	5	1	3	2	1	5	5	12	14	6	13	16	23	20	16	27	17	17	8	34	8	6	11	26	27	16	27	17	18	70	0	490	164	332	69	23	8	13	23	38	53	17	11	14	7	16	23	26	81	148	143	33	31	13	17	8	4	15	14	8	13	26	19	16	10	18	12	13	35	120	43	80	27	13	9	18	42	12	17	2	6	5	4	5	7	3
0	0	0	5	1	4	4	2	2	4	4	1	2	2	1	0	2	4	2	2	5	3	2	2	2	0	1	2	6	10	8	7	10	4	8	7	4	4	5	2	3	3	4	4	4	7	13	4	6	15	40	35	25	19	14	23	17	15	31	9	5	9	21	21	11	21	19	20	109	490	0	587	263	101	22	17	14	35	34	49	19	9	18	8	14	12	28	47	88	99	27	24	8	11	4	6	12	12	5	10	20	33	9	8	15	5	12	26	55	29	90	35	16	8	19	23	19	12	1	6	7	7	5	9	5
0	0	0	1	1	3	5	4	4	1	4	0	0	0	3	2	1	3	0	2	5	2	5	5	7	4	3	3	6	8	10	6	2	4	9	7	7	3	5	1	1	3	3	3	6	10	14	15	8	12	44	46	18	22	21	19	9	17	23	6	5	8	24	14	16	11	13	20	125	164	587	0	253	66	28	12	13	20	45	49	10	18	15	9	12	11	20	43	39	34	17	12	10	10	3	6	6	14	9	8	9	16	8	10	13	10	6	20	43	24	120	29	6	9	13	21	11	6	4	5	4	5	6	8	7
0	0	0	1	0	4	1	4	1	0	0	2	0	0	1	3	2	1	3	4	5	1	3	3	5	0	3	5	5	8	6	3	10	8	10	3	6	3	4	1	1	5	5	3	8	9	13	14	10	11	25	24	20	16	29	29	8	17	45	11	3	11	26	26	14	21	22	14	52	332	263	253	0	44	12	10	7	15	29	58	12	9	22	6	9	14	23	66	103	60	20	17	8	4	6	7	5	8	6	9	6	18	8	12	13	7	5	27	94	53	89	23	8	7	17	34	16	14	5	3	5	6	6	8	8
0	0	0	1	0	3	0	3	1	4	1	1	1	1	0	3	1	1	1	4	6	3	3	2	3	3	2	4	4	5	5	6	5	7	4	6	3	5	4	2	0	2	0	3	2	2	11	8	10	9	25	69	56	29	13	12	9	6	6	3	3	3	8	9	11	17	17	33	70	69	101	66	44	0	52	30	39	46	27	36	9	14	23	7	14	15	14	30	26	66	29	21	12	9	6	8	6	12	9	11	25	69	24	11	22	5	5	13	20	9	29	38	34	19	32	9	8	8	3	1	5	7	9	15	10
0	0	0	0	1	2	2	2	0	1	0	2	1	1	0	2	1	5	2	1	0	4	2	2	0	0	2	1	2	7	4	4	3	7	6	2	1	2	2	2	1	2	2	2	4	1	4	5	5	6	6	25	132	8	11	5	3	6	14	2	2	3	11	2	10	12	12	8	13	23	22	28	12	52	0	132	39	93	35	16	21	13	17	10	18	24	18	27	16	30	62	26	22	11	15	2	9	9	17	24	59	175	34	23	23	12	10	13	16	9	6	16	45	35	39	8	9	11	8	11	5	9	7	11	8
0	0	0	1	2	1	1	4	3	0	1	1	0	0	1	0	2	2	4	5	6	6	0	1	2	2	3	1	0	3	3	4	5	5	6	3	3	3	2	1	0	1	1	1	1	2	4	0	1	3	12	36	86	13	7	3	1	4	3	3	0	1	4	6	3	16	2	8	18	8	17	12	10	30	132	0	39	47	22	7	6	4	7	7	10	13	10	15	3	13	24	16	14	8	10	8	7	17	11	22	36	83	37	22	15	8	8	8	8	6	14	15	105	32	26	8	10	9	9	6	7	12	9	22	12
0	0	0	0	1	3	2	1	3	2	1	0	0	2	1	1	0	1	4	4	2	3	5	2	3	0	2	1	4	7	8	4	7	7	5	2	3	7	5	1	1	3	2	3	1	4	8	2	11	10	14	85	95	33	8	3	5	5	6	1	1	3	3	3	3	4	7	12	18	13	14	13	7	39	39	39	0	76	31	12	12	7	9	9	10	12	13	21	11	3	10	11	6	4	4	5	6	5	3	10	8	18	8	10	9	2	6	10	7	5	8	15	23	7	15	6	5	4	0	3	5	1	5	11	5
0	0	0	1	3	4	2	1	0	0	3	0	1	0	1	0	1	2	3	3	1	1	4	1	3	3	4	3	2	9	10	7	5	5	5	4	4	4	2	1	2	3	0	3	2	4	2	9	3	7	20	93	438	37	16	9	7	6	5	1	3	3	5	8	3	7	4	3	10	23	35	20	15	46	93	47	76	0	73	24	21	12	11	9	32	22	18	21	10	20	40	13	14	10	5	4	15	6	11	9	12	35	12	13	11	5	7	6	13	7	10	11	17	8	21	8	6	6	5	3	7	7	5	9	4
0	0	0	1	2	1	1	1	1	1	2	1	1	2	2	0	2	1	3	2	4	3	5	6	3	2	2	0	7	8	13	7	5	4	13	8	4	9	2	3	3	2	3	4	7	2	5	11	12	10	36	47	50	49	29	13	17	11	11	2	5	8	10	13	4	8	6	5	19	38	34	45	29	27	35	22	31	73	0	81	60	43	54	30	108	48	110	58	19	27	46	21	7	7	10	5	4	13	4	12	12	24	9	11	9	5	4	5	21	7	15	7	9	9	14	8	10	13	3	6	3	7	6	5	1
0	0	0	0	2	0	2	0	3	3	3	3	2	1	1	3	1	1	5	3	7	5	1	2	3	1	1	6	5	8	6	7	6	5	9	2	9	3	4	2	2	2	6	2	2	9	13	17	19	23	41	25	23	22	30	27	25	33	24	9	6	7	20	14	10	8	10	8	16	53	49	49	58	36	16	7	12	24	81	0	41	52	65	27	52	45	82	180	35	30	33	12	9	4	7	9	11	5	9	4	14	14	10	4	6	4	5	12	47	17	28	10	11	7	12	16	10	5	7	2	4	2	2	3	3
0	0	0	3	3	0	3	1	0	1	2	1	1	1	1	1	3	2	1	3	3	3	0	3	3	0	1	3	6	7	7	3	2	7	2	6	2	2	3	2	2	2	1	1	2	3	3	4	11	4	22	10	19	13	12	7	20	12	7	1	1	1	10	5	7	3	2	8	8	17	19	10	12	9	21	6	12	21	60	41	0	56	95	29	180	245	289	59	13	21	76	33	24	12	7	14	8	8	10	5	10	17	10	4	2	3	7	7	18	11	5	7	2	7	13	8	10	7	6	6	3	1	3	5	2
0	0	0	0	2	3	0	1	0	0	5	1	1	0	2	2	2	2	1	2	2	6	4	4	5	0	1	0	4	6	8	3	6	7	4	10	11	8	9	1	4	2	2	0	4	4	4	12	14	10	21	16	6	26	19	9	33	22	12	3	2	4	9	6	3	4	5	5	5	11	9	18	9	14	13	4	7	12	43	52	56	0	268	432	199	58	91	21	11	13	16	9	7	3	5	5	3	1	2	6	11	6	7	3	5	3	4	5	13	6	4	2	6	4	4	8	12	10	6	0	0	1	1	3	1
0	0	0	0	2	3	3	2	0	2	0	1	0	0	1	2	4	1	5	1	3	4	1	2	1	0	3	1	3	1	6	5	6	12	8	10	2	5	4	1	3	3	3	4	5	3	7	9	9	20	16	23	10	15	21	19	26	26	14	8	4	5	15	11	8	14	6	5	5	14	18	15	22	23	17	7	9	11	54	65	95	268	0	109	301	146	325	68	16	15	37	28	5	11	11	10	11	2	7	5	9	11	7	6	6	9	5	9	18	5	10	5	6	6	6	7	9	6	4	7	3	3	2	1	7
0	0	0	0	0	3	0	4	2	1	1	2	0	2	2	3	2	5	3	2	3	2	1	5	1	1	3	4	11	19	4	6	7	7	11	12	7	9	3	4	0	2	5	2	5	4	5	7	18	23	23	5	15	25	16	20	36	24	13	3	2	4	10	5	2	8	1	6	3	7	8	9	6	7	10	7	9	9	30	27	29	432	109	0	102	32	69	15	12	6	13	12	3	7	4	2	3	1	3	4	7	2	2	5	5	1	2	4	12	4	7	13	5	6	9	3	1	4	1	3	0	2	0	1	0
0	0	0	2	2	2	1	3	1	1	2	0	1	0	1	2	2	5	1	3	3	2	2	3	1	2	1	4	4	6	9	3	5	5	9	4	4	8	7	1	3	2	7	3	5	4	5	7	10	17	18	22	15	25	14	19	22	18	9	3	5	5	9	5	6	4	3	8	8	16	14	12	9	14	18	10	10	32	108	52	180	199	301	102	0	84	354	41	12	11	30	23	11	4	12	7	5	4	6	6	8	10	9	5	0	3	7	8	14	6	8	4	5	8	6	10	3	4	4	5	7	2	4	0	4
0	0	0	0	0	1	2	1	1	1	0	1	0	0	0	1	0	2	2	1	2	2	3	0	4	1	4	1	2	3	4	3	6	2	3	1	4	10	6	1	2	3	1	2	1	4	3	8	5	4	16	4	12	9	9	13	11	23	14	10	3	9	11	9	7	13	2	4	10	23	12	11	14	15	24	13	12	22	48	45	245	58	146	32	84	0	191	85	16	22	52	42	18	8	9	9	17	7	8	9	14	9	11	7	5	4	11	14	23	5	14	11	8	2	11	12	15	11	6	5	5	2	1	2	10
0	0	0	1	1	0	0	3	2	0	2	0	1	0	0	3	2	2	0	2	1	1	6	4	3	0	1	0	4	7	7	3	9	8	9	4	2	2	4	1	1	6	5	2	5	9	7	8	17	13	21	18	26	12	18	11	31	20	13	12	2	8	12	6	7	9	7	8	9	26	28	20	23	14	18	10	13	18	110	82	289	91	325	69	354	191	0	101	22	26	44	43	17	7	13	8	16	5	5	5	15	16	8	6	7	5	7	6	30	10	9	8	13	10	13	7	12	10	4	4	0	5	2	8	7
0	0	0	0	1	2	2	2	1	2	1	1	0	0	2	3	2	2	3	5	3	2	3	6	3	0	3	1	4	6	7	10	3	6	6	3	5	2	7	3	5	0	3	3	2	6	5	3	11	16	22	17	18	16	15	17	15	22	12	11	7	6	17	17	9	16	8	10	17	81	47	43	66	30	27	15	21	21	58	180	59	21	68	15	41	85	101	0	68	63	57	43	10	7	5	7	18	12	13	9	18	16	15	4	12	4	7	28	78	28	28	13	14	9	19	20	9	12	3	7	2	6	2	6	1
0	0	0	1	1	1	2	2	2	1	0	1	0	1	1	1	3	0	0	2	4	3	3	2	1	1	2	3	5	3	4	7	4	10	5	3	1	3	0	2	2	2	3	4	5	6	9	3	12	6	14	9	15	15	12	10	12	22	29	9	3	10	38	45	26	29	11	16	32	148	88	39	103	26	16	3	11	10	19	35	13	11	16	12	12	16	22	68	0	142	33	22	14	7	11	11	25	11	15	11	12	11	15	10	18	9	24	72	627	40	66	28	5	5	22	110	25	20	6	6	7	14	9	3	5
0	0	0	1	3	2	0	1	1	1	1	0	3	0	1	1	2	2	1	3	3	3	3	2	1	2	0	2	4	2	5	5	3	1	0	1	2	2	3	4	3	1	1	2	2	7	10	1	8	11	12	21	15	5	13	12	6	4	13	6	4	4	17	12	20	24	35	14	54	143	99	34	60	66	30	13	3	20	27	30	21	13	15	6	11	22	26	63	142	0	47	36	24	16	7	15	25	22	20	13	46	56	38	15	33	15	14	61	62	12	33	51	16	20	72	44	34	16	11	9	9	12	11	12	9
0	0	0	1	2	0	2	2	1	2	0	0	0	0	0	4	3	3	2	1	2	4	1	1	1	1	3	1	2	5	5	3	4	1	3	5	6	3	2	3	0	2	3	1	4	2	7	6	6	12	13	9	24	11	11	11	11	10	6	2	4	7	7	2	11	11	7	6	15	33	27	17	20	29	62	24	10	40	46	33	76	16	37	13	30	52	44	57	33	47	0	250	74	22	15	22	33	13	15	16	40	39	17	10	8	5	8	24	24	7	14	12	17	16	33	16	14	12	6	1	1	7	9	9	7
0	0	0	1	2	0	0	2	2	0	3	0	1	0	2	3	0	3	4	2	1	3	2	5	5	2	1	0	3	2	4	2	5	4	2	1	4	1	4	3	1	2	1	3	6	7	4	5	5	7	7	6	25	4	8	9	9	11	13	3	2	5	10	10	7	11	8	7	12	31	24	12	17	21	26	16	11	13	21	12	33	9	28	12	23	42	43	43	22	36	250	0	104	43	21	32	62	12	22	19	42	26	17	14	10	8	28	37	28	7	10	7	12	17	31	23	28	17	19	2	11	10	6	7	3
0	0	0	1	0	1	0	1	0	1	0	3	2	2	1	0	2	2	0	2	1	4	2	1	2	3	0	0	3	3	2	0	2	2	5	2	2	2	3	0	4	2	5	0	1	3	6	0	6	5	7	4	15	8	4	5	2	2	2	3	3	2	10	6	6	10	9	2	4	13	8	10	8	12	22	14	6	14	7	9	24	7	5	3	11	18	17	10	14	24	74	104	0	91	47	37	62	16	21	21	50	22	14	10	9	15	18	17	9	8	8	6	11	26	28	15	10	13	15	5	1	6	3	4	5
0	0	0	1	0	1	0	0	1	0	2	0	1	0	0	0	1	0	3	1	1	3	0	1	2	1	0	1	2	4	1	2	2	1	4	3	0	0	2	3	2	1	1	3	0	2	5	1	7	2	1	7	8	3	2	5	3	3	3	1	0	1	5	1	4	6	5	2	9	17	11	10	4	9	11	8	4	10	7	4	12	3	11	7	4	8	7	7	7	16	22	43	91	0	257	31	51	14	52	30	48	21	25	10	11	23	34	8	10	1	7	10	15	24	26	12	13	16	35	14	7	11	13	4	7
0	0	0	0	0	0	1	0	2	0	0	0	1	0	0	1	0	1	0	2	2	0	0	3	1	0	0	1	2	4	1	3	1	0	0	0	1	0	2	1	0	0	1	1	2	2	2	2	2	2	0	6	6	5	2	2	3	2	3	2	1	2	7	5	4	6	7	3	4	8	4	3	6	6	15	10	4	5	10	7	7	5	11	4	12	9	13	5	11	7	15	21	47	257	0	53	76	19	38	24	30	14	9	8	12	22	43	16	10	5	4	5	15	16	14	14	10	37	42	12	10	11	4	3	8
0	0	0	1	1	0	0	2	1	0	0	1	0	1	2	0	2	1	2	3	0	1	0	2	2	0	1	1	1	1	5	0	0	2	5	0	2	2	3	3	1	2	2	0	2	2	1	1	3	1	3	2	5	1	0	3	6	4	2	4	3	2	3	7	9	9	8	3	7	4	6	6	7	8	2	8	5	4	5	9	14	5	10	2	7	9	8	7	11	15	22	32	37	31	53	0	155	20	12	15	13	7	12	9	6	17	31	25	10	3	6	6	7	8	12	19	39	47	30	10	7	3	6	7	3
0	0	0	0	2	1	2	0	1	0	0	1	0	1	0	2	1	2	3	3	3	1	0	2	2	1	0	0	1	2	2	2	3	1	2	2	1	2	1	1	0	0	1	1	1	5	4	1	3	5	7	4	9	5	7	6	3	3	7	1	2	8	11	11	12	18	7	10	9	15	12	6	5	6	9	7	6	15	4	11	8	3	11	3	5	17	16	18	25	25	33	62	62	51	76	155	0	20	27	24	34	17	16	5	13	22	54	63	18	11	10	16	9	16	37	35	50	96	28	10	9	9	9	7	6
0	0	0	1	3	2	2	1	2	0	0	1	1	0	0	1	0	2	1	1	2	1	0	1	0	1	0	2	1	5	6	3	2	3	4	1	0	0	0	1	0	0	1	1	5	3	1	1	3	1	9	9	8	2	4	4	2	4	6	1	2	5	11	17	19	63	33	14	8	14	12	14	8	12	9	17	5	6	13	5	8	1	2	1	4	7	5	12	11	22	13	12	16	14	19	20	20	0	76	51	25	13	40	50	118	114	85	40	10	14	18	33	28	26	59	15	38	55	33	40	48	67	22	13	8
0	0	0	1	1	3	1	1	1	2	0	0	0	1	0	1	0	0	0	1	3	1	1	2	1	0	0	0	1	3	2	0	3	6	7	2	2	1	2	2	0	0	3	2	1	5	2	1	3	5	4	4	12	2	0	6	1	4	3	1	3	2	3	10	9	25	13	10	5	8	5	9	6	9	17	11	3	11	4	9	10	2	7	3	6	8	5	13	15	20	15	22	21	52	38	12	27	76	0	126	43	24	50	40	32	107	155	23	9	9	10	23	15	40	76	18	34	59	88	34	28	31	12	9	11
0	0	0	1	1	1	2	1	1	0	0	0	2	1	1	0	0	4	1	1	1	1	2	2	1	1	2	0	3	3	2	1	3	1	4	1	4	1	0	3	1	1	0	1	4	3	3	3	2	7	1	2	6	4	5	4	2	3	7	6	1	2	4	6	10	13	9	6	6	13	10	8	9	11	24	22	10	9	12	4	5	6	5	4	6	9	5	9	11	13	16	19	21	30	24	15	24	51	126	0	90	49	114	74	39	35	30	22	7	6	7	17	47	245	78	6	13	13	29	22	19	15	23	25	32
0	0	0	0	0	0	1	0	0	0	1	1	2	2	1	2	3	3	3	0	1	0	0	1	2	2	1	4	0	5	2	5	2	4	6	2	1	3	1	0	1	0	5	2	2	1	4	4	1	2	8	17	32	5	2	5	2	5	2	2	5	2	7	8	17	16	20	14	19	26	20	9	6	25	59	36	8	12	12	14	10	11	9	7	8	14	15	18	12	46	40	42	50	48	30	13	34	25	43	90	0	149	133	50	25	28	21	27	8	13	12	26	50	110	362	16	16	24	19	21	14	8	13	20	21
0	0	0	0	0	2	4	1	0	6	0	1	0	0	3	1	2	0	0	5	0	4	4	2	0	0	0	3	5	3	0	0	7	6	3	1	2	4	2	2	2	1	2	1	1	2	5	1	8	1	6	20	40	8	7	5	1	4	5	3	3	3	10	4	7	15	13	11	24	19	33	16	18	69	175	83	18	35	24	14	17	6	11	2	10	9	16	16	11	56	39	26	22	21	14	7	17	13	24	49	149	0	101	39	32	13	11	19	19	12	19	47	109	61	88	12	13	11	5	14	13	13	10	25	13
0	0	0	2	1	1	0	1	1	1	1	2	1	1	0	0	0	2	1	1	0	5	1	1	4	1	3	1	1	2	2	2	1	3	1	4	1	3	4	0	1	1	0	1	1	6	2	1	3	3	3	8	12	3	8	3	6	3	4	5	2	5	5	4	14	25	19	14	17	16	9	8	8	24	34	37	8	12	9	10	10	7	7	2	9	11	8	15	15	38	17	17	14	25	9	12	16	40	50	114	133	101	0	229	85	31	34	18	10	4	13	45	112	130	126	18	14	15	12	20	22	31	31	31	26
0	0	0	0	4	0	1	0	0	1	1	0	1	0	1	0	2	2	0	3	5	0	3	2	0	3	0	3	2	3	4	2	4	2	2	1	0	0	4	1	1	0	0	0	3	2	2	0	3	3	9	4	19	5	4	4	6	1	3	2	3	2	5	6	8	28	16	9	17	10	8	10	12	11	23	22	10	13	11	4	4	3	6	5	5	7	6	4	10	15	10	14	10	10	8	9	5	50	40	74	50	39	229	0	83	45	26	13	10	6	14	36	61	73	52	11	14	18	23	19	30	55	47	67	40
0	0	0	0	1	2	0	2	1	2	1	1	0	0	0	3	2	2	0	3	1	1	0	2	2	2	1	1	1	1	3	1	1	1	3	3	3	1	0	0	2	1	2	2	1	2	7	2	4	0	1	8	7	4	6	5	5	3	7	0	5	8	6	21	32	65	67	21	23	18	15	13	13	22	23	15	9	11	9	6	2	5	6	5	0	5	7	12	18	33	8	10	9	11	12	6	13	118	32	39	25	32	85	83	0	38	22	32	13	7	20	82	25	32	58	24	13	25	18	23	58	93	24	27	12
0	0	0	0	1	0	0	1	0	1	1	0	1	1	0	1	0	0	1	2	1	3	0	0	3	0	3	0	1	1	2	4	2	1	1	1	1	4	0	2	0	0	0	1	1	4	2	1	3	5	3	3	9	4	0	0	5	2	4	1	3	2	5	9	16	24	17	11	11	12	5	10	7	5	12	8	2	5	5	4	3	3	9	1	3	4	5	4	9	15	5	8	15	23	22	17	22	114	107	35	28	13	31	45	38	0	123	17	8	6	13	11	15	21	38	13	17	38	69	149	58	56	19	18	20
0	0	0	2	0	0	2	1	0	1	1	2	2	0	1	2	2	1	0	3	0	1	0	0	1	1	2	0	0	2	0	3	6	1	4	1	1	2	1	1	0	2	0	1	2	0	8	1	0	4	4	3	5	4	3	5	4	5	2	8	2	3	3	9	17	29	20	6	2	13	12	6	5	5	10	8	6	7	4	5	7	4	5	2	7	11	7	7	24	14	8	28	18	34	43	31	54	85	155	30	21	11	34	26	22	123	0	26	9	4	3	12	14	15	46	25	44	160	213	47	22	18	8	9	11
0	0	0	1	0	1	0	1	2	0	0	1	2	2	0	1	0	3	1	4	1	1	2	1	1	3	2	1	0	0	4	1	2	3	4	4	2	2	2	1	2	2	2	2	2	8	4	3	4	6	5	0	9	8	6	7	10	10	11	5	5	10	25	39	31	62	28	11	23	35	26	20	27	13	13	8	10	6	5	12	7	5	9	4	8	14	6	28	72	61	24	37	17	8	16	25	63	40	23	22	27	19	18	13	32	17	26	0	45	13	33	27	11	11	42	349	178	83	13	11	11	8	7	5	1
0	0	0	1	1	2	3	2	3	1	2	1	1	0	1	1	0	0	0	0	2	4	4	3	1	2	0	3	5	3	1	4	6	7	6	6	4	2	4	1	3	2	1	2	3	8	12	5	4	12	10	23	11	6	10	18	14	20	46	13	6	14	49	40	26	26	10	5	22	120	55	43	94	20	16	8	7	13	21	47	18	13	18	12	14	23	30	78	627	62	24	28	9	10	10	10	18	10	9	7	8	19	10	10	13	8	9	45	0	32	55	13	4	10	13	87	25	11	8	5	4	3	1	6	2
0	0	0	4	1	2	2	4	2	4	2	3	0	4	1	4	3	4	3	1	5	5	3	7	1	5	1	2	3	2	8	2	7	6	4	2	8	2	6	2	4	2	4	3	10	6	17	11	9	8	13	6	12	8	17	15	11	9	82	23	10	41	58	75	23	11	16	12	32	43	29	24	53	9	9	6	5	7	7	17	11	6	5	4	6	5	10	28	40	12	7	7	8	1	5	3	11	14	9	6	13	12	4	6	7	6	4	13	32	0	84	15	5	5	13	23	10	12	1	2	5	5	4	5	5
0	0	0	1	0	5	3	1	2	0	0	1	0	2	1	1	3	4	6	3	4	1	2	3	4	5	1	3	7	2	3	6	4	1	2	4	3	4	5	2	2	1	4	3	8	8	9	7	2	11	14	10	10	13	10	10	6	7	27	4	7	15	38	34	48	29	47	40	143	80	90	120	89	29	6	14	8	10	15	28	5	4	10	7	8	14	9	28	66	33	14	10	8	7	4	6	10	18	10	7	12	19	13	14	20	13	3	33	55	84	0	44	8	7	14	28	7	9	8	5	7	11	9	9	6
0	0	0	0	1	0	2	2	1	2	2	0	1	1	1	2	0	0	2	1	6	2	3	0	2	0	1	1	4	6	5	4	4	3	3	5	3	0	3	1	1	2	1	2	5	2	8	2	5	6	11	18	24	6	5	7	5	5	9	2	1	5	7	15	21	53	79	55	102	27	35	29	23	38	16	15	15	11	7	10	7	2	5	13	4	11	8	13	28	51	12	7	6	10	5	6	16	33	23	17	26	47	45	36	82	11	12	27	13	15	44	0	37	14	35	27	17	13	16	10	15	21	14	19	8
0	0	0	0	1	1	3	3	0	1	0	1	3	0	2	1	2	0	2	3	2	2	1	5	2	2	0	2	5	3	3	4	1	2	2	0	1	2	1	1	1	1	2	1	3	3	6	6	3	2	9	13	28	7	5	7	1	2	6	5	3	6	8	5	4	10	8	15	14	13	16	6	8	34	45	105	23	17	9	11	2	6	6	5	5	8	13	14	5	16	17	12	11	15	15	7	9	28	15	47	50	109	112	61	25	15	14	11	4	5	8	37	0	84	30	12	5	11	6	6	10	15	24	51	36
0	0	0	2	0	0	0	3	0	0	1	0	2	0	0	0	1	1	1	1	1	0	0	1	2	0	1	1	2	3	3	2	2	3	2	1	2	2	2	0	0	1	0	1	0	3	3	0	5	3	2	14	16	4	4	0	3	4	2	0	3	1	2	2	5	11	4	7	9	9	8	9	7	19	35	32	7	8	9	7	7	4	6	6	8	2	10	9	5	20	16	17	26	24	16	8	16	26	40	245	110	61	130	73	32	21	15	11	10	5	7	14	84	0	58	11	11	11	20	13	9	12	17	40	41
0	0	0	2	1	0	3	0	1	1	2	1	1	1	0	0	0	0	2	2	2	1	1	3	1	2	1	2	5	2	1	2	3	5	2	2	2	2	2	3	1	3	1	1	2	1	3	4	3	3	9	14	27	7	6	7	3	3	8	6	3	2	6	13	21	33	15	11	28	18	19	13	17	32	39	26	15	21	14	12	13	4	6	9	6	11	13	19	22	72	33	31	28	26	14	12	37	59	76	78	362	88	126	52	58	38	46	42	13	13	14	35	30	58	0	21	27	37	18	16	19	21	12	12	12
0	0	0	1	0	0	2	2	4	2	2	1	3	2	0	1	1	1	1	2	2	3	2	2	5	2	0	1	3	4	0	3	5	5	3	3	3	2	5	2	4	4	2	3	4	4	4	4	4	5	7	7	12	4	6	11	7	5	20	11	10	9	30	76	55	65	19	9	24	42	23	21	34	9	8	8	6	8	8	16	8	8	7	3	10	12	7	20	110	44	16	23	15	12	14	19	35	15	18	6	16	12	18	11	24	13	25	349	87	23	28	27	12	11	21	0	95	33	7	13	8	12	6	2	11
0	0	0	0	0	2	1	2	1	1	2	1	0	0	1	0	2	0	0	2	0	2	0	2	0	0	0	0	2	1	2	2	2	2	0	4	4	3	5	2	1	0	4	5	1	1	4	4	1	3	5	5	5	4	3	5	7	7	12	6	3	4	16	28	30	34	16	6	11	12	19	11	16	8	9	10	5	6	10	10	10	12	9	1	3	15	12	9	25	34	14	28	10	13	10	39	50	38	34	13	16	13	14	14	13	17	44	178	25	10	7	17	5	11	27	95	0	125	18	14	13	16	5	5	7
0	0	0	0	0	0	2	1	0	4	0	3	0	1	1	0	1	2	0	0	1	2	3	3	6	2	2	2	2	5	4	1	2	0	3	5	1	3	2	2	1	2	2	1	0	2	2	4	2	2	3	6	7	1	4	10	7	1	9	3	2	5	12	14	22	23	16	9	5	17	12	6	14	8	11	9	4	6	13	5	7	10	6	4	4	11	10	12	20	16	12	17	13	16	37	47	96	55	59	13	24	11	15	18	25	38	160	83	11	12	9	13	11	11	37	33	125	0	50	27	13	15	5	8	6
0	0	0	2	0	1	0	1	0	1	1	1	0	1	1	0	1	1	1	1	1	0	1	2	3	0	1	0	0	2	1	4	1	2	2	2	0	1	2	2	2	1	1	1	1	0	4	3	1	4	1	7	6	1	2	2	3	4	4	3	1	1	3	6	8	14	15	3	5	2	1	4	5	3	8	9	0	5	3	7	6	6	4	1	4	6	4	3	6	11	6	19	15	35	42	30	28	33	88	29	19	5	12	23	18	69	213	13	8	1	8	16	6	20	18	7	18	50	0	50	13	15	7	6	10
0	0	0	0	1	0	0	0	0	2	1	1	0	0	0	0	0	0	1	0	3	3	1	2	2	1	1	0	3	2	1	0	0	1	4	1	1	2	1	1	2	0	1	2	2	1	2	1	2	0	1	3	8	1	1	1	2	0	6	1	1	2	2	5	12	16	15	5	8	6	6	5	3	1	11	6	3	3	6	2	6	0	7	3	5	5	4	7	6	9	1	2	5	14	12	10	10	40	34	22	21	14	20	19	23	149	47	11	5	2	5	10	6	13	16	13	14	27	50	0	72	65	29	10	10
0	0	0	1	1	1	0	0	0	3	1	0	4	0	1	0	0	0	0	0	1	2	1	0	0	2	0	1	2	2	1	2	3	0	1	2	2	1	1	0	0	1	1	0	3	0	1	1	0	0	4	3	5	2	3	2	2	2	2	1	2	2	7	12	23	25	24	12	9	5	7	4	5	5	5	7	5	7	3	4	3	0	3	0	7	5	0	2	7	9	1	11	1	7	10	7	9	48	28	19	14	13	22	30	58	58	22	11	4	5	7	15	10	9	19	8	13	13	13	72	0	320	24	15	9
0	0	0	2	0	0	1	0	2	0	1	1	1	1	3	0	0	1	1	1	2	0	1	3	0	2	0	0	0	2	1	4	1	2	4	0	0	3	2	1	1	1	1	1	2	1	3	1	1	1	4	3	4	6	3	5	6	1	5	4	2	2	2	4	13	28	43	14	5	4	7	5	6	7	9	12	1	7	7	2	1	1	3	2	2	2	5	6	14	12	7	10	6	11	11	3	9	67	31	15	8	13	31	55	93	56	18	8	3	5	11	21	15	12	21	12	16	15	15	65	320	0	42	26	14
0	0	0	0	1	0	2	1	2	1	1	0	0	0	1	2	0	0	3	0	3	1	1	0	1	3	1	2	1	2	2	1	2	1	0	0	4	2	0	2	0	0	1	3	4	1	1	1	4	1	4	5	2	3	5	2	7	4	6	1	2	3	0	2	10	13	11	8	6	5	5	6	6	9	7	9	5	5	6	2	3	1	2	0	4	1	2	2	9	11	9	6	3	13	4	6	9	22	12	23	13	10	31	47	24	19	8	7	1	4	9	14	24	17	12	6	5	5	7	29	24	42	0	73	57
0	0	0	1	3	1	1	0	1	0	0	0	1	2	0	1	0	1	0	1	3	3	0	3	1	2	2	2	2	3	2	0	2	1	2	2	0	0	2	1	0	2	1	2	1	3	1	5	1	2	2	6	9	3	5	4	3	0	5	2	2	4	3	6	5	6	9	14	5	7	9	8	8	15	11	22	11	9	5	3	5	3	1	1	0	2	8	6	3	12	9	7	4	4	3	7	7	13	9	25	20	25	31	67	27	18	9	5	6	5	9	19	51	40	12	2	5	8	6	10	15	26	73	0	178
0	0	0	0	3	2	0	1	4	2	0	0	1	1	1	1	1	0	0	0	2	0	0	2	3	1	0	1	0	4	1	3	0	0	1	0	0	0	2	2	0	0	1	0	1	1	3	0	2	1	0	4	11	3	3	1	2	0	2	1	3	1	2	4	4	12	7	12	9	3	5	7	8	10	8	12	5	4	1	3	2	1	7	0	4	10	7	1	5	9	7	3	5	7	8	3	6	8	11	32	21	13	26	40	12	20	11	1	2	5	6	8	36	41	12	11	7	6	10	10	9	14	57	178	0
