0	0	0	0	0	0	0	0	0	0	0	0	0	0	0	0	0	0	0	0	0	0	0	0	0	0	0	0	0	0	0	0	0	0	0	0	0	0	0	0	0	0	0	0	0	0	0	0	0	0	0	0	0	0	0	0	0	0	0	0	0	0	0	0	0	0	0	0	0	0	0	0	0	0	0	0	0	0	0	0	0	0	0	0	0	0	0	0	0	0	0	0	0	0	0	0	0	0	0	0	0	0	0	0	0	0	0	0	0	0	0	0	0	0	0	0	0	0	0	0	0	0	0	0	0	0	0	0	0	0	0	0	0	0	0	0	0	0	0	0	0	0	0	0	0	0	0	0	0	0	0	0	0	0	0	0	0	0	0	0	0	0	0	0	0	0	0	0	0	0	0	0
0	0	0	0	0	0	0	0	0	0	0	0	0	0	0	0	0	0	0	0	0	0	0	0	0	0	0	0	0	0	0	0	0	0	0	0	0	0	0	0	0	0	0	0	0	0	0	0	0	0	0	0	0	0	0	0	0	0	0	0	0	0	0	0	0	0	0	0	0	0	0	0	0	0	0	0	0	0	0	0	0	0	0	0	0	0	0	0	0	0	0	0	0	0	0	0	0	0	0	0	0	0	0	0	0	0	0	0	0	0	0	0	0	0	0	0	0	0	0	0	0	0	0	0	0	0	0	0	0	0	0	0	0	0	0	0	0	0	0	0	0	0	0	0	0	0	0	0	0	0	0	0	0	0	0	0	0	0	0	0	0	0	0	0	0	0	0	0	0	0	0	0
0	0	0	0	0	0	0	0	0	0	0	0	0	0	0	0	0	0	0	0	0	0	0	0	0	0	0	0	0	0	0	0	0	0	0	0	0	0	0	0	0	0	0	0	0	0	0	0	0	0	0	0	0	0	0	0	0	0	0	0	0	0	0	0	0	0	0	0	0	0	0	0	0	0	0	0	0	0	0	0	0	0	0	0	0	0	0	0	0	0	0	0	0	0	0	0	0	0	0	0	0	0	0	0	0	0	0	0	0	0	0	0	0	0	0	0	0	0	0	0	0	0	0	0	0	0	0	0	0	0	0	0	0	0	0	0	0	0	0	0	0	0	0	0	0	0	0	0	0	0	0	0	0	0	0	0	0	0	0	0	0	0	0	0	0	0	0	0	0	0	0	0
0	0	0	0	127	32	13	10	6	9	7	3	3	4	3	0	3	4	0	2	3	1	1	1	3	3	5	3	5	2	4	2	5	2	10	5	14	3	1	2	5	6	8	6	8	16	20	30	24	11	12	9	7	8	1	5	4	4	5	4	0	2	5	1	3	1	1	0	0	1	0	0	0	1	1	1	0	1	2	0	1	0	1	0	1	1	2	2	0	0	0	0	1	1	4	0	1	1	1	3	1	1	3	1	0	1	2	0	1	0	1	5	0	0	0	0	1	1	1	1	2	1	0	3	2	1	2	2	1	0	0	1	1	2	1	2	0	3	1	3	1	3	1	2	0	1	0	0	0	0	1	0	0	3	0	4	1	1	2	0	0	2	1	2	0	0	0	1	2	0	0	0
0	0	0	127	0	104	32	15	14	16	12	7	8	8	4	4	3	0	3	5	1	3	1	6	2	4	3	5	0	3	1	3	3	10	12	12	9	9	4	4	9	8	7	10	17	32	33	68	47	24	18	20	6	16	5	2	2	7	6	3	2	2	3	2	1	0	2	2	2	3	2	2	1	0	0	4	2	2	3	1	2	1	1	2	0	0	2	2	3	2	1	0	4	2	3	3	1	1	0	3	2	3	4	1	2	2	1	2	3	2	2	2	0	0	0	1	0	3	0	1	1	0	1	1	1	0	0	2	0	1	3	0	2	4	2	4	2	1	2	3	2	3	0	1	3	1	0	1	1	0	1	1	1	2	1	0	1	2	0	0	1	1	0	1	0	0	1	0	1	1	2	0
0	0	0	32	104	0	65	32	32	35	17	7	10	4	3	1	5	2	2	1	2	2	3	5	1	4	3	1	4	0	3	4	8	8	14	20	14	8	6	7	4	8	7	11	4	21	18	34	27	20	22	23	13	13	5	5	8	5	5	4	3	1	3	1	0	2	1	3	1	2	0	0	3	1	4	4	3	1	2	2	0	1	3	1	2	3	0	3	4	0	1	0	1	1	5	5	2	2	2	0	1	0	1	1	1	0	1	1	2	1	2	3	3	1	2	1	0	0	0	1	0	0	0	2	1	0	2	0	2	1	2	1	0	2	2	1	2	2	0	0	1	0	1	0	0	3	2	1	1	1	1	4	0	1	0	0	0	2	1	2	1	2	3	0	0	1	1	0	2	1	2	0
0	0	0	13	32	65	0	81	103	155	34	19	27	20	17	10	5	9	2	1	2	0	2	6	5	3	6	3	2	1	3	5	4	7	19	20	22	10	5	10	10	5	10	8	9	22	18	25	34	35	58	31	26	31	16	7	7	8	11	4	3	1	1	2	2	3	1	3	0	3	2	1	1	1	1	3	3	1	1	2	2	2	2	4	0	0	2	1	1	0	1	2	1	2	2	3	4	3	2	4	1	1	4	3	1	2	1	1	1	1	2	4	1	2	2	1	0	1	1	1	1	3	1	1	1	0	1	0	1	4	2	1	5	2	1	2	3	2	1	0	3	1	1	2	0	0	0	3	0	3	0	0	2	3	1	1	4	4	0	2	2	0	1	1	0	1	1	1	0	1	1	0
0	0	0	10	15	32	81	0	315	111	40	60	74	63	12	11	16	9	5	7	6	9	6	11	7	5	4	8	6	1	6	5	2	9	18	13	26	13	9	9	11	10	12	12	7	16	14	10	28	42	59	35	29	62	28	17	15	11	11	5	5	5	4	3	2	3	1	1	3	7	2	2	1	3	2	2	5	5	7	2	3	4	1	4	1	0	2	1	3	5	6	4	4	1	3	5	5	6	3	5	6	0	2	2	4	1	1	1	3	2	2	2	2	2	0	2	3	0	1	1	1	2	1	5	1	2	3	0	3	2	6	3	8	3	3	3	4	2	3	6	2	3	3	2	0	2	0	0	3	0	0	1	2	1	1	2	2	1	1	0	0	2	3	3	2	2	0	2	2	1	1	0
0	0	0	6	14	32	103	315	0	207	54	55	45	37	15	12	7	7	4	3	4	9	7	9	9	15	8	4	5	5	8	6	4	10	25	24	40	16	4	6	10	17	15	16	9	22	14	19	15	41	69	76	65	130	28	17	23	17	9	9	3	8	6	2	1	5	0	1	5	3	5	2	2	2	5	4	4	3	2	2	3	3	0	3	4	2	2	1	2	0	2	0	7	2	6	2	2	3	5	5	0	0	3	3	2	0	2	3	2	4	5	3	5	4	2	3	3	0	0	1	0	3	3	2	1	2	1	0	3	2	2	4	5	1	3	4	2	0	1	2	3	1	1	0	1	0	2	1	1	0	2	3	0	4	1	3	4	0	1	1	0	3	0	0	0	2	2	0	0	0	1	0
0	0	0	9	16	35	155	111	207	0	126	57	41	27	15	11	15	7	6	6	4	6	5	7	7	11	6	6	5	3	2	11	13	10	26	30	27	15	5	9	11	11	7	13	6	16	17	15	22	29	23	38	32	46	25	19	18	17	13	9	2	8	3	0	1	0	5	1	0	3	3	2	2	4	4	3	7	3	6	0	3	1	1	2	1	0	2	2	1	1	3	2	0	4	5	5	3	1	2	3	0	1	3	1	3	1	2	1	2	3	1	3	1	6	3	0	5	1	0	1	0	3	1	1	1	3	2	2	1	4	2	4	2	6	1	1	5	1	4	2	3	1	5	0	0	1	1	1	2	0	2	0	1	3	2	1	0	1	2	1	3	1	1	1	2	0	0	0	0	1	2	0
0	0	0	7	12	17	34	40	54	126	0	119	27	33	8	6	6	5	6	2	4	12	8	8	7	6	10	5	1	4	3	10	23	21	42	37	39	16	11	9	7	4	8	8	10	17	8	10	14	18	16	16	25	39	25	18	18	15	15	6	7	11	3	0	2	2	3	2	0	0	0	3	2	3	6	1	2	4	0	1	3	3	4	2	1	1	1	5	3	2	6	2	7	4	6	3	1	1	5	3	1	3	1	1	3	1	1	1	2	2	0	0	4	0	2	2	0	2	1	2	0	1	6	0	0	0	3	0	5	2	3	3	9	2	4	3	4	2	2	1	1	3	1	2	1	2	2	0	1	1	3	1	1	2	1	0	1	1	1	1	0	2	0	0	2	1	3	0	3	0	1	0
0	0	0	3	7	7	19	60	55	57	119	0	96	50	23	15	10	11	9	4	6	5	14	11	8	12	6	6	2	2	3	12	5	13	12	26	22	9	8	9	6	7	6	3	4	8	7	8	11	10	20	15	17	30	42	30	24	18	5	6	3	3	2	1	7	2	3	2	3	0	1	1	0	3	4	3	9	3	3	4	3	3	4	3	5	1	1	1	1	1	0	2	5	3	5	2	4	2	5	3	2	1	0	2	3	2	0	2	0	0	2	1	3	1	2	3	3	2	1	2	1	2	2	1	1	2	1	1	2	6	6	5	5	4	4	7	4	1	1	2	2	2	0	2	0	2	1	0	3	2	3	2	2	0	2	1	1	1	2	3	1	1	0	0	2	0	2	1	1	0	2	0
0	0	0	3	8	10	27	74	45	41	27	96	0	191	26	8	17	16	10	6	15	16	11	9	5	9	11	5	4	5	3	7	7	9	11	14	10	9	7	7	8	6	6	11	5	8	10	9	11	10	19	25	26	33	44	17	40	18	7	7	5	9	6	4	3	3	2	3	3	4	2	0	4	1	8	4	5	11	2	2	2	6	3	6	1	1	3	3	3	1	3	4	1	5	2	2	5	4	3	1	2	4	2	0	0	1	6	2	2	0	1	0	1	1	1	2	3	1	2	2	1	2	1	1	2	1	2	5	3	8	1	2	10	4	6	2	2	3	1	2	1	0	1	0	1	2	3	1	0	0	0	3	1	5	4	1	2	1	0	0	2	2	1	1	1	0	0	0	1	2	0	0
0	0	0	4	8	4	20	63	37	27	33	50	191	0	92	39	49	36	15	7	12	15	14	13	9	8	6	8	2	3	1	4	5	6	8	12	21	14	7	14	8	11	9	8	6	5	7	12	13	14	23	14	23	64	87	32	31	28	14	7	11	12	4	6	0	4	3	3	3	5	4	5	2	1	6	4	9	8	3	4	4	9	5	3	1	0	1	3	1	1	5	6	3	4	4	5	6	4	5	0	1	1	4	8	3	0	4	3	3	1	1	3	1	2	1	4	7	3	3	0	1	3	2	1	1	0	0	4	4	6	8	5	2	4	5	8	7	4	2	6	1	3	0	0	3	1	4	1	1	0	1	3	1	3	2	4	1	4	1	2	2	2	0	3	0	3	1	1	1	0	0	0
0	0	0	3	4	3	17	12	15	15	8	23	26	92	0	169	193	184	26	17	27	50	23	13	17	17	10	7	7	3	7	4	3	4	6	4	14	12	17	9	10	4	8	10	5	7	7	5	8	16	8	11	20	31	57	33	58	41	11	18	13	9	14	8	13	0	5	2	6	3	4	2	1	6	9	15	15	10	14	7	4	9	7	6	5	6	2	6	7	6	2	7	7	5	4	4	1	15	5	12	2	4	4	5	2	3	0	1	5	1	4	0	4	5	4	5	1	3	1	1	1	3	6	2	2	3	1	4	6	11	11	11	12	11	8	5	7	7	3	3	11	2	2	5	1	5	2	6	1	1	1	4	4	5	2	3	5	2	1	2	2	0	0	2	2	3	2	2	1	3	3	0
0	0	0	0	4	1	10	11	12	11	6	15	8	39	169	0	806	183	36	24	27	59	20	16	22	9	10	10	8	5	2	2	6	2	4	7	6	11	6	12	10	5	10	6	3	11	4	6	9	9	19	18	14	28	29	19	27	42	23	39	27	34	10	9	6	5	4	6	6	5	4	7	3	7	13	15	28	12	11	5	2	7	5	7	0	4	4	6	10	4	6	5	13	6	17	13	6	16	13	8	5	2	9	7	6	2	2	3	6	4	6	8	5	4	2	4	4	3	6	3	6	4	2	5	7	2	4	3	4	10	13	7	15	19	14	14	9	8	7	5	3	4	2	3	5	4	3	6	3	0	3	2	4	7	2	7	7	6	5	5	4	2	3	0	0	4	0	3	2	1	1	0
0	0	0	3	3	5	5	16	7	15	6	10	17	49	193	806	0	217	45	37	30	48	18	16	13	8	4	8	3	6	5	6	6	6	4	5	14	8	6	6	10	8	11	6	2	7	7	4	10	10	9	9	11	15	31	18	17	24	31	33	17	29	18	3	9	5	7	3	4	4	5	2	3	5	7	10	36	16	10	7	6	9	7	3	4	5	4	7	5	6	11	4	8	10	7	13	10	14	9	5	5	4	9	12	4	1	3	2	3	6	5	4	3	6	3	2	5	2	1	2	2	1	3	4	1	1	3	4	8	8	14	8	7	5	18	8	5	5	5	4	4	9	2	2	5	1	4	3	2	0	1	5	6	4	4	4	2	3	5	3	2	2	1	1	0	1	2	1	3	1	2	0
0	0	0	4	0	2	9	9	7	7	5	11	16	36	184	183	217	0	72	61	58	115	28	13	18	14	6	11	6	2	4	5	5	7	3	1	8	12	13	10	12	5	4	2	5	4	2	7	5	7	10	7	8	19	21	20	39	17	18	25	24	29	22	11	5	7	1	5	8	7	9	6	3	7	9	16	28	21	14	4	5	10	15	5	6	6	2	6	9	7	16	11	11	8	14	5	10	18	8	5	3	4	8	9	5	3	5	2	1	2	3	4	3	4	3	4	2	5	1	3	1	5	2	3	1	2	3	1	3	6	14	12	17	7	15	11	8	10	5	8	2	3	2	2	2	0	3	1	4	4	4	4	4	3	4	6	5	6	4	2	2	0	2	1	1	1	1	0	4	4	1	0
0	0	0	0	3	2	2	5	4	6	6	9	10	15	26	36	45	72	0	121	74	139	23	18	18	15	11	14	6	3	5	5	6	2	5	5	9	9	8	11	5	3	8	6	3	0	3	6	4	5	5	8	8	9	19	19	12	12	18	21	31	65	35	19	10	14	7	11	12	15	4	7	12	10	16	21	36	54	37	10	21	23	23	13	9	3	7	7	11	10	10	9	8	13	7	7	8	15	12	10	6	2	5	7	9	2	3	3	3	1	4	3	5	6	3	8	2	3	1	7	4	3	6	4	8	3	6	6	5	22	45	23	79	32	37	10	11	12	7	4	10	7	4	0	2	2	2	4	5	6	5	10	3	6	4	1	1	2	4	3	3	2	0	2	1	4	2	6	3	2	1	0
0	0	0	2	5	1	1	7	3	6	2	4	6	7	17	24	37	61	121	0	319	49	17	9	5	6	7	4	4	2	3	2	2	0	0	5	3	7	6	7	9	3	5	4	2	1	2	2	1	3	4	6	6	8	11	19	14	10	9	10	15	27	40	23	11	10	4	3	4	17	12	13	10	11	22	18	92	82	56	11	13	32	18	10	16	5	6	10	8	0	13	8	8	11	16	8	10	16	15	14	4	6	27	11	4	6	4	2	7	10	2	5	3	4	5	4	3	3	1	3	5	3	3	5	5	4	2	7	7	27	25	9	37	21	20	10	15	15	10	13	8	4	6	2	7	4	5	7	5	8	4	7	2	10	8	8	8	5	5	0	3	4	4	1	6	2	1	2	1	2	1	0
0	0	0	3	1	2	2	6	4	4	4	6	15	12	27	27	30	58	74	319	0	28	7	10	5	4	4	6	4	3	6	8	4	1	6	2	5	6	11	4	6	4	6	3	4	3	2	3	1	6	3	8	5	9	11	7	13	14	8	11	15	16	24	11	9	8	6	0	10	17	9	10	5	10	10	14	43	36	26	8	11	12	17	11	9	5	4	5	10	7	8	3	8	5	9	8	15	13	12	8	12	11	10	12	4	5	2	3	4	2	2	2	2	1	3	1	3	3	3	0	2	7	2	5	2	4	5	2	11	11	15	14	11	18	12	9	9	10	8	7	8	6	0	0	2	0	2	5	9	5	4	10	3	6	1	4	7	2	4	2	2	4	4	1	0	1	1	3	2	4	2	0
0	0	0	1	3	2	0	9	9	6	12	5	16	15	50	59	48	115	139	49	28	0	80	37	29	26	16	21	8	13	5	10	8	4	4	7	11	13	18	15	10	11	10	2	4	12	4	6	4	5	4	9	11	20	31	31	51	44	25	30	29	67	33	13	11	11	5	7	7	6	5	4	3	7	9	15	26	19	21	13	4	8	13	6	4	3	6	13	13	11	15	9	10	9	15	9	11	9	6	9	6	2	10	9	4	3	3	4	3	2	4	2	5	5	2	2	6	4	6	1	2	4	4	4	4	4	3	7	11	18	27	19	45	19	30	15	11	10	8	10	6	3	2	2	1	0	0	3	1	3	0	6	7	6	2	3	4	4	2	3	3	2	1	0	2	3	0	1	2	2	3	0
0	0	0	1	1	3	2	6	7	5	8	14	11	14	23	20	18	28	23	17	7	80	0	186	188	94	29	78	33	10	10	10	9	5	5	12	8	18	44	32	14	13	14	5	5	4	10	4	2	2	8	10	14	14	18	21	31	63	35	50	22	35	16	6	4	11	7	9	9	8	5	4	4	6	11	6	9	11	14	6	8	9	8	4	5	1	3	8	16	18	13	5	7	16	8	6	9	13	11	6	6	3	2	7	1	3	4	0	4	3	1	1	7	6	1	3	4	5	6	3	4	5	6	2	3	2	0	4	6	8	16	16	38	24	32	15	10	13	4	3	5	5	3	1	1	2	3	3	4	3	1	1	4	3	1	3	1	2	1	2	0	3	4	1	1	1	3	2	1	1	1	0
0	0	0	1	6	5	6	11	9	7	8	11	9	13	13	16	16	13	18	9	10	37	186	0	656	139	29	71	30	31	14	17	5	6	3	7	21	32	179	59	20	14	18	11	6	8	5	3	4	11	8	13	20	16	23	13	30	54	53	51	22	24	16	7	3	9	8	5	5	3	3	3	1	4	9	3	7	9	6	5	8	7	3	3	1	6	7	8	17	8	18	9	11	14	13	7	6	7	6	4	5	1	3	3	2	1	2	3	3	3	2	1	10	3	7	5	5	2	2	3	4	7	2	6	2	3	4	5	8	15	13	14	22	11	18	21	4	2	3	8	6	4	0	1	1	1	0	2	4	3	3	1	4	1	4	4	2	2	0	3	1	1	2	0	1	2	5	2	2	1	0	0
0	0	0	3	2	1	5	7	9	7	7	8	5	9	17	22	13	18	18	5	5	29	188	656	0	60	21	42	35	9	12	14	12	4	2	9	16	21	80	50	16	27	23	7	4	3	8	8	3	6	13	11	14	11	18	13	23	53	64	81	34	38	12	9	4	11	14	8	6	6	3	1	7	5	6	8	12	9	5	4	6	5	5	5	3	5	3	4	24	10	19	4	7	12	9	9	6	6	10	4	5	1	7	1	5	2	1	0	6	3	5	3	6	10	3	1	2	3	1	2	4	3	1	3	5	1	3	6	5	8	13	20	21	21	27	34	11	9	5	4	6	7	2	2	3	2	2	4	2	0	7	5	1	1	4	6	7	3	6	3	2	1	1	1	3	0	2	1	1	0	2	0
0	0	0	3	4	4	3	5	15	11	6	12	9	8	17	9	8	14	15	6	4	26	94	139	60	0	94	58	28	36	28	19	11	11	4	15	22	32	132	36	7	15	24	7	3	10	11	5	3	6	10	12	24	14	29	32	41	69	34	28	8	13	5	4	2	2	7	3	2	2	3	4	2	2	6	4	5	8	8	8	2	5	2	2	2	2	5	4	3	7	4	8	7	11	2	6	5	8	7	6	2	1	1	3	3	4	2	1	3	2	3	3	2	5	1	2	4	2	2	1	3	0	3	2	5	7	1	2	5	6	12	4	17	11	13	10	4	6	5	2	6	5	3	2	1	1	1	1	2	2	2	2	4	6	1	2	2	5	5	1	0	1	3	3	0	1	1	1	2	0	1	0
0	0	0	5	3	3	6	4	8	6	10	6	11	6	10	10	4	6	11	7	4	16	29	29	21	94	0	89	30	26	40	18	13	10	7	6	16	16	26	14	11	9	9	5	4	3	3	4	4	5	3	4	11	4	12	15	34	28	9	11	15	8	11	13	4	3	4	5	2	3	2	3	3	3	1	2	4	4	6	6	6	6	5	1	9	3	3	4	4	9	6	8	6	5	2	2	2	4	2	3	2	1	1	3	3	2	0	3	5	4	1	2	3	6	1	1	3	0	3	2	1	3	3	1	2	0	3	4	8	9	9	13	19	8	13	5	2	1	3	6	5	1	1	2	3	0	1	2	3	0	0	5	5	1	2	4	1	0	5	1	2	4	0	1	0	1	0	1	2	1	2	0
0	0	0	3	5	1	3	8	4	6	5	6	5	8	7	10	8	11	14	4	6	21	78	71	42	58	89	0	74	33	18	17	6	7	4	7	8	10	37	21	9	15	15	10	4	6	4	4	4	7	5	5	8	4	13	15	17	20	12	16	8	13	16	4	8	8	7	7	5	4	1	8	1	2	3	7	9	11	10	4	8	5	10	6	6	6	8	4	11	9	11	11	9	9	6	4	2	4	8	5	3	2	2	3	3	3	0	0	0	4	4	3	8	3	0	4	2	2	2	1	2	4	5	3	3	3	3	6	9	11	25	20	34	28	11	14	5	4	3	2	5	4	3	0	1	2	1	2	2	2	3	1	3	4	3	0	0	1	2	0	1	1	0	1	1	3	3	1	1	0	2	0
0	0	0	5	0	4	2	6	5	5	1	2	4	2	7	8	3	6	6	4	4	8	33	30	35	28	30	74	0	103	21	14	5	5	4	12	6	15	25	13	9	12	9	6	9	2	5	3	2	5	1	1	2	5	8	10	8	11	12	12	10	9	6	4	6	8	10	3	0	5	2	6	3	2	3	2	9	6	5	4	6	4	4	3	2	4	3	5	7	5	11	3	5	7	5	2	9	15	6	3	4	2	1	5	2	4	1	2	1	4	2	10	7	3	5	3	2	1	2	2	2	4	3	5	6	2	3	4	5	11	16	13	15	12	12	8	4	8	1	1	3	4	3	0	1	0	3	3	4	2	3	3	0	7	4	0	0	0	4	3	1	1	1	2	0	1	0	4	2	0	0	0
0	0	0	2	3	0	1	1	5	3	4	2	5	3	3	5	6	2	3	2	3	13	10	31	9	36	26	33	103	0	83	30	16	10	5	7	14	11	30	15	8	8	9	9	5	4	4	0	3	7	0	8	14	3	2	7	5	5	10	7	7	6	4	2	7	3	3	3	1	7	4	2	2	3	3	2	3	1	4	7	6	3	1	1	2	2	1	4	8	1	3	1	7	2	1	2	3	5	4	0	7	2	3	3	2	2	2	4	3	2	4	2	6	8	2	2	3	2	0	3	2	2	1	0	2	2	3	2	5	3	6	4	6	3	7	9	3	1	1	5	3	3	0	0	1	2	3	2	0	1	1	5	2	3	1	1	4	2	0	1	1	2	1	1	3	0	1	1	1	0	1	0
0	0	0	4	1	3	3	6	8	2	3	3	3	1	7	2	5	4	5	3	6	5	10	14	12	28	40	18	21	83	0	89	25	13	7	13	12	17	32	11	5	6	8	3	4	4	7	3	7	7	5	0	11	5	3	9	6	15	9	5	5	7	3	1	4	3	2	1	1	3	1	4	4	3	1	4	6	3	2	4	2	1	1	1	2	4	1	1	4	5	4	4	4	2	2	1	2	4	1	0	3	3	1	0	3	2	4	0	2	1	2	3	2	4	0	1	1	3	1	2	3	4	1	1	0	4	2	5	3	2	2	3	7	4	6	4	3	2	2	2	1	2	1	1	0	1	1	1	1	0	1	0	1	1	2	0	1	1	3	1	1	1	0	0	2	0	1	0	0	0	1	0
0	0	0	2	3	4	5	5	6	11	10	12	7	4	4	2	6	5	5	2	8	10	10	17	14	19	18	17	14	30	89	0	82	20	12	27	17	11	20	14	8	6	13	14	2	4	4	6	5	4	2	4	11	9	6	13	10	10	16	7	8	2	2	4	2	0	2	3	2	2	6	1	1	0	3	3	3	1	1	2	3	4	4	3	2	0	2	3	3	3	8	2	5	3	2	5	1	0	5	1	2	1	1	1	1	2	2	0	1	3	2	2	2	1	6	1	4	0	0	2	0	2	1	0	0	0	1	3	0	0	2	1	6	4	0	6	3	0	1	1	3	0	0	2	0	1	1	1	0	1	2	0	0	2	2	2	1	1	0	2	2	1	1	1	0	1	2	0	1	1	0	0
0	0	0	5	3	8	4	2	4	13	23	5	7	5	3	6	6	5	6	2	4	8	9	5	12	11	13	6	5	16	25	82	0	102	32	29	19	11	16	6	7	3	10	7	7	8	4	3	4	4	5	7	5	9	7	12	11	5	3	6	1	3	3	1	0	2	4	4	1	3	2	2	2	2	2	1	4	1	2	4	0	5	2	2	2	1	3	2	5	1	1	3	3	1	0	3	0	2	1	1	2	1	0	1	0	2	0	0	1	0	0	2	0	2	1	1	0	1	0	0	1	3	2	0	1	2	0	2	2	2	1	4	1	2	2	3	1	1	2	2	0	6	1	0	2	1	2	2	0	0	0	1	2	3	1	0	2	3	0	0	0	1	0	0	1	1	1	0	0	0	0	0
0	0	0	2	10	8	7	9	10	10	21	13	9	6	4	2	6	7	2	0	1	4	5	6	4	11	10	7	5	10	13	20	102	0	92	41	12	9	13	9	8	6	6	7	6	7	12	6	3	5	5	9	11	12	7	4	11	4	2	7	4	4	1	4	1	4	1	2	0	1	2	0	1	1	1	0	1	2	1	3	4	2	1	0	0	1	2	3	2	6	2	2	2	4	1	3	1	1	1	2	2	0	2	0	1	2	0	4	1	3	1	0	0	3	1	2	0	1	3	1	1	1	0	1	3	2	1	0	3	3	1	2	2	3	2	3	2	2	0	0	1	0	1	0	0	0	1	1	1	0	1	3	1	1	1	0	1	1	0	0	0	0	1	1	0	1	2	0	3	1	1	0
0	0	0	10	12	14	19	18	25	26	42	12	11	8	6	4	4	3	5	0	6	4	5	3	2	4	7	4	4	5	7	12	32	92	0	81	31	10	14	6	5	5	10	10	2	10	9	8	16	8	7	17	14	9	7	4	7	8	6	5	3	2	0	0	2	0	0	1	2	1	0	2	2	4	2	3	3	0	4	1	2	2	2	0	1	0	1	2	2	0	1	3	0	2	2	2	3	2	0	2	1	1	2	0	0	1	0	2	2	2	2	4	3	1	1	0	4	1	0	0	1	1	3	1	0	1	0	1	1	5	3	4	6	4	1	2	2	1	0	2	1	2	0	0	2	0	0	2	1	0	0	0	1	1	0	1	0	0	3	1	1	0	0	0	1	1	1	1	0	1	0	0
0	0	0	5	12	20	20	13	24	30	37	26	14	12	4	7	5	1	5	5	2	7	12	7	9	15	6	7	12	7	13	27	29	41	81	0	74	32	12	12	18	9	19	10	11	24	15	14	19	15	15	30	41	32	20	15	12	18	12	6	2	2	5	7	5	2	2	1	0	2	2	0	1	1	2	1	6	2	2	1	3	0	1	1	1	3	0	4	3	3	1	2	1	3	0	3	4	2	1	0	2	2	1	0	0	1	2	2	0	4	1	0	2	0	1	0	0	1	1	3	1	2	2	1	2	0	3	2	1	4	3	2	3	4	4	3	0	1	1	3	2	2	0	1	1	0	0	2	0	0	2	2	1	4	3	3	1	1	2	2	2	0	0	0	2	2	2	2	1	0	0	0
0	0	0	14	9	14	22	26	40	27	39	22	10	21	14	6	14	8	9	3	5	11	8	21	16	22	16	8	6	14	12	17	19	12	31	74	0	270	35	32	31	27	36	25	20	18	21	9	14	21	24	52	180	76	29	18	25	60	22	17	5	10	7	7	2	3	1	3	3	3	3	1	1	2	4	8	4	3	4	0	4	2	1	0	1	2	2	5	3	4	3	2	4	6	9	5	6	2	8	3	2	2	4	3	2	1	3	1	3	3	2	4	3	2	3	4	5	0	3	1	2	2	1	1	1	4	3	2	4	4	3	6	4	4	8	5	6	2	1	2	4	2	3	1	0	0	2	0	3	1	2	2	6	3	5	0	2	3	0	3	0	2	1	1	1	0	0	0	0	1	3	0
0	0	0	3	9	8	10	13	16	15	16	9	9	14	12	11	8	12	9	7	6	13	18	32	21	32	16	10	15	11	17	11	11	9	10	32	270	0	81	83	49	47	57	31	17	21	19	9	12	21	18	55	111	56	25	18	20	63	46	18	5	10	6	2	5	5	1	1	3	2	2	3	3	1	5	3	3	9	3	6	3	1	0	1	2	1	3	3	7	4	2	4	6	4	10	3	3	4	5	3	2	2	1	3	2	3	2	2	3	1	5	3	2	4	1	2	2	3	3	2	1	5	0	2	4	0	1	1	2	6	6	2	4	6	9	6	0	0	4	2	3	3	3	0	1	0	2	1	2	1	2	1	2	4	0	3	1	3	1	2	2	2	0	0	0	0	2	2	0	2	1	0
0	0	0	1	4	6	5	9	4	5	11	8	7	7	17	6	6	13	8	6	11	18	44	179	80	132	26	37	25	30	32	20	16	13	14	12	35	81	0	100	32	22	35	14	5	7	10	6	4	12	6	12	28	20	9	16	24	68	50	30	14	12	6	5	1	2	6	7	2	8	2	4	1	2	5	1	3	5	3	3	6	4	4	3	4	4	3	4	5	6	5	2	13	5	6	3	3	5	7	4	5	2	2	3	2	1	4	5	3	3	4	6	3	4	2	3	3	4	4	1	1	4	1	9	6	5	1	4	1	4	18	3	10	10	12	8	2	0	3	3	3	2	3	0	1	1	2	0	3	1	1	3	2	4	3	1	0	0	4	2	3	1	1	1	2	1	1	0	1	0	0	0
0	0	0	2	4	7	10	9	6	9	9	9	7	14	9	12	6	10	11	7	4	15	32	59	50	36	14	21	13	15	11	14	6	9	6	12	32	83	100	0	82	106	100	28	15	15	8	8	8	13	13	23	35	15	15	13	15	43	115	52	10	11	6	7	2	5	4	5	6	4	2	5	2	3	7	10	5	8	10	3	4	7	8	3	3	3	5	3	10	6	2	6	10	5	8	7	5	3	7	3	4	1	3	5	5	4	3	3	7	4	10	6	5	8	4	4	1	4	1	4	0	2	1	1	2	1	3	4	2	4	7	2	9	7	13	8	11	11	3	6	3	4	2	0	3	0	2	0	1	5	1	5	2	7	2	1	0	2	1	4	0	0	0	2	1	1	0	2	2	1	2	0
0	0	0	5	9	4	10	11	10	11	7	6	8	8	10	10	10	12	5	9	6	10	14	20	16	7	11	9	9	8	5	8	7	8	5	18	31	49	32	82	0	328	148	125	32	33	26	10	12	25	14	40	36	35	12	4	9	14	43	15	9	8	4	3	3	4	3	4	1	4	2	4	5	4	1	6	4	4	4	4	4	2	2	1	4	5	3	1	4	5	9	6	10	3	7	8	2	5	7	7	4	5	0	1	3	4	6	5	4	1	5	7	4	6	3	1	8	4	1	5	3	3	0	3	2	3	2	3	4	3	5	4	10	7	8	10	5	8	3	4	3	1	1	0	0	0	2	5	1	1	3	2	3	3	1	2	0	1	1	4	1	2	0	2	1	1	4	0	1	0	2	0
0	0	0	6	8	8	5	10	17	11	4	7	6	11	4	5	8	5	3	3	4	11	13	14	27	15	9	15	12	8	6	6	3	6	5	9	27	47	22	106	328	0	78	54	25	19	17	7	16	17	12	18	27	15	13	8	9	15	78	27	11	11	3	1	3	6	6	6	8	2	5	4	8	1	2	5	7	4	2	4	4	4	3	5	1	0	2	3	10	8	11	8	4	13	15	13	7	8	6	6	4	1	3	4	6	3	4	5	3	3	7	6	9	7	4	7	3	3	3	2	1	4	5	4	3	3	1	2	2	4	4	5	8	8	4	14	9	2	7	2	6	4	2	1	1	0	1	3	1	3	2	4	3	4	6	2	2	4	2	0	4	3	3	2	1	2	1	4	2	4	2	0
0	0	0	8	7	7	10	12	15	7	8	6	6	9	8	10	11	4	8	5	6	10	14	18	23	24	9	15	9	9	8	13	10	6	10	19	36	57	35	100	148	78	0	132	29	33	17	11	12	20	16	23	31	21	10	4	12	24	20	13	10	6	2	4	6	1	2	3	2	2	1	2	0	0	0	7	3	1	4	3	5	3	3	0	1	3	2	5	5	3	5	4	7	2	16	4	4	5	9	4	3	2	1	2	2	2	2	2	2	3	7	3	5	3	3	3	4	2	2	0	2	2	1	1	2	1	1	5	1	2	3	3	4	5	4	3	7	3	4	4	3	5	0	1	3	0	5	2	2	0	0	1	3	3	0	2	1	1	3	3	5	0	0	0	1	0	1	2	0	1	1	0
0	0	0	6	10	11	8	12	16	13	8	3	11	8	10	6	6	2	6	4	3	2	5	11	7	7	5	10	6	9	3	14	7	7	10	10	25	31	14	28	125	54	132	0	102	61	59	18	19	19	18	35	36	16	10	3	7	17	12	14	3	2	3	3	4	4	0	0	3	4	4	0	1	2	1	1	3	0	3	5	1	2	1	3	2	4	2	3	3	6	6	3	5	3	4	4	3	3	1	3	4	0	1	0	2	2	4	2	3	2	1	4	3	1	5	0	1	1	0	1	0	2	1	0	6	1	2	1	2	2	0	0	5	3	5	5	1	3	4	0	4	3	2	3	1	2	2	1	1	1	3	0	1	4	3	0	1	4	0	1	0	3	1	1	0	2	0	2	2	0	2	0
0	0	0	8	17	4	9	7	9	6	10	4	5	6	5	3	2	5	3	2	4	4	5	6	4	3	4	4	9	5	4	2	7	6	2	11	20	17	5	15	32	25	29	102	0	109	119	47	34	33	15	29	17	14	6	2	6	5	14	9	4	2	3	1	4	3	3	2	0	4	0	2	3	0	1	2	2	2	3	1	4	1	7	0	1	2	1	2	1	3	3	8	4	4	4	5	6	3	2	1	3	1	1	3	4	2	2	3	2	4	3	5	5	3	3	1	1	2	0	2	1	3	1	0	0	1	1	1	5	2	4	2	3	1	4	4	2	5	3	1	2	0	1	2	1	0	1	0	1	1	0	1	1	1	0	1	3	5	2	1	1	0	1	1	2	0	1	1	2	4	1	0
0	0	0	16	32	21	22	16	22	16	17	8	8	5	7	11	7	4	0	1	3	12	4	8	3	10	3	6	2	4	4	4	8	7	10	24	18	21	7	15	33	19	33	61	109	0	547	63	98	67	33	86	41	14	15	4	6	10	19	9	1	3	3	3	3	5	1	1	4	2	1	1	1	0	3	4	5	3	1	2	1	1	2	0	3	3	2	4	2	2	9	3	4	2	5	2	1	6	4	5	3	1	0	1	1	2	0	1	2	5	3	1	3	5	4	3	1	1	0	3	4	4	0	4	1	1	2	1	0	4	1	2	7	2	2	4	7	3	3	1	0	3	2	0	1	2	1	2	0	1	1	2	2	3	2	1	4	0	2	0	3	1	3	4	2	0	1	2	2	0	1	0
0	0	0	20	33	18	18	14	14	17	8	7	10	7	7	4	7	2	3	2	2	4	10	5	8	11	3	4	5	4	7	4	4	12	9	15	21	19	10	8	26	17	17	59	119	547	0	138	110	69	34	59	30	13	4	6	2	7	10	6	4	3	7	2	3	2	1	2	4	1	3	2	1	0	1	2	4	1	2	0	1	4	2	3	1	2	0	0	2	1	3	8	6	3	6	4	2	0	5	3	3	1	4	2	3	0	1	1	6	1	0	2	2	2	0	2	1	2	0	2	1	0	1	2	1	3	1	0	0	4	2	4	3	1	3	4	2	2	1	2	1	3	0	1	3	0	1	1	0	0	1	1	2	4	0	3	3	3	2	1	2	2	0	0	1	2	2	1	3	1	0	0
0	0	0	30	68	34	25	10	19	15	10	8	9	12	5	6	4	7	6	2	3	6	4	3	8	5	4	4	3	0	3	6	3	6	8	14	9	9	6	8	10	7	11	18	47	63	138	0	272	57	36	41	24	7	12	6	4	7	6	3	5	4	0	1	0	1	2	2	1	1	3	0	0	2	1	2	3	2	0	5	2	2	0	0	2	3	2	5	1	3	1	1	3	1	1	1	1	6	3	2	1	0	2	2	4	0	2	4	3	2	2	5	5	1	2	3	6	0	1	0	1	2	3	2	1	0	0	0	1	2	3	0	1	3	2	5	4	5	1	0	2	1	1	1	0	1	0	3	1	1	3	3	3	1	1	4	4	0	0	1	1	1	0	3	0	0	2	1	3	0	1	0
0	0	0	24	47	27	34	28	15	22	14	11	11	13	8	9	10	5	4	1	1	4	2	4	3	3	4	4	2	3	7	5	4	3	16	19	14	12	4	8	12	16	12	19	34	98	110	272	0	202	94	56	16	23	7	8	4	7	7	6	5	1	2	1	3	4	3	1	4	4	0	0	4	0	4	3	4	1	3	3	3	0	1	2	0	0	0	1	4	2	2	4	2	5	5	6	2	3	3	5	1	1	2	1	4	2	4	5	1	1	4	3	3	2	0	2	1	2	0	1	2	1	1	1	1	1	3	2	0	0	1	1	2	3	4	3	2	2	5	0	2	2	0	4	0	2	0	1	2	1	0	0	3	2	2	1	0	2	2	1	1	1	1	1	1	2	2	1	1	1	0	0
0	0	0	11	24	20	35	42	41	29	18	10	10	14	16	9	10	7	5	3	6	5	2	11	6	6	5	7	5	7	7	4	4	5	8	15	21	21	12	13	25	17	20	19	33	67	69	57	202	0	438	171	49	35	14	5	9	19	12	7	5	6	4	1	0	0	1	0	1	4	3	5	3	5	0	5	1	3	4	2	2	2	1	1	1	2	2	0	1	3	2	3	2	8	7	9	7	3	2	0	6	4	1	3	2	6	1	2	4	0	1	2	3	3	2	2	2	4	0	2	2	2	1	1	2	2	0	4	1	3	3	3	1	3	5	4	4	4	5	3	4	1	4	1	0	0	3	2	0	0	0	4	2	4	1	1	1	0	2	1	0	1	0	1	3	3	1	0	2	0	1	0
0	0	0	12	18	22	58	59	69	23	16	20	19	23	8	19	9	10	5	4	3	4	8	8	13	10	3	5	1	0	5	2	5	5	7	15	24	18	6	13	14	12	16	18	15	33	34	36	94	438	0	131	51	64	21	8	2	16	20	4	7	5	5	3	2	5	2	4	3	1	4	0	0	2	3	5	4	2	2	2	1	1	1	4	3	0	3	4	3	3	2	4	5	4	3	5	3	6	1	4	1	6	5	4	3	3	2	2	4	3	0	4	2	4	1	2	3	2	2	1	1	1	1	0	0	2	0	4	1	7	5	3	3	3	3	6	2	3	5	3	2	4	0	1	1	1	2	2	0	2	1	0	2	1	2	2	3	1	3	2	3	1	0	1	2	3	1	2	2	0	2	0
0	0	0	9	20	23	31	35	76	38	16	15	25	14	11	18	9	7	8	6	8	9	10	13	11	12	4	5	1	8	0	4	7	9	17	30	52	55	12	23	40	18	23	35	29	86	59	41	56	171	131	0	215	65	20	7	18	18	14	9	4	3	4	1	5	3	4	7	1	1	2	1	2	1	2	5	5	4	5	0	2	3	1	0	2	2	1	4	3	5	4	2	4	4	2	3	4	4	2	1	0	1	3	4	2	1	3	4	4	3	5	4	1	4	1	0	1	0	4	1	1	0	4	1	2	6	1	3	3	1	4	4	2	3	6	1	4	5	0	4	4	1	4	2	1	2	1	2	3	0	0	3	4	2	1	1	0	1	0	1	1	2	3	2	2	1	2	2	0	0	1	0
0	0	0	7	6	13	26	29	65	32	25	17	26	23	20	14	11	8	8	6	5	11	14	20	14	24	11	8	2	14	11	11	5	11	14	41	180	111	28	35	36	27	31	36	17	41	30	24	16	49	51	215	0	134	24	8	21	39	31	11	5	8	3	1	2	5	4	0	3	1	3	0	3	1	3	3	14	4	4	2	4	0	4	2	3	1	2	3	9	2	6	6	7	8	9	2	4	4	6	5	0	1	1	2	2	5	2	2	1	3	5	1	7	1	2	3	1	2	2	4	1	2	3	2	1	2	3	6	4	3	6	1	8	6	6	8	4	1	2	2	0	2	1	3	1	1	2	3	0	0	0	2	2	4	6	2	1	5	1	0	1	3	0	1	1	2	1	2	1	1	3	0
0	0	0	8	16	13	31	62	130	46	39	30	33	64	31	28	15	19	9	8	9	20	14	16	11	14	4	4	5	3	5	9	9	12	9	32	76	56	20	15	35	15	21	16	14	14	13	7	23	35	64	65	134	0	105	28	39	59	24	17	4	13	3	1	2	1	3	2	2	7	2	3	5	3	8	5	6	6	5	1	2	1	3	0	3	2	1	4	1	6	1	5	5	3	5	3	5	4	4	2	3	3	2	5	2	2	1	1	3	1	1	4	2	3	1	2	2	1	1	3	2	1	3	1	4	3	2	2	4	3	4	4	8	3	9	9	4	1	2	1	1	4	2	0	2	1	6	0	2	3	1	4	3	2	4	0	2	3	1	5	3	5	1	2	1	2	2	4	2	1	1	0
0	0	0	1	5	5	16	28	28	25	25	42	44	87	57	29	31	21	19	11	11	31	18	23	18	29	12	13	8	2	3	6	7	7	7	20	29	25	9	15	12	13	10	10	6	15	4	12	7	14	21	20	24	105	0	76	193	78	23	11	15	9	10	10	2	5	3	4	4	4	5	2	4	2	6	7	10	4	5	3	6	2	1	3	1	1	1	3	5	4	3	3	1	2	7	6	5	7	7	1	1	6	5	1	0	0	4	1	2	2	5	2	3	4	2	3	2	0	1	1	2	3	3	3	2	3	2	2	2	6	10	3	8	7	8	6	3	4	2	3	0	1	1	2	2	1	3	1	2	2	3	0	2	4	2	4	4	3	3	4	1	2	3	1	0	2	1	4	1	2	1	0
0	0	0	5	2	5	7	17	17	19	18	30	17	32	33	19	18	20	19	19	7	31	21	13	13	32	15	15	10	7	9	13	12	4	4	15	18	18	16	13	4	8	4	3	2	4	6	6	8	5	8	7	8	28	76	0	469	36	20	8	10	11	7	4	4	4	3	3	2	4	2	3	3	3	2	5	5	3	4	2	4	10	11	1	3	1	1	1	5	2	5	4	8	5	5	3	3	1	3	2	0	2	6	5	2	3	1	1	2	2	3	2	4	3	1	0	3	3	3	1	2	2	0	2	3	1	3	4	4	8	9	13	11	14	10	7	3	3	3	5	4	4	2	2	0	1	2	2	2	1	2	1	4	6	2	5	0	1	1	0	1	0	0	0	4	1	0	0	0	0	1	0
0	0	0	4	2	8	7	15	23	18	18	24	40	31	58	27	17	39	12	14	13	51	31	30	23	41	34	17	8	5	6	10	11	11	7	12	25	20	24	15	9	9	12	7	6	6	2	4	4	9	2	18	21	39	193	469	0	65	16	13	10	15	8	7	5	5	2	1	2	6	2	2	3	1	5	7	9	4	7	6	2	2	5	5	5	0	1	4	3	8	6	4	4	1	7	3	2	12	5	7	2	1	4	2	4	1	1	0	2	2	6	6	5	2	2	3	3	2	2	2	4	0	1	4	0	2	1	3	3	8	14	5	16	7	8	7	8	1	4	1	3	3	2	2	4	5	2	3	1	1	5	3	2	1	0	0	1	2	1	1	2	3	0	0	3	1	2	2	1	1	1	0
0	0	0	4	7	5	8	11	17	17	15	18	18	28	41	42	24	17	12	10	14	44	63	54	53	69	28	20	11	5	15	10	5	4	8	18	60	63	68	43	14	15	24	17	5	10	7	7	7	19	16	18	39	59	78	36	65	0	98	26	18	13	4	6	3	9	7	7	4	6	3	3	4	4	3	5	6	10	5	4	4	6	6	4	3	3	3	7	9	8	8	6	6	6	12	5	5	4	3	3	6	2	4	5	4	4	0	0	3	4	3	2	5	3	3	4	1	1	3	2	2	3	0	7	6	2	3	3	7	6	4	3	14	12	13	7	6	3	3	4	5	2	3	2	1	1	0	2	7	0	1	3	2	1	3	0	0	2	2	3	2	3	1	2	1	0	1	1	1	2	1	0
0	0	0	5	6	5	11	11	9	13	15	5	7	14	11	23	31	18	18	9	8	25	35	53	64	34	9	12	12	10	9	16	3	2	6	12	22	46	50	115	43	78	20	12	14	19	10	6	7	12	20	14	31	24	23	20	16	98	0	97	37	31	6	8	5	5	4	2	4	7	5	5	4	3	4	13	11	5	9	2	5	9	2	5	4	2	3	7	18	8	9	8	18	9	19	12	11	11	7	0	2	4	6	6	5	1	1	3	2	6	5	8	8	8	1	2	2	6	2	1	3	0	3	1	4	3	7	5	6	9	13	6	12	4	13	30	10	4	3	7	4	3	1	0	0	4	5	2	6	3	1	3	10	5	0	2	2	4	4	5	2	3	1	0	2	2	1	1	1	2	0	0
0	0	0	4	3	4	4	5	9	9	6	6	7	7	18	39	33	25	21	10	11	30	50	51	81	28	11	16	12	7	5	7	6	7	5	6	17	18	30	52	15	27	13	14	9	9	6	3	6	7	4	9	11	17	11	8	13	26	97	0	101	68	27	8	11	8	5	6	11	7	4	5	2	6	3	19	21	14	12	8	3	6	7	4	1	7	4	15	18	14	14	17	43	37	23	13	19	23	10	7	4	4	5	14	8	7	4	2	8	8	7	9	17	8	4	7	6	6	4	5	3	1	6	12	3	8	1	5	7	18	17	5	23	18	26	28	17	11	2	7	16	5	1	1	3	3	4	3	2	4	1	5	5	7	6	4	4	4	2	3	3	2	2	3	3	5	0	2	1	0	1	0
0	0	0	0	2	3	3	5	3	2	7	3	5	11	13	27	17	24	31	15	15	29	22	22	34	8	15	8	10	7	5	8	1	4	3	2	5	5	14	10	9	11	10	3	4	1	4	5	5	5	7	4	5	4	15	10	10	18	37	101	0	222	66	16	27	17	11	11	22	19	13	8	11	7	7	24	25	21	16	13	11	18	8	10	17	4	15	18	44	21	34	34	63	81	34	16	34	51	20	16	6	5	8	13	7	5	2	4	11	12	9	15	26	9	2	3	4	5	4	8	4	9	8	8	6	4	5	10	14	17	20	7	18	24	71	84	54	22	9	8	14	8	1	2	2	4	3	8	6	5	6	9	11	13	9	7	10	9	8	5	3	1	1	2	4	4	0	2	5	1	2	0
0	0	0	2	2	1	1	5	8	8	11	3	9	12	9	34	29	29	65	27	16	67	35	24	38	13	8	13	9	6	7	2	3	4	2	2	10	10	12	11	8	11	6	2	2	3	3	4	1	6	5	3	8	13	9	11	15	13	31	68	222	0	79	29	23	17	19	4	17	15	8	5	10	8	9	23	62	28	37	24	18	20	8	10	7	8	9	17	21	15	24	20	31	41	18	18	17	43	12	11	6	4	14	10	6	7	3	4	6	5	5	5	6	10	7	5	7	2	8	5	6	8	3	5	1	5	7	10	17	23	33	21	33	45	149	42	30	11	10	7	18	9	6	1	3	0	7	3	4	2	3	7	15	11	6	2	5	5	6	3	2	0	2	3	0	4	0	3	1	2	0	0
0	0	0	5	3	3	1	4	6	3	3	2	6	4	14	10	18	22	35	40	24	33	16	16	12	5	11	16	6	4	3	2	3	1	0	5	7	6	6	6	4	3	2	3	3	3	7	0	2	4	5	4	3	3	10	7	8	4	6	27	66	79	0	97	82	43	13	23	33	64	18	20	15	20	20	39	86	48	75	32	23	42	34	19	23	17	23	34	35	21	18	22	21	36	18	19	37	71	26	21	9	19	17	20	10	13	9	3	8	6	5	15	10	9	5	14	8	9	3	9	10	9	11	10	8	8	8	20	28	48	26	18	22	46	99	31	70	45	13	19	30	24	3	4	7	5	10	7	8	3	6	19	15	12	8	13	3	6	6	4	5	2	2	1	2	3	4	2	2	1	2	0
0	0	0	1	2	1	2	3	2	0	0	1	4	6	8	9	3	11	19	23	11	13	6	7	9	4	13	4	4	2	1	4	1	4	0	7	7	2	5	7	3	1	4	3	1	3	2	1	1	1	3	1	1	1	10	4	7	6	8	8	16	29	97	0	712	60	34	14	49	265	60	64	22	28	25	32	37	69	67	99	60	51	48	41	48	45	44	61	16	24	17	22	10	27	8	14	15	34	33	17	11	11	12	12	11	4	3	2	2	10	10	5	8	9	3	6	12	6	10	7	13	21	13	16	15	9	14	40	34	68	24	20	14	30	43	13	53	44	33	34	25	21	2	5	7	6	10	5	10	5	17	28	18	21	14	7	10	8	5	8	3	1	7	1	0	2	4	2	4	3	2	0
0	0	0	3	1	0	2	2	1	1	2	7	3	0	13	6	9	5	10	11	9	11	4	3	4	2	4	8	6	7	4	2	0	1	2	5	2	5	1	2	3	3	6	4	4	3	3	0	3	0	2	5	2	2	2	4	5	3	5	11	27	23	82	712	0	99	29	32	75	735	73	40	30	31	27	33	22	43	43	62	58	40	26	32	47	57	82	74	24	24	20	20	15	23	7	9	17	46	20	16	14	19	16	30	10	10	4	9	5	8	6	5	7	14	11	11	12	16	9	8	9	19	13	34	7	14	19	41	32	38	20	13	15	29	22	12	55	71	31	50	38	36	8	5	7	7	9	10	13	14	16	27	20	21	8	6	13	6	2	3	2	3	2	1	2	4	6	8	1	2	2	0
0	0	0	1	0	2	3	3	5	0	2	2	3	4	0	5	5	7	14	10	8	11	11	9	11	2	3	8	8	3	3	0	2	4	0	2	3	5	2	5	4	6	1	4	3	5	2	1	4	0	5	3	5	1	5	4	5	9	5	8	17	17	43	60	99	0	160	105	110	50	20	13	10	13	12	15	19	28	31	49	31	28	14	23	20	38	86	510	61	84	41	43	29	30	11	7	12	12	15	7	8	3	6	12	14	11	3	6	2	4	7	14	20	13	10	13	17	17	9	6	14	17	15	25	25	20	26	59	56	37	15	12	25	43	36	19	66	38	12	27	44	26	6	4	4	3	6	5	3	3	10	9	13	13	3	3	6	5	6	6	4	1	3	3	5	1	8	4	8	5	3	0
0	0	0	1	2	1	1	1	0	5	3	3	2	3	5	4	7	1	7	4	6	5	7	8	14	7	4	7	10	3	2	2	4	1	0	2	1	1	6	4	3	6	2	0	3	1	1	2	3	1	2	4	4	3	3	3	2	7	4	5	11	19	13	34	29	160	0	487	66	26	21	8	9	7	8	11	9	10	11	18	12	18	7	6	9	10	57	200	82	150	49	58	34	24	6	10	10	9	15	7	3	2	5	9	15	13	3	3	9	9	12	21	45	20	24	19	24	19	16	7	15	24	6	17	27	38	13	40	34	16	9	7	12	12	24	25	44	23	14	20	38	20	5	5	4	2	5	3	9	7	8	9	19	14	8	5	4	4	8	4	2	3	1	0	4	2	4	5	3	3	3	0
0	0	0	0	2	3	3	1	1	1	2	2	3	3	2	6	3	5	11	3	0	7	9	5	8	3	5	7	3	3	1	3	4	2	1	1	3	1	7	5	4	6	3	0	2	1	2	2	1	0	4	7	0	2	4	3	1	7	2	6	11	4	23	14	32	105	487	0	88	39	17	19	5	4	8	10	10	10	9	17	16	13	9	9	12	28	77	199	50	84	46	85	24	40	13	11	19	14	7	7	3	5	5	13	15	10	14	8	6	11	10	25	27	24	21	37	42	36	19	15	15	28	25	39	26	24	16	22	21	23	13	5	8	12	13	32	53	28	22	28	56	16	2	7	3	5	11	8	6	4	12	15	24	22	8	7	8	7	6	7	4	2	6	1	3	5	1	8	7	2	3	0
0	0	0	0	2	1	0	3	5	0	0	3	3	3	6	6	4	8	12	4	10	7	9	5	6	2	2	5	0	1	1	2	1	0	2	0	3	3	2	6	1	8	2	3	0	4	4	1	4	1	3	1	3	2	4	2	2	4	4	11	22	17	33	49	75	110	66	88	0	85	43	21	12	14	15	17	16	16	24	19	19	13	11	19	16	32	114	288	35	35	40	63	32	61	15	11	27	37	35	21	15	8	8	20	25	13	13	5	11	7	17	18	22	19	20	30	20	26	12	14	20	29	28	40	24	16	13	30	11	18	14	9	11	16	26	27	206	248	33	86	254	37	11	4	6	5	9	6	7	4	16	24	39	48	13	14	12	7	10	5	7	2	5	8	8	6	5	9	4	1	2	0
0	0	0	1	3	2	3	7	3	3	0	0	4	5	3	5	4	7	15	17	17	6	8	3	6	2	3	4	5	7	3	2	3	1	1	2	3	2	8	4	4	2	2	4	4	2	1	1	4	4	1	1	1	7	4	4	6	6	7	7	19	15	64	265	735	50	26	39	85	0	98	72	27	50	47	47	37	33	40	43	35	31	25	40	41	54	69	47	21	15	21	22	25	29	6	11	24	58	32	18	12	19	22	32	20	9	7	4	9	5	5	8	7	4	12	17	12	17	10	7	8	21	18	23	18	10	15	42	22	26	8	13	16	23	32	12	68	77	76	95	52	38	10	3	6	12	5	15	19	12	13	37	21	22	13	8	13	5	7	2	8	7	1	4	5	4	11	3	3	4	1	0
0	0	0	0	2	0	2	2	5	3	0	1	2	4	4	4	5	9	4	12	9	5	5	3	3	3	2	1	2	4	1	6	2	2	0	2	3	2	2	2	2	5	1	4	0	1	3	3	0	3	4	2	3	2	5	2	2	3	5	4	13	8	18	60	73	20	21	17	43	98	0	257	68	68	27	22	5	19	15	20	35	18	28	46	72	209	63	24	11	8	11	18	8	11	4	9	12	12	14	20	18	7	13	22	12	10	7	6	6	6	6	9	15	6	9	7	10	16	10	11	13	32	43	49	21	18	9	31	15	11	11	6	6	11	7	5	18	33	59	53	22	72	18	8	7	11	13	17	24	21	56	72	27	22	22	10	8	10	9	6	7	5	5	4	4	3	8	5	5	5	5	0
0	0	0	0	2	0	1	2	2	2	3	1	0	5	2	7	2	6	7	13	10	4	4	3	1	4	3	8	6	2	4	1	2	0	2	0	1	3	4	5	4	4	2	0	2	1	2	0	0	5	0	1	0	3	2	3	2	3	5	5	8	5	20	64	40	13	8	19	21	72	257	0	213	81	41	21	13	26	19	38	42	18	40	105	188	100	27	21	8	14	9	11	6	7	5	9	7	18	17	14	19	12	15	22	12	4	7	1	7	4	6	2	6	5	5	8	11	6	12	4	12	15	20	34	19	9	21	30	16	19	9	8	5	9	11	4	18	24	39	29	20	32	15	5	9	16	10	13	25	30	31	31	12	17	16	6	8	6	11	7	4	11	1	1	1	1	4	1	1	6	2	0
0	0	0	0	1	3	1	1	2	2	2	0	4	2	1	3	3	3	12	10	5	3	4	1	7	2	3	1	3	2	4	1	2	1	2	1	1	3	1	2	5	8	0	1	3	1	1	0	4	3	0	2	3	5	4	3	3	4	4	2	11	10	15	22	30	10	9	5	12	27	68	213	0	117	39	18	16	17	11	18	26	13	33	94	77	44	13	15	5	13	4	7	5	6	5	3	9	7	14	11	19	19	27	16	9	4	4	6	6	2	3	0	7	3	4	11	3	8	16	4	8	9	22	20	10	9	13	16	11	10	3	8	9	16	9	5	7	17	24	26	9	28	4	4	12	10	13	21	31	49	32	33	11	9	10	8	9	6	9	3	3	2	1	2	3	3	2	6	4	5	1	0
0	0	0	1	0	1	1	3	2	4	3	3	1	1	6	7	5	7	10	11	10	7	6	4	5	2	3	2	2	3	3	0	2	1	4	1	2	1	2	3	4	1	0	2	0	0	0	2	0	5	2	1	1	3	2	3	1	4	3	6	7	8	20	28	31	13	7	4	14	50	68	81	117	0	119	48	24	20	18	14	18	14	13	48	36	40	16	16	7	8	10	9	9	14	5	10	13	19	16	15	34	56	66	53	5	10	9	3	5	9	4	7	4	6	3	6	7	11	12	4	12	15	30	16	14	15	6	12	11	9	11	7	4	9	8	6	16	27	54	45	25	30	16	6	5	15	18	36	49	27	43	76	19	15	22	13	14	9	12	6	6	5	5	4	4	6	5	8	1	2	4	0
0	0	0	1	0	4	1	2	5	4	6	4	8	6	9	13	7	9	16	22	10	9	11	9	6	6	1	3	3	3	1	3	2	1	2	2	4	5	5	7	1	2	0	1	1	3	1	1	4	0	3	2	3	8	6	2	5	3	4	3	7	9	20	25	27	12	8	8	15	47	27	41	39	119	0	115	42	39	25	20	11	17	30	49	30	19	16	15	10	10	9	10	9	9	5	4	8	39	38	22	25	33	128	78	12	4	5	6	6	6	5	9	5	5	1	5	5	6	5	5	9	10	13	12	4	11	9	10	11	10	7	6	9	3	11	8	17	20	31	34	17	16	7	6	6	6	19	21	28	14	12	27	18	11	14	8	12	6	5	4	9	7	5	4	4	3	4	1	3	3	2	0
0	0	0	1	4	4	3	2	4	3	1	3	4	4	15	15	10	16	21	18	14	15	6	3	8	4	2	7	2	2	4	3	1	0	3	1	8	3	1	10	6	5	7	1	2	4	2	2	3	5	5	5	3	5	7	5	7	5	13	19	24	23	39	32	33	15	11	10	17	47	22	21	18	48	115	0	113	26	37	11	10	21	26	21	10	17	16	18	8	10	7	15	27	25	20	14	33	116	114	54	35	26	73	162	9	11	4	9	6	8	4	8	6	8	3	3	9	11	11	7	9	5	20	10	6	5	4	15	11	7	15	10	5	16	17	8	31	32	35	34	25	22	6	8	1	4	14	13	14	11	6	25	13	21	17	7	18	13	12	3	5	10	2	5	2	9	2	6	5	2	6	0
0	0	0	0	2	3	3	5	4	7	2	9	5	9	15	28	36	28	36	92	43	26	9	7	12	5	4	9	9	3	6	3	4	1	3	6	4	3	3	5	4	7	3	3	2	5	4	3	4	1	4	5	14	6	10	5	9	6	11	21	25	62	86	37	22	19	9	10	16	37	5	13	16	24	42	113	0	75	54	15	9	16	21	22	10	10	10	21	8	14	10	15	17	26	18	13	23	108	43	28	15	14	30	38	7	4	7	5	8	9	9	8	10	6	1	7	5	10	3	1	7	7	7	8	8	5	8	14	10	18	15	11	19	17	32	17	27	27	18	10	12	7	3	2	1	6	7	5	7	11	8	14	16	19	8	5	9	6	6	7	3	3	3	4	0	3	5	3	3	3	4	0
0	0	0	1	2	1	1	5	3	3	4	3	11	8	10	12	16	21	54	82	36	19	11	9	9	8	4	11	6	1	3	1	1	2	0	2	3	9	5	8	4	4	1	0	2	3	1	2	1	3	2	4	4	6	4	3	4	10	5	14	21	28	48	69	43	28	10	10	16	33	19	26	17	20	39	26	75	0	671	45	38	66	81	30	20	11	16	11	16	11	8	19	14	8	7	7	8	30	23	15	4	13	18	17	13	3	1	6	2	6	5	5	4	2	6	4	6	4	6	2	14	6	9	14	6	9	9	18	29	51	47	18	35	29	26	16	9	14	7	19	8	12	4	2	5	9	3	5	6	3	9	17	12	5	8	4	5	1	3	2	5	4	1	4	3	3	5	2	1	1	1	0
0	0	0	2	3	2	1	7	2	6	0	3	2	3	14	11	10	14	37	56	26	21	14	6	5	8	6	10	5	4	2	1	2	1	4	2	4	3	3	10	4	2	4	3	3	1	2	0	3	4	2	5	4	5	5	4	7	5	9	12	16	37	75	67	43	31	11	9	24	40	15	19	11	18	25	37	54	671	0	63	58	169	106	32	42	15	18	14	20	15	10	11	13	10	4	4	15	20	16	15	8	3	12	16	6	5	1	8	5	2	6	1	6	5	6	4	7	4	6	5	4	6	6	9	8	11	9	25	45	69	38	22	26	28	35	11	20	14	15	13	7	12	3	5	7	6	4	4	4	6	6	13	8	8	7	7	3	7	6	2	2	4	2	5	2	1	1	3	2	0	1	0
0	0	0	0	1	2	2	2	2	0	1	4	2	4	7	5	7	4	10	11	8	13	6	5	4	8	6	4	4	7	4	2	4	3	1	1	0	6	3	3	4	4	3	5	1	2	0	5	3	2	2	0	2	1	3	2	6	4	2	8	13	24	32	99	62	49	18	17	19	43	20	38	18	14	20	11	15	45	63	0	398	171	52	38	48	29	35	25	24	16	15	16	13	5	2	8	9	19	10	11	8	11	12	10	7	5	1	1	7	4	6	10	9	5	5	7	13	7	7	6	5	10	11	23	13	10	25	56	243	162	37	41	19	37	38	16	23	15	10	19	6	11	5	4	4	5	6	1	6	5	15	16	10	7	6	1	6	2	3	4	3	3	3	0	0	5	1	1	0	1	3	0
0	0	0	1	2	0	2	3	3	3	3	3	2	4	4	2	6	5	21	13	11	4	8	8	6	2	6	8	6	6	2	3	0	4	2	3	4	3	6	4	4	4	5	1	4	1	1	2	3	2	1	2	4	2	6	4	2	4	5	3	11	18	23	60	58	31	12	16	19	35	35	42	26	18	11	10	9	38	58	398	0	136	96	49	114	40	21	19	19	19	11	14	5	7	3	8	10	14	10	8	4	12	11	6	8	6	4	4	4	4	5	5	2	2	3	7	3	4	4	4	3	10	9	17	14	20	18	61	95	54	27	28	18	33	20	6	20	16	18	17	12	15	4	2	2	4	7	2	11	10	9	12	8	3	9	5	5	5	4	1	5	2	7	2	1	2	1	7	2	1	0	0
0	0	0	0	1	1	2	4	3	1	3	3	6	9	9	7	9	10	23	32	12	8	9	7	5	5	6	5	4	3	1	4	5	2	2	0	2	1	4	7	2	4	3	2	1	1	4	2	0	2	1	3	0	1	2	10	2	6	9	6	18	20	42	51	40	28	18	13	13	31	18	18	13	14	17	21	16	66	169	171	136	0	92	34	29	14	16	25	19	10	17	12	12	7	7	2	6	18	6	7	6	12	7	7	4	3	2	4	4	4	6	9	2	2	2	5	4	5	8	8	2	1	4	7	7	8	14	22	82	142	52	54	31	47	27	12	14	16	7	11	7	8	3	2	4	6	4	5	4	7	8	11	17	2	3	4	3	5	3	3	1	3	0	4	2	2	5	2	4	3	1	0
0	0	0	1	1	3	2	1	0	1	4	4	3	5	7	5	7	15	23	18	17	13	8	3	5	2	5	10	4	1	1	4	2	1	2	1	1	0	4	8	2	3	3	1	7	2	2	0	1	1	1	1	4	3	1	11	5	6	2	7	8	8	34	48	26	14	7	9	11	25	28	40	33	13	30	26	21	81	106	52	96	92	0	96	85	17	16	11	7	7	9	8	5	6	10	5	12	4	19	8	7	14	15	13	2	11	3	2	7	2	3	2	4	2	6	5	2	0	5	8	1	5	6	8	6	10	9	13	20	31	16	15	20	16	17	13	16	5	8	8	5	9	6	1	7	4	6	7	7	7	7	17	7	7	2	7	8	1	4	7	1	5	1	0	4	1	1	2	0	1	2	0
0	0	0	0	2	1	4	4	3	2	2	3	6	3	6	7	3	5	13	10	11	6	4	3	5	2	1	6	3	1	1	3	2	0	0	1	0	1	3	3	1	5	0	3	0	0	3	0	2	1	4	0	2	0	3	1	5	4	5	4	10	10	19	41	32	23	6	9	19	40	46	105	94	48	49	21	22	30	32	38	49	34	96	0	242	30	12	11	10	4	7	5	4	6	5	6	5	17	11	14	8	15	25	19	8	3	3	2	3	2	1	6	1	7	6	4	9	4	9	7	9	7	18	13	7	6	14	16	21	13	10	10	10	9	6	4	9	10	11	17	12	16	6	3	3	10	6	13	16	14	17	25	8	1	7	3	9	3	4	4	5	8	0	5	3	1	4	6	0	4	1	0
0	0	0	1	0	2	0	1	4	1	1	5	1	1	5	0	4	6	9	16	9	4	5	1	3	2	9	6	2	2	2	2	2	0	1	1	1	2	4	3	4	1	1	2	1	3	1	2	0	1	3	2	3	3	1	3	5	3	4	1	17	7	23	48	47	20	9	12	16	41	72	188	77	36	30	10	10	20	42	48	114	29	85	242	0	63	26	11	5	8	6	6	7	9	4	4	9	14	12	6	7	13	14	17	4	3	4	4	4	7	6	3	7	3	7	6	11	6	8	6	1	12	12	16	9	13	21	28	21	28	8	10	5	16	13	5	12	22	19	21	20	14	5	3	4	11	6	7	21	10	22	22	6	5	6	9	8	10	1	4	4	4	2	8	2	1	2	3	1	4	2	0
0	0	0	1	0	3	0	0	2	0	1	1	1	0	6	4	5	6	3	5	5	3	1	6	5	2	3	6	4	2	4	0	1	1	0	3	2	1	4	3	5	0	3	4	2	3	2	3	0	2	0	2	1	2	1	1	0	3	2	7	4	8	17	45	57	38	10	28	32	54	209	100	44	40	19	17	10	11	15	29	40	14	17	30	63	0	97	33	3	14	9	14	10	16	1	8	6	14	13	17	12	12	6	12	4	10	7	6	3	8	3	5	11	4	7	12	11	23	13	13	10	27	36	106	38	34	41	82	26	21	11	10	7	8	15	7	28	25	25	37	22	47	11	5	8	13	6	9	15	22	38	41	27	13	7	16	10	6	3	5	4	7	4	4	2	4	5	5	4	6	4	0
0	0	0	2	2	0	2	2	2	2	1	1	3	1	2	4	4	2	7	6	4	6	3	7	3	5	3	8	3	1	1	2	3	2	1	0	2	3	3	5	3	2	2	2	1	2	0	2	0	2	3	1	2	1	1	1	1	3	3	4	15	9	23	44	82	86	57	77	114	69	63	27	13	16	16	16	10	16	18	35	21	16	16	12	26	97	0	122	19	21	33	26	14	12	12	7	11	14	18	12	7	9	7	13	16	13	5	7	9	4	9	13	19	14	11	16	26	30	16	12	13	55	38	113	54	31	25	66	20	25	9	5	9	17	17	18	34	32	36	49	68	45	9	7	8	8	8	13	9	9	18	26	26	14	18	9	16	6	7	3	7	8	5	3	3	7	4	4	7	4	3	0
0	0	0	2	2	3	1	1	1	2	5	1	3	3	6	6	7	6	7	10	5	13	8	8	4	4	4	4	5	4	1	3	2	3	2	4	5	3	4	3	1	3	5	3	2	4	0	5	1	0	4	4	3	4	3	1	4	7	7	15	18	17	34	61	74	510	200	199	288	47	24	21	15	16	15	18	21	11	14	25	19	25	11	11	11	33	122	0	54	78	52	82	45	59	20	6	14	21	27	13	7	5	7	15	15	8	2	10	9	9	10	20	31	18	18	23	24	23	18	10	13	16	22	29	23	25	23	56	27	25	10	21	11	32	25	24	133	65	21	37	78	25	7	6	5	9	6	7	4	9	11	12	29	15	11	10	5	11	8	5	2	4	3	4	3	4	4	9	4	1	2	0
0	0	0	0	3	4	1	3	2	1	3	1	3	1	7	10	5	9	11	8	10	13	16	17	24	3	4	11	7	8	4	3	5	2	2	3	3	7	5	10	4	10	5	3	1	2	2	1	4	1	3	3	9	1	5	5	3	9	18	18	44	21	35	16	24	61	82	50	35	21	11	8	5	7	10	8	8	16	20	24	19	19	7	10	5	3	19	54	0	358	384	71	31	48	14	10	20	23	9	12	3	2	9	4	7	5	4	5	3	7	13	17	49	19	10	10	4	20	4	5	3	13	10	9	13	6	12	24	26	25	19	20	20	55	65	137	51	20	8	10	14	6	2	3	2	5	2	4	3	6	12	2	7	14	4	2	3	4	5	6	2	5	1	2	1	4	4	3	1	1	2	0
0	0	0	0	2	0	0	5	0	1	2	1	1	1	6	4	6	7	10	0	7	11	18	8	10	7	9	9	5	1	5	3	1	6	0	3	4	4	6	6	5	8	3	6	3	2	1	3	2	3	3	5	2	6	4	2	8	8	8	14	21	15	21	24	24	84	150	84	35	15	8	14	13	8	10	10	14	11	15	16	19	10	7	4	8	14	21	78	358	0	185	69	26	28	14	11	15	19	15	8	7	5	3	6	8	6	3	4	6	12	11	16	36	31	14	15	10	16	8	5	7	12	6	16	14	16	7	25	24	32	11	8	6	31	39	61	46	17	9	8	24	10	7	2	0	3	6	4	2	3	3	14	6	13	4	4	3	4	2	3	6	3	3	2	4	1	6	6	2	3	3	0
0	0	0	0	1	1	1	6	2	3	6	0	3	5	2	6	11	16	10	13	8	15	13	18	19	4	6	11	11	3	4	8	1	2	1	1	3	2	5	2	9	11	5	6	3	9	3	1	2	2	2	4	6	1	3	5	6	8	9	14	34	24	18	17	20	41	49	46	40	21	11	9	4	10	9	7	10	8	10	15	11	17	9	7	6	9	33	52	384	185	0	132	72	53	21	14	14	17	9	8	4	4	7	1	12	11	12	5	5	6	20	30	71	38	15	19	8	14	6	5	14	18	6	11	11	10	8	12	12	16	4	13	11	18	50	195	57	19	6	11	28	12	2	3	3	3	5	4	1	2	3	6	12	9	7	4	3	7	6	4	4	5	5	3	4	1	3	4	1	3	2	0
0	0	0	0	0	0	2	4	0	2	2	2	4	6	7	5	4	11	9	8	3	9	5	9	4	8	8	11	3	1	4	2	3	2	3	2	2	4	2	6	6	8	4	3	8	3	8	1	4	3	4	2	6	5	3	4	4	6	8	17	34	20	22	22	20	43	58	85	63	22	18	11	7	9	10	15	15	19	11	16	14	12	8	5	6	14	26	82	71	69	132	0	143	156	24	16	25	20	23	12	11	5	10	16	22	15	17	10	10	15	34	43	72	45	19	25	21	22	16	11	8	23	11	16	8	13	8	5	10	13	15	5	12	14	21	93	111	39	15	13	37	11	6	4	3	3	7	12	2	3	7	15	18	19	13	6	10	9	9	9	6	7	4	3	2	4	7	10	5	4	3	0
0	0	0	1	4	1	1	4	7	0	7	5	1	3	7	13	8	11	8	8	8	10	7	11	7	7	6	9	5	7	4	5	3	2	0	1	4	6	13	10	10	4	7	5	4	4	6	3	2	2	5	4	7	5	1	8	4	6	18	43	63	31	21	10	15	29	34	24	32	25	8	6	5	9	9	27	17	14	13	13	5	12	5	4	7	10	14	45	31	26	72	143	0	933	82	31	52	53	35	27	8	6	9	14	21	10	8	11	17	19	21	28	39	27	15	21	14	13	5	9	13	8	6	17	13	4	8	9	9	13	12	3	10	15	34	109	122	37	21	23	29	14	7	5	2	5	6	5	6	6	5	10	25	24	13	8	5	6	6	8	6	3	4	3	2	4	5	5	5	2	4	0
0	0	0	1	2	1	2	1	2	4	4	3	5	4	5	6	10	8	13	11	5	9	16	14	12	11	5	9	7	2	2	3	1	4	2	3	6	4	5	5	3	13	2	3	4	2	3	1	5	8	4	4	8	3	2	5	1	6	9	37	81	41	36	27	23	30	24	40	61	29	11	7	6	14	9	25	26	8	10	5	7	7	6	6	9	16	12	59	48	28	53	156	933	0	59	31	64	48	41	17	6	8	7	16	25	12	9	9	15	17	24	25	30	15	11	17	15	14	14	14	14	14	12	4	10	5	9	11	15	18	9	5	12	21	40	110	206	59	22	18	41	18	5	2	2	6	5	9	4	6	5	10	22	24	20	4	7	15	11	6	6	4	4	2	4	2	3	3	3	3	0	0
0	0	0	4	3	5	2	3	6	5	6	5	2	4	4	17	7	14	7	16	9	15	8	13	9	2	2	6	5	1	2	2	0	1	2	0	9	10	6	8	7	15	16	4	4	5	6	1	5	7	3	2	9	5	7	5	7	12	19	23	34	18	18	8	7	11	6	13	15	6	4	5	5	5	5	20	18	7	4	2	3	7	10	5	4	1	12	20	14	14	21	24	82	59	0	363	93	27	33	17	9	4	6	7	21	16	16	14	28	27	24	15	21	16	9	13	9	17	6	8	11	7	11	4	2	2	5	7	5	5	2	7	5	11	15	25	33	23	6	16	9	9	5	9	4	2	4	7	5	4	10	6	21	23	13	3	12	8	11	9	10	1	2	7	2	3	6	4	5	5	5	0
0	0	0	0	3	5	3	5	2	5	3	2	2	5	4	13	13	5	7	8	8	9	6	7	9	6	2	4	2	2	1	5	3	3	2	3	5	3	3	7	8	13	4	4	5	2	4	1	6	9	5	3	2	3	6	3	3	5	12	13	16	18	19	14	9	7	10	11	11	11	9	9	3	10	4	14	13	7	4	8	8	2	5	6	4	8	7	6	10	11	14	16	31	31	363	0	84	28	47	31	15	8	15	13	13	11	13	18	31	17	24	4	19	11	11	13	10	7	3	6	11	7	11	7	1	1	5	3	2	4	5	1	5	4	8	12	22	22	13	18	17	10	7	5	4	4	7	11	3	1	5	7	20	36	11	4	11	16	18	12	10	5	3	3	6	10	10	4	7	2	2	0
0	0	0	1	1	2	4	5	2	3	1	4	5	6	1	6	10	10	8	10	15	11	9	6	6	5	2	2	9	3	2	1	0	1	3	4	6	3	3	5	2	7	4	3	6	1	2	1	2	7	3	4	4	5	5	3	2	5	11	19	34	17	37	15	17	12	10	19	27	24	12	7	9	13	8	33	23	8	15	9	10	6	12	5	9	6	11	14	20	15	14	25	52	64	93	84	0	117	249	111	24	15	18	32	29	22	8	15	23	15	21	11	15	18	13	15	8	20	12	12	11	13	7	6	8	11	5	5	7	12	14	4	7	5	17	17	65	63	32	38	44	19	5	6	4	4	6	15	9	3	7	14	42	124	16	17	17	19	13	17	9	7	5	5	3	10	6	12	5	3	1	0
0	0	0	1	1	2	3	6	3	1	1	2	4	4	15	16	14	18	15	16	13	9	13	7	6	8	4	4	15	5	4	0	2	1	2	2	2	4	5	3	5	8	5	3	3	6	0	6	3	3	6	4	4	4	7	1	12	4	11	23	51	43	71	34	46	12	9	14	37	58	12	18	7	19	39	116	108	30	20	19	14	18	4	17	14	14	14	21	23	19	17	20	53	48	27	28	117	0	208	60	19	13	25	46	13	10	11	7	9	11	16	9	12	19	3	9	10	14	8	4	14	17	11	12	12	8	11	11	17	13	2	9	8	21	25	26	94	73	18	34	36	22	8	2	5	4	6	15	7	5	12	14	16	39	15	7	14	7	11	11	7	7	5	4	4	4	0	4	3	5	2	0
0	0	0	1	0	2	2	3	5	2	5	5	3	5	5	13	9	8	12	15	12	6	11	6	10	7	2	8	6	4	1	5	1	1	0	1	8	5	7	7	7	6	9	1	2	4	5	3	3	2	1	2	6	4	7	3	5	3	7	10	20	12	26	33	20	15	15	7	35	32	14	17	14	16	38	114	43	23	16	10	10	6	19	11	12	13	18	27	9	15	9	23	35	41	33	47	249	208	0	213	32	25	30	57	21	14	8	5	28	19	10	10	10	12	6	10	8	10	8	7	10	10	23	9	11	7	6	9	7	3	8	5	7	8	16	12	39	92	39	34	54	17	13	6	5	7	10	14	10	4	8	24	36	92	36	7	15	18	23	18	12	10	7	2	7	7	8	7	3	4	1	0
0	0	0	3	3	0	4	5	5	3	3	3	1	0	12	8	5	5	10	14	8	9	6	4	4	6	3	5	3	0	0	1	1	2	2	0	3	3	4	3	7	6	4	3	1	5	3	2	5	0	4	1	5	2	1	2	7	3	0	7	16	11	21	17	16	7	7	7	21	18	20	14	11	15	22	54	28	15	15	11	8	7	8	14	6	17	12	13	12	8	8	12	27	17	17	31	111	60	213	0	80	31	34	94	31	9	21	16	34	15	12	10	11	6	9	16	17	10	13	10	14	11	17	11	6	6	4	9	8	9	7	4	4	9	7	11	20	43	47	47	25	30	12	8	5	12	18	13	12	5	8	38	39	118	49	20	28	27	36	21	16	16	6	2	4	10	12	7	4	3	6	0
0	0	0	1	2	1	1	6	0	0	1	2	2	1	2	5	5	3	6	4	12	6	6	5	5	2	2	3	4	7	3	2	2	2	1	2	2	2	5	4	4	4	3	4	3	3	3	1	1	6	1	0	0	3	1	0	2	6	2	4	6	6	9	11	14	8	3	3	15	12	18	19	19	34	25	35	15	4	8	8	4	6	7	8	7	12	7	7	3	7	4	11	8	6	9	15	24	19	32	80	0	125	63	79	18	9	9	13	10	11	4	4	2	2	8	8	6	14	8	10	10	15	6	9	5	7	3	11	2	4	3	1	4	3	2	3	5	28	48	33	13	14	18	16	13	19	42	85	53	17	17	34	21	39	61	38	53	36	44	15	21	18	11	11	3	9	7	10	5	6	3	0
0	0	0	1	3	0	1	0	0	1	3	1	4	1	4	2	4	4	2	6	11	2	3	1	1	1	1	2	2	2	3	1	1	0	1	2	2	2	2	1	5	1	2	0	1	1	1	0	1	4	6	1	1	3	6	2	1	2	4	4	5	4	19	11	19	3	2	5	8	19	7	12	19	56	33	26	14	13	3	11	12	12	14	15	13	12	9	5	2	5	4	5	6	8	4	8	15	13	25	31	125	0	162	97	10	8	14	12	9	4	5	4	3	9	4	5	8	6	5	5	10	12	13	11	9	0	2	3	8	6	3	2	4	4	9	10	12	11	34	13	8	11	13	4	8	20	37	57	67	21	13	23	18	15	33	21	23	17	24	11	14	12	6	6	5	6	8	5	5	3	6	0
0	0	0	3	4	1	4	2	3	3	1	0	2	4	4	9	9	8	5	27	10	10	2	3	7	1	1	2	1	3	1	1	0	2	2	1	4	1	2	3	0	3	1	1	1	0	4	2	2	1	5	3	1	2	5	6	4	4	6	5	8	14	17	12	16	6	5	5	8	22	13	15	27	66	128	73	30	18	12	12	11	7	15	25	14	6	7	7	9	3	7	10	9	7	6	15	18	25	30	34	63	162	0	151	6	6	2	9	6	4	4	7	5	3	3	9	5	4	4	1	2	11	11	7	4	4	4	11	7	15	9	5	7	9	8	5	12	22	22	17	12	14	7	3	11	10	19	40	32	16	14	23	19	22	11	6	12	22	10	15	9	6	4	9	4	3	2	8	4	6	2	0
0	0	0	1	1	1	3	2	3	1	1	2	0	8	5	7	12	9	7	11	12	9	7	3	1	3	3	3	5	3	0	1	1	0	0	0	3	3	3	5	1	4	2	0	3	1	2	2	1	3	4	4	2	5	1	5	2	5	6	14	13	10	20	12	30	12	9	13	20	32	22	22	16	53	78	162	38	17	16	10	6	7	13	19	17	12	13	15	4	6	1	16	14	16	7	13	32	46	57	94	79	97	151	0	12	7	9	13	14	5	11	3	3	6	4	7	9	13	6	9	6	11	14	9	6	7	4	11	5	4	4	5	6	10	14	5	15	36	41	28	19	19	13	8	11	9	18	32	32	7	17	40	27	35	33	17	16	18	20	12	12	12	8	7	1	7	5	11	7	2	0	0
0	0	0	0	2	1	1	4	2	3	3	3	0	3	2	6	4	5	9	4	4	4	1	2	5	3	3	3	2	2	3	1	0	1	0	0	2	2	2	5	3	6	2	2	4	1	3	4	4	2	3	2	2	2	0	2	4	4	5	8	7	6	10	11	10	14	15	15	25	20	12	12	9	5	12	9	7	13	6	7	8	4	2	8	4	4	16	15	7	8	12	22	21	25	21	13	29	13	21	31	18	10	6	12	0	119	103	31	49	66	43	41	13	13	15	48	24	37	38	45	61	27	26	12	6	6	3	6	9	3	5	3	3	3	8	13	20	28	34	35	49	24	25	11	14	12	15	9	10	4	5	18	104	110	52	27	45	33	33	45	25	12	9	8	5	14	17	22	11	10	9	0
0	0	0	1	2	0	2	1	0	1	1	2	1	0	3	2	1	3	2	6	5	3	3	1	2	4	2	3	4	2	2	2	2	2	1	1	1	3	1	4	4	3	2	2	2	2	0	0	2	6	3	1	5	2	0	3	1	4	1	7	5	7	13	4	10	11	13	10	13	9	10	4	4	10	4	11	4	3	5	5	6	3	11	3	3	10	13	8	5	6	11	15	10	12	16	11	22	10	14	9	9	8	6	7	119	0	146	47	50	167	48	37	12	17	22	51	23	24	28	74	46	20	15	12	8	7	2	6	5	2	1	2	2	3	8	4	14	18	11	21	19	20	10	7	8	8	10	12	7	5	6	9	36	36	21	21	25	39	31	24	14	11	7	10	16	18	28	36	19	15	4	0
0	0	0	2	1	1	1	1	2	2	1	0	6	4	0	2	3	5	3	4	2	3	4	2	1	2	0	0	1	2	4	2	0	0	0	2	3	2	4	3	6	4	2	4	2	0	1	2	4	1	2	3	2	1	4	1	1	0	1	4	2	3	9	3	4	3	3	14	13	7	7	7	4	9	5	4	7	1	1	1	4	2	3	3	4	7	5	2	4	3	12	17	8	9	16	13	8	11	8	21	9	14	2	9	103	146	0	127	102	76	25	11	2	10	13	21	17	13	16	44	20	14	8	6	8	4	5	3	2	2	2	1	5	2	2	6	12	12	13	12	10	12	16	5	8	8	16	10	5	4	11	7	36	28	30	36	33	59	39	109	50	19	17	4	14	22	56	49	30	9	9	0
0	0	0	0	2	1	1	1	3	1	1	2	2	3	1	3	2	2	3	2	3	4	0	3	0	1	3	0	2	4	0	0	0	4	2	2	1	2	5	3	5	5	2	2	3	1	1	4	5	2	2	4	2	1	1	1	0	0	3	2	4	4	3	2	9	6	3	8	5	4	6	1	6	3	6	9	5	6	8	1	4	4	2	2	4	6	7	10	5	4	5	10	11	9	14	18	15	7	5	16	13	12	9	13	31	47	127	0	200	75	23	14	4	7	6	9	10	8	18	18	15	8	10	4	2	2	0	4	4	8	1	3	1	0	2	9	5	11	14	12	13	8	8	4	6	8	9	10	9	2	4	5	12	31	18	23	22	39	29	89	43	22	9	13	8	23	34	21	14	4	5	0
0	0	0	1	3	2	1	3	2	2	2	0	2	3	5	6	3	1	3	7	4	3	4	3	6	3	5	0	1	3	2	1	1	1	2	0	3	3	3	7	4	3	2	3	2	2	6	3	1	4	4	4	1	3	2	2	2	3	2	8	11	6	8	2	5	2	9	6	11	9	6	7	6	5	6	6	8	2	5	7	4	4	7	3	4	3	9	9	3	6	5	10	17	15	28	31	23	9	28	34	10	9	6	14	49	50	102	200	0	124	33	16	8	17	14	13	4	17	10	11	15	13	8	10	5	6	2	3	2	3	1	3	2	3	4	10	15	14	14	9	8	11	9	6	9	6	8	6	5	7	3	14	17	39	17	9	19	34	26	47	25	10	8	8	5	11	26	10	9	8	5	0
0	0	0	0	2	1	1	2	4	3	2	0	0	1	1	4	6	2	1	10	2	2	3	3	3	2	4	4	4	2	1	3	0	3	2	4	3	1	3	4	1	3	3	2	4	5	1	2	1	0	3	3	3	1	2	2	2	4	6	8	12	5	6	10	8	4	9	11	7	5	6	4	2	9	6	8	9	6	2	4	4	4	2	2	7	8	4	9	7	12	6	15	19	17	27	17	15	11	19	15	11	4	4	5	66	167	76	75	124	0	96	31	17	15	15	30	18	14	16	30	14	18	4	7	9	6	4	5	5	3	8	2	1	8	6	11	17	14	6	10	24	12	5	3	7	7	6	7	5	3	7	8	18	39	17	19	25	31	8	32	17	9	8	8	4	16	15	13	12	7	4	0
0	0	0	1	2	2	2	2	5	1	0	2	1	1	4	6	5	3	4	2	2	4	1	2	5	3	1	4	2	4	2	2	0	1	2	1	2	5	4	10	5	7	7	1	3	3	0	2	4	1	0	5	5	1	5	3	6	3	5	7	9	5	5	10	6	7	12	10	17	5	6	6	3	4	5	4	9	5	6	6	5	6	3	1	6	3	9	10	13	11	20	34	21	24	24	24	21	16	10	12	4	5	4	11	43	48	25	23	33	96	0	168	49	54	34	49	29	16	11	23	7	12	12	10	5	6	6	6	1	6	0	1	2	5	11	15	22	14	11	11	15	11	4	3	1	6	4	5	4	3	6	6	10	19	10	10	8	6	12	8	10	5	3	4	3	7	8	7	9	4	4	0
0	0	0	5	2	3	4	2	3	3	0	1	0	3	0	8	4	4	3	5	2	2	1	1	3	3	2	3	10	2	3	2	2	0	4	0	4	3	6	6	7	6	3	4	5	1	2	5	3	2	4	4	1	4	2	2	6	2	8	9	15	5	15	5	5	14	21	25	18	8	9	2	0	7	9	8	8	5	1	10	5	9	2	6	3	5	13	20	17	16	30	43	28	25	15	4	11	9	10	10	4	4	7	3	41	37	11	14	16	31	168	0	92	254	71	99	29	18	22	22	14	11	14	8	16	9	2	8	4	7	9	4	4	3	8	23	21	18	10	17	20	9	13	5	8	5	6	6	3	1	6	9	21	24	10	12	8	8	7	11	8	4	6	3	5	5	5	11	11	4	6	0
0	0	0	0	0	3	1	2	5	1	4	3	1	1	4	5	3	3	5	3	2	5	7	10	6	2	3	8	7	6	2	2	0	0	3	2	3	2	3	5	4	9	5	3	5	3	2	5	3	3	2	1	7	2	3	4	5	5	8	17	26	6	10	8	7	20	45	27	22	7	15	6	7	4	5	6	10	4	6	9	2	2	4	1	7	11	19	31	49	36	71	72	39	30	21	19	15	12	10	11	2	3	5	3	13	12	2	4	8	17	49	92	0	214	47	29	22	19	6	9	15	3	11	10	2	7	4	7	2	9	9	1	4	7	14	50	23	15	5	10	9	10	4	3	5	2	5	1	5	6	2	6	15	10	5	7	5	11	4	8	5	0	5	1	4	5	8	5	3	3	1	0
0	0	0	0	0	1	2	2	4	6	0	1	1	2	5	4	6	4	6	4	1	5	6	3	10	5	6	3	3	8	4	1	2	3	1	0	2	4	4	8	6	7	3	1	3	5	2	1	2	3	4	4	1	3	4	3	2	3	8	8	9	10	9	9	14	13	20	24	19	4	6	5	3	6	5	8	6	2	5	5	2	2	2	7	3	4	14	18	19	31	38	45	27	15	16	11	18	19	12	6	2	9	3	6	13	17	10	7	17	15	54	254	214	0	75	50	18	13	10	16	9	5	11	19	12	6	6	12	5	11	5	4	7	6	5	21	14	19	9	10	17	7	5	6	4	4	7	1	3	1	5	3	10	5	9	7	13	4	11	4	6	4	2	4	1	5	2	6	5	3	4	0
0	0	0	0	0	2	2	0	2	3	2	2	1	1	4	2	3	3	3	5	3	2	1	7	3	1	1	0	5	2	0	6	1	1	1	1	3	1	2	4	3	4	3	5	3	4	0	2	0	2	1	1	2	1	2	1	2	3	1	4	2	7	5	3	11	10	24	21	20	12	9	5	4	3	1	3	1	6	6	5	3	2	6	6	7	7	11	18	10	14	15	19	15	11	9	11	13	3	6	9	8	4	3	4	15	22	13	6	14	15	34	71	47	75	0	90	50	30	20	27	21	14	11	7	10	10	3	8	5	7	4	0	2	6	7	13	14	5	11	15	21	11	10	4	3	0	2	5	4	2	7	8	14	9	7	7	1	4	3	7	5	4	5	3	4	6	7	10	7	4	0	0
0	0	0	0	1	1	1	2	3	0	2	3	2	4	5	4	2	4	8	4	1	2	3	5	1	2	1	4	3	2	1	1	1	2	0	0	4	2	3	4	1	7	3	0	1	3	2	3	2	2	2	0	3	2	3	0	3	4	2	7	3	5	14	6	11	13	19	37	30	17	7	8	11	6	5	3	7	4	4	7	7	5	5	4	6	12	16	23	10	15	19	25	21	17	13	13	15	9	10	16	8	5	9	7	48	51	21	9	13	30	49	99	29	50	90	0	141	94	48	48	44	37	21	15	17	13	11	14	10	6	4	4	2	5	9	14	17	19	12	24	39	29	13	7	5	7	5	4	5	4	9	12	32	32	14	15	17	7	8	12	7	4	4	7	5	3	16	8	9	8	6	0
0	0	0	1	0	0	0	3	3	5	0	3	3	7	1	4	5	2	2	3	3	6	4	5	2	4	3	2	2	3	1	4	0	0	4	0	5	2	3	1	8	3	4	1	1	1	1	6	1	2	3	1	1	2	2	3	3	1	2	6	4	7	8	12	12	17	24	42	20	12	10	11	3	7	5	9	5	6	7	13	3	4	2	9	11	11	26	24	4	10	8	21	14	15	9	10	8	10	8	17	6	8	5	9	24	23	17	10	4	18	29	29	22	18	50	141	0	351	139	69	76	59	38	30	32	12	5	11	12	6	6	4	5	4	6	8	17	18	22	22	40	26	15	5	9	10	9	5	3	6	7	12	40	13	14	10	15	10	9	9	5	5	3	3	4	8	14	17	7	5	5	0
0	0	0	1	3	0	1	0	0	1	2	2	1	3	3	3	2	5	3	3	3	4	5	2	3	2	0	2	1	2	3	0	1	1	1	1	0	3	4	4	4	3	2	1	2	1	2	0	2	4	2	0	2	1	0	3	2	1	6	6	5	2	9	6	16	17	19	36	26	17	16	6	8	11	6	11	10	4	4	7	4	5	0	4	6	23	30	23	20	16	14	22	13	14	17	7	20	14	10	10	14	6	4	13	37	24	13	8	17	14	16	18	19	13	30	94	351	0	381	74	141	188	53	48	23	12	11	12	14	8	6	7	6	7	11	5	14	24	25	42	55	46	26	9	6	11	11	6	15	10	17	29	48	29	23	30	23	15	10	14	9	10	7	5	11	6	14	14	10	3	4	0
0	0	0	1	0	0	1	1	0	0	1	1	2	3	1	6	1	1	1	1	3	6	6	2	1	2	3	2	2	0	1	0	0	3	0	1	3	3	4	1	1	3	2	0	0	0	0	1	0	0	2	4	2	1	1	3	2	3	2	4	4	8	3	10	9	9	16	19	12	10	10	12	16	12	5	11	3	6	6	7	4	8	5	9	8	13	16	18	4	8	6	16	5	14	6	3	12	8	8	13	8	5	4	6	38	28	16	18	10	16	11	22	6	10	20	48	139	381	0	109	651	171	72	38	32	7	2	15	5	9	3	2	3	2	4	5	10	20	28	30	27	43	42	11	12	12	13	10	12	14	24	17	48	26	30	31	24	11	14	14	6	4	4	6	6	13	13	23	14	5	6	0
0	0	0	1	1	1	1	1	1	1	2	2	2	0	1	3	2	3	7	3	0	1	3	3	2	1	2	1	2	3	2	2	0	1	0	3	1	2	1	4	5	2	0	1	2	3	2	0	1	2	1	1	4	3	1	1	2	2	1	5	8	5	9	7	8	6	7	15	14	7	11	4	4	4	5	7	1	2	5	6	4	8	8	7	6	13	12	10	5	5	5	11	9	14	8	6	12	4	7	10	10	5	1	9	45	74	44	18	11	30	23	22	9	16	27	48	69	74	109	0	225	33	23	11	9	11	8	3	2	4	4	1	2	6	6	5	7	6	21	19	17	18	13	10	11	6	12	11	13	8	9	10	35	25	15	23	20	22	12	19	14	6	13	6	3	15	17	32	15	8	6	0
0	0	0	2	1	0	1	1	0	0	0	1	1	1	1	6	2	1	4	5	2	2	4	4	4	3	1	2	2	2	3	0	1	1	1	1	2	1	1	0	3	1	2	0	1	4	1	1	2	2	1	1	1	2	2	2	4	2	3	3	4	6	10	13	9	14	15	15	20	8	13	12	8	12	9	9	7	14	4	5	3	2	1	9	1	10	13	13	3	7	14	8	13	14	11	11	11	14	10	14	10	10	2	6	61	46	20	15	15	14	7	14	15	9	21	44	76	141	651	225	0	83	55	26	17	8	6	6	5	6	1	4	4	3	6	8	8	19	22	20	28	45	29	14	12	14	15	10	9	5	13	19	65	27	42	45	30	19	14	19	14	11	12	10	12	18	23	27	16	7	9	0
0	0	0	1	0	0	3	2	3	3	1	2	2	3	3	4	1	5	3	3	7	4	5	7	3	0	3	4	4	2	4	2	3	1	1	2	2	5	4	2	3	4	2	2	3	4	0	2	1	2	1	0	2	1	3	2	0	3	0	1	9	8	9	21	19	17	24	28	29	21	32	15	9	15	10	5	7	6	6	10	10	1	5	7	12	27	55	16	13	12	18	23	8	14	7	7	13	17	10	11	15	12	11	11	27	20	14	8	13	18	12	11	3	5	14	37	59	188	171	33	83	0	255	104	34	18	13	23	4	7	7	4	3	8	8	9	13	25	39	53	52	126	24	10	12	9	14	11	15	16	26	40	82	22	21	31	32	11	14	12	11	9	9	4	6	9	5	13	5	4	4	0
0	0	0	0	1	0	1	1	3	1	6	2	1	2	6	2	3	2	6	3	2	4	6	2	1	3	3	5	3	1	1	1	2	0	3	2	1	0	1	1	0	5	1	1	1	0	1	3	1	1	1	4	3	3	3	0	1	0	3	6	8	3	11	13	13	15	6	25	28	18	43	20	22	30	13	20	7	9	6	11	9	4	6	18	12	36	38	22	10	6	6	11	6	12	11	11	7	11	23	17	6	13	11	14	26	15	8	10	8	4	12	14	11	11	11	21	38	53	72	23	55	255	0	86	21	11	11	14	10	5	1	3	4	10	4	7	11	26	70	70	45	352	38	9	18	19	31	24	16	30	70	99	71	21	40	40	30	19	24	16	11	6	5	6	3	10	16	16	8	4	8	0
0	0	0	3	1	2	1	5	2	1	0	1	1	1	2	5	4	3	4	5	5	4	2	6	3	2	1	3	5	0	1	0	0	1	1	1	1	2	9	1	3	4	1	0	0	4	2	2	1	1	0	1	2	1	3	2	4	7	1	12	8	5	10	16	34	25	17	39	40	23	49	34	20	16	12	10	8	14	9	23	17	7	8	13	16	106	113	29	9	16	11	16	17	4	4	7	6	12	9	11	9	11	7	9	12	12	6	4	10	7	10	8	10	19	7	15	30	48	38	11	26	104	86	0	93	36	23	47	10	7	10	8	8	7	10	5	22	28	31	37	31	76	17	5	11	9	15	12	8	18	36	27	31	6	14	10	11	4	8	11	4	0	5	6	7	6	8	8	8	2	3	0
0	0	0	2	1	1	1	1	1	1	0	1	2	1	2	7	1	1	8	5	2	4	3	2	5	5	2	3	6	2	0	0	1	3	0	2	1	4	6	2	2	3	2	6	0	1	1	1	1	2	0	2	1	4	2	3	0	6	4	3	6	1	8	15	7	25	27	26	24	18	21	19	10	14	4	6	8	6	8	13	14	7	6	7	9	38	54	23	13	14	11	8	13	10	2	1	8	12	11	6	5	9	4	6	6	8	8	2	5	9	5	16	2	12	10	17	32	23	32	9	17	34	21	93	0	86	25	42	9	13	7	2	2	5	14	7	9	15	12	22	23	19	7	11	11	5	4	2	8	11	19	18	14	9	7	6	11	11	5	3	6	2	4	0	3	2	5	3	4	1	1	0
0	0	0	1	0	0	0	2	2	3	0	2	1	0	3	2	1	2	3	4	4	4	2	3	1	7	0	3	2	2	4	0	2	2	1	0	4	0	5	1	3	3	1	1	1	1	3	0	1	2	2	6	2	3	3	1	2	2	3	8	4	5	8	9	14	20	38	24	16	10	18	9	9	15	11	5	5	9	11	10	20	8	10	6	13	34	31	25	6	16	10	13	4	5	2	1	11	8	7	6	7	0	4	7	6	7	4	2	6	6	6	9	7	6	10	13	12	12	7	11	8	18	11	36	86	0	133	61	14	7	4	10	6	8	4	1	12	8	7	9	8	7	3	7	7	4	1	5	5	8	9	7	7	10	8	3	6	3	2	1	0	3	1	2	3	4	3	3	5	4	4	0
0	0	0	2	0	2	1	3	1	2	3	1	2	0	1	4	3	3	6	2	5	3	0	4	3	1	3	3	3	3	2	1	0	1	0	3	3	1	1	3	2	1	1	2	1	2	1	0	3	0	0	1	3	2	2	3	1	3	7	1	5	7	8	14	19	26	13	16	13	15	9	21	13	6	9	4	8	9	9	25	18	14	9	14	21	41	25	23	12	7	8	8	8	9	5	5	5	11	6	4	3	2	4	4	3	2	5	0	2	4	6	2	4	6	3	11	5	11	2	8	6	13	11	23	25	133	0	92	35	18	12	8	9	5	10	2	10	7	8	11	9	12	3	4	5	9	2	5	7	6	7	7	5	4	4	3	5	0	4	2	5	4	1	0	5	3	6	3	1	3	0	0
0	0	0	2	2	0	0	0	0	2	0	1	5	4	4	3	4	1	6	7	2	7	4	5	6	2	4	6	4	2	5	3	2	0	1	2	2	1	4	4	3	2	5	1	1	1	0	0	2	4	4	3	6	2	2	4	3	3	5	5	10	10	20	40	41	59	40	22	30	42	31	30	16	12	10	15	14	18	25	56	61	22	13	16	28	82	66	56	24	25	12	5	9	11	7	3	5	11	9	9	11	3	11	11	6	6	3	4	3	5	6	8	7	12	8	14	11	12	15	3	6	23	14	47	42	61	92	0	65	48	9	11	8	19	14	2	22	18	13	20	19	18	9	5	3	4	2	8	9	7	11	15	14	6	7	8	11	4	6	4	3	6	5	1	3	3	5	5	2	5	3	0
0	0	0	1	0	2	1	3	3	1	5	2	3	4	6	4	8	3	5	7	11	11	6	8	5	5	8	9	5	5	3	0	2	3	1	1	4	2	1	2	4	2	1	2	5	0	0	1	0	1	1	3	4	4	2	4	3	7	6	7	14	17	28	34	32	56	34	21	11	22	15	16	11	11	11	11	10	29	45	243	95	82	20	21	21	26	20	27	26	24	12	10	9	15	5	2	7	17	7	8	2	8	7	5	9	5	2	4	2	5	1	4	2	5	5	10	12	14	5	2	5	4	10	10	9	14	35	65	0	231	34	47	26	57	34	15	16	18	6	14	6	9	7	6	5	5	6	5	4	4	10	9	4	5	4	5	6	1	1	4	2	2	2	2	1	2	1	2	2	1	2	0
0	0	0	0	1	1	4	2	2	4	2	6	8	6	11	10	8	6	22	27	11	18	8	15	8	6	9	11	11	3	2	0	2	3	5	4	4	6	4	4	3	4	2	2	2	4	4	2	0	3	7	1	3	3	6	8	8	6	9	18	17	23	48	68	38	37	16	23	18	26	11	19	10	9	10	7	18	51	69	162	54	142	31	13	28	21	25	25	25	32	16	13	13	18	5	4	12	13	3	9	4	6	15	4	3	2	2	8	3	3	6	7	9	11	7	6	6	8	9	4	6	7	5	7	13	7	18	48	231	0	101	64	46	120	63	12	26	19	10	13	9	9	7	1	6	4	2	5	9	7	5	7	8	8	6	5	7	3	2	4	2	2	0	2	1	0	0	2	2	2	1	0
0	0	0	0	3	2	2	6	2	2	3	6	1	8	11	13	14	14	45	25	15	27	16	13	13	12	9	25	16	6	2	2	1	1	3	3	3	6	18	7	5	4	3	0	4	1	2	3	1	3	5	4	6	4	10	9	14	4	13	17	20	33	26	24	20	15	9	13	14	8	11	9	3	11	7	15	15	47	38	37	27	52	16	10	8	11	9	10	19	11	4	15	12	9	2	5	14	2	8	7	3	3	9	4	5	1	2	1	1	8	0	9	9	5	4	4	6	6	3	4	1	7	1	10	7	4	12	9	34	101	0	175	537	163	54	10	13	9	10	5	10	5	3	0	0	1	5	4	6	5	4	4	8	4	5	5	5	3	3	3	3	2	2	0	1	2	3	3	1	2	0	0
0	0	0	1	0	1	1	3	4	4	3	5	2	5	11	7	8	12	23	9	14	19	16	14	20	4	13	20	13	4	3	1	4	2	4	2	6	2	3	2	4	5	3	0	2	2	4	0	1	3	3	4	1	4	3	13	5	3	6	5	7	21	18	20	13	12	7	5	9	13	6	8	8	7	6	10	11	18	22	41	28	54	15	10	10	10	5	21	20	8	13	5	3	5	7	1	4	9	5	4	1	2	5	5	3	2	1	3	3	2	1	4	1	4	0	4	4	7	2	1	4	4	3	8	2	10	8	11	47	64	175	0	83	49	32	13	8	13	7	7	10	5	1	3	4	1	0	0	4	2	5	7	1	5	2	1	2	2	1	3	4	2	1	4	3	1	2	3	3	0	3	0
0	0	0	1	2	0	5	8	5	2	9	5	10	2	12	15	7	17	79	37	11	45	38	22	21	17	19	34	15	6	7	6	1	2	6	3	4	4	10	9	10	8	4	5	3	7	3	1	2	1	3	2	8	8	8	11	16	14	12	23	18	33	22	14	15	25	12	8	11	16	6	5	9	4	9	5	19	35	26	19	18	31	20	10	5	7	9	11	20	6	11	12	10	12	5	5	7	8	7	4	4	4	7	6	3	2	5	1	2	1	2	4	4	7	2	2	5	6	3	2	4	3	4	8	2	6	9	8	26	46	537	83	0	91	51	14	19	8	4	11	12	6	7	2	0	2	2	4	5	2	1	7	5	6	1	4	3	2	0	2	2	2	1	1	2	4	1	2	3	2	1	0
0	0	0	2	4	2	2	3	1	6	2	4	4	4	11	19	5	7	32	21	18	19	24	11	21	11	8	28	12	3	4	4	2	3	4	4	4	6	10	7	7	8	5	3	1	2	1	3	3	3	3	3	6	3	7	14	7	12	4	18	24	45	46	30	29	43	12	12	16	23	11	9	16	9	3	16	17	29	28	37	33	47	16	9	16	8	17	32	55	31	18	14	15	21	11	4	5	21	8	9	3	4	9	10	3	3	2	0	3	8	5	3	7	6	6	5	4	7	2	6	3	8	10	7	5	8	5	19	57	120	163	49	91	0	200	32	21	17	6	15	12	10	4	0	1	3	2	6	10	2	11	5	5	6	4	3	3	6	3	3	4	1	3	2	2	4	1	4	3	2	0	0
0	0	0	1	2	2	1	3	3	1	4	4	6	5	8	14	18	15	37	20	12	30	32	18	27	13	13	11	12	7	6	0	2	2	1	4	8	9	12	13	8	4	4	5	4	2	3	2	4	5	3	6	6	9	8	10	8	13	13	26	71	149	99	43	22	36	24	13	26	32	7	11	9	8	11	17	32	26	35	38	20	27	17	6	13	15	17	25	65	39	50	21	34	40	15	8	17	25	16	7	2	9	8	14	8	8	2	2	4	6	11	8	14	5	7	9	6	11	4	6	6	8	4	10	14	4	10	14	34	63	54	32	51	200	0	38	36	17	11	16	21	9	3	0	2	2	5	1	6	7	4	11	7	6	2	2	5	6	6	3	4	0	4	2	4	4	5	1	2	3	0	0
0	0	0	2	4	1	2	3	4	1	3	7	2	8	5	14	8	11	10	10	9	15	15	21	34	10	5	14	8	9	4	6	3	3	2	3	5	6	8	8	10	14	3	5	4	4	4	5	3	4	6	1	8	9	6	7	7	7	30	28	84	42	31	13	12	19	25	32	27	12	5	4	5	6	8	8	17	16	11	16	6	12	13	4	5	7	18	24	137	61	195	93	109	110	25	12	17	26	12	11	3	10	5	5	13	4	6	9	10	11	15	23	50	21	13	14	8	5	5	5	8	9	7	5	7	1	2	2	15	12	10	13	14	32	38	0	43	20	9	13	24	7	2	4	2	2	3	2	3	3	5	8	8	12	7	4	6	2	8	5	6	2	5	1	4	2	7	5	1	3	1	0
0	0	0	0	2	2	3	4	2	5	4	4	2	7	7	9	5	8	11	15	9	11	10	4	11	4	2	5	4	3	3	3	1	2	2	0	6	0	2	11	5	9	7	1	2	7	2	4	2	4	2	4	4	4	3	3	8	6	10	17	54	30	70	53	55	66	44	53	206	68	18	18	7	16	17	31	27	9	20	23	20	14	16	9	12	28	34	133	51	46	57	111	122	206	33	22	65	94	39	20	5	12	12	15	20	14	12	5	15	17	22	21	23	14	14	17	17	14	10	7	8	13	11	22	9	12	10	22	16	26	13	8	19	21	36	43	0	132	29	32	82	14	8	5	10	10	3	9	8	6	9	16	28	40	17	9	9	8	5	7	7	3	6	3	4	12	7	8	2	3	2	0
0	0	0	3	1	2	2	2	0	1	2	1	3	4	7	8	5	10	12	15	10	10	13	2	9	6	1	4	8	1	2	0	1	2	1	1	2	0	0	11	8	2	3	3	5	3	2	5	2	4	3	5	1	1	4	3	1	3	4	11	22	11	45	44	71	38	23	28	248	77	33	24	17	27	20	32	27	14	14	15	16	16	5	10	22	25	32	65	20	17	19	39	37	59	23	22	63	73	92	43	28	11	22	36	28	18	12	11	14	14	14	18	15	19	5	19	18	24	20	6	19	25	26	28	15	8	7	18	18	19	9	13	8	17	17	20	132	0	70	182	289	60	13	5	10	10	11	14	13	7	15	29	67	76	24	15	14	13	16	15	8	13	1	3	2	4	10	7	4	9	1	0
0	0	0	1	2	0	1	3	1	4	2	1	1	2	3	7	5	5	7	10	8	8	4	3	5	5	3	3	1	1	2	1	2	0	0	1	1	4	3	3	3	7	4	4	3	3	1	1	5	5	5	0	2	2	2	3	4	3	3	2	9	10	13	33	31	12	14	22	33	76	59	39	24	54	31	35	18	7	15	10	18	7	8	11	19	25	36	21	8	9	6	15	21	22	6	13	32	18	39	47	48	34	22	41	34	11	13	14	14	6	11	10	5	9	11	12	22	25	28	21	22	39	70	31	12	7	8	13	6	10	10	7	4	6	11	9	29	70	0	378	55	212	22	8	13	20	29	36	40	16	43	452	114	48	78	35	51	14	28	9	9	15	9	7	4	4	9	4	4	7	4	0
0	0	0	3	3	0	0	6	2	2	1	2	2	6	3	5	4	8	4	13	7	10	3	8	4	2	6	2	1	5	2	1	2	0	2	3	2	2	3	6	4	2	4	0	1	1	2	0	0	3	3	4	2	1	3	5	1	4	7	7	8	7	19	34	50	27	20	28	86	95	53	29	26	45	34	34	10	19	13	19	17	11	8	17	21	37	49	37	10	8	11	13	23	18	16	18	38	34	34	47	33	13	17	28	35	21	12	12	9	10	11	17	10	10	15	24	22	42	30	19	20	53	70	37	22	9	11	20	14	13	5	7	11	15	16	13	32	182	378	0	131	244	28	10	8	12	8	25	19	13	29	116	144	62	51	22	34	15	15	10	10	11	7	4	2	8	6	8	5	4	2	0
0	0	0	1	2	1	3	2	3	3	1	2	1	1	11	3	4	2	10	8	8	6	5	6	6	6	5	5	3	3	1	3	0	1	1	2	4	3	3	3	3	6	3	4	2	0	1	2	2	4	2	4	0	1	0	4	3	5	4	16	14	18	30	25	38	44	38	56	254	52	22	20	9	25	17	25	12	8	7	6	12	7	5	12	20	22	68	78	14	24	28	37	29	41	9	17	44	36	54	25	13	8	12	19	49	19	10	13	8	24	15	20	9	17	21	39	40	55	27	17	28	52	45	31	23	8	9	19	6	9	10	10	12	12	21	24	82	289	55	131	0	66	10	11	4	14	12	12	8	8	14	34	136	69	28	14	26	17	13	19	10	9	5	1	3	6	5	6	5	1	6	0
0	0	0	3	3	0	1	3	1	1	3	2	0	3	2	4	9	3	7	4	6	3	5	4	7	5	1	4	4	3	2	0	6	0	2	2	2	3	2	4	1	4	5	3	0	3	3	1	2	1	4	1	2	4	1	4	3	2	3	5	8	9	24	21	36	26	20	16	37	38	72	32	28	30	16	22	7	12	12	11	15	8	9	16	14	47	45	25	6	10	12	11	14	18	9	10	19	22	17	30	14	11	14	19	24	20	12	8	11	12	11	9	10	7	11	29	26	46	43	18	45	126	352	76	19	7	12	18	9	9	5	5	6	10	9	7	14	60	212	244	66	0	29	15	16	16	21	15	22	14	65	180	113	42	43	27	31	21	17	9	10	12	12	5	6	10	10	13	4	5	1	0
0	0	0	1	0	1	1	3	1	5	1	0	1	0	2	2	2	2	4	6	0	2	3	0	2	3	1	3	3	0	1	0	1	1	0	0	3	3	3	2	1	2	0	2	1	2	0	1	0	4	0	4	1	2	1	2	2	3	1	1	1	6	3	2	8	6	5	2	11	10	18	15	4	16	7	6	3	4	3	5	4	3	6	6	5	11	9	7	2	7	2	6	7	5	5	7	5	8	13	12	18	13	7	13	25	10	16	8	9	5	4	13	4	5	10	13	15	26	42	13	29	24	38	17	7	3	3	9	7	7	3	1	7	4	3	2	8	13	22	28	10	29	0	88	139	112	57	43	18	11	40	31	32	13	37	90	62	30	24	17	19	13	18	10	21	23	24	17	16	8	5	0
0	0	0	2	1	0	2	2	0	0	2	2	0	0	5	3	2	2	0	2	0	2	1	1	2	2	2	0	0	0	1	2	0	0	0	1	1	0	0	0	0	1	1	3	2	0	1	1	4	1	1	2	3	0	2	2	2	2	0	1	2	1	4	5	5	4	5	7	4	3	8	5	4	6	6	8	2	2	5	4	2	2	1	3	3	5	7	6	3	2	3	4	5	2	9	5	6	2	6	8	16	4	3	8	11	7	5	4	6	3	3	5	3	6	4	7	5	9	11	10	14	10	9	5	11	7	4	5	6	1	0	3	2	0	0	4	5	5	8	10	11	15	88	0	751	231	55	25	25	17	22	14	16	9	18	32	28	22	13	14	9	22	27	20	28	24	13	19	10	13	9	0
0	0	0	0	3	0	0	0	1	0	1	0	1	3	1	5	5	2	2	7	2	1	1	1	3	1	3	1	1	1	0	0	2	0	2	1	0	1	1	3	0	1	3	1	1	1	3	0	0	0	1	1	1	2	2	0	4	1	0	3	2	3	7	7	7	4	4	3	6	6	7	9	12	5	6	1	1	5	7	4	2	4	7	3	4	8	8	5	2	0	3	3	2	2	4	4	4	5	5	5	13	8	11	11	14	8	8	6	9	7	1	8	5	4	3	5	9	6	12	11	12	12	18	11	11	7	5	3	5	6	0	4	0	1	2	2	10	10	13	8	4	16	139	751	0	191	49	35	18	20	25	20	7	5	25	38	38	11	18	16	13	19	19	26	24	13	11	8	12	11	11	0
0	0	0	1	1	3	0	2	0	1	2	2	2	1	5	4	1	0	2	4	0	0	2	1	2	1	0	2	0	2	1	1	1	0	0	0	0	0	1	0	0	0	0	2	0	2	0	1	2	0	1	2	1	1	1	1	5	1	4	3	4	0	5	6	7	3	2	5	5	12	11	16	10	15	6	4	6	9	6	5	4	6	4	10	11	13	8	9	5	3	3	3	5	6	2	4	4	4	7	12	19	20	10	9	12	8	8	8	6	7	6	5	2	4	0	7	10	11	12	6	14	9	19	9	5	4	9	4	5	4	1	1	2	3	2	2	10	10	20	12	14	16	112	231	191	0	78	46	31	42	45	20	17	9	22	40	32	16	24	12	14	20	10	10	18	13	8	9	15	6	8	0
0	0	0	0	0	2	0	0	2	1	2	1	3	4	2	3	4	3	2	5	2	0	3	0	2	1	1	1	3	3	1	1	2	1	0	0	2	2	2	2	2	1	5	2	1	1	1	0	0	3	2	1	2	6	3	2	2	0	5	4	3	7	10	10	9	6	5	11	9	5	13	10	13	18	19	14	7	3	4	6	7	4	6	6	6	6	8	6	2	6	5	7	6	5	4	7	6	6	10	18	42	37	19	18	15	10	16	9	8	6	4	6	5	7	2	5	9	11	13	12	15	14	31	15	4	1	2	2	6	2	5	0	2	2	5	3	3	11	29	8	12	21	57	55	49	78	0	287	65	26	35	30	18	18	52	70	64	18	39	18	19	35	15	9	13	16	13	14	10	8	7	0
0	0	0	0	1	1	3	0	1	1	0	0	1	1	6	6	3	1	4	7	5	3	3	2	4	1	2	2	3	2	1	1	2	1	2	2	0	1	0	0	5	3	2	1	0	2	1	3	1	2	2	2	3	0	1	2	3	2	2	3	8	3	7	5	10	5	3	8	6	15	17	13	21	36	21	13	5	5	4	1	2	5	7	13	7	9	13	7	4	4	4	12	5	9	7	11	15	15	14	13	85	57	40	32	9	12	10	10	6	7	5	6	1	1	5	4	5	6	10	11	10	11	24	12	2	5	5	8	5	5	4	0	4	6	1	2	9	14	36	25	12	15	43	25	35	46	287	0	154	41	33	55	26	25	37	43	49	31	36	13	14	27	14	7	9	14	16	9	5	6	9	0
0	0	0	0	1	1	0	3	1	2	1	3	0	1	1	3	2	4	5	5	9	1	4	4	2	2	3	2	4	0	1	0	0	1	1	0	3	2	3	1	1	1	2	1	1	0	0	1	2	0	0	3	0	2	2	2	1	7	6	2	6	4	8	10	13	3	9	6	7	19	24	25	31	49	28	14	7	6	4	6	11	4	7	16	21	15	9	4	3	2	1	2	6	4	5	3	9	7	10	12	53	67	32	32	10	7	5	9	5	5	4	3	5	3	4	5	3	15	12	13	9	15	16	8	8	5	7	9	4	9	6	4	5	10	6	3	8	13	40	19	8	22	18	25	18	31	65	154	0	72	27	50	19	10	24	19	23	9	10	7	9	10	10	3	4	4	4	4	1	3	2	0
0	0	0	0	0	1	3	0	0	0	1	2	0	0	1	0	0	4	6	8	5	3	3	3	0	2	0	2	2	1	0	1	0	0	0	0	1	1	1	5	1	3	0	1	1	1	0	1	1	0	2	0	0	3	2	1	1	0	3	4	5	2	3	5	14	3	7	4	4	12	21	30	49	27	14	11	11	3	6	5	10	7	7	14	10	22	9	9	6	3	2	3	6	6	4	1	3	5	4	5	17	21	16	7	4	5	4	2	7	3	3	1	6	1	2	4	6	10	14	8	5	16	30	18	11	8	6	7	4	7	5	2	2	2	7	3	6	7	16	13	8	14	11	17	20	42	26	41	72	0	101	37	9	10	15	11	14	8	5	4	4	13	3	7	4	15	5	2	1	1	4	0
0	0	0	1	1	1	0	0	2	2	3	3	0	1	1	3	1	4	5	4	4	0	1	3	7	2	0	3	3	1	1	2	0	1	0	2	2	2	1	1	3	2	0	3	0	1	1	3	0	0	1	0	0	1	3	2	5	1	1	1	6	3	6	17	16	10	8	12	16	13	56	31	32	43	12	6	8	9	6	15	9	8	7	17	22	38	18	11	12	3	3	7	5	5	10	5	7	12	8	8	17	13	14	17	5	6	11	4	3	7	6	6	2	5	7	9	7	17	24	9	13	26	70	36	19	9	7	11	10	5	4	5	1	11	4	5	9	15	43	29	14	65	40	22	25	45	35	33	27	101	0	75	17	16	24	16	28	14	10	12	3	3	15	9	5	5	3	6	5	6	4	0
0	0	0	0	1	4	0	1	3	0	1	2	3	3	4	2	5	4	10	7	10	6	1	1	5	2	5	1	3	5	0	0	1	3	0	2	2	1	3	5	2	4	1	0	1	2	1	3	0	4	0	3	2	4	0	1	3	3	3	5	9	7	19	28	27	9	9	15	24	37	72	31	33	76	27	25	14	17	13	16	12	11	17	25	22	41	26	12	2	14	6	15	10	10	6	7	14	14	24	38	34	23	23	40	18	9	7	5	14	8	6	9	6	3	8	12	12	29	17	10	19	40	99	27	18	7	7	15	9	7	4	7	7	5	11	8	16	29	452	116	34	180	31	14	20	20	30	55	50	37	75	0	53	41	72	22	43	24	16	12	9	4	11	2	7	7	7	12	7	6	3	0
0	0	0	0	1	0	2	2	0	1	1	2	1	1	4	4	6	4	3	2	3	7	4	4	1	4	5	3	0	2	1	0	2	1	1	1	6	2	2	2	3	3	3	1	1	2	2	3	3	2	2	4	2	3	2	4	2	2	10	5	11	15	15	18	20	13	19	24	39	21	27	12	11	19	18	13	16	12	8	10	8	17	7	8	6	27	26	29	7	6	12	18	25	22	21	20	42	16	36	39	21	18	19	27	104	36	36	12	17	18	10	21	15	10	14	32	40	48	48	35	65	82	71	31	14	7	5	14	4	8	8	1	5	5	7	8	28	67	114	144	136	113	32	16	7	17	18	26	19	9	17	53	0	121	110	46	50	29	29	20	13	10	10	4	5	14	12	14	12	4	4	0
0	0	0	3	2	1	3	1	4	3	2	0	5	3	5	7	4	3	6	10	6	6	3	1	1	6	1	4	7	3	1	2	3	1	1	4	3	4	4	7	3	4	3	4	1	3	4	1	2	4	1	2	4	2	4	6	1	1	5	7	13	11	12	21	21	13	14	22	48	22	22	17	9	15	11	21	19	5	8	7	3	2	7	1	5	13	14	15	14	13	9	19	24	24	23	36	124	39	92	118	39	15	22	35	110	36	28	31	39	39	19	24	10	5	9	32	13	29	26	25	27	22	21	6	9	10	4	6	5	8	4	5	6	6	6	12	40	76	48	62	69	42	13	9	5	9	18	25	10	10	16	41	121	0	66	37	51	39	44	17	21	9	7	8	7	14	12	17	4	8	1	0
0	0	0	0	1	0	1	1	1	2	1	2	4	2	2	2	4	4	4	8	1	2	1	4	4	1	2	3	4	1	2	2	1	1	0	3	5	0	3	2	1	6	0	3	0	2	0	1	2	1	2	1	6	4	2	2	0	3	0	6	9	6	8	14	8	3	8	8	13	13	22	16	10	22	14	17	8	8	7	6	9	3	2	7	6	7	18	11	4	4	7	13	13	20	13	11	16	15	36	49	61	33	11	33	52	21	30	18	17	17	10	10	5	9	7	14	14	23	30	15	42	21	40	14	7	8	4	7	4	6	5	2	1	4	2	7	17	24	78	51	28	43	37	18	25	22	52	37	24	15	24	72	110	66	0	190	545	87	102	27	30	25	10	7	11	13	21	14	10	6	3	0
0	0	0	4	0	0	1	2	3	1	0	1	1	4	3	7	4	6	1	8	4	3	3	4	6	2	4	0	0	1	0	2	0	0	1	3	0	3	1	1	2	2	2	0	1	1	3	4	1	1	2	1	2	0	4	5	0	0	2	4	7	2	13	7	6	3	5	7	14	8	10	6	8	13	8	7	5	4	7	1	5	4	7	3	9	16	9	10	2	4	4	6	8	4	3	4	17	7	7	20	38	21	6	17	27	21	36	23	9	19	10	12	7	7	7	15	10	30	31	23	45	31	40	10	6	3	3	8	5	5	5	1	4	3	2	4	9	15	35	22	14	27	90	32	38	40	70	43	19	11	16	22	46	37	190	0	1155	94	91	40	29	29	24	11	15	34	33	31	19	11	9	0
0	0	0	1	1	0	4	2	4	0	1	1	2	1	5	7	2	5	1	8	7	4	1	2	7	2	1	0	0	4	1	1	2	1	0	1	2	1	0	0	0	2	1	1	3	4	3	4	0	1	3	0	1	2	4	0	1	0	2	4	10	5	3	10	13	6	4	8	12	13	8	8	9	14	12	18	9	5	3	6	5	3	8	9	8	10	16	5	3	3	3	10	5	7	12	11	17	14	15	28	53	23	12	16	45	25	33	22	19	25	8	8	5	13	1	17	15	23	24	20	30	32	30	11	11	6	5	11	6	7	5	2	3	3	5	6	9	14	51	34	26	31	62	28	38	32	64	49	23	14	28	43	50	51	545	1155	0	120	114	43	39	27	19	18	15	33	32	26	8	10	7	0
0	0	0	1	2	2	4	1	0	1	1	1	1	4	2	6	3	6	2	5	2	4	2	2	3	5	0	1	0	2	1	1	3	1	0	1	3	3	0	2	1	4	1	4	5	0	3	0	2	0	1	1	5	3	3	1	2	2	4	4	9	5	6	8	6	5	4	7	7	5	10	6	6	9	6	13	6	1	7	2	5	5	1	3	10	6	6	11	4	4	7	9	6	15	8	16	19	7	18	27	36	17	22	18	33	39	59	39	34	31	6	8	11	4	4	7	10	15	11	22	19	11	19	4	11	3	0	4	1	3	3	2	2	6	6	2	8	13	14	15	17	21	30	22	11	16	18	31	9	8	14	24	29	39	87	94	120	0	813	226	134	74	27	21	17	39	59	29	16	9	12	0
0	0	0	2	0	1	0	1	1	2	1	2	0	1	1	5	5	4	4	5	4	2	1	0	6	5	5	2	4	0	3	0	0	0	3	2	0	1	4	1	1	2	3	0	2	2	2	0	2	2	3	0	1	1	3	1	1	2	4	2	8	6	6	5	2	6	8	6	10	7	9	11	9	12	5	12	6	3	6	3	4	3	4	4	1	3	7	8	5	2	6	9	6	11	11	18	13	11	23	36	44	24	10	20	33	31	39	29	26	8	12	7	4	11	3	8	9	10	14	12	14	14	24	8	5	2	4	6	1	2	3	1	0	3	6	8	5	16	28	15	13	17	24	13	18	24	39	36	10	5	10	16	29	44	102	91	114	813	0	85	103	80	20	20	15	37	33	22	8	10	9	0
0	0	0	0	0	2	2	0	1	1	1	3	0	2	2	5	3	2	3	0	2	3	2	3	3	1	1	0	3	1	1	2	0	0	1	2	3	2	2	4	4	0	3	1	1	0	1	1	1	1	2	1	0	5	4	0	1	3	5	3	5	3	4	8	3	6	4	7	5	2	6	7	3	6	4	3	7	2	2	4	1	3	7	4	4	5	3	5	6	3	4	9	8	6	9	12	17	11	18	21	15	11	15	12	45	24	109	89	47	32	8	11	8	4	7	12	9	14	14	19	19	12	16	11	3	1	2	4	4	4	3	3	2	3	3	5	7	15	9	10	19	9	17	14	16	12	18	13	7	4	12	12	20	17	27	40	43	226	85	0	305	49	40	21	18	58	83	39	17	10	20	0
0	0	0	0	1	1	2	0	0	3	0	1	2	2	2	4	2	2	3	3	2	3	0	1	2	0	2	1	1	1	1	2	0	0	1	2	0	2	3	0	1	4	5	0	1	3	2	1	1	0	3	1	1	3	1	1	2	2	2	3	3	2	5	3	2	4	2	4	7	8	7	4	3	6	9	5	3	5	2	3	5	1	1	5	4	4	7	2	2	6	4	6	6	6	10	10	9	7	12	16	21	14	9	12	25	14	50	43	25	17	10	8	5	6	5	7	5	9	6	14	14	11	11	4	6	0	5	3	2	2	3	4	2	4	4	6	7	8	9	10	10	10	19	9	13	14	19	14	9	4	3	9	13	21	30	29	39	134	103	305	0	105	66	34	26	70	85	37	21	12	10	0
0	0	0	2	1	2	0	2	3	1	2	1	2	2	0	2	2	0	2	4	4	2	3	1	1	1	4	1	1	2	1	1	1	0	0	0	2	2	1	0	2	3	0	3	0	1	2	1	1	1	1	2	3	5	2	0	3	3	3	2	1	0	2	1	3	1	3	2	2	7	5	11	2	5	7	10	3	4	4	3	2	3	5	8	4	7	8	4	5	3	5	7	3	4	1	5	7	7	10	16	18	12	6	12	12	11	19	22	10	9	5	4	0	4	4	4	5	10	4	6	11	9	6	0	2	3	4	6	2	2	2	2	2	1	0	2	3	13	15	11	9	12	13	22	19	20	35	27	10	13	3	4	10	9	25	29	27	74	80	49	105	0	112	58	31	42	37	21	12	11	12	0
0	0	0	1	0	3	1	3	0	1	0	0	1	0	0	3	1	2	0	4	4	1	4	2	1	3	0	0	1	1	0	1	0	1	0	0	1	0	1	0	0	3	0	1	1	3	0	0	1	0	0	3	0	1	3	0	0	1	1	2	1	2	2	7	2	3	1	6	5	1	5	1	1	5	5	2	3	1	2	3	7	0	1	0	2	4	5	3	1	3	5	4	4	4	2	3	5	5	7	6	11	6	4	8	9	7	17	9	8	8	3	6	5	2	5	4	3	7	4	13	12	9	5	5	4	1	1	5	2	0	2	1	1	3	4	5	6	1	9	7	5	12	18	27	19	10	15	14	10	3	15	11	10	7	10	24	19	27	20	40	66	112	0	377	84	80	59	39	17	19	15	0
0	0	0	2	1	0	1	3	0	1	0	0	1	3	2	0	1	1	2	1	1	0	1	0	1	3	1	1	2	1	0	1	0	1	0	0	1	0	1	2	2	2	0	1	1	4	0	3	1	1	1	2	1	2	1	0	0	2	0	3	2	3	1	1	1	3	0	1	8	4	4	1	2	4	4	5	4	4	5	0	2	4	0	5	8	4	3	4	2	2	3	3	3	2	7	3	5	4	2	2	11	6	9	7	8	10	4	13	8	8	4	3	1	4	3	7	3	5	6	6	10	4	6	6	0	2	0	1	2	2	0	4	1	2	2	1	3	3	7	4	1	5	10	20	26	10	9	7	3	7	9	2	4	8	7	11	18	21	20	21	34	58	377	0	127	70	58	25	16	25	34	0
0	0	0	0	0	0	0	2	0	2	2	2	1	0	2	0	0	1	1	6	0	2	1	1	3	0	0	1	0	3	2	0	1	0	1	2	1	0	2	1	1	1	1	0	2	2	1	0	1	3	2	2	1	1	0	4	3	1	2	3	4	0	2	0	2	5	4	3	8	5	4	1	3	4	4	2	0	3	2	0	1	2	4	3	2	2	3	3	1	4	4	2	2	4	2	6	3	4	7	4	3	5	4	1	5	16	14	8	5	4	3	5	4	1	4	5	4	11	6	3	12	6	3	7	3	3	5	3	1	1	1	3	2	2	4	4	4	2	4	2	3	6	21	28	24	18	13	9	4	4	5	7	5	7	11	15	15	17	15	18	26	31	84	127	0	100	49	34	25	55	69	0
0	0	0	0	0	1	1	2	2	0	1	0	0	3	3	4	1	1	4	2	1	3	1	2	0	1	1	3	1	0	0	1	1	1	1	2	0	0	1	1	1	2	0	2	0	0	2	0	2	3	3	1	2	2	2	1	1	0	2	5	4	4	3	2	4	1	2	5	6	4	3	1	3	6	3	9	3	3	1	5	2	2	1	1	1	4	7	4	4	1	1	4	4	2	3	10	10	4	7	10	9	6	3	7	14	18	22	23	11	16	7	5	5	5	6	3	8	6	13	15	18	9	10	6	2	4	3	3	2	0	2	1	4	4	4	2	12	4	4	8	6	10	23	24	13	13	16	14	4	15	5	7	14	14	13	34	33	39	37	58	70	42	80	70	100	0	569	136	48	32	22	0
0	0	0	0	1	1	1	0	2	0	3	2	0	1	2	0	2	1	2	1	1	0	3	5	2	1	0	3	0	1	1	2	1	2	1	2	0	2	1	0	4	1	1	0	1	1	2	2	2	1	1	2	1	2	1	0	2	1	1	0	0	0	4	4	6	8	4	1	5	11	8	4	2	5	4	2	5	5	1	1	1	5	1	4	2	5	4	4	4	6	3	7	5	3	6	10	6	0	8	12	7	8	2	5	17	28	56	34	26	15	8	5	8	2	7	16	14	14	13	17	23	5	16	8	5	3	6	5	1	0	3	2	1	1	5	7	7	10	9	6	5	10	24	13	11	8	13	16	4	5	3	7	12	12	21	33	32	59	33	83	85	37	59	58	49	569	0	255	49	35	30	0
0	0	0	1	0	0	1	2	0	0	0	1	0	1	2	3	1	0	6	2	3	1	2	2	1	1	1	1	4	1	0	0	0	0	1	2	0	2	0	2	0	4	2	2	1	2	1	1	1	0	2	2	2	4	4	0	2	1	1	2	2	3	2	2	8	4	5	8	9	3	5	1	6	8	1	6	3	2	3	1	7	2	2	6	3	5	4	9	3	6	4	10	5	3	4	4	12	4	7	7	10	5	8	11	22	36	49	21	10	13	7	11	5	6	10	8	17	14	23	32	27	13	16	8	3	3	3	5	2	2	3	3	2	4	1	5	8	7	4	8	6	13	17	19	8	9	14	9	4	2	6	12	14	17	14	31	26	29	22	39	37	21	39	25	34	136	255	0	109	39	37	0
0	0	0	2	1	2	0	2	0	0	3	1	1	1	1	2	3	4	3	1	2	2	1	2	1	2	2	1	2	1	0	1	0	3	0	1	0	0	1	2	1	2	0	2	2	2	3	3	1	2	2	0	1	2	1	0	1	1	1	1	5	1	2	4	1	8	3	7	4	3	5	1	4	1	3	5	3	1	2	0	2	4	0	0	1	4	7	4	1	2	1	5	5	3	5	7	5	3	3	4	5	5	4	7	11	19	30	14	9	12	9	11	3	5	7	9	7	10	14	15	16	5	8	8	4	5	1	2	2	2	1	3	3	3	2	1	2	4	4	5	5	4	16	10	12	15	10	5	1	1	5	7	12	4	10	19	8	16	8	17	21	12	17	16	25	48	49	109	0	64	31	0
0	0	0	0	1	1	1	1	0	1	0	0	2	0	3	1	1	4	2	2	4	2	1	1	0	0	1	0	0	0	0	1	0	1	1	0	1	2	0	1	0	4	1	0	4	0	1	0	1	0	0	0	1	1	2	0	1	2	2	0	1	2	1	3	2	5	3	2	1	4	5	6	5	2	3	2	3	1	0	1	1	3	1	4	4	6	4	1	1	3	3	4	2	3	5	2	3	5	4	3	6	3	6	2	10	15	9	4	8	7	4	4	3	3	4	8	5	3	5	8	7	4	4	2	1	4	3	5	1	2	2	0	2	2	3	3	3	9	7	4	1	5	8	13	11	6	8	6	3	1	6	6	4	8	6	11	10	9	10	10	12	11	19	25	55	32	35	39	64	0	195	0
0	0	0	0	2	2	1	1	1	2	1	2	0	0	3	1	2	1	1	1	2	3	1	0	2	1	2	2	0	1	1	0	0	1	0	0	3	1	0	2	2	2	1	2	1	1	0	1	0	1	2	1	3	1	1	1	1	1	0	1	2	0	2	2	2	3	3	3	2	1	5	2	1	4	2	6	4	1	1	3	0	1	2	1	2	4	3	2	2	3	2	3	4	0	5	2	1	2	1	6	3	6	2	0	9	4	9	5	5	4	4	6	1	4	0	6	5	4	6	6	9	4	8	3	1	4	0	3	2	1	0	3	1	0	0	1	2	1	4	2	6	1	5	9	11	8	7	9	2	4	4	3	4	1	3	9	7	12	9	20	10	12	15	34	69	22	30	37	31	195	0	0
0	0	0	0	0	0	0	0	0	0	0	0	0	0	0	0	0	0	0	0	0	0	0	0	0	0	0	0	0	0	0	0	0	0	0	0	0	0	0	0	0	0	0	0	0	0	0	0	0	0	0	0	0	0	0	0	0	0	0	0	0	0	0	0	0	0	0	0	0	0	0	0	0	0	0	0	0	0	0	0	0	0	0	0	0	0	0	0	0	0	0	0	0	0	0	0	0	0	0	0	0	0	0	0	0	0	0	0	0	0	0	0	0	0	0	0	0	0	0	0	0	0	0	0	0	0	0	0	0	0	0	0	0	0	0	0	0	0	0	0	0	0	0	0	0	0	0	0	0	0	0	0	0	0	0	0	0	0	0	0	0	0	0	0	0	0	0	0	0	0	0	0
