0	0	0	0	0	0	0	0	0	0	0	0	0	0	0	0	0	0	0	0	0	0	0	0	0	0	0	0	0	0	0	0	0	0	0	0	0	0	0	0	0	0	0	0	0	0	0	0	0	0	0	0	0	0	0	0	0	0	0	0	0	0	0	0	0	0	0	0	0	0	0	0	0	0	0	0	0	0	0	0	0	0	0	0	0	0	0	0	0	0	0	0	0	0	0	0	0	0	0	0	0	0	0	0	0	0	0	0	0	0	0	0	0	0	0	0	0	0	0	0	0	0	0	0	0	0	0	0	0	0	0	0	0	0	0	0	0	0	0	0	0	0	0	0	0	0	0	0	0	0	0	0	0	0	0	0	0	0	0	0	0	0	0	0	0	0	0	0	0	0	0	0	0	0	0	0	0	0	0	0	0	0	0	0	0	0	0	0	0	0	0	0	0	0	0	0
0	0	0	0	0	0	0	0	0	0	0	0	0	0	0	0	0	0	0	0	0	0	0	0	0	0	0	0	0	0	0	0	0	0	0	0	0	0	0	0	0	0	0	0	0	0	0	0	0	0	0	0	0	0	0	0	0	0	0	0	0	0	0	0	0	0	0	0	0	0	0	0	0	0	0	0	0	0	0	0	0	0	0	0	0	0	0	0	0	0	0	0	0	0	0	0	0	0	0	0	0	0	0	0	0	0	0	0	0	0	0	0	0	0	0	0	0	0	0	0	0	0	0	0	0	0	0	0	0	0	0	0	0	0	0	0	0	0	0	0	0	0	0	0	0	0	0	0	0	0	0	0	0	0	0	0	0	0	0	0	0	0	0	0	0	0	0	0	0	0	0	0	0	0	0	0	0	0	0	0	0	0	0	0	0	0	0	0	0	0	0	0	0	0	0	0
0	0	0	0	0	0	0	0	0	0	0	0	0	0	0	0	0	0	0	0	0	0	0	0	0	0	0	0	0	0	0	0	0	0	0	0	0	0	0	0	0	0	0	0	0	0	0	0	0	0	0	0	0	0	0	0	0	0	0	0	0	0	0	0	0	0	0	0	0	0	0	0	0	0	0	0	0	0	0	0	0	0	0	0	0	0	0	0	0	0	0	0	0	0	0	0	0	0	0	0	0	0	0	0	0	0	0	0	0	0	0	0	0	0	0	0	0	0	0	0	0	0	0	0	0	0	0	0	0	0	0	0	0	0	0	0	0	0	0	0	0	0	0	0	0	0	0	0	0	0	0	0	0	0	0	0	0	0	0	0	0	0	0	0	0	0	0	0	0	0	0	0	0	0	0	0	0	0	0	0	0	0	0	0	0	0	0	0	0	0	0	0	0	0	0	0
0	0	0	0	160	63	52	18	14	10	14	29	22	8	5	11	12	14	19	18	11	2	7	3	1	4	6	2	3	2	0	6	3	3	1	4	0	3	3	1	3	2	2	1	2	3	5	1	1	2	6	3	6	6	9	5	5	7	3	5	3	13	3	3	5	1	2	3	3	4	7	6	9	8	8	5	7	3	3	2	2	1	4	4	2	3	5	4	4	2	1	4	1	2	2	4	2	0	3	5	4	1	2	0	0	3	0	2	2	0	1	1	0	2	4	1	1	1	1	4	5	5	7	3	4	4	0	2	6	5	4	1	6	1	1	2	1	1	1	1	2	1	2	2	4	3	1	2	5	4	3	2	7	4	3	1	2	3	1	2	3	1	2	0	2	3	3	5	8	1	4	1	3	4	2	6	3	3	2	1	4	8	4	5	3	5	4	3	3	4	4	4	5	1	2	3
0	0	0	160	0	114	44	29	23	9	12	20	14	9	11	7	17	13	17	17	5	1	4	2	3	2	3	3	5	1	1	0	0	0	3	4	1	2	2	2	2	3	1	1	3	2	4	0	1	3	3	6	8	5	6	4	6	4	4	2	8	16	5	8	4	4	3	8	4	13	8	10	7	7	3	7	7	2	1	6	3	1	2	2	1	3	4	3	1	3	2	2	1	1	0	1	1	0	0	0	0	3	0	2	0	2	0	1	3	1	0	1	3	2	2	2	2	2	3	2	4	0	3	3	4	6	5	6	5	5	3	3	2	3	5	1	2	5	3	3	1	1	2	0	2	3	6	2	3	0	6	4	2	4	4	2	2	1	2	0	1	2	2	1	1	1	3	2	2	6	4	5	4	5	1	1	5	2	4	2	3	5	5	3	3	7	2	6	2	2	3	3	6	1	3	2
0	0	0	63	114	0	144	94	48	22	38	83	35	16	11	15	18	43	20	33	18	10	3	1	5	4	3	3	8	2	2	2	1	1	2	7	4	5	4	1	2	0	1	1	5	3	4	0	7	4	7	7	8	9	13	5	2	9	3	2	11	29	11	3	6	6	4	11	10	18	11	15	14	6	4	9	6	4	5	1	1	2	3	2	1	3	4	5	4	3	3	3	1	2	3	2	0	1	2	2	2	3	0	1	2	1	2	0	0	1	1	0	1	0	0	2	0	1	3	3	2	5	2	5	6	6	4	3	0	1	3	2	3	3	1	1	3	0	1	0	2	4	3	0	3	0	2	5	0	2	3	3	2	3	4	3	3	3	2	4	1	1	2	1	3	2	4	4	2	2	4	5	1	2	3	2	5	1	3	0	0	3	4	4	6	1	6	0	3	3	1	1	1	3	5	1
0	0	0	52	44	144	0	116	32	20	39	186	106	40	13	15	34	56	68	44	14	11	4	2	5	4	6	8	7	3	3	2	3	1	0	6	2	4	4	5	5	4	1	1	3	0	3	0	2	2	5	10	5	14	4	3	6	4	2	5	24	38	9	11	7	6	7	5	6	10	21	15	22	8	11	3	2	4	1	1	2	4	1	0	3	3	1	0	7	1	3	1	2	0	0	1	1	1	1	4	0	0	1	3	1	2	1	0	2	1	2	1	0	1	1	1	2	7	3	2	3	3	7	2	5	1	4	4	1	4	5	0	4	6	7	0	1	1	1	0	1	1	2	1	0	0	1	1	3	2	2	2	3	4	1	3	2	0	3	3	2	1	5	0	1	2	3	2	4	0	3	3	5	7	1	4	4	0	2	2	2	9	4	3	1	4	5	4	1	1	2	2	3	3	1	4
0	0	0	18	29	94	116	0	197	35	208	219	51	29	18	25	26	51	44	62	19	10	7	7	5	2	7	3	5	3	0	5	3	1	5	1	3	7	7	3	2	1	1	3	4	3	4	1	3	8	3	7	4	7	8	7	7	4	8	6	19	74	18	10	10	10	8	14	21	19	32	25	28	15	7	8	4	6	1	5	2	1	2	3	3	5	5	7	3	7	1	3	1	3	3	1	2	0	2	2	3	0	2	2	2	3	2	1	0	4	1	2	0	1	2	3	3	2	1	4	1	3	1	3	4	8	4	1	2	4	1	2	1	3	3	2	2	1	2	0	3	2	1	1	4	4	0	5	0	5	6	3	2	7	3	0	1	4	3	1	2	1	2	2	2	3	3	1	4	4	2	1	4	1	0	3	1	6	4	4	3	4	3	3	6	2	2	1	2	3	3	3	1	0	2	2
0	0	0	14	23	48	32	197	0	107	290	51	26	14	13	13	32	27	31	42	16	11	6	8	6	4	3	4	3	7	1	5	2	1	3	3	4	6	5	2	7	2	2	7	1	4	1	0	3	4	4	5	11	9	3	5	6	5	4	4	12	45	13	9	9	9	12	19	30	35	35	24	31	8	8	5	8	1	1	4	2	2	1	1	2	4	3	3	2	2	1	4	2	3	2	1	1	0	1	0	3	1	1	1	1	2	3	1	2	3	0	0	2	1	3	1	0	0	2	5	4	4	3	6	3	7	5	2	3	1	2	2	1	3	2	3	5	4	2	0	4	0	0	3	4	4	5	0	4	1	1	1	5	1	3	5	2	3	2	0	2	3	2	0	1	2	4	4	5	1	6	6	1	2	1	1	4	4	1	1	3	2	4	4	2	2	5	2	3	1	3	2	1	0	1	1
0	0	0	10	9	22	20	35	107	0	116	21	18	11	23	15	35	36	16	21	14	11	6	7	6	3	1	3	3	1	0	1	4	3	1	1	1	2	1	5	5	1	2	4	1	3	2	2	2	3	6	7	5	3	1	2	3	0	5	4	9	23	13	16	14	8	8	11	15	38	41	14	11	10	5	5	7	2	4	0	1	2	2	3	5	2	4	13	2	3	2	1	2	5	4	5	1	4	0	2	4	2	1	1	2	2	1	1	0	0	1	2	2	1	2	3	4	1	1	3	2	4	2	2	6	8	2	4	3	1	1	1	1	2	3	5	3	0	1	1	0	3	1	2	4	2	1	5	0	1	3	2	2	2	2	0	3	2	0	1	0	2	3	2	1	3	2	1	1	5	2	1	1	1	2	1	1	0	3	0	0	2	3	4	0	4	1	0	2	2	4	2	1	0	4	1
0	0	0	14	12	38	39	208	290	116	0	94	59	24	16	18	35	35	41	75	32	6	12	10	3	10	5	2	6	4	1	0	4	2	4	4	3	6	3	6	4	3	2	2	3	2	6	4	3	6	8	6	8	4	12	7	10	5	4	9	12	75	20	13	15	13	11	21	20	40	58	36	33	16	8	6	4	2	3	5	5	2	2	5	4	3	4	11	7	5	4	2	4	3	2	1	2	1	2	1	0	2	1	2	2	3	1	2	1	1	2	1	1	1	4	1	1	5	3	5	8	2	2	6	1	7	4	2	0	3	1	3	4	2	2	6	5	3	3	3	1	0	2	3	2	1	2	2	0	4	2	1	3	1	3	2	3	0	2	3	0	0	5	0	0	5	1	3	1	1	5	3	3	2	2	1	2	1	3	0	1	5	5	2	2	0	3	1	2	6	3	1	2	5	3	1
0	0	0	29	20	83	186	219	51	21	94	0	106	63	24	22	32	46	55	182	36	9	5	7	5	5	4	2	3	6	4	1	3	1	5	9	4	3	5	2	2	1	3	0	0	4	2	5	4	13	8	13	7	7	18	8	4	3	8	7	34	93	14	12	13	9	3	14	16	18	26	23	31	15	7	7	3	2	1	4	0	2	2	4	2	3	7	10	3	2	2	1	2	3	3	4	1	3	3	3	3	3	1	3	1	1	0	1	3	3	3	2	1	2	2	4	3	1	3	7	4	2	1	4	4	4	6	5	5	3	2	5	9	5	8	1	1	4	1	1	2	3	1	4	3	2	1	4	3	1	4	2	4	4	3	4	2	3	3	2	4	0	3	3	5	3	6	1	3	3	6	5	3	2	4	6	3	2	1	2	3	5	5	5	1	2	3	4	2	4	1	0	5	2	1	3
0	0	0	22	14	35	106	51	26	18	59	106	0	169	52	53	50	113	778	99	24	8	3	9	1	7	7	3	5	6	3	3	0	2	4	9	5	1	4	2	3	4	2	3	4	1	0	1	6	6	3	11	7	15	8	8	5	4	4	4	19	29	10	16	8	4	5	9	5	7	7	10	14	13	10	6	3	4	2	4	2	2	5	5	4	3	5	5	4	2	1	2	2	3	1	0	1	3	0	1	2	4	1	1	1	1	2	0	2	2	0	4	2	0	1	1	6	8	3	4	2	3	3	1	6	1	2	2	3	3	2	1	2	3	1	2	6	6	0	1	0	4	0	1	1	3	2	1	0	0	3	2	3	2	0	1	0	0	0	1	1	0	5	2	1	0	4	2	3	2	1	0	4	1	1	3	4	1	0	1	3	4	3	4	2	1	0	2	1	0	4	3	1	3	2	1
0	0	0	8	9	16	40	29	14	11	24	63	169	0	82	60	18	26	110	101	29	10	9	3	8	8	14	8	10	7	4	3	3	1	3	3	5	6	7	4	0	3	2	6	3	0	5	2	9	5	10	11	4	19	7	9	5	8	6	3	25	29	15	19	4	9	9	7	12	6	14	13	19	10	7	2	1	3	7	2	1	5	2	2	3	3	7	2	2	2	3	3	2	1	2	1	1	1	4	2	0	3	1	0	2	4	0	2	1	1	0	0	4	2	1	1	1	3	1	2	1	4	9	4	5	5	4	1	5	2	3	3	4	1	0	1	2	0	2	0	1	2	0	3	2	4	2	3	2	3	4	7	2	1	1	3	4	2	1	1	1	2	5	2	0	2	0	3	1	1	3	0	1	1	1	2	2	2	2	1	0	5	3	4	1	4	0	2	1	1	2	1	1	1	1	0
0	0	0	5	11	11	13	18	13	23	16	24	52	82	0	183	29	33	62	38	21	11	9	6	3	12	7	1	4	6	2	5	2	3	1	5	3	2	6	2	5	1	5	4	1	3	4	0	4	3	8	6	1	11	9	5	5	4	4	4	12	19	11	14	13	8	8	10	11	3	9	13	14	9	5	5	4	5	2	5	4	4	5	3	4	4	7	4	4	2	2	3	0	0	2	4	3	1	2	5	3	1	4	2	0	1	1	2	2	0	2	3	2	1	3	0	2	1	1	5	2	1	0	4	5	3	0	5	2	4	1	0	1	0	3	1	2	1	1	0	3	0	1	1	2	1	0	1	4	2	1	3	1	2	2	0	1	4	1	1	1	3	1	1	0	0	2	3	2	3	3	2	3	1	0	0	2	1	0	1	2	1	2	0	1	1	1	1	0	3	1	2	2	1	4	2
0	0	0	11	7	15	15	25	13	15	18	22	53	60	183	0	59	42	98	25	8	4	3	3	5	6	2	1	7	4	5	1	3	2	0	2	2	1	5	2	2	3	2	1	1	4	1	4	2	6	2	4	3	8	4	4	6	2	4	3	11	13	13	11	5	8	6	9	3	10	14	12	11	8	6	3	2	3	3	1	1	2	2	3	4	5	5	1	3	6	3	1	5	1	0	1	1	4	1	1	2	1	1	1	1	0	1	0	1	2	1	1	0	2	1	1	0	1	5	2	1	2	1	5	3	1	2	3	3	4	2	2	2	0	2	0	3	1	2	2	1	3	1	4	3	1	2	0	2	7	2	2	1	3	1	1	4	1	3	2	1	1	0	2	1	0	2	1	4	2	1	1	1	0	1	2	0	1	4	1	1	0	4	3	2	0	1	4	2	0	0	1	0	2	0	1
0	0	0	12	17	18	34	26	32	35	35	32	50	18	29	59	0	226	87	23	9	7	4	1	3	4	9	4	3	1	1	3	0	0	4	2	2	4	1	5	3	2	2	1	3	0	2	2	2	5	4	5	6	5	1	4	2	3	4	2	6	17	10	12	6	8	3	5	8	12	9	4	10	6	2	5	2	3	2	3	1	0	5	3	2	2	4	2	2	1	2	3	3	1	3	1	2	2	0	1	1	0	3	0	2	2	4	0	3	0	0	1	3	1	1	0	0	1	1	1	4	1	4	3	3	3	6	0	3	3	2	0	1	4	1	2	1	3	2	1	6	0	0	0	2	1	1	3	2	1	1	1	2	1	2	2	1	3	1	0	0	1	3	3	2	1	1	3	3	2	0	5	2	1	2	0	1	2	2	0	1	2	1	2	1	0	3	0	2	2	0	1	2	1	1	1
0	0	0	14	13	43	56	51	27	36	35	46	113	26	33	42	226	0	171	22	13	7	5	0	4	7	4	2	3	3	1	3	2	1	5	4	1	3	3	1	3	2	1	6	3	1	4	0	2	4	4	10	4	5	4	3	1	7	2	5	9	18	8	10	7	3	6	7	5	14	10	12	13	6	4	6	1	1	3	3	5	1	3	2	0	1	4	3	3	2	1	1	2	0	3	1	0	1	1	3	3	3	0	1	1	2	2	1	1	1	0	0	1	3	1	1	1	0	2	3	2	3	1	3	3	2	3	4	1	2	2	3	3	2	3	3	0	2	1	0	1	2	1	0	2	4	0	1	3	0	2	0	2	4	0	2	2	3	2	2	1	1	3	1	3	1	2	3	6	4	1	1	2	4	1	2	0	2	0	4	2	1	4	0	0	4	1	1	4	2	2	1	6	4	2	1
0	0	0	19	17	20	68	44	31	16	41	55	778	110	62	98	87	171	0	40	16	9	5	6	4	1	2	5	9	5	1	4	1	4	3	5	4	2	5	6	2	2	1	4	3	3	8	3	2	3	4	8	4	5	9	2	5	4	1	3	14	20	11	10	9	7	9	10	4	6	10	13	14	4	6	4	2	2	1	2	3	3	2	6	4	4	5	6	0	3	2	2	5	4	2	0	0	1	1	3	3	0	2	1	2	1	0	2	2	1	0	0	2	1	1	2	2	1	4	2	3	2	0	1	5	1	6	3	0	5	3	3	4	2	2	1	2	5	1	2	1	1	0	3	2	3	1	2	2	3	1	2	3	4	3	0	2	4	0	2	1	0	0	0	2	4	2	2	2	3	1	0	1	2	5	1	4	1	0	1	1	2	0	3	3	5	0	1	0	0	1	1	0	1	3	0
0	0	0	18	17	33	44	62	42	21	75	182	99	101	38	25	23	22	40	0	66	15	13	10	7	9	7	8	10	3	8	1	5	2	9	13	8	11	5	4	4	3	3	3	2	1	6	10	5	3	4	9	3	19	12	6	7	4	8	8	61	137	38	20	12	7	7	11	17	16	37	31	52	16	15	10	10	6	6	4	4	1	0	3	2	7	6	10	8	6	3	2	4	4	3	2	1	1	4	2	3	2	0	1	0	2	2	0	3	0	0	2	3	1	2	2	1	2	4	3	4	6	9	2	4	8	3	1	5	2	5	3	2	5	1	1	4	3	1	3	1	4	2	5	2	3	5	2	0	4	5	3	4	4	1	2	0	4	3	3	3	1	0	1	1	5	5	5	2	3	3	3	1	3	1	1	2	0	3	4	7	4	5	4	4	3	2	1	1	5	7	5	5	2	1	0
0	0	0	11	5	18	14	19	16	14	32	36	24	29	21	8	9	13	16	66	0	59	23	23	15	18	17	9	20	4	5	11	5	11	14	15	16	4	10	6	9	2	8	2	5	4	8	3	6	11	14	29	20	23	23	12	18	7	24	7	110	102	128	37	15	16	37	53	28	18	45	142	537	52	34	21	13	12	2	6	7	3	10	11	6	12	24	20	9	14	10	5	4	4	5	1	1	4	3	6	7	3	5	3	4	1	2	2	4	1	1	5	4	1	0	7	6	2	10	7	7	7	10	11	7	6	4	6	5	2	4	3	0	2	2	4	2	2	1	1	3	3	2	4	8	4	7	4	3	4	3	4	4	8	3	5	5	3	2	2	2	5	2	4	0	8	2	3	1	4	3	2	0	0	0	3	1	1	3	4	3	3	0	6	1	2	1	1	2	2	1	3	3	1	2	4
0	0	0	2	1	10	11	10	11	11	6	9	8	10	11	4	7	7	9	15	59	0	286	67	26	30	19	6	12	17	15	15	18	14	22	57	32	37	29	13	13	10	7	5	11	9	20	11	6	12	12	39	15	18	21	10	12	15	25	2	23	14	72	38	15	31	60	48	14	16	23	42	39	77	25	33	34	20	9	21	13	12	5	13	18	33	120	46	20	17	10	5	11	2	6	1	6	10	4	11	9	1	6	4	2	4	5	1	1	3	2	1	4	4	12	8	4	17	14	23	11	6	11	7	9	7	4	6	5	2	4	3	1	2	4	2	9	4	6	2	5	3	3	3	3	7	2	4	4	4	8	4	6	6	1	5	2	3	6	3	3	1	3	1	4	2	1	1	3	5	1	2	3	0	0	3	2	4	0	1	1	5	2	3	0	2	4	0	3	1	3	1	1	0	2	1
0	0	0	7	4	3	4	7	6	6	12	5	3	9	9	3	4	5	5	13	23	286	0	129	55	34	28	20	19	27	29	20	10	9	39	96	60	47	32	25	21	14	14	13	20	17	25	12	13	14	10	18	9	20	15	10	16	9	35	18	22	9	20	25	22	17	38	31	6	7	12	22	23	40	10	28	34	22	20	29	22	13	6	15	27	60	190	32	19	12	13	8	5	1	7	4	7	4	10	7	8	2	5	5	1	7	4	2	4	4	6	2	4	5	4	5	8	15	20	12	17	10	6	8	9	8	7	9	6	4	2	1	4	5	6	3	5	3	3	3	6	4	2	7	8	5	8	4	3	4	4	2	5	7	4	8	2	12	6	5	7	4	4	2	2	5	4	2	2	1	0	5	4	4	0	3	0	3	2	2	1	5	1	2	2	2	0	1	1	1	1	1	3	0	2	2
0	0	0	3	2	1	2	7	8	7	10	7	9	3	6	3	1	0	6	10	23	67	129	0	220	140	64	29	39	59	34	77	24	12	48	74	35	36	15	17	9	11	4	10	30	24	79	22	20	17	8	20	22	19	23	11	20	17	39	23	18	8	21	12	4	14	14	10	5	9	5	16	8	18	13	10	30	37	19	30	24	13	10	17	32	87	121	26	10	8	10	9	7	4	5	7	5	6	8	13	7	3	5	3	2	3	3	1	7	3	3	1	3	3	6	9	12	12	18	10	14	14	18	11	9	7	7	7	4	4	3	6	2	2	4	1	4	4	2	4	2	6	3	3	9	4	7	3	1	4	4	7	5	6	5	4	5	3	0	5	1	6	3	3	1	3	2	2	2	3	3	2	0	2	3	3	2	0	3	2	1	1	1	2	2	3	1	3	3	3	1	2	1	0	2	0
0	0	0	1	3	5	5	5	6	6	3	5	1	8	3	5	3	4	4	7	15	26	55	220	0	233	56	22	37	68	23	71	61	26	45	46	26	18	13	14	9	10	9	13	31	35	65	23	17	5	18	13	9	11	7	4	8	6	10	20	12	11	15	12	4	12	12	13	3	8	4	5	8	13	8	11	12	19	15	33	36	8	16	24	66	152	38	18	8	9	9	6	4	7	5	6	4	6	9	7	14	3	3	6	4	4	1	0	0	3	5	1	5	5	2	12	5	20	18	7	7	3	13	8	4	7	5	6	7	0	2	1	1	2	3	3	2	4	1	0	2	0	0	1	5	3	3	1	4	4	5	4	11	6	7	7	3	3	1	3	3	2	1	3	1	3	0	1	2	2	2	0	0	0	0	2	1	1	1	2	1	1	2	2	2	3	1	1	2	1	2	2	1	1	0	1
0	0	0	4	2	4	4	2	4	3	10	5	7	8	12	6	4	7	1	9	18	30	34	140	233	0	195	46	62	75	22	46	29	13	18	24	10	14	15	12	11	6	9	10	18	27	40	19	23	16	13	17	15	11	7	11	12	10	27	21	15	3	10	7	8	6	12	9	3	3	5	8	10	13	10	7	21	9	15	14	7	8	7	13	24	51	35	12	6	7	4	7	4	2	4	2	4	4	3	9	10	3	4	3	3	2	2	2	2	3	4	4	4	3	3	6	9	11	7	7	4	8	6	9	9	8	5	5	2	1	2	5	3	3	2	1	1	2	0	2	2	3	2	1	3	5	2	3	4	3	6	4	8	2	4	2	4	1	5	3	5	4	1	3	3	4	1	2	1	4	2	2	3	0	3	2	3	0	0	2	0	3	0	0	0	4	0	5	2	0	1	1	2	0	2	2
0	0	0	6	3	3	6	7	3	1	5	4	7	14	7	2	9	4	2	7	17	19	28	64	56	195	0	98	160	61	14	35	20	13	11	14	14	14	9	8	7	9	4	7	8	17	38	28	33	27	19	41	12	23	21	13	20	16	27	33	19	9	9	18	5	12	11	8	15	3	6	8	13	14	17	13	16	14	6	10	12	4	11	8	14	26	30	15	3	6	4	7	5	5	6	1	7	4	5	9	11	2	6	3	3	0	3	1	0	1	4	2	4	2	4	3	8	6	11	5	10	7	12	13	11	5	7	7	3	4	2	2	1	0	4	4	5	3	1	1	3	2	1	1	8	4	1	6	3	5	5	5	4	5	3	7	7	3	3	2	4	2	3	5	2	2	3	2	0	1	2	2	6	2	3	1	0	6	1	1	1	3	2	2	2	2	0	3	3	2	3	1	0	0	2	2
0	0	0	2	3	3	8	3	4	3	2	2	3	8	1	1	4	2	5	8	9	6	20	29	22	46	98	0	726	81	17	25	16	11	10	14	7	14	5	5	4	5	6	6	6	19	47	43	126	93	38	25	32	26	18	16	14	13	34	69	13	6	5	6	7	8	5	11	5	4	5	4	8	4	11	6	9	13	11	8	12	4	5	3	9	17	18	6	6	6	7	3	1	7	3	1	2	6	3	2	5	0	5	5	5	2	1	0	1	1	1	0	3	2	7	2	6	8	8	7	4	7	13	14	17	7	7	7	6	5	2	2	1	4	2	1	0	3	2	1	4	1	5	3	4	5	6	4	7	6	4	7	11	10	1	4	1	3	4	2	1	3	5	1	3	2	2	1	2	5	1	2	0	2	1	0	2	1	2	4	1	2	2	2	1	5	1	3	6	1	1	1	0	1	1	2
0	0	0	3	5	8	7	5	3	3	6	3	5	10	4	7	3	3	9	10	20	12	19	39	37	62	160	726	0	72	16	33	18	6	11	20	9	17	7	8	7	3	4	4	9	14	47	40	73	56	40	44	35	33	10	14	24	15	51	65	20	9	16	7	8	8	5	4	4	3	5	4	15	16	10	14	11	12	13	12	11	5	9	5	11	21	32	23	5	5	4	6	3	5	6	5	5	4	2	8	4	2	5	3	1	0	2	3	0	1	1	1	2	5	1	5	3	9	13	12	3	11	8	15	17	6	5	10	4	1	0	4	1	3	3	0	3	3	0	1	3	3	2	4	4	6	6	1	5	5	6	2	1	4	4	1	4	1	4	2	2	1	2	0	2	3	1	0	2	2	4	0	1	1	2	3	2	0	1	2	3	3	2	2	2	4	3	4	3	3	1	3	1	1	0	1
0	0	0	2	1	2	3	3	7	1	4	6	6	7	6	4	1	3	5	3	4	17	27	59	68	75	61	81	72	0	41	198	35	17	21	21	23	10	9	7	7	9	6	7	30	70	230	92	53	19	21	11	14	8	6	10	8	22	35	34	3	4	11	2	5	6	4	3	4	3	7	12	8	7	7	12	12	16	19	21	11	11	13	13	20	24	28	10	7	6	5	9	7	8	6	4	4	8	10	5	5	2	4	7	3	4	3	1	3	1	1	3	2	4	5	8	5	12	16	4	9	9	15	10	18	8	2	11	2	0	4	1	5	0	2	2	6	5	2	3	2	7	7	4	2	5	3	3	5	4	2	7	7	4	5	6	4	5	1	3	6	5	2	4	1	5	7	3	1	1	5	1	2	2	0	2	1	1	3	1	4	0	0	2	1	3	1	3	2	3	0	0	0	2	0	1
0	0	0	0	1	2	3	0	1	0	1	4	3	4	2	5	1	1	1	8	5	15	29	34	23	22	14	17	16	41	0	109	31	28	35	37	30	10	13	5	6	8	13	12	44	133	155	91	31	21	17	16	23	10	15	15	21	42	53	56	10	8	6	10	7	3	13	3	3	2	6	9	5	11	16	8	33	56	120	38	20	16	11	16	12	22	40	29	8	9	11	15	7	13	9	8	11	23	17	50	18	6	7	5	5	7	3	4	3	1	8	4	11	8	24	25	11	37	46	25	18	24	58	69	21	15	17	12	8	2	2	4	1	2	4	3	2	3	1	3	5	6	11	11	14	8	8	7	3	1	9	6	7	10	3	8	4	2	4	6	5	5	3	3	3	3	1	2	4	4	0	2	1	2	2	2	0	1	1	3	1	2	2	3	4	4	4	3	3	1	3	2	1	1	0	1
0	0	0	6	0	2	2	5	5	1	0	1	3	3	5	1	3	3	4	1	11	15	20	77	71	46	35	25	33	198	109	0	69	37	64	39	30	22	14	6	12	15	8	11	56	212	356	77	27	18	11	13	17	8	6	9	17	31	28	29	7	4	3	10	3	1	14	6	6	8	6	7	7	12	4	7	20	33	53	46	34	15	10	14	34	44	37	17	13	10	9	8	5	7	8	8	13	7	8	15	5	2	2	5	4	3	3	1	1	3	1	5	3	6	8	9	19	13	26	9	9	19	14	17	13	2	7	11	3	3	2	2	1	4	4	3	3	4	5	1	2	3	2	7	7	4	5	9	2	4	2	4	4	8	8	3	1	8	7	2	3	8	2	8	2	2	2	2	3	2	2	2	0	2	1	4	0	1	1	4	2	0	1	1	0	1	3	2	2	3	1	3	1	1	2	0
0	0	0	3	0	1	3	3	2	4	4	3	0	3	2	3	0	2	1	5	5	18	10	24	61	29	20	16	18	35	31	69	0	146	59	19	24	7	10	24	14	26	10	25	152	97	31	25	11	7	4	5	5	7	6	7	6	8	12	10	6	3	8	5	4	6	2	8	5	4	2	8	9	6	7	10	12	20	33	50	73	49	34	64	66	49	15	17	6	10	7	7	8	7	11	2	8	4	11	13	12	8	4	6	5	5	0	3	4	7	1	2	6	6	12	5	11	20	23	12	7	9	7	5	9	8	4	6	4	1	2	3	1	0	0	2	3	3	3	6	2	3	3	4	4	3	5	3	1	4	1	2	8	3	5	6	3	4	9	3	3	4	4	2	2	3	2	3	1	3	2	1	0	0	0	1	2	0	2	1	2	4	0	1	1	0	2	1	2	3	3	0	0	1	2	1
0	0	0	3	0	1	1	1	1	3	2	1	2	1	3	2	0	1	4	2	11	14	9	12	26	13	13	11	6	17	28	37	146	0	52	18	32	17	20	15	21	28	51	70	292	46	33	15	11	9	5	9	6	2	3	3	7	6	9	6	6	2	8	5	1	14	6	8	3	6	0	3	7	6	9	9	19	34	23	87	237	104	116	101	36	37	16	6	9	10	11	12	8	9	8	6	10	8	13	21	10	7	9	13	7	10	4	6	3	6	3	2	2	6	19	19	24	50	39	11	10	12	5	6	1	7	4	3	3	3	4	2	2	1	3	3	5	1	2	3	2	6	2	7	4	6	1	2	5	4	6	3	4	5	5	10	7	9	9	7	2	6	3	2	4	6	5	1	1	0	0	4	1	1	0	1	2	1	1	2	2	3	3	1	1	2	1	0	0	1	1	1	1	1	1	2
0	0	0	1	3	2	0	5	3	1	4	5	4	3	1	0	4	5	3	9	14	22	39	48	45	18	11	10	11	21	35	64	59	52	0	164	235	73	33	24	40	44	33	45	137	52	49	15	13	7	10	10	14	4	7	10	18	13	27	10	9	6	12	10	8	7	21	12	5	7	9	6	13	14	16	20	69	140	57	2697	96	32	34	49	42	70	49	24	20	25	24	34	12	7	12	8	17	13	16	22	19	8	13	10	8	5	7	6	4	3	3	3	6	9	10	19	32	58	86	29	21	19	20	19	12	5	8	5	4	3	4	7	6	2	4	5	6	5	2	3	1	1	6	13	4	3	5	5	7	6	4	10	6	6	5	7	11	11	6	9	8	6	3	6	7	4	1	2	1	6	0	3	0	1	3	4	3	3	1	2	2	3	2	1	1	2	2	3	1	1	1	2	3	2	2	0
0	0	0	4	4	7	6	1	3	1	4	9	9	3	5	2	2	4	5	13	15	57	96	74	46	24	14	14	20	21	37	39	19	18	164	0	401	71	37	28	36	21	20	31	44	31	45	23	9	11	12	12	24	10	11	16	18	24	31	12	11	9	14	10	10	19	27	30	13	4	14	20	14	28	22	34	150	103	46	119	37	16	18	26	25	60	163	60	26	34	30	13	19	5	8	9	16	8	17	17	10	9	7	7	5	3	4	0	2	8	4	7	3	9	16	12	18	35	46	32	31	18	31	14	13	11	14	11	11	1	7	2	6	3	4	4	5	5	1	2	4	3	6	10	7	11	3	1	5	6	3	11	9	13	5	12	6	7	6	4	2	6	4	5	5	4	4	0	1	5	1	2	4	3	1	4	2	1	1	3	3	1	1	0	1	2	1	4	0	2	5	1	1	0	4	1
0	0	0	0	1	4	2	3	4	1	3	4	5	5	3	2	2	1	4	8	16	32	60	35	26	10	14	7	9	23	30	30	24	32	235	401	0	106	55	35	53	44	33	30	51	14	30	19	6	6	6	10	19	6	16	15	13	21	18	14	9	7	13	11	11	13	21	19	8	8	8	14	11	15	23	34	232	152	71	159	39	17	23	29	21	44	75	41	41	46	33	24	28	20	11	8	9	17	15	27	13	10	7	9	8	5	5	4	8	2	2	2	4	8	11	20	20	67	106	75	32	26	30	20	12	9	5	8	6	3	2	4	3	7	5	9	7	4	6	3	1	4	4	7	11	6	6	4	1	4	5	3	10	14	6	14	9	12	6	8	6	10	10	5	5	7	3	1	3	1	2	5	0	2	0	6	3	3	2	6	3	2	1	4	2	3	2	1	4	5	0	0	2	2	1	1
0	0	0	3	2	5	4	7	6	2	6	3	1	6	2	1	4	3	2	11	4	37	47	36	18	14	14	14	17	10	10	22	7	17	73	71	106	0	386	217	106	47	28	27	22	13	12	12	9	6	6	7	8	8	2	7	11	9	10	10	6	7	9	20	13	25	31	26	10	7	9	10	14	21	14	23	25	39	29	48	45	16	16	49	34	53	36	21	20	44	36	12	15	6	6	3	8	11	6	11	9	8	2	6	6	3	2	2	4	4	3	4	5	5	6	16	12	30	32	22	20	9	8	7	2	4	6	5	6	5	1	0	5	5	3	5	8	4	3	0	7	5	6	4	9	5	3	3	3	2	1	6	7	6	11	13	9	9	9	5	5	7	4	6	4	2	3	2	2	3	0	4	1	2	3	2	0	1	3	2	2	4	1	2	2	0	4	3	2	2	2	1	2	3	1	0
0	0	0	3	2	4	4	7	5	1	3	5	4	7	6	5	1	3	5	5	10	29	32	15	13	15	9	5	7	9	13	14	10	20	33	37	55	386	0	1337	106	40	26	19	19	13	8	9	2	3	2	4	10	5	2	3	3	7	7	6	3	6	11	18	22	31	31	13	8	11	15	18	20	10	11	18	26	22	8	29	30	12	9	38	29	39	24	11	11	38	27	10	21	9	4	8	8	7	6	14	8	6	4	4	12	1	3	4	6	1	1	2	1	6	7	11	11	14	16	22	11	14	12	7	3	2	2	5	2	1	5	0	4	6	8	5	12	4	4	2	2	5	5	6	4	1	2	3	2	3	4	5	2	2	7	7	15	14	7	3	6	3	5	2	2	1	2	4	1	1	2	1	1	0	1	0	2	0	0	4	3	2	0	1	0	4	1	1	0	2	0	1	2	0	3	1
0	0	0	1	2	1	5	3	2	5	6	2	2	4	2	2	5	1	6	4	6	13	25	17	14	12	8	5	8	7	5	6	24	15	24	28	35	217	1337	0	126	33	39	25	17	9	10	5	2	4	5	9	5	3	1	6	8	5	13	4	2	7	13	15	17	25	29	20	7	4	9	15	7	8	7	15	23	20	18	29	27	17	24	26	19	31	17	7	13	34	25	23	11	4	10	3	10	3	9	7	12	9	3	6	6	8	10	6	2	7	3	5	6	7	9	8	16	17	22	18	15	8	7	4	4	2	4	7	3	1	3	3	6	4	5	6	9	5	2	3	1	3	2	4	5	5	3	1	1	1	6	6	5	4	6	8	6	11	12	4	6	8	3	1	2	3	0	4	2	2	0	2	3	1	1	6	2	3	4	2	0	2	4	0	2	0	1	2	3	1	0	1	1	1	0	2
0	0	0	3	2	2	5	2	7	5	4	2	3	0	5	2	3	3	2	4	9	13	21	9	9	11	7	4	7	7	6	12	14	21	40	36	53	106	106	126	0	108	75	37	18	14	6	5	4	4	6	9	5	3	8	4	3	6	6	7	5	7	11	13	9	15	17	24	7	6	9	8	8	7	9	12	36	23	19	37	32	16	15	28	21	24	13	19	26	74	63	26	18	14	13	8	14	6	9	9	10	8	10	13	6	8	7	5	4	4	3	2	8	13	12	13	18	29	39	36	16	5	7	8	8	11	1	9	4	1	1	5	3	10	6	8	7	5	4	5	6	3	7	9	12	7	9	7	4	0	6	6	7	8	7	15	26	14	22	6	13	10	7	3	4	1	1	1	2	0	0	0	1	1	2	1	2	2	1	3	1	2	0	4	3	3	2	4	0	2	2	1	2	0	0	1
0	0	0	2	3	0	4	1	2	1	3	1	4	3	1	3	2	2	2	3	2	10	14	11	10	6	9	5	3	9	8	15	26	28	44	21	44	47	40	33	108	0	645	174	39	14	8	4	4	2	3	4	3	4	5	2	4	7	12	5	5	3	6	3	4	7	9	7	2	2	3	3	6	11	4	9	28	34	16	50	47	45	66	42	27	16	15	7	15	22	28	28	16	18	11	7	8	10	15	10	10	16	12	21	9	15	12	12	7	5	3	6	11	7	14	28	52	50	40	28	18	4	10	8	3	6	6	2	4	7	1	2	5	7	8	2	3	9	5	4	5	2	5	9	4	5	5	0	1	1	5	4	4	3	10	10	18	17	18	12	10	7	3	4	3	1	1	1	3	0	1	2	1	2	2	1	4	1	0	2	5	4	3	3	1	2	4	3	2	0	2	1	1	3	1	4
0	0	0	2	1	1	1	1	2	2	2	3	2	2	5	2	2	1	1	3	8	7	14	4	9	9	4	6	4	6	13	8	10	51	33	20	33	28	26	39	75	645	0	319	52	14	14	7	5	5	3	5	9	7	4	3	4	3	11	10	3	4	8	6	9	8	9	12	5	2	3	3	6	8	9	13	26	25	20	55	40	41	46	31	19	18	16	3	22	21	33	67	28	23	19	9	4	10	19	15	19	17	15	26	15	15	9	5	4	3	5	3	12	15	31	53	64	104	58	24	31	10	12	12	4	4	1	9	3	2	1	4	4	4	4	3	9	4	6	7	6	7	7	5	5	2	4	2	5	0	2	4	8	11	4	12	27	28	17	11	12	12	8	2	3	3	0	2	1	5	1	3	1	2	1	0	2	0	1	1	4	1	0	0	4	2	3	1	1	3	1	2	0	0	3	2
0	0	0	1	1	1	1	3	7	4	2	0	3	6	4	1	1	6	4	3	2	5	13	10	13	10	7	6	4	7	12	11	25	70	45	31	30	27	19	25	37	174	319	0	72	12	7	9	4	5	5	3	8	0	7	3	5	7	9	7	3	4	7	6	9	13	6	3	7	5	7	3	3	6	10	9	20	28	23	69	70	67	107	59	24	22	11	12	15	20	20	45	13	16	18	14	9	11	22	20	14	9	17	19	15	9	17	4	3	4	7	10	12	10	22	67	60	108	57	22	7	13	12	6	5	4	1	6	3	3	1	5	0	4	2	3	7	3	4	4	2	4	3	10	5	3	2	4	3	0	3	2	4	4	5	16	16	18	11	11	13	11	6	1	2	1	2	3	1	1	5	0	1	1	1	6	1	2	0	2	4	0	4	5	1	1	2	3	3	5	3	2	3	0	1	5
0	0	0	2	3	5	3	4	1	1	3	0	4	3	1	1	3	3	3	2	5	11	20	30	31	18	8	6	9	30	44	56	152	292	137	44	51	22	19	17	18	39	52	72	0	74	29	11	8	1	8	9	9	6	1	7	10	14	17	13	8	3	4	5	5	11	6	8	1	2	9	6	9	6	11	11	32	54	44	192	161	50	51	57	41	34	26	24	14	21	16	23	11	8	11	7	9	9	22	26	25	9	2	10	4	6	6	2	2	2	4	4	4	9	20	40	34	86	60	12	17	8	17	12	3	11	3	6	2	2	4	1	2	0	2	3	4	5	2	2	1	7	5	10	7	4	4	3	6	7	6	5	5	8	8	7	2	8	4	9	9	4	8	1	2	1	0	1	0	1	4	4	2	2	0	2	0	1	0	1	2	0	2	0	1	2	3	3	2	1	4	1	3	2	3	1
0	0	0	3	2	3	0	3	4	3	2	4	1	0	3	4	0	1	3	1	4	9	17	24	35	27	17	19	14	70	133	212	97	46	52	31	14	13	13	9	14	14	14	12	74	0	92	59	24	22	13	10	10	9	5	11	9	23	21	18	8	4	3	2	4	5	5	4	7	7	2	2	11	6	4	5	22	39	58	42	42	26	22	16	32	24	23	10	13	4	8	16	13	11	6	8	7	13	12	21	23	5	8	6	5	9	6	2	2	3	2	2	3	5	12	13	13	34	36	13	8	13	28	24	12	6	7	10	7	1	0	3	4	3	2	2	6	4	2	3	3	4	7	6	9	7	6	8	5	1	4	3	4	4	5	10	6	5	4	3	5	6	1	4	2	0	2	1	2	2	1	1	0	2	2	1	1	0	2	1	1	2	1	2	0	4	2	3	6	0	4	3	2	3	1	4
0	0	0	5	4	4	3	4	1	2	6	2	0	5	4	1	2	4	8	6	8	20	25	79	65	40	38	47	47	230	155	356	31	33	49	45	30	12	8	10	6	8	14	7	29	92	0	126	47	21	15	21	20	18	13	13	25	30	76	62	12	6	8	7	5	5	13	10	8	5	10	2	11	3	13	6	29	39	36	23	14	9	8	18	17	31	58	15	6	10	6	11	10	4	7	8	11	9	13	17	16	9	4	3	4	3	1	3	4	1	4	6	2	5	6	9	8	30	15	8	7	14	24	25	14	13	7	14	5	2	4	5	2	2	2	3	3	2	1	3	7	5	6	8	12	4	5	2	5	4	7	9	4	0	6	4	6	6	5	3	5	5	4	1	3	2	4	2	2	4	1	0	3	3	2	1	0	2	2	3	3	1	4	0	1	1	4	2	2	2	0	2	2	2	1	1
0	0	0	1	0	0	0	1	0	2	4	5	1	2	0	4	2	0	3	10	3	11	12	22	23	19	28	43	40	92	91	77	25	15	15	23	19	12	9	5	5	4	7	9	11	59	126	0	113	26	18	16	15	15	11	12	12	29	33	54	1	2	8	5	4	3	2	6	7	4	3	7	6	9	5	9	19	17	25	16	15	7	14	8	15	9	18	10	2	3	8	9	2	7	4	3	9	6	6	15	12	3	4	3	6	3	6	2	3	4	0	4	6	3	12	12	6	11	17	11	7	14	27	24	25	5	12	8	6	3	7	3	3	3	3	3	5	4	2	4	3	7	1	5	5	13	10	5	5	1	8	4	6	8	2	3	3	4	2	9	4	2	5	0	2	3	3	0	1	1	2	1	2	2	0	3	1	2	2	4	0	5	1	2	2	2	0	3	4	3	3	2	0	0	0	1
0	0	0	1	1	7	2	3	3	2	3	4	6	9	4	2	2	2	2	5	6	6	13	20	17	23	33	126	73	53	31	27	11	11	13	9	6	9	2	2	4	4	5	4	8	24	47	113	0	71	30	20	25	25	17	16	13	21	34	92	9	6	7	7	4	2	6	3	0	2	3	9	6	10	13	9	10	13	12	5	9	6	7	4	10	9	13	9	2	8	2	4	5	4	6	5	5	7	3	9	5	2	2	4	1	2	0	2	2	2	3	6	2	3	1	3	2	10	7	8	8	11	10	24	28	9	8	8	6	1	3	3	1	4	6	1	2	1	1	3	7	3	4	4	5	7	4	0	9	7	6	4	9	5	5	1	4	2	0	7	5	3	4	3	3	1	1	1	4	4	3	1	0	1	0	1	0	3	3	0	1	1	1	0	0	3	0	3	2	2	3	2	1	1	2	4
0	0	0	2	3	4	2	8	4	3	6	13	6	5	3	6	5	4	3	3	11	12	14	17	5	16	27	93	56	19	21	18	7	9	7	11	6	6	3	4	4	2	5	5	1	22	21	26	71	0	287	57	76	54	40	29	35	14	52	129	20	5	6	4	4	2	6	13	6	3	6	3	8	13	20	8	9	6	11	8	2	3	5	3	11	11	21	12	7	5	2	3	7	1	5	8	6	6	3	10	6	4	5	4	2	5	2	3	2	3	3	2	1	5	2	2	7	6	3	10	10	13	13	20	32	14	11	9	10	4	6	0	3	5	2	0	6	2	0	3	1	1	4	7	7	10	7	4	7	4	7	13	8	3	4	4	2	3	1	3	1	1	4	3	3	2	2	3	3	0	0	2	3	4	7	1	2	1	1	2	2	2	5	0	1	2	5	4	1	5	1	2	0	2	1	2
0	0	0	6	3	7	5	3	4	6	8	8	3	10	8	2	4	4	4	4	14	12	10	8	18	13	19	38	40	21	17	11	4	5	10	12	6	6	2	5	6	3	3	5	8	13	15	18	30	287	0	90	98	115	71	55	40	29	38	62	20	6	11	4	8	5	2	8	3	7	7	11	8	16	13	10	8	7	9	7	5	4	4	3	7	8	17	17	3	8	5	4	10	4	8	7	8	2	2	8	8	2	1	2	1	2	0	2	2	1	1	0	0	2	2	8	4	11	8	11	6	16	12	23	42	21	14	12	8	4	4	3	4	8	3	1	0	1	1	2	3	2	6	10	7	5	5	4	8	13	14	9	6	4	0	6	7	4	0	1	4	1	5	5	4	6	10	6	3	5	5	2	3	3	2	3	1	3	3	3	2	7	2	6	5	4	3	7	3	4	2	4	2	0	2	0
0	0	0	3	6	7	10	7	5	7	6	13	11	11	6	4	5	10	8	9	29	39	18	20	13	17	41	25	44	11	16	13	5	9	10	12	10	7	4	9	9	4	5	3	9	10	21	16	20	57	90	0	239	357	129	58	42	39	71	47	55	16	18	14	4	6	16	15	10	2	7	17	24	37	22	21	17	10	12	10	5	9	4	5	4	8	33	27	6	7	5	5	8	10	7	8	7	5	8	14	6	4	0	1	1	0	2	3	1	1	2	3	3	2	4	3	4	9	11	9	10	12	16	27	30	19	11	13	7	4	3	2	5	3	4	2	2	2	1	3	5	3	5	3	8	13	6	8	5	3	10	5	8	8	2	5	1	0	4	3	5	0	5	6	2	2	1	2	3	6	6	2	0	5	0	0	1	1	1	4	3	2	3	3	2	4	4	4	4	4	0	2	1	3	1	1
0	0	0	6	8	8	5	4	11	5	8	7	7	4	1	3	6	4	4	3	20	15	9	22	9	15	12	32	35	14	23	17	5	6	14	24	19	8	10	5	5	3	9	8	9	10	20	15	25	76	98	239	0	111	146	214	152	77	124	83	39	10	7	8	12	5	8	14	6	9	7	20	25	40	34	18	24	11	15	6	7	6	8	5	6	12	25	36	13	11	6	6	6	5	9	9	10	6	5	5	5	6	5	1	2	4	2	3	4	5	3	8	4	3	9	6	2	9	10	6	13	22	22	30	64	32	26	24	8	3	7	2	6	5	5	3	3	2	5	3	8	8	5	9	16	5	10	6	11	10	11	13	4	8	3	4	2	2	5	3	5	3	2	3	6	7	3	4	3	5	5	5	3	3	3	4	5	2	1	4	2	4	2	3	0	3	4	10	3	4	2	4	1	3	1	6
0	0	0	6	5	9	14	7	9	3	4	7	15	19	11	8	5	5	5	19	23	18	20	19	11	11	23	26	33	8	10	8	7	2	4	10	6	8	5	3	3	4	7	0	6	9	18	15	25	54	115	357	111	0	226	49	41	23	30	38	62	18	8	4	3	6	7	13	7	4	7	12	11	32	20	16	10	3	9	8	7	1	5	5	8	8	11	13	10	4	1	5	6	6	4	8	1	7	2	7	3	2	2	1	6	0	2	2	3	3	7	5	3	5	5	6	4	2	4	6	7	7	11	8	21	17	20	12	9	4	7	7	2	3	5	2	5	3	5	0	3	4	5	5	6	8	6	5	4	4	9	11	13	4	4	0	3	0	1	2	8	0	2	3	0	4	5	9	4	6	1	3	3	1	7	3	3	1	2	4	2	4	5	3	1	2	3	4	3	4	0	4	3	3	1	2
0	0	0	9	6	13	4	8	3	1	12	18	8	7	9	4	1	4	9	12	23	21	15	23	7	7	21	18	10	6	15	6	6	3	7	11	16	2	2	1	8	5	4	7	1	5	13	11	17	40	71	129	146	226	0	122	49	34	38	24	43	19	10	5	4	5	14	8	11	4	6	17	12	46	29	19	13	6	7	4	3	3	1	4	5	6	15	18	16	5	2	3	4	1	6	6	5	8	5	9	6	2	1	3	2	2	0	3	4	2	3	3	3	5	5	5	5	4	7	12	8	12	17	15	33	35	22	14	12	13	3	6	2	5	3	2	4	4	3	1	2	3	5	7	9	7	7	9	9	12	14	8	12	8	4	2	3	1	1	2	0	5	4	5	2	5	5	1	3	7	3	5	3	2	3	9	6	5	2	2	3	6	5	3	5	5	9	8	4	4	5	2	0	1	0	4
0	0	0	5	4	5	3	7	5	2	7	8	8	9	5	4	4	3	2	6	12	10	10	11	4	11	13	16	14	10	15	9	7	3	10	16	15	7	3	6	4	2	3	3	7	11	13	12	16	29	55	58	214	49	122	0	325	77	47	49	20	11	6	5	6	2	10	6	9	1	9	9	15	35	37	32	9	7	18	8	10	2	4	4	5	9	23	31	14	11	7	3	7	9	5	8	8	10	5	9	7	4	2	4	1	1	4	2	3	2	2	5	3	7	3	3	4	9	10	13	13	31	24	33	153	101	61	33	23	12	9	7	4	6	1	4	2	5	3	2	10	9	12	5	12	16	12	18	14	12	18	21	15	11	9	5	8	5	3	2	2	6	5	4	3	5	5	9	2	6	6	7	0	4	1	4	2	4	2	6	2	2	3	4	5	6	6	8	7	3	4	4	1	3	4	1
0	0	0	5	6	2	6	7	6	3	10	4	5	5	5	6	2	1	5	7	18	12	16	20	8	12	20	14	24	8	21	17	6	7	18	18	13	11	3	8	3	4	4	5	10	9	25	12	13	35	40	42	152	41	49	325	0	213	83	35	22	17	7	6	4	7	24	18	7	5	7	11	19	38	57	34	24	22	22	11	8	4	7	7	9	12	34	71	21	15	13	8	10	7	13	12	13	14	8	12	15	3	3	4	2	2	3	7	3	5	8	6	3	6	8	8	10	12	18	22	20	29	33	48	94	105	50	47	28	12	4	6	4	11	7	6	5	3	7	5	4	3	5	12	21	15	12	12	6	13	14	24	22	20	13	5	5	4	3	5	6	11	5	6	9	10	7	3	3	2	7	3	4	6	6	6	3	6	2	6	7	6	4	2	2	2	8	6	5	6	7	2	1	2	4	1
0	0	0	7	4	9	4	4	5	0	5	3	4	8	4	2	3	7	4	4	7	15	9	17	6	10	16	13	15	22	42	31	8	6	13	24	21	9	7	5	6	7	3	7	14	23	30	29	21	14	29	39	77	23	34	77	213	0	111	72	9	8	8	3	4	3	8	11	11	11	6	10	9	28	41	45	44	36	45	22	10	4	7	5	6	9	31	62	23	10	8	12	13	14	17	13	16	13	11	22	22	6	1	8	4	3	5	1	3	4	6	8	4	6	12	8	8	19	24	28	21	101	107	139	77	48	61	30	31	8	11	6	6	8	6	6	4	3	2	1	11	17	8	14	23	18	15	10	19	8	17	28	16	20	11	8	11	15	0	4	8	7	3	6	4	7	5	5	5	5	5	2	1	2	4	5	4	2	3	5	5	2	3	2	2	1	5	5	7	6	2	1	5	0	1	3
0	0	0	3	4	3	2	8	4	5	4	8	4	6	4	4	4	2	1	8	24	25	35	39	10	27	27	34	51	35	53	28	12	9	27	31	18	10	7	13	6	12	11	9	17	21	76	33	34	52	38	71	124	30	38	47	83	111	0	224	22	11	14	10	7	2	6	20	6	4	5	3	13	32	32	23	25	29	38	22	11	11	14	7	9	15	83	40	20	17	6	9	11	6	11	8	11	8	8	18	9	7	2	4	3	2	2	3	1	5	4	2	1	4	5	7	7	7	21	20	15	36	37	51	49	27	21	16	7	3	2	7	6	3	5	3	2	2	5	7	5	10	2	7	11	11	7	13	7	6	9	15	11	12	2	2	7	7	3	3	9	6	6	1	3	0	3	3	1	5	2	2	2	2	1	6	4	2	1	5	3	4	2	4	0	2	5	3	8	3	3	4	2	1	3	4
0	0	0	5	2	2	5	6	4	4	9	7	4	3	4	3	2	5	3	8	7	2	18	23	20	21	33	69	65	34	56	29	10	6	10	12	14	10	6	4	7	5	10	7	13	18	62	54	92	129	62	47	83	38	24	49	35	72	224	0	14	8	8	7	8	8	8	8	5	3	6	6	10	21	21	11	21	15	30	17	13	2	6	7	17	10	34	33	10	6	4	9	4	4	9	4	10	5	8	8	4	5	5	3	2	1	2	2	3	3	5	7	4	5	6	6	5	15	10	12	16	17	35	54	64	23	15	12	12	4	2	4	6	7	3	2	4	3	1	0	7	5	6	4	7	9	4	9	8	12	8	13	7	8	7	4	5	6	2	8	4	7	4	5	3	5	6	6	3	6	1	5	3	3	3	3	3	1	2	0	2	2	3	2	3	5	4	5	4	4	2	4	1	0	3	3
0	0	0	3	8	11	24	19	12	9	12	34	19	25	12	11	6	9	14	61	110	23	22	18	12	15	19	13	20	3	10	7	6	6	9	11	9	6	3	2	5	5	3	3	8	8	12	1	9	20	20	55	39	62	43	20	22	9	22	14	0	61	35	24	18	10	20	26	13	18	15	38	53	52	25	19	13	7	3	10	6	4	2	5	7	9	27	20	7	9	10	7	3	3	6	6	4	7	6	5	8	4	3	4	3	5	0	2	1	2	0	1	2	6	1	3	6	3	3	4	10	7	12	5	11	10	10	10	9	6	7	1	1	4	5	2	5	2	3	1	3	3	4	3	3	4	4	2	11	3	1	5	7	6	9	2	4	2	2	2	1	2	4	5	1	3	7	3	2	3	3	7	2	1	3	5	2	1	2	0	3	4	3	5	2	2	1	2	3	4	1	2	1	2	2	1
0	0	0	13	16	29	38	74	45	23	75	93	29	29	19	13	17	18	20	137	102	14	9	8	11	3	9	6	9	4	8	4	3	2	6	9	7	7	6	7	7	3	4	4	3	4	6	2	6	5	6	16	10	18	19	11	17	8	11	8	61	0	33	18	14	10	30	29	37	24	64	76	132	36	16	18	9	6	5	1	4	6	4	2	1	2	12	12	6	10	8	3	2	3	2	5	3	3	2	3	3	5	1	2	2	0	3	3	0	6	1	1	2	2	1	3	2	3	3	6	5	10	4	3	5	3	11	6	7	4	3	3	2	8	3	4	3	1	4	0	1	2	3	1	10	3	3	2	10	7	3	3	4	2	4	3	2	2	1	3	4	1	1	6	2	3	3	1	3	3	1	2	3	1	3	5	4	0	0	1	3	6	5	3	6	3	2	3	0	2	0	1	5	2	1	3
0	0	0	3	5	11	9	18	13	13	20	14	10	15	11	13	10	8	11	38	128	72	20	21	15	10	9	5	16	11	6	3	8	8	12	14	13	9	11	13	11	6	8	7	4	3	8	8	7	6	11	18	7	8	10	6	7	8	14	8	35	33	0	167	58	62	75	71	25	21	50	100	115	34	16	21	7	6	5	10	6	9	14	6	8	18	25	5	12	2	9	5	7	3	2	3	5	1	4	3	4	4	2	3	3	3	7	2	2	3	1	1	3	3	5	2	4	5	6	10	7	7	5	6	6	9	6	6	10	2	2	4	6	3	4	2	3	8	3	5	6	3	4	8	6	3	2	2	3	2	3	3	3	3	4	4	4	7	5	2	2	3	5	0	3	2	3	1	3	1	0	0	4	0	2	6	2	0	0	3	2	2	3	4	2	2	1	3	3	1	2	2	1	1	3	5
0	0	0	3	8	3	11	10	9	16	13	12	16	19	14	11	12	10	10	20	37	38	25	12	12	7	18	6	7	2	10	10	5	5	10	10	11	20	18	15	13	3	6	6	5	2	7	5	7	4	4	14	8	4	5	5	6	3	10	7	24	18	167	0	142	102	62	30	25	27	34	48	41	10	9	13	0	5	8	8	3	5	4	4	7	9	11	9	7	3	8	3	7	0	6	0	1	2	6	2	4	1	2	2	0	1	0	3	1	0	3	4	2	3	2	2	3	7	6	6	4	4	9	5	5	5	4	4	3	4	3	3	0	2	2	2	3	1	2	2	4	6	1	3	4	4	0	3	0	1	1	2	2	1	6	2	3	2	4	0	1	2	3	1	0	2	1	2	1	4	2	3	1	2	0	3	3	3	1	3	2	3	1	2	0	1	4	2	1	2	1	0	4	0	4	0
0	0	0	5	4	6	7	10	9	14	15	13	8	4	13	5	6	7	9	12	15	15	22	4	4	8	5	7	8	5	7	3	4	1	8	10	11	13	22	17	9	4	9	9	5	4	5	4	4	4	8	4	12	3	4	6	4	4	7	8	18	14	58	142	0	407	90	31	19	26	44	32	23	8	16	6	6	5	6	7	4	8	6	10	6	12	16	7	8	18	12	5	6	1	5	1	2	0	2	3	7	2	3	1	0	1	1	1	3	2	1	1	2	4	0	3	3	4	5	10	7	3	4	4	2	4	5	4	5	1	5	1	2	6	5	8	3	8	0	3	2	2	3	1	9	2	0	4	1	3	1	0	7	2	1	1	3	5	3	1	3	2	2	0	0	1	1	1	1	2	1	1	2	0	3	5	1	3	1	6	3	1	2	1	2	2	0	2	5	1	2	0	1	1	1	1
0	0	0	1	4	6	6	10	9	8	13	9	4	9	8	8	8	3	7	7	16	31	17	14	12	6	12	8	8	6	3	1	6	14	7	19	13	25	31	25	15	7	8	13	11	5	5	3	2	2	5	6	5	6	5	2	7	3	2	8	10	10	62	102	407	0	176	53	25	20	21	30	29	14	5	10	15	7	4	9	9	6	12	9	7	10	12	8	5	7	8	3	9	3	4	4	4	4	2	5	5	4	4	1	3	4	5	5	2	3	2	5	4	1	4	4	5	5	8	12	4	4	2	2	3	1	2	7	4	1	1	5	2	3	7	3	4	1	2	4	4	5	3	2	7	2	1	5	1	0	1	2	3	5	4	5	4	9	2	6	3	3	1	1	2	2	1	4	0	1	0	1	2	1	1	3	0	2	2	5	2	3	3	2	1	1	5	0	0	0	3	0	2	1	4	1
0	0	0	2	3	4	7	8	12	8	11	3	5	9	8	6	3	6	9	7	37	60	38	14	12	12	11	5	5	4	13	14	2	6	21	27	21	31	31	29	17	9	9	6	6	5	13	2	6	6	2	16	8	7	14	10	24	8	6	8	20	30	75	62	90	176	0	160	33	24	38	62	37	25	22	27	11	10	8	12	9	8	5	16	14	13	27	20	13	20	18	9	3	3	4	4	4	5	10	8	5	3	8	0	1	3	3	1	4	5	2	2	3	4	3	6	6	10	9	10	9	4	10	11	9	5	7	7	5	2	2	4	1	8	5	7	11	1	5	2	0	4	7	1	4	2	2	5	2	2	5	1	5	8	7	8	6	9	4	3	6	3	5	3	4	5	4	3	0	4	4	4	0	2	0	2	2	1	2	2	3	6	1	1	2	1	1	0	2	3	5	1	2	4	2	2
0	0	0	3	8	11	5	14	19	11	21	14	9	7	10	9	5	7	10	11	53	48	31	10	13	9	8	11	4	3	3	6	8	8	12	30	19	26	13	20	24	7	12	3	8	4	10	6	3	13	8	15	14	13	8	6	18	11	20	8	26	29	71	30	31	53	160	0	77	34	53	162	80	81	34	46	18	9	9	9	7	6	10	13	9	13	29	26	13	19	11	9	11	5	3	1	9	7	6	2	11	3	8	8	6	4	3	3	1	2	2	3	5	4	6	4	7	10	6	23	5	6	9	6	8	7	4	9	7	6	3	9	1	5	7	8	7	2	4	4	7	3	2	3	4	6	4	4	3	4	1	2	4	10	8	8	4	7	4	2	1	4	4	1	3	8	1	2	2	2	3	2	1	3	0	4	1	4	5	8	3	3	2	2	2	3	4	3	4	3	4	5	1	2	2	1
0	0	0	3	4	10	6	21	30	15	20	16	5	12	11	3	8	5	4	17	28	14	6	5	3	3	15	5	4	4	3	6	5	3	5	13	8	10	8	7	7	2	5	7	1	7	8	7	0	6	3	10	6	7	11	9	7	11	6	5	13	37	25	25	19	25	33	77	0	100	66	64	37	32	36	25	9	4	6	7	2	2	0	3	7	6	7	20	14	18	12	5	7	5	8	4	1	3	2	2	9	4	3	1	2	3	3	4	2	3	5	4	1	7	2	2	4	4	7	10	9	6	3	7	4	4	7	5	6	2	4	6	7	8	12	2	2	5	1	3	2	2	5	8	3	3	8	6	1	2	5	4	7	6	2	5	5	4	6	0	4	3	2	1	2	9	2	4	6	5	0	0	3	2	1	6	3	2	0	1	1	5	5	2	4	1	2	1	1	2	4	2	3	3	1	3
0	0	0	4	13	18	10	19	35	38	40	18	7	6	3	10	12	14	6	16	18	16	7	9	8	3	3	4	3	3	2	8	4	6	7	4	8	7	11	4	6	2	2	5	2	7	5	4	2	3	7	2	9	4	4	1	5	11	4	3	18	24	21	27	26	20	24	34	100	0	155	48	34	16	14	10	4	4	1	2	4	6	4	5	5	2	5	7	9	9	11	3	7	3	3	3	3	4	4	2	7	4	0	1	2	3	3	0	5	2	3	1	2	3	4	2	2	3	4	5	3	2	2	3	4	5	1	4	4	2	1	1	4	2	4	6	4	2	2	2	1	3	2	4	3	3	4	6	2	3	4	3	0	5	3	3	3	1	4	3	1	5	3	4	2	4	2	2	5	0	0	1	1	3	2	4	1	3	1	5	6	3	2	3	0	2	3	3	2	2	2	2	0	2	1	2
0	0	0	7	8	11	21	32	35	41	58	26	7	14	9	14	9	10	10	37	45	23	12	5	4	5	6	5	5	7	6	6	2	0	9	14	8	9	15	9	9	3	3	7	9	2	10	3	3	6	7	7	7	7	6	9	7	6	5	6	15	64	50	34	44	21	38	53	66	155	0	172	95	28	18	13	10	4	3	5	4	5	4	1	6	8	9	6	8	4	4	4	3	3	2	3	4	4	2	3	2	2	2	3	0	1	1	2	1	0	4	2	4	4	3	4	2	0	4	8	6	10	7	7	5	6	4	8	6	2	3	2	3	3	6	5	4	6	6	6	2	3	3	2	6	1	4	3	1	3	3	3	4	2	4	1	5	2	1	3	4	1	2	0	1	3	3	7	2	3	4	1	2	1	2	4	2	0	1	2	7	3	1	4	2	3	2	2	3	3	1	2	1	5	1	1
0	0	0	6	10	15	15	25	24	14	36	23	10	13	13	12	4	12	13	31	142	42	22	16	5	8	8	4	4	12	9	7	8	3	6	20	14	10	18	15	8	3	3	3	6	2	2	7	9	3	11	17	20	12	17	9	11	10	3	6	38	76	100	48	32	30	62	162	64	48	172	0	505	48	19	25	14	6	3	11	3	4	4	9	5	11	12	10	5	11	13	4	5	5	3	3	1	2	3	2	4	4	4	1	4	3	2	2	3	1	1	3	7	1	5	3	2	6	6	6	12	9	5	1	6	13	7	3	5	3	3	1	1	1	4	8	5	1	4	1	0	2	1	9	3	6	5	2	2	2	2	2	1	5	4	5	2	2	2	2	1	3	1	3	4	5	5	1	5	5	1	4	2	3	3	3	3	3	1	5	5	4	7	3	6	3	4	3	5	3	6	2	3	1	1	1
0	0	0	9	7	14	22	28	31	11	33	31	14	19	14	11	10	13	14	52	537	39	23	8	8	10	13	8	15	8	5	7	9	7	13	14	11	14	20	7	8	6	6	3	9	11	11	6	6	8	8	24	25	11	12	15	19	9	13	10	53	132	115	41	23	29	37	80	37	34	95	505	0	67	25	14	15	7	4	8	6	5	6	5	8	7	18	20	14	11	8	5	7	5	3	3	1	0	5	4	8	3	2	2	1	3	4	1	3	2	2	0	1	4	5	4	3	7	7	7	11	8	3	7	4	8	6	12	8	7	4	2	6	6	9	3	11	3	4	3	2	4	4	4	6	4	6	5	3	3	4	6	7	3	5	2	3	0	5	1	1	2	4	9	3	3	5	2	2	4	0	3	3	5	2	3	1	0	2	2	1	0	5	3	2	1	3	2	1	2	1	2	4	0	2	0
0	0	0	8	7	6	8	15	8	10	16	15	13	10	9	8	6	6	4	16	52	77	40	18	13	13	14	4	16	7	11	12	6	6	14	28	15	21	10	8	7	11	8	6	6	6	3	9	10	13	16	37	40	32	46	35	38	28	32	21	52	36	34	10	8	14	25	81	32	16	28	48	67	0	277	84	30	17	21	20	13	1	7	12	10	3	42	68	21	21	7	7	11	6	11	1	4	1	6	7	11	4	3	4	2	5	5	3	3	4	1	1	4	5	5	9	4	10	15	24	16	13	16	12	22	18	14	9	12	7	3	5	4	6	9	4	4	4	2	6	5	6	3	2	7	4	2	3	3	3	11	9	8	8	13	5	3	3	3	2	9	8	4	3	9	5	3	5	2	3	3	3	10	3	2	7	3	2	2	3	2	0	3	2	1	1	4	8	4	8	1	2	3	1	1	1
0	0	0	8	3	4	11	7	8	5	8	7	10	7	5	6	2	4	6	15	34	25	10	13	8	10	17	11	10	7	16	4	7	9	16	22	23	14	11	7	9	4	9	10	11	4	13	5	13	20	13	22	34	20	29	37	57	41	32	21	25	16	16	9	16	5	22	34	36	14	18	19	25	277	0	169	27	15	20	11	15	6	5	7	9	12	32	116	34	17	15	9	8	8	6	10	11	9	9	7	6	6	0	6	2	3	3	7	4	2	1	3	4	2	6	8	8	6	12	20	12	21	25	20	24	28	19	25	12	4	8	4	2	8	4	5	8	6	7	3	9	6	6	8	15	14	10	8	12	5	10	10	10	16	11	5	9	9	6	5	3	6	9	6	5	6	5	4	2	3	5	8	6	4	4	5	3	5	1	3	5	4	5	3	1	2	7	4	5	5	4	4	4	4	4	5
0	0	0	5	7	9	3	8	5	5	6	7	6	2	5	3	5	6	4	10	21	33	28	10	11	7	13	6	14	12	8	7	10	9	20	34	34	23	18	15	12	9	13	9	11	5	6	9	9	8	10	21	18	16	19	32	34	45	23	11	19	18	21	13	6	10	27	46	25	10	13	25	14	84	169	0	64	39	32	20	5	5	11	7	9	12	32	403	135	35	29	19	21	11	14	7	16	8	12	12	12	8	5	6	3	7	11	5	6	2	2	2	1	9	9	5	7	15	19	54	44	41	22	20	18	17	26	26	22	8	5	2	11	18	5	10	8	4	3	3	7	10	6	2	22	10	10	9	7	4	10	8	16	19	12	12	7	7	4	3	7	7	9	5	2	7	5	2	3	4	1	0	4	4	1	4	1	3	4	7	5	3	4	6	6	2	8	3	5	2	4	5	1	2	2	0
0	0	0	7	7	6	2	4	8	7	4	3	3	1	4	2	2	1	2	10	13	34	34	30	12	21	16	9	11	12	33	20	12	19	69	150	232	25	26	23	36	28	26	20	32	22	29	19	10	9	8	17	24	10	13	9	24	44	25	21	13	9	7	0	6	15	11	18	9	4	10	14	15	30	27	64	0	181	92	60	24	14	8	16	20	12	77	124	66	59	48	33	29	21	13	15	15	15	17	30	20	9	12	13	2	4	7	5	4	6	2	8	8	6	13	12	21	42	97	167	70	40	42	26	19	13	10	22	5	6	7	4	6	9	9	5	9	5	3	9	2	10	12	18	11	9	12	5	4	3	7	8	11	15	21	17	10	16	12	11	11	5	1	5	4	2	3	5	3	4	2	1	2	0	1	1	2	4	2	4	3	1	5	4	5	3	3	7	1	1	2	1	1	3	2	3
0	0	0	3	2	4	4	6	1	2	2	2	4	3	5	3	3	1	2	6	12	20	22	37	19	9	14	13	12	16	56	33	20	34	140	103	152	39	22	20	23	34	25	28	54	39	39	17	13	6	7	10	11	3	6	7	22	36	29	15	7	6	6	5	5	7	10	9	4	4	4	6	7	17	15	39	181	0	405	128	30	19	21	24	11	19	43	48	32	26	33	40	28	24	9	12	19	15	27	47	21	6	6	12	13	9	9	4	10	1	3	9	3	14	15	36	36	165	443	71	41	44	52	30	11	11	6	12	8	3	5	3	3	5	4	4	11	6	6	4	5	6	6	22	12	8	5	6	3	5	6	4	11	16	11	14	18	15	8	9	12	8	7	1	2	4	3	3	1	1	1	3	1	3	1	2	4	3	3	6	3	4	0	2	3	3	4	2	3	5	1	3	1	1	3	2
0	0	0	3	1	5	1	1	1	4	3	1	2	7	2	3	2	3	1	6	2	9	20	19	15	15	6	11	13	19	120	53	33	23	57	46	71	29	8	18	19	16	20	23	44	58	36	25	12	11	9	12	15	9	7	18	22	45	38	30	3	5	5	8	6	4	8	9	6	1	3	3	4	21	20	32	92	405	0	79	15	11	19	15	15	20	31	45	29	24	19	21	25	20	19	17	23	26	31	75	47	15	5	14	8	8	3	6	6	4	2	9	5	16	22	36	18	74	144	59	46	54	93	80	25	16	12	10	9	6	5	3	2	7	2	8	1	4	3	4	6	11	12	9	26	13	9	5	3	5	8	18	14	13	9	8	9	11	2	4	6	13	7	2	2	8	1	3	2	1	3	1	3	2	0	2	4	1	2	3	2	1	2	2	2	1	0	2	3	3	3	3	1	0	1	3
0	0	0	2	6	1	1	5	4	0	5	4	4	2	5	1	3	3	2	4	6	21	29	30	33	14	10	8	12	21	38	46	50	87	2697	119	159	48	29	29	37	50	55	69	192	42	23	16	5	8	7	10	6	8	4	8	11	22	22	17	10	1	10	8	7	9	12	9	7	2	5	11	8	20	11	20	60	128	79	0	107	32	39	65	29	59	30	28	10	21	21	25	16	14	7	4	11	16	21	22	21	13	6	7	9	5	2	8	1	3	2	8	9	11	21	22	23	93	132	41	20	20	17	17	6	5	11	16	6	3	3	3	6	5	7	4	6	2	2	2	7	3	4	15	9	3	4	2	1	3	8	6	9	10	12	11	9	11	11	9	4	6	4	2	1	3	1	2	2	2	3	1	0	2	2	3	4	3	0	2	3	1	0	0	2	1	2	4	1	2	0	1	1	2	0	1
0	0	0	2	3	1	2	2	2	1	5	0	2	1	4	1	1	5	3	4	7	13	22	24	36	7	12	12	11	11	20	34	73	237	96	37	39	45	30	27	32	47	40	70	161	42	14	15	9	2	5	5	7	7	3	10	8	10	11	13	6	4	6	3	4	9	9	7	2	4	4	3	6	13	15	5	24	30	15	107	0	125	120	423	92	75	11	5	8	19	13	24	15	4	6	5	6	11	8	9	9	9	3	7	11	8	3	3	4	5	3	5	9	5	11	23	26	41	34	23	5	8	16	9	8	2	5	7	10	1	1	1	4	4	2	2	4	5	2	2	3	5	3	9	9	5	3	4	2	1	2	3	7	6	8	6	9	7	9	6	5	4	4	6	3	2	1	0	3	0	0	1	2	0	2	2	3	1	1	1	2	0	1	2	2	3	1	4	2	3	0	1	0	2	1	2
0	0	0	1	1	2	4	1	2	2	2	2	2	5	4	2	0	1	3	1	3	12	13	13	8	8	4	4	5	11	16	15	49	104	32	16	17	16	12	17	16	45	41	67	50	26	9	7	6	3	4	9	6	1	3	2	4	4	11	2	4	6	9	5	8	6	8	6	2	6	5	4	5	1	6	5	14	19	11	32	125	0	490	204	45	26	12	6	5	9	9	6	7	4	7	3	3	7	5	10	11	5	2	10	10	7	7	2	1	5	4	1	0	6	7	21	17	19	16	13	5	3	7	4	2	5	3	6	6	1	1	1	0	1	2	2	7	1	4	1	1	6	6	5	3	1	5	1	6	2	5	2	2	3	3	3	5	5	4	2	7	4	4	4	2	4	1	2	0	2	1	0	0	2	1	2	0	2	0	1	3	4	2	1	2	4	0	2	2	1	1	1	1	1	2	2
0	0	0	4	2	3	1	2	1	2	2	2	5	2	5	2	5	3	2	0	10	5	6	10	16	7	11	5	9	13	11	10	34	116	34	18	23	16	9	24	15	66	46	107	51	22	8	14	7	5	4	4	8	5	1	4	7	7	14	6	2	4	14	4	6	12	5	10	0	4	4	4	6	7	5	11	8	21	19	39	120	490	0	120	34	17	9	5	11	7	11	15	10	9	2	4	7	6	8	11	6	8	8	12	5	5	2	3	5	8	3	3	0	8	14	18	14	28	15	11	9	5	7	4	4	2	4	7	2	5	3	1	1	3	2	5	2	5	4	2	3	3	5	5	8	2	6	4	2	2	4	5	4	4	10	8	9	8	9	3	5	6	4	2	3	2	0	0	0	3	0	1	0	2	1	3	1	2	3	2	1	1	2	1	3	1	1	0	4	3	0	0	0	0	1	1
0	0	0	4	2	2	0	3	1	3	5	4	5	2	3	3	3	2	6	3	11	13	15	17	24	13	8	3	5	13	16	14	64	101	49	26	29	49	38	26	28	42	31	59	57	16	18	8	4	3	3	5	5	5	4	4	7	5	7	7	5	2	6	4	10	9	16	13	3	5	1	9	5	12	7	7	16	24	15	65	423	204	120	0	154	74	14	12	12	14	12	4	13	6	7	6	2	5	10	6	8	7	8	3	3	4	5	1	3	2	5	2	3	6	18	11	13	25	12	9	9	7	7	10	4	5	3	6	4	3	2	2	4	2	2	5	6	6	8	2	2	4	3	7	6	1	4	4	2	5	1	3	4	0	9	7	6	6	5	4	4	5	2	0	1	3	3	0	1	0	0	0	0	0	2	2	1	0	0	2	1	2	2	2	0	1	2	0	7	5	0	2	0	0	2	2
0	0	0	2	1	1	3	3	2	5	4	2	4	3	4	4	2	0	4	2	6	18	27	32	66	24	14	9	11	20	12	34	66	36	42	25	21	34	29	19	21	27	19	24	41	32	17	15	10	11	7	4	6	8	5	5	9	6	9	17	7	1	8	7	6	7	14	9	7	5	6	5	8	10	9	9	20	11	15	29	92	45	34	154	0	174	19	5	8	5	8	16	11	2	3	5	5	7	6	3	3	4	6	4	2	5	2	2	2	1	2	1	1	4	9	10	10	10	17	15	4	4	7	7	5	2	7	2	2	2	5	1	2	2	2	1	4	2	2	2	1	4	1	1	3	3	1	4	3	2	1	4	3	8	1	4	4	6	6	1	3	3	3	1	1	2	0	0	1	0	1	1	3	1	1	1	1	3	2	2	2	0	0	0	1	2	2	2	1	3	3	0	1	1	1	1
0	0	0	3	3	3	3	5	4	2	3	3	3	3	4	5	2	1	4	7	12	33	60	87	152	51	26	17	21	24	22	44	49	37	70	60	44	53	39	31	24	16	18	22	34	24	31	9	9	11	8	8	12	8	6	9	12	9	15	10	9	2	18	9	12	10	13	13	6	2	8	11	7	3	12	12	12	19	20	59	75	26	17	74	174	0	43	6	10	16	10	7	6	7	4	4	6	3	14	6	3	4	3	5	4	4	5	2	3	0	2	1	5	5	6	8	10	14	15	11	9	13	5	6	8	7	2	2	5	0	3	4	0	3	7	5	7	5	2	3	1	1	4	9	1	4	7	4	2	3	4	6	3	2	6	5	3	4	3	5	3	4	6	1	3	6	1	1	0	4	0	2	1	0	1	1	0	5	0	0	1	0	1	0	1	1	0	4	3	0	3	2	1	1	1	3
0	0	0	5	4	4	1	5	3	4	4	7	5	7	7	5	4	4	5	6	24	120	190	121	38	35	30	18	32	28	40	37	15	16	49	163	75	36	24	17	13	15	16	11	26	23	58	18	13	21	17	33	25	11	15	23	34	31	83	34	27	12	25	11	16	12	27	29	7	5	9	12	18	42	32	32	77	43	31	30	11	12	9	14	19	43	0	62	22	21	15	12	6	10	13	9	2	12	11	7	4	10	9	5	5	2	5	1	4	3	7	5	3	3	4	12	12	21	18	27	23	15	22	22	21	9	12	9	3	2	5	0	4	1	4	5	4	3	2	3	2	2	3	5	7	10	3	7	9	7	5	7	6	8	8	6	7	5	8	2	3	4	5	2	2	4	3	4	2	2	2	4	1	1	1	3	1	5	2	2	1	2	2	2	1	1	1	5	1	1	2	2	1	1	0	0
0	0	0	4	3	5	0	7	3	13	11	10	5	2	4	1	2	3	6	10	20	46	32	26	18	12	15	6	23	10	29	17	17	6	24	60	41	21	11	7	19	7	3	12	24	10	15	10	9	12	17	27	36	13	18	31	71	62	40	33	20	12	5	9	7	8	20	26	20	7	6	10	20	68	116	403	124	48	45	28	5	6	5	12	5	6	62	0	95	39	30	14	30	11	15	13	8	10	10	23	19	5	6	2	5	6	4	1	2	7	9	6	13	8	10	7	11	21	23	53	38	56	35	26	27	26	21	34	12	7	4	0	5	9	13	3	6	3	3	7	9	6	5	13	20	19	5	12	7	6	9	12	16	18	13	7	5	7	6	9	14	5	10	2	9	10	4	3	2	3	3	1	4	3	2	4	4	3	5	5	0	1	2	2	4	2	4	6	4	3	5	1	1	3	1	2
0	0	0	4	1	4	7	3	2	2	7	3	4	2	4	3	2	3	0	8	9	20	19	10	8	6	3	6	5	7	8	13	6	9	20	26	41	20	11	13	26	15	22	15	14	13	6	2	2	7	3	6	13	10	16	14	21	23	20	10	7	6	12	7	8	5	13	13	14	9	8	5	14	21	34	135	66	32	29	10	8	5	11	12	8	10	22	95	0	110	73	34	84	23	25	15	15	14	17	19	32	10	6	10	8	6	7	6	3	5	8	8	13	15	10	10	17	17	21	173	194	57	18	19	17	22	21	30	11	5	8	6	10	22	15	14	19	16	5	4	11	16	13	14	34	17	11	8	6	8	6	15	18	63	46	24	18	15	15	8	12	15	19	8	11	8	4	5	4	2	3	1	1	2	1	9	5	3	5	6	9	5	2	5	1	2	7	10	1	4	2	2	1	4	4	2
0	0	0	2	3	3	1	7	2	3	5	2	2	2	2	6	1	2	3	6	14	17	12	8	9	7	6	6	5	6	9	10	10	10	25	34	46	44	38	34	74	22	21	20	21	4	10	3	8	5	8	7	11	4	5	11	15	10	17	6	9	10	2	3	18	7	20	19	18	9	4	11	11	21	17	35	59	26	24	21	19	9	7	14	5	16	21	39	110	0	356	38	61	15	21	12	3	9	12	23	30	9	12	11	13	7	8	7	5	4	12	9	2	11	17	20	17	35	26	121	42	16	14	11	9	10	12	15	11	4	5	6	6	4	19	5	11	7	8	7	5	3	3	9	17	6	3	4	7	1	3	14	16	16	17	26	25	21	19	10	13	4	12	5	0	4	3	4	1	2	5	5	0	1	5	2	1	2	1	4	3	6	3	4	3	3	0	2	3	3	3	1	1	1	2	0
0	0	0	1	2	3	3	1	1	2	4	2	1	3	2	3	2	1	2	3	10	10	13	10	9	4	4	7	4	5	11	9	7	11	24	30	33	36	27	25	63	28	33	20	16	8	6	8	2	2	5	5	6	1	2	7	13	8	6	4	10	8	9	8	12	8	18	11	12	11	4	13	8	7	15	29	48	33	19	21	13	9	11	12	8	10	15	30	73	356	0	79	101	32	21	6	6	13	14	15	16	10	11	13	19	11	15	8	5	8	4	7	9	12	23	16	21	39	40	84	32	17	16	9	3	8	6	7	10	1	4	4	6	13	18	11	19	15	9	11	10	8	10	13	8	8	8	5	4	2	2	3	8	15	38	42	51	45	21	18	18	15	12	4	5	3	5	2	3	4	1	4	2	2	0	4	3	4	2	4	4	3	0	5	3	1	5	0	2	2	2	1	3	0	2	1
0	0	0	4	2	3	1	3	4	1	2	1	2	3	3	1	3	1	2	2	5	5	8	9	6	7	7	3	6	9	15	8	7	12	34	13	24	12	10	23	26	28	67	45	23	16	11	9	4	3	4	5	6	5	3	3	8	12	9	9	7	3	5	3	5	3	9	9	5	3	4	4	5	7	9	19	33	40	21	25	24	6	15	4	16	7	12	14	34	38	79	0	174	106	42	15	21	24	45	34	40	39	21	26	25	16	21	9	6	8	8	11	19	30	93	54	93	90	71	86	80	27	19	8	11	9	6	12	5	3	5	2	5	6	9	7	13	4	11	10	11	6	14	20	12	9	9	7	3	5	6	13	7	21	36	52	63	97	26	18	33	21	11	6	9	6	3	2	5	4	2	3	1	1	4	5	5	2	2	6	5	1	2	2	1	1	4	4	4	4	2	4	3	1	3	5
0	0	0	1	1	1	2	1	2	2	4	2	2	2	0	5	3	2	5	4	4	11	5	7	4	4	5	1	3	7	7	5	8	8	12	19	28	15	21	11	18	16	28	13	11	13	10	2	5	7	10	8	6	6	4	7	10	13	11	4	3	2	7	7	6	9	3	11	7	7	3	5	7	11	8	21	29	28	25	16	15	7	10	13	11	6	6	30	84	61	101	174	0	88	67	18	26	19	25	33	49	20	15	14	12	13	18	10	9	16	4	5	21	17	35	22	20	39	36	104	136	32	29	16	10	5	11	24	8	6	6	6	9	6	10	18	15	15	11	17	15	16	13	25	29	12	13	1	5	5	10	9	25	29	78	119	53	62	35	29	39	28	15	11	6	4	6	2	3	2	0	2	5	0	4	4	3	1	3	2	2	2	6	1	1	2	2	2	3	2	2	4	2	5	5	2
0	0	0	2	1	2	0	3	3	5	3	3	3	1	0	1	1	0	4	4	4	2	1	4	7	2	5	7	5	8	13	7	7	9	7	5	20	6	9	4	14	18	23	16	8	11	4	7	4	1	4	10	5	6	1	9	7	14	6	4	3	3	3	0	1	3	3	5	5	3	3	5	5	6	8	11	21	24	20	14	4	4	9	6	2	7	10	11	23	15	32	106	88	0	147	33	21	43	65	55	81	52	31	16	28	20	31	11	14	9	14	25	80	82	116	38	51	27	30	33	37	18	11	15	3	15	9	15	9	5	8	5	5	14	15	11	18	11	17	14	11	37	42	86	26	20	5	6	7	6	9	10	15	23	49	98	47	55	33	55	77	57	11	16	10	6	4	0	4	1	2	2	2	1	3	5	3	2	5	5	7	1	2	3	0	4	4	8	4	3	2	1	6	3	3	1
0	0	0	2	0	3	0	3	2	4	2	3	1	2	2	0	3	3	2	3	5	6	7	5	5	4	6	3	6	6	9	8	11	8	12	8	11	6	4	10	13	11	19	18	11	6	7	4	6	5	8	7	9	4	6	5	13	17	11	9	6	2	2	6	5	4	4	3	8	3	2	3	3	11	6	14	13	9	19	7	6	7	2	7	3	4	13	15	25	21	21	42	67	147	0	75	59	58	54	46	105	25	12	10	14	8	8	11	8	20	27	29	50	29	33	22	38	23	23	35	71	41	24	16	8	11	15	20	11	4	11	7	9	17	11	6	14	10	11	14	24	73	60	269	62	36	16	11	10	4	7	15	32	67	50	53	24	30	19	26	72	120	37	17	11	9	3	1	6	2	2	2	3	0	4	7	3	5	3	7	5	1	4	4	5	2	9	4	1	2	4	5	2	3	2	5
0	0	0	4	1	2	1	1	1	5	1	4	0	1	4	1	1	1	0	2	1	1	4	7	6	2	1	1	5	4	8	8	2	6	8	9	8	3	8	3	8	7	9	14	7	8	8	3	5	8	7	8	9	8	6	8	12	13	8	4	6	5	3	0	1	4	4	1	4	3	3	3	3	1	10	7	15	12	17	4	5	3	4	6	5	4	9	13	15	12	6	15	18	33	75	0	272	136	54	39	72	15	8	7	15	5	8	10	5	15	23	45	37	38	22	14	25	14	16	14	32	29	20	23	11	17	11	27	13	7	11	9	6	7	3	3	3	6	9	12	33	75	190	233	45	47	47	23	10	4	8	24	35	36	23	15	13	8	10	10	29	48	34	15	13	8	9	3	3	4	2	5	0	2	5	4	2	1	6	4	4	4	5	5	1	0	6	7	4	7	3	4	2	3	5	3
0	0	0	2	1	0	1	2	1	1	2	1	1	1	3	1	2	0	0	1	1	6	7	5	4	4	7	2	5	4	11	13	8	10	17	16	9	8	8	10	14	8	4	9	9	7	11	9	5	6	8	7	10	1	5	8	13	16	11	10	4	3	5	1	2	4	4	9	1	3	4	1	1	4	11	16	15	19	23	11	6	3	7	2	5	6	2	8	15	3	6	21	26	21	59	272	0	123	51	39	85	8	7	12	13	5	10	5	11	8	12	19	19	15	25	16	7	18	17	9	32	53	45	37	8	17	33	32	21	6	8	13	5	6	8	4	6	8	9	8	22	43	70	79	94	40	58	20	13	9	18	37	34	34	15	16	10	14	4	18	13	20	28	17	15	10	4	2	4	6	4	0	4	2	1	4	2	3	4	2	4	2	1	1	2	3	6	6	6	8	3	2	3	3	1	0
0	0	0	0	0	1	1	0	0	4	1	3	3	1	1	4	2	1	1	1	4	10	4	6	6	4	4	6	4	8	23	7	4	8	13	8	17	11	7	3	6	10	10	11	9	13	9	6	7	6	2	5	6	7	8	10	14	13	8	5	7	3	1	2	0	4	5	7	3	4	4	2	0	1	9	8	15	15	26	16	11	7	6	5	7	3	12	10	14	9	13	24	19	43	58	136	123	0	459	98	135	26	20	11	10	8	9	2	8	10	16	24	39	64	46	34	30	24	26	21	25	27	28	25	10	10	12	19	12	6	8	3	9	8	2	4	7	2	7	6	10	27	48	91	32	13	21	10	12	9	7	16	16	13	14	26	12	15	8	22	24	41	17	17	11	5	4	2	2	2	2	1	1	4	1	1	0	2	1	4	4	0	2	2	2	1	2	5	4	1	4	3	2	2	1	4
0	0	0	3	0	2	1	2	1	0	2	3	0	4	2	1	0	1	1	4	3	4	10	8	9	3	5	3	2	10	17	8	11	13	16	17	15	6	6	9	9	15	19	22	22	12	13	6	3	3	2	8	5	2	5	5	8	11	8	8	6	2	4	6	2	2	10	6	2	4	2	3	5	6	9	12	17	27	31	21	8	5	8	10	6	14	11	10	17	12	14	45	25	65	54	54	51	459	0	185	177	23	15	13	16	15	11	13	16	8	23	31	38	68	88	71	46	36	39	31	39	22	31	19	13	7	10	13	13	3	4	3	9	7	5	2	13	5	6	5	16	21	46	87	26	15	14	11	7	7	4	15	12	23	13	26	13	20	18	20	21	28	8	10	8	5	2	3	2	0	2	3	1	3	0	12	1	1	2	4	5	4	2	6	1	4	3	6	3	3	4	2	1	1	0	4
0	0	0	5	0	2	4	2	0	2	1	3	1	2	5	1	1	3	3	2	6	11	7	13	7	9	9	2	8	5	50	15	13	21	22	17	27	11	14	7	9	10	15	20	26	21	17	15	9	10	8	14	5	7	9	9	12	22	18	8	5	3	3	2	3	5	8	2	2	2	3	2	4	7	7	12	30	47	75	22	9	10	11	6	3	6	7	23	19	23	15	34	33	55	46	39	39	98	185	0	268	19	19	14	11	10	11	1	5	7	9	9	20	27	57	58	56	64	72	25	39	54	91	41	9	11	8	22	12	4	1	2	3	4	9	9	5	1	8	2	7	15	15	39	22	10	14	3	10	6	4	20	7	23	12	23	14	24	10	7	18	19	11	7	9	3	3	3	1	3	2	2	3	4	2	1	3	4	5	4	4	2	1	4	2	2	5	5	2	4	5	1	2	2	4	2
0	0	0	4	0	2	0	3	3	4	0	3	2	0	3	2	1	3	3	3	7	9	8	7	14	10	11	5	4	5	18	5	12	10	19	10	13	9	8	12	10	10	19	14	25	23	16	12	5	6	8	6	5	3	6	7	15	22	9	4	8	3	4	4	7	5	5	11	9	7	2	4	8	11	6	12	20	21	47	21	9	11	6	8	3	3	4	19	32	30	16	40	49	81	105	72	85	135	177	268	0	10	19	12	8	4	5	5	12	11	6	21	18	29	43	34	37	34	45	40	78	91	68	41	14	12	16	30	13	4	5	5	5	10	3	6	7	12	5	8	5	27	31	86	45	23	18	8	1	9	14	18	35	46	19	28	11	13	18	6	23	29	21	6	12	7	2	2	2	6	3	4	1	3	2	5	4	3	2	4	3	4	4	2	2	1	1	4	2	6	3	1	1	4	3	2
0	0	0	1	3	3	0	0	1	2	2	3	4	3	1	1	0	3	0	2	3	1	2	3	3	3	2	0	2	2	6	2	8	7	8	9	10	8	6	9	8	16	17	9	9	5	9	3	2	4	2	4	6	2	2	4	3	6	7	5	4	5	4	1	2	4	3	3	4	4	2	4	3	4	6	8	9	6	15	13	9	5	8	7	4	4	10	5	10	9	10	39	20	52	25	15	8	26	23	19	10	0	859	132	229	43	49	24	14	13	9	19	55	88	69	32	37	17	11	15	15	5	11	3	5	4	5	4	2	2	3	2	6	5	3	6	12	9	11	9	8	9	15	21	8	8	5	3	2	3	4	5	4	7	20	24	64	79	69	53	35	22	7	4	8	5	2	2	1	0	3	2	0	2	2	6	3	0	0	1	0	0	1	4	1	2	1	2	5	0	0	3	1	1	1	4
0	0	0	2	0	0	1	2	1	1	1	1	1	1	4	1	3	0	2	0	5	6	5	5	3	4	6	5	5	4	7	2	4	9	13	7	7	2	4	3	10	12	15	17	2	8	4	4	2	5	1	0	5	2	1	2	3	1	2	5	3	1	2	2	3	4	8	8	3	0	2	4	2	3	0	5	12	6	5	6	3	2	8	8	6	3	9	6	6	12	11	21	15	31	12	8	7	20	15	19	19	859	0	111	601	71	89	30	32	12	13	19	57	51	59	24	40	14	12	16	9	15	6	5	2	2	5	6	6	2	2	3	3	0	4	7	4	14	15	5	9	6	7	17	8	6	5	9	3	1	3	4	5	8	7	32	42	54	56	57	23	16	7	5	8	6	4	4	5	5	1	0	2	0	0	1	1	2	0	3	5	3	1	0	3	1	0	1	4	1	2	2	3	0	0	1
0	0	0	0	2	1	3	2	1	1	2	3	1	0	2	1	0	1	1	1	3	4	5	3	6	3	3	5	3	7	5	5	6	13	10	7	9	6	4	6	13	21	26	19	10	6	3	3	4	4	2	1	1	1	3	4	4	8	4	3	4	2	3	2	1	1	0	8	1	1	3	1	2	4	6	6	13	12	14	7	7	10	12	3	4	5	5	2	10	11	13	26	14	16	10	7	12	11	13	14	12	132	111	0	75	53	30	17	7	6	6	15	13	19	53	32	42	18	13	8	8	10	9	4	5	6	3	3	4	2	3	2	6	4	3	8	11	8	3	5	2	4	6	7	3	3	4	4	5	2	1	0	4	3	4	17	28	36	28	20	7	11	3	2	1	4	0	3	0	0	0	1	0	0	0	0	0	1	1	3	0	1	1	1	1	2	0	2	1	2	1	2	0	2	1	1
0	0	0	0	0	2	1	2	1	2	2	1	1	2	0	1	2	1	2	0	4	2	1	2	4	3	3	5	1	3	5	4	5	7	8	5	8	6	12	6	6	9	15	15	4	5	4	6	1	2	1	1	2	6	2	1	2	4	3	2	3	2	3	0	0	3	1	6	2	2	0	4	1	2	2	3	2	13	8	9	11	10	5	3	2	4	5	5	8	13	19	25	12	28	14	15	13	10	16	11	8	229	601	75	0	162	187	40	33	17	7	20	31	32	36	21	31	9	16	8	7	7	4	2	0	6	3	10	4	1	2	1	3	7	0	6	13	17	9	15	8	6	11	13	7	8	4	3	4	1	4	0	5	5	13	36	67	71	104	53	26	17	11	9	1	6	3	1	0	3	0	0	1	0	2	1	4	2	2	2	3	1	4	2	2	2	2	3	2	2	1	0	1	3	1	1
0	0	0	3	2	1	2	3	2	2	3	1	1	4	1	0	2	2	1	2	1	4	7	3	4	2	0	2	0	4	7	3	5	10	5	3	5	3	1	8	8	15	15	9	6	9	3	3	2	5	2	0	4	0	2	1	2	3	2	1	5	0	3	1	1	4	3	4	3	3	1	3	3	5	3	7	4	9	8	5	8	7	5	4	5	4	2	6	6	7	11	16	13	20	8	5	5	8	15	10	4	43	71	53	162	0	298	56	23	9	9	8	19	15	8	17	18	7	12	9	6	6	4	8	4	4	1	4	4	3	2	2	5	2	8	6	10	7	11	2	5	4	8	14	4	2	4	1	0	1	3	7	1	9	9	21	55	38	71	29	13	5	8	2	4	5	3	1	3	0	0	4	4	0	1	1	2	0	1	3	0	0	2	2	1	1	1	2	2	1	2	0	0	1	2	2
0	0	0	0	0	2	1	2	3	1	1	0	2	0	1	1	4	2	0	2	2	5	4	3	1	2	3	1	2	3	3	3	0	4	7	4	5	2	3	10	7	12	9	17	6	6	1	6	0	2	0	2	2	2	0	4	3	5	2	2	0	3	7	0	1	5	3	3	3	3	1	2	4	5	3	11	7	9	3	2	3	7	2	5	2	5	5	4	7	8	15	21	18	31	8	8	10	9	11	11	5	49	89	30	187	298	0	158	47	13	10	11	18	18	18	5	9	6	10	9	7	3	3	4	4	5	1	8	2	1	2	4	4	3	11	11	19	25	14	9	6	8	10	8	2	4	9	2	2	1	2	4	4	7	19	29	56	62	136	58	29	14	8	8	2	5	0	2	1	3	0	2	0	2	1	2	0	5	1	6	5	1	1	2	0	2	1	3	3	2	0	1	1	1	6	0
0	0	0	2	1	0	0	1	1	1	2	1	0	2	2	0	0	1	2	0	2	1	2	1	0	2	1	0	3	1	4	1	3	6	6	0	4	2	4	6	5	12	5	4	2	2	3	2	2	3	2	3	3	2	3	2	7	1	3	2	2	3	2	3	1	5	1	3	4	0	2	2	1	3	7	5	5	4	6	8	3	2	3	1	2	2	1	1	6	7	8	9	10	11	11	10	5	2	13	1	5	24	30	17	40	56	158	0	77	22	11	11	14	12	11	10	4	3	6	15	6	3	4	4	4	4	2	3	1	5	2	2	7	2	7	11	13	14	13	18	9	13	7	10	3	5	6	2	2	2	4	5	3	9	13	21	27	23	64	41	16	12	5	8	3	3	2	1	0	2	1	1	0	2	3	2	1	1	1	5	3	4	4	3	0	4	1	0	0	2	3	6	1	3	2	0
0	0	0	2	3	0	2	0	2	0	1	3	2	1	2	1	3	1	2	3	4	1	4	7	0	2	0	1	0	3	3	1	4	3	4	2	8	4	6	2	4	7	4	3	2	2	4	3	2	2	2	1	4	3	4	3	3	3	1	3	1	0	2	1	3	2	4	1	2	5	1	3	3	3	4	6	4	10	6	1	4	1	5	3	2	3	4	2	3	5	5	6	9	14	8	5	11	8	16	5	12	14	32	7	33	23	47	77	0	69	37	26	26	15	15	11	10	6	3	6	8	4	5	2	4	3	8	4	2	3	3	8	5	5	10	9	11	19	40	20	11	13	9	17	12	7	3	4	3	2	7	7	5	12	12	30	23	20	47	89	47	18	11	21	11	4	1	1	0	0	3	2	1	2	3	3	5	1	1	4	4	5	3	2	1	1	2	2	1	3	1	3	1	0	4	1
0	0	0	0	1	1	1	4	3	0	1	3	2	1	0	2	0	1	1	0	1	3	4	3	3	3	1	1	1	1	1	3	7	6	3	8	2	4	1	7	4	5	3	4	2	3	1	4	2	3	1	1	5	3	2	2	5	4	5	3	2	6	3	0	2	3	5	2	3	2	0	1	2	4	2	2	6	1	4	3	5	5	8	2	1	0	3	7	5	4	8	8	16	9	20	15	8	10	8	7	11	13	12	6	17	9	13	22	69	0	229	51	42	11	10	5	4	4	7	12	14	4	5	4	4	5	4	12	4	3	9	6	6	9	5	8	14	18	52	62	37	19	26	13	10	9	10	8	8	2	4	4	4	11	24	21	10	17	25	42	42	54	26	41	16	7	3	2	0	2	0	5	2	2	2	6	3	3	4	8	8	2	3	2	2	4	5	2	2	5	4	3	1	1	2	2
0	0	0	1	0	1	2	1	0	1	2	3	0	0	2	1	0	0	0	0	1	2	6	3	5	4	4	1	1	1	8	1	1	3	3	4	2	3	1	3	3	3	5	7	4	2	4	0	3	3	1	2	3	7	3	2	8	6	4	5	0	1	1	3	1	2	2	2	5	3	4	1	2	1	1	2	2	3	2	2	3	4	3	5	2	2	7	9	8	12	4	8	4	14	27	23	12	16	23	9	6	9	13	6	7	9	10	11	37	229	0	113	52	15	12	16	4	6	5	4	4	7	5	6	3	3	3	11	10	4	9	13	10	6	8	2	6	15	37	46	56	42	61	23	12	17	9	8	6	2	10	5	12	10	17	15	10	10	10	33	32	91	40	73	24	11	2	2	1	3	2	2	4	2	2	6	9	6	3	4	4	4	2	1	1	2	1	3	2	6	5	8	2	5	2	3
0	0	0	1	1	0	1	2	0	2	1	2	4	0	3	1	1	0	0	2	5	1	2	1	1	4	2	0	1	3	4	5	2	2	3	7	2	4	2	5	2	6	3	10	4	2	6	4	6	2	0	3	8	5	3	5	6	8	2	7	1	1	1	4	1	5	2	3	4	1	2	3	0	1	3	2	8	9	9	8	5	1	3	2	1	1	5	6	8	9	7	11	5	25	29	45	19	24	31	9	21	19	19	15	20	8	11	11	26	51	113	0	178	57	22	7	11	4	8	7	12	6	9	10	3	4	3	7	7	7	4	7	7	6	6	5	6	8	11	20	19	38	75	49	9	13	10	7	8	3	10	5	17	17	26	31	13	14	11	49	47	92	27	30	18	10	1	1	2	3	3	1	3	3	2	2	5	5	6	2	3	2	2	3	2	5	5	4	4	4	4	1	1	2	5	6
0	0	0	0	3	1	0	0	2	2	1	1	2	4	2	0	3	1	2	3	4	4	4	3	5	4	4	3	2	2	11	3	6	2	6	3	4	5	1	6	8	11	12	12	4	3	2	6	2	1	0	3	4	3	3	3	3	4	1	4	2	2	3	2	2	4	3	5	1	2	4	7	1	4	4	1	8	3	5	9	9	0	0	3	1	5	3	13	13	2	9	19	21	80	50	37	19	39	38	20	18	55	57	13	31	19	18	14	26	42	52	178	0	130	36	11	21	13	8	6	14	13	7	7	3	8	6	8	8	1	8	5	6	2	2	5	4	13	20	19	20	26	43	57	7	12	10	3	3	5	6	10	15	15	19	34	26	27	28	79	91	75	13	15	12	4	3	2	4	5	2	3	4	2	2	5	2	1	4	5	5	3	3	2	3	2	2	1	1	4	2	2	1	2	4	1
0	0	0	2	2	0	1	1	1	1	1	2	0	2	1	2	1	3	1	1	1	4	5	3	5	3	2	2	5	4	8	6	6	6	9	9	8	5	6	7	13	7	15	10	9	5	5	3	3	5	2	2	3	5	5	7	6	6	4	5	6	2	3	3	4	1	4	4	7	3	4	1	4	5	2	9	6	14	16	11	5	6	8	6	4	5	3	8	15	11	12	30	17	82	29	38	15	64	68	27	29	88	51	19	32	15	18	12	15	11	15	57	130	0	118	43	39	17	24	18	16	15	14	6	3	3	5	8	9	3	5	1	2	5	6	6	7	9	16	8	9	18	35	51	8	8	10	6	1	5	4	8	14	11	17	39	27	22	23	32	41	42	6	7	4	2	4	3	5	4	2	2	1	1	4	6	4	3	5	4	5	4	1	0	0	1	0	2	1	1	1	2	0	2	1	1
0	0	0	4	2	0	1	2	3	2	4	2	1	1	3	1	1	1	1	2	0	12	4	6	2	3	4	7	1	5	24	8	12	19	10	16	11	6	7	9	12	14	31	22	20	12	6	12	1	2	2	4	9	5	5	3	8	12	5	6	1	1	5	2	0	4	3	6	2	4	3	5	5	5	6	9	13	15	22	21	11	7	14	18	9	6	4	10	10	17	23	93	35	116	33	22	25	46	88	57	43	69	59	53	36	8	18	11	15	10	12	22	36	118	0	168	230	48	34	35	31	14	14	15	6	5	9	9	5	3	5	3	3	8	9	4	14	9	6	5	9	7	19	28	18	10	5	4	3	1	8	8	3	11	14	48	41	34	23	22	35	16	16	7	3	6	5	5	0	2	1	1	4	2	2	4	3	4	1	7	1	3	3	3	2	1	1	3	1	2	2	3	2	2	4	0
0	0	0	1	2	2	1	3	1	3	1	4	1	1	0	1	0	1	2	2	7	8	5	9	12	6	3	2	5	8	25	9	5	19	19	12	20	16	11	8	13	28	53	67	40	13	9	12	3	2	8	3	6	6	5	3	8	8	7	6	3	3	2	2	3	4	6	4	2	2	4	3	4	9	8	5	12	36	36	22	23	21	18	11	10	8	12	7	10	20	16	54	22	38	22	14	16	34	71	58	34	32	24	32	21	17	5	10	11	5	16	7	11	43	168	0	442	106	50	23	24	20	13	11	9	5	7	8	5	1	3	3	5	2	2	4	8	7	1	3	9	11	7	23	12	5	11	2	5	1	4	4	6	9	8	10	25	20	20	10	21	14	9	2	4	7	3	3	1	2	2	1	1	0	2	1	2	1	0	1	3	2	0	1	1	3	1	1	3	4	0	2	1	1	2	3
0	0	0	1	2	0	2	3	0	4	1	3	6	1	2	0	0	1	2	1	6	4	8	12	5	9	8	6	3	5	11	19	11	24	32	18	20	12	11	16	18	52	64	60	34	13	8	6	2	7	4	4	2	4	5	4	10	8	7	5	6	2	4	3	3	5	6	7	4	2	2	2	3	4	8	7	21	36	18	23	26	17	14	13	10	10	12	11	17	17	21	93	20	51	38	25	7	30	46	56	37	37	40	42	31	18	9	4	10	4	4	11	21	39	230	442	0	93	64	30	24	19	14	14	4	7	4	8	3	4	3	1	4	2	8	6	7	5	5	5	12	12	9	17	10	8	5	2	2	3	2	8	10	12	15	17	35	33	24	17	12	12	6	10	7	3	4	2	2	1	1	2	1	0	2	6	0	1	1	3	2	1	0	3	3	1	1	3	4	4	0	2	2	1	0	5
0	0	0	1	2	1	7	2	0	1	5	1	8	3	1	1	1	0	1	2	2	17	15	12	20	11	6	8	9	12	37	13	20	50	58	35	67	30	14	17	29	50	104	108	86	34	30	11	10	6	11	9	9	2	4	9	12	19	7	15	3	3	5	7	4	5	10	10	4	3	0	6	7	10	6	15	42	165	74	93	41	19	28	25	10	14	21	21	17	35	39	90	39	27	23	14	18	24	36	64	34	17	14	18	9	7	6	3	6	4	6	4	13	17	48	106	93	0	652	56	31	21	22	20	5	5	6	12	8	4	7	5	5	10	2	8	8	3	6	4	5	8	6	22	15	9	6	10	2	2	5	10	8	13	18	18	23	19	8	11	15	7	10	2	6	5	4	0	0	2	2	3	2	1	3	7	2	3	2	4	3	4	4	2	2	0	3	1	2	2	2	4	1	5	1	3
0	0	0	1	3	3	3	1	2	1	3	3	3	1	1	5	1	2	4	4	10	14	20	18	18	7	11	8	13	16	46	26	23	39	86	46	106	32	16	22	39	40	58	57	60	36	15	17	7	3	8	11	10	4	7	10	18	24	21	10	3	3	6	6	5	8	9	6	7	4	4	6	7	15	12	19	97	443	144	132	34	16	15	12	17	15	18	23	21	26	40	71	36	30	23	16	17	26	39	72	45	11	12	13	16	12	10	6	3	7	5	8	8	24	34	50	64	652	0	81	53	22	36	20	11	6	12	13	10	1	4	2	4	4	3	3	6	1	4	6	7	7	11	20	13	7	4	4	3	5	8	2	13	18	14	14	13	21	11	7	11	14	13	12	4	5	3	3	3	1	4	4	2	1	3	1	4	2	2	3	5	1	4	0	0	2	2	1	4	2	2	0	1	1	0	1
0	0	0	4	2	3	2	4	5	3	5	7	4	2	5	2	1	3	2	3	7	23	12	10	7	7	5	7	12	4	25	9	12	11	29	32	75	22	22	18	36	28	24	22	12	13	8	11	8	10	11	9	6	6	12	13	22	28	20	12	4	6	10	6	10	12	10	23	10	5	8	6	7	24	20	54	167	71	59	41	23	13	11	9	15	11	27	53	173	121	84	86	104	33	35	14	9	21	31	25	40	15	16	8	8	9	9	15	6	12	4	7	6	18	35	23	30	56	81	0	231	57	33	15	16	8	16	15	15	7	5	9	10	10	10	5	12	7	8	10	13	15	13	19	26	11	8	8	4	2	7	11	22	29	30	27	28	18	11	13	16	15	9	9	6	12	5	5	3	1	2	0	2	4	1	1	4	6	6	2	8	4	2	2	1	4	4	4	3	6	3	2	0	2	3	1
0	0	0	5	4	2	3	1	4	2	8	4	2	1	2	1	4	2	3	4	7	11	17	14	7	4	10	4	3	9	18	9	7	10	21	31	32	20	11	15	16	18	31	7	17	8	7	7	8	10	6	10	13	7	8	13	20	21	15	16	10	5	7	4	7	4	9	5	9	3	6	12	11	16	12	44	70	41	46	20	5	5	9	9	4	9	23	38	194	42	32	80	136	37	71	32	32	25	39	39	78	15	9	8	7	6	7	6	8	14	4	12	14	16	31	24	24	31	53	231	0	96	42	15	11	18	22	25	18	9	9	5	6	16	16	15	8	15	6	9	14	23	19	33	57	24	12	6	8	5	7	17	27	60	45	33	27	21	16	11	29	15	19	8	8	8	8	1	3	8	3	4	5	3	2	4	1	5	1	6	5	6	1	3	3	1	5	3	5	3	5	3	2	0	4	5
0	0	0	5	0	5	3	3	4	4	2	2	3	4	1	2	1	3	2	6	7	6	10	14	3	8	7	7	11	9	24	19	9	12	19	18	26	9	14	8	5	4	10	13	8	13	14	14	11	13	16	12	22	7	12	31	29	101	36	17	7	10	7	4	3	4	4	6	6	2	10	9	8	13	21	41	40	44	54	20	8	3	5	7	4	13	15	56	57	16	17	27	32	18	41	29	53	27	22	54	91	5	15	10	7	6	3	3	4	4	7	6	13	15	14	20	19	21	22	57	96	0	174	75	36	48	36	82	33	12	7	1	8	9	7	9	5	6	10	7	14	24	19	19	130	31	18	14	21	8	24	40	29	33	17	14	7	14	4	9	11	16	9	11	3	9	5	12	1	6	3	3	3	3	1	2	5	3	9	5	7	2	4	6	2	2	2	11	1	4	3	3	2	2	1	3
0	0	0	7	3	2	7	1	3	2	2	1	3	9	0	1	4	1	0	9	10	11	6	18	13	6	12	13	8	15	58	14	7	5	20	31	30	8	12	7	7	10	12	12	17	28	24	27	10	13	12	16	22	11	17	24	33	107	37	35	12	4	5	9	4	2	10	9	3	2	7	5	3	16	25	22	42	52	93	17	16	7	7	7	7	5	22	35	18	14	16	19	29	11	24	20	45	28	31	91	68	11	6	9	4	4	3	4	5	5	5	9	7	14	14	13	14	22	36	33	42	174	0	515	36	31	36	32	18	7	7	7	5	9	4	7	8	5	7	5	9	15	16	21	32	13	20	10	8	7	13	38	19	16	13	7	13	11	10	6	8	15	10	2	10	10	5	4	8	2	3	4	4	2	4	6	7	2	5	1	4	1	2	3	4	1	3	5	2	7	2	4	5	2	2	1
0	0	0	3	3	5	2	3	6	2	6	4	1	4	4	5	3	3	1	2	11	7	8	11	8	9	13	14	15	10	69	17	5	6	19	14	20	7	7	4	8	8	12	6	12	24	25	24	24	20	23	27	30	8	15	33	48	139	51	54	5	3	6	5	4	2	11	6	7	3	7	1	7	12	20	20	26	30	80	17	9	4	4	10	7	6	22	26	19	11	9	8	16	15	16	23	37	25	19	41	41	3	5	4	2	8	4	4	2	4	6	10	7	6	15	11	14	20	20	15	15	75	515	0	82	30	31	25	17	12	8	5	2	7	9	3	7	2	6	7	8	10	10	11	27	16	8	8	11	8	13	24	19	18	11	5	8	10	2	3	2	10	6	8	9	2	8	2	6	8	1	3	2	3	1	5	2	4	3	3	5	6	3	3	3	4	3	3	4	4	2	2	1	1	1	4
0	0	0	4	4	6	5	4	3	6	1	4	6	5	5	3	3	3	5	4	7	9	9	9	4	9	11	17	17	18	21	13	9	1	12	13	12	2	3	4	8	3	4	5	3	12	14	25	28	32	42	30	64	21	33	153	94	77	49	64	11	5	6	5	2	3	9	8	4	4	5	6	4	22	24	18	19	11	25	6	8	2	4	4	5	8	21	27	17	9	3	11	10	3	8	11	8	10	13	9	14	5	2	5	0	4	4	4	4	4	3	3	3	3	6	9	4	5	11	16	11	36	36	82	0	87	81	32	22	11	11	5	6	9	5	4	8	5	2	5	7	14	7	6	23	19	15	14	16	25	36	31	13	15	7	4	5	5	4	1	4	4	10	4	2	5	7	4	5	7	2	3	5	1	3	3	5	4	3	1	9	0	5	1	0	5	3	5	6	6	4	2	3	0	1	4
0	0	0	4	6	6	1	8	7	8	7	4	1	5	3	1	3	2	1	8	6	7	8	7	7	8	5	7	6	8	15	2	8	7	5	11	9	4	2	2	11	6	4	4	11	6	13	5	9	14	21	19	32	17	35	101	105	48	27	23	10	3	9	5	4	1	5	7	4	5	6	13	8	18	28	17	13	11	16	5	2	5	2	5	2	7	9	26	22	10	8	9	5	15	11	17	17	10	7	11	12	4	2	6	6	4	5	4	3	5	3	4	8	3	5	5	7	5	6	8	18	48	31	30	87	0	700	95	88	25	10	13	7	7	5	5	7	3	4	3	8	11	6	13	44	17	28	30	22	16	62	64	32	22	14	0	7	4	6	6	5	10	10	9	4	15	9	6	3	8	9	5	3	3	6	12	4	5	6	11	8	9	5	4	2	5	13	11	7	4	3	4	4	3	5	4
0	0	0	0	5	4	4	4	5	2	4	6	2	4	0	2	6	3	6	3	4	4	7	7	5	5	7	7	5	2	17	7	4	4	8	14	5	6	2	4	1	6	1	1	3	7	7	12	8	11	14	11	26	20	22	61	50	61	21	15	10	11	6	4	5	2	7	4	7	1	4	7	6	14	19	26	10	6	12	11	5	3	4	3	7	2	12	21	21	12	6	6	11	9	15	11	33	12	10	8	16	5	5	3	3	1	1	2	8	4	3	3	6	5	9	7	4	6	12	16	22	36	36	31	81	700	0	138	97	22	12	8	7	14	8	1	7	8	4	11	12	16	13	7	47	41	38	32	40	22	73	133	57	38	10	9	6	6	6	5	6	15	13	6	8	22	20	7	9	4	7	4	3	7	2	6	6	7	5	11	15	7	8	4	4	10	11	14	6	13	5	2	2	3	4	6
0	0	0	2	6	3	4	1	2	4	2	5	2	1	5	3	0	4	3	1	6	6	9	7	6	5	7	7	10	11	12	11	6	3	5	11	8	5	5	7	9	2	9	6	6	10	14	8	8	9	12	13	24	12	14	33	47	30	16	12	10	6	6	4	4	7	7	9	5	4	8	3	12	9	25	26	22	12	10	16	7	6	7	6	2	2	9	34	30	15	7	12	24	15	20	27	32	19	13	22	30	4	6	3	10	4	8	3	4	12	11	7	8	8	9	8	8	12	13	15	25	82	32	25	32	95	138	0	200	21	18	15	17	13	6	10	9	9	11	10	16	21	16	26	121	63	33	42	27	21	45	79	152	66	17	7	6	12	4	6	11	15	18	15	17	25	11	4	5	3	7	10	6	5	7	9	1	5	4	13	13	9	6	5	4	2	9	7	13	6	8	3	2	6	2	7
0	0	0	6	5	0	1	2	3	3	0	5	3	5	2	3	3	1	0	5	5	5	6	4	7	2	3	6	4	2	8	3	4	3	4	11	6	6	2	3	4	4	3	3	2	7	5	6	6	10	8	7	8	9	12	23	28	31	7	12	9	7	10	3	5	4	5	7	6	4	6	5	8	12	12	22	5	8	9	6	10	6	2	4	2	5	3	12	11	11	10	5	8	9	11	13	21	12	13	12	13	2	6	4	4	4	2	1	2	4	10	7	8	9	5	5	3	8	10	15	18	33	18	17	22	88	97	200	0	40	39	16	14	14	8	4	10	9	9	4	16	27	13	11	60	74	33	70	69	22	49	103	124	28	9	5	3	7	3	5	3	11	13	13	18	40	17	12	6	9	10	5	3	5	6	10	8	5	4	9	11	12	15	4	6	7	12	13	18	21	7	4	4	2	5	12
0	0	0	5	5	1	4	4	1	1	3	3	3	2	4	4	3	2	5	2	2	2	4	4	0	1	4	5	1	0	2	3	1	3	3	1	3	5	1	1	1	7	2	3	2	1	2	3	1	4	4	4	3	4	13	12	12	8	3	4	6	4	2	4	1	1	2	6	2	2	2	3	7	7	4	8	6	3	6	3	1	1	5	3	2	0	2	7	5	4	1	3	6	5	4	7	6	6	3	4	4	2	2	2	1	3	1	5	3	3	4	7	1	3	3	1	4	4	1	7	9	12	7	12	11	25	22	21	40	0	83	36	28	13	8	1	6	8	7	7	7	11	6	7	13	18	26	34	78	45	37	31	22	6	5	7	2	2	2	1	5	4	14	6	11	64	68	39	23	39	22	16	15	15	16	51	25	14	16	25	18	15	11	14	8	15	50	87	50	64	18	8	7	5	9	21
0	0	0	4	3	3	5	1	2	1	1	2	2	3	1	2	2	2	3	5	4	4	2	3	2	2	2	2	0	4	2	2	2	4	4	7	2	1	5	3	1	1	1	1	4	0	4	7	3	6	4	3	7	7	3	9	4	11	2	2	7	3	2	3	5	1	2	3	4	1	3	3	4	3	8	5	7	5	5	3	1	1	3	2	5	3	5	4	8	5	4	5	6	8	11	11	8	8	4	1	5	3	2	3	2	2	2	2	3	9	9	4	8	5	5	3	3	7	4	5	9	7	7	8	11	10	12	18	39	83	0	318	36	24	3	4	3	8	5	14	30	23	7	12	20	38	41	67	59	24	21	36	42	21	14	6	7	3	6	4	10	9	33	22	36	386	54	18	16	18	16	6	11	13	4	34	28	17	19	33	20	9	15	10	9	11	19	35	39	33	25	6	12	3	12	19
0	0	0	1	3	2	0	2	2	1	3	5	1	3	0	2	0	3	3	3	3	3	1	6	1	5	2	2	4	1	4	2	3	2	7	2	4	0	0	3	5	2	4	5	1	3	5	3	3	0	3	2	2	7	6	7	6	6	7	4	1	3	4	3	1	5	4	9	6	1	2	1	2	5	4	2	4	3	3	3	1	1	1	2	1	4	0	0	6	6	4	2	6	5	7	9	13	3	3	2	5	2	3	2	1	2	4	2	8	6	13	7	5	1	3	3	1	5	2	9	5	1	7	5	5	13	8	15	16	36	318	0	74	16	11	7	11	9	6	8	19	16	12	9	8	27	18	26	29	15	14	15	22	14	9	3	2	3	7	7	11	9	22	14	38	495	70	31	14	22	14	7	10	12	11	44	51	39	16	89	42	18	6	5	7	14	20	26	19	36	30	17	11	6	8	18
0	0	0	6	2	3	4	1	1	1	4	9	2	4	1	2	1	3	4	2	0	1	4	2	1	3	1	1	1	5	1	1	1	2	6	6	3	5	4	6	3	5	4	0	2	4	2	3	1	3	4	5	6	2	2	4	4	6	6	6	1	2	6	0	2	2	1	1	7	4	3	1	6	4	2	11	6	3	2	6	4	0	1	4	2	0	4	5	10	6	6	5	9	5	9	6	5	9	9	3	5	6	3	6	3	5	4	7	5	6	10	7	6	2	3	5	4	5	4	10	6	8	5	2	6	7	7	17	14	28	36	74	0	64	16	5	11	9	11	19	26	22	5	2	11	20	16	23	10	5	9	13	32	20	12	11	3	6	5	9	8	10	19	11	30	104	24	10	8	7	14	10	6	4	7	32	31	15	13	102	99	24	11	14	4	15	11	10	10	19	18	10	15	5	9	10
0	0	0	1	3	3	6	3	3	2	2	5	3	1	0	0	4	2	2	5	2	2	5	2	2	3	0	4	3	0	2	4	0	1	2	3	7	5	6	4	10	7	4	4	0	3	2	3	4	5	8	3	5	3	5	6	11	8	3	7	4	8	3	2	6	3	8	5	8	2	3	1	6	6	8	18	9	5	7	5	4	1	3	2	2	3	1	9	22	4	13	6	6	14	17	7	6	8	7	4	10	5	0	4	7	2	3	2	5	9	6	6	2	5	8	2	2	10	4	10	16	9	9	7	9	7	14	13	14	13	24	16	64	0	66	21	22	38	19	13	23	10	9	16	14	16	13	11	13	9	9	10	26	32	32	8	7	8	8	9	7	9	23	17	13	33	17	8	6	7	5	6	7	4	5	20	9	11	5	23	34	10	9	5	6	8	7	10	4	7	6	8	8	4	4	12
0	0	0	1	5	1	7	3	2	3	2	8	1	0	3	2	1	3	2	1	2	4	6	4	3	2	4	2	3	2	4	4	0	3	4	4	5	3	8	5	6	8	4	2	2	2	2	3	6	2	3	4	5	5	3	1	7	6	5	3	5	3	4	2	5	7	5	7	12	4	6	4	9	9	4	5	9	4	2	7	2	2	2	2	2	7	4	13	15	19	18	9	10	15	11	3	8	2	5	9	3	3	4	3	0	8	11	7	10	5	8	6	2	6	9	2	8	2	3	10	16	7	4	9	5	5	8	6	8	8	3	11	16	66	0	70	105	51	20	19	18	10	8	6	6	5	4	3	11	5	6	4	10	20	21	13	10	11	4	10	7	6	11	2	11	10	5	7	3	4	2	1	3	3	2	6	6	7	6	11	10	8	5	6	4	8	3	2	4	8	4	3	3	6	6	5
0	0	0	2	1	1	0	2	3	5	6	1	2	1	1	0	2	3	1	1	4	2	3	1	3	1	4	1	0	2	3	3	2	3	5	4	9	5	5	6	8	2	3	3	3	2	3	3	1	0	1	2	3	2	2	4	6	6	3	2	2	4	2	2	8	3	7	8	2	6	5	8	3	4	5	10	5	4	8	4	2	2	5	5	1	5	5	3	14	5	11	7	18	11	6	3	4	4	2	9	6	6	7	8	6	6	11	11	9	8	2	5	5	6	4	4	6	8	3	5	15	9	7	3	4	5	1	10	4	1	4	7	5	21	70	0	172	73	17	8	11	5	6	4	10	3	6	4	3	1	0	1	2	8	15	16	22	7	18	8	12	7	8	7	3	4	3	1	3	1	1	2	1	3	3	2	3	3	1	3	6	3	4	3	0	4	5	1	0	2	0	3	6	3	3	4
0	0	0	1	2	3	1	2	5	3	5	1	6	2	2	3	1	0	2	4	2	9	5	4	2	1	5	0	3	6	2	3	3	5	6	5	7	8	12	9	7	3	9	7	4	6	3	5	2	6	0	2	3	5	4	2	5	4	2	4	5	3	3	3	3	4	11	7	2	4	4	5	11	4	8	8	9	11	1	6	4	7	2	6	4	7	4	6	19	11	19	13	15	18	14	3	6	7	13	5	7	12	4	11	13	10	19	13	11	14	6	6	4	7	14	8	7	8	6	12	8	5	8	7	8	7	7	9	10	6	3	11	11	22	105	172	0	78	14	14	18	6	10	11	10	2	6	5	9	6	4	5	8	18	41	18	15	16	17	13	19	14	14	10	9	6	3	2	3	3	1	2	1	6	2	4	1	3	2	7	7	5	3	3	0	6	4	5	5	9	3	2	2	2	4	3
0	0	0	1	5	0	1	1	4	0	3	4	6	0	1	1	3	2	5	3	2	4	3	4	4	2	3	3	3	5	3	4	3	1	5	5	4	4	4	5	5	9	4	3	5	4	2	4	1	2	1	2	2	3	4	5	3	3	2	3	2	1	8	1	8	1	1	2	5	2	6	1	3	4	6	4	5	6	4	2	5	1	5	6	2	5	3	3	16	7	15	4	15	11	10	6	8	2	5	1	12	9	14	8	17	7	25	14	19	18	15	8	13	9	9	7	5	3	1	7	15	6	5	2	5	3	8	9	9	8	8	9	9	38	51	73	78	0	88	33	24	10	11	7	15	12	10	4	3	1	6	8	16	14	34	25	17	15	23	18	24	13	20	15	15	7	4	5	3	1	5	1	4	3	1	8	3	2	2	6	9	7	5	4	1	2	1	1	4	2	2	6	3	3	4	5
0	0	0	1	3	1	1	2	2	1	3	1	0	2	1	2	2	1	1	1	1	6	3	2	1	0	1	2	0	2	1	5	3	2	2	1	6	3	4	2	4	5	6	4	2	2	1	2	1	0	1	1	5	5	3	3	7	2	5	1	3	4	3	2	0	2	5	4	1	2	6	4	4	2	7	3	3	6	3	2	2	4	4	8	2	2	2	3	5	8	9	11	11	17	11	9	9	7	6	8	5	11	15	3	9	11	14	13	40	52	37	11	20	16	6	1	5	6	4	8	6	10	7	6	2	4	4	11	9	7	5	6	11	19	20	17	14	88	0	174	54	27	23	14	10	7	4	7	6	3	8	8	15	20	39	12	15	19	22	23	37	40	31	26	22	8	6	5	3	2	2	0	3	1	4	6	5	3	6	9	9	2	6	3	3	6	2	2	3	2	5	4	2	4	4	2
0	0	0	1	3	0	0	0	0	1	3	1	1	0	0	2	1	0	2	3	1	2	3	4	0	2	1	1	1	3	3	1	6	3	3	2	3	0	2	3	5	4	7	4	2	3	3	4	3	3	2	3	3	0	1	2	5	1	7	0	1	0	5	2	3	4	2	4	3	2	6	1	3	6	3	3	9	4	4	2	2	1	2	2	2	3	3	7	4	7	11	10	17	14	14	12	8	6	5	2	8	9	5	5	15	2	9	18	20	62	46	20	19	8	5	3	5	4	6	10	9	7	5	7	5	3	11	10	4	7	14	8	19	13	19	8	14	33	174	0	112	28	19	19	14	11	11	10	7	4	8	7	9	14	22	14	11	14	10	30	20	29	55	88	42	15	8	3	4	5	3	2	0	3	1	2	10	6	4	7	7	6	1	3	7	5	5	4	8	6	7	6	2	4	6	1
0	0	0	2	1	2	1	3	4	0	1	2	0	1	3	1	6	1	1	1	3	5	6	2	2	2	3	4	3	2	5	2	2	2	1	4	1	7	2	1	6	5	6	2	1	3	7	3	7	1	3	5	8	3	2	10	4	11	5	7	3	1	6	4	2	4	0	7	2	1	2	0	2	5	9	7	2	5	6	7	3	1	3	2	1	1	2	9	11	5	10	11	15	11	24	33	22	10	16	7	5	8	9	2	8	5	6	9	11	37	56	19	20	9	9	9	12	5	7	13	14	14	9	8	7	8	12	16	16	7	30	19	26	23	18	11	18	24	54	112	0	92	42	27	25	34	19	29	14	9	12	11	38	32	45	14	4	6	11	23	27	67	485	349	97	26	7	6	2	5	6	3	1	4	4	4	10	6	3	13	10	5	6	5	3	3	3	9	4	8	7	3	4	4	2	4
0	0	0	1	1	4	1	2	0	3	0	3	4	2	0	3	0	2	1	4	3	3	4	6	0	3	2	1	3	7	6	3	3	6	1	3	4	5	5	3	3	2	7	4	7	4	5	7	3	1	2	3	8	4	3	9	3	17	10	5	3	2	3	6	2	5	4	3	2	3	3	2	4	6	6	10	10	6	11	3	5	6	3	4	4	1	2	6	16	3	8	6	16	37	73	75	43	27	21	15	27	9	6	4	6	4	8	13	13	19	42	38	26	18	7	11	12	8	7	15	23	24	15	10	14	11	16	21	27	11	23	16	22	10	10	5	6	10	27	28	92	0	140	102	52	85	48	24	18	7	12	26	64	54	38	16	9	12	8	19	29	114	163	71	35	18	3	6	6	9	2	5	1	4	6	6	4	2	7	6	7	9	4	3	2	2	2	5	7	6	2	2	4	4	4	4
0	0	0	2	2	3	2	1	0	1	2	1	0	0	1	1	0	1	0	2	2	3	2	3	0	2	1	5	2	7	11	2	3	2	6	6	4	6	5	2	7	5	7	3	5	7	6	1	4	4	6	5	5	5	5	12	5	8	2	6	4	3	4	1	3	3	7	2	5	2	3	1	4	3	6	6	12	6	12	4	3	6	5	3	1	4	3	5	13	3	10	14	13	42	60	190	70	48	46	15	31	15	7	6	11	8	10	7	9	26	61	75	43	35	19	7	9	6	11	13	19	19	16	10	7	6	13	16	13	6	7	12	5	9	8	6	10	11	23	19	42	140	0	199	32	28	26	17	8	11	16	31	32	21	25	21	12	13	14	22	34	119	40	38	21	5	9	4	1	3	4	6	3	1	6	4	3	4	3	4	13	3	1	2	1	4	3	8	2	5	4	2	3	2	3	4
0	0	0	2	0	0	1	1	3	2	3	4	1	3	1	4	0	0	3	5	4	3	7	3	1	1	1	3	4	4	11	7	4	7	13	10	7	4	6	4	9	9	5	10	10	6	8	5	4	7	10	3	9	5	7	5	12	14	7	4	3	1	8	3	1	2	1	3	8	4	2	9	4	2	8	2	18	22	9	15	9	5	5	7	1	9	5	13	14	9	13	20	25	86	269	233	79	91	87	39	86	21	17	7	13	14	8	10	17	13	23	49	57	51	28	23	17	22	20	19	33	19	21	11	6	13	7	26	11	7	12	9	2	16	6	4	11	7	14	19	27	102	199	0	49	37	21	24	6	6	11	20	37	43	33	23	13	16	9	24	51	160	43	28	21	12	6	6	3	4	6	2	1	4	3	6	1	4	6	6	7	4	2	3	2	4	3	5	9	5	1	4	3	4	2	6
0	0	0	4	2	3	0	4	4	4	2	3	1	2	2	3	2	2	2	2	8	3	8	9	5	3	8	4	4	2	14	7	4	4	4	7	11	9	4	5	12	4	5	5	7	9	12	5	5	7	7	8	16	6	9	12	21	23	11	7	3	10	6	4	9	7	4	4	3	3	6	3	6	7	15	22	11	12	26	9	9	3	8	6	3	1	7	20	34	17	8	12	29	26	62	45	94	32	26	22	45	8	8	3	7	4	2	3	12	10	12	9	7	8	18	12	10	15	13	26	57	130	32	27	23	44	47	121	60	13	20	8	11	14	6	10	10	15	10	14	25	52	32	49	0	148	59	36	15	10	26	82	226	136	22	12	7	11	8	11	24	31	35	25	20	22	9	7	1	4	5	5	2	4	2	8	6	5	7	9	9	5	6	2	3	4	7	7	10	8	3	6	4	4	5	5
0	0	0	3	3	0	0	4	4	2	1	2	3	4	1	1	1	4	3	3	4	7	5	4	3	5	4	5	6	5	8	4	3	6	3	11	6	5	1	5	7	5	2	3	4	7	4	13	7	10	5	13	5	8	7	16	15	18	11	9	4	3	3	4	2	2	2	6	3	3	1	6	4	4	14	10	9	8	13	3	5	1	2	1	3	4	10	19	17	6	8	9	12	20	36	47	40	13	15	10	23	8	6	3	8	2	4	5	7	9	17	13	12	8	10	5	8	9	7	11	24	31	13	16	19	17	41	63	74	18	38	27	20	16	5	3	2	12	7	11	34	85	28	37	148	0	187	108	34	12	41	126	570	66	31	7	6	10	10	11	18	23	62	27	31	38	12	5	5	5	3	4	5	5	8	10	6	7	4	12	9	11	12	5	2	7	8	5	11	7	5	3	1	4	5	4
0	0	0	1	6	2	1	0	5	1	2	1	2	2	0	2	1	0	1	5	7	2	8	7	3	2	1	6	6	3	8	5	5	1	5	3	6	3	2	3	9	5	4	2	4	6	5	10	4	7	5	6	10	6	7	12	12	15	7	4	4	3	2	0	0	1	2	4	8	4	4	5	6	2	10	10	12	5	9	4	3	5	6	4	1	7	3	5	11	3	8	9	13	5	16	47	58	21	14	14	18	5	5	4	4	4	9	6	3	10	9	10	10	10	5	11	5	6	4	8	12	18	20	8	15	28	38	33	33	26	41	18	16	13	4	6	6	10	4	11	19	48	26	21	59	187	0	269	56	17	53	168	82	32	10	8	3	6	7	13	13	16	37	24	25	28	7	11	7	11	10	7	5	3	3	13	11	2	3	7	8	6	7	7	6	5	8	10	12	12	4	8	5	2	3	7
0	0	0	2	2	5	1	5	0	5	2	4	1	3	1	0	3	1	2	2	4	4	4	3	1	3	6	4	1	3	7	9	3	2	5	1	4	3	3	1	7	0	2	4	3	8	2	5	0	4	4	8	6	5	9	18	12	10	13	9	2	2	2	3	4	5	5	4	6	6	3	2	5	3	8	9	5	6	5	2	4	1	4	4	4	4	7	12	8	4	5	7	1	6	11	23	20	10	11	3	8	3	9	4	3	1	2	2	4	8	8	7	3	6	4	2	2	10	4	8	6	14	10	8	14	30	32	42	70	34	67	26	23	11	3	4	5	4	7	10	29	24	17	24	36	108	269	0	142	30	84	125	67	18	11	6	4	3	2	6	10	7	17	20	21	53	18	8	8	12	9	8	8	4	10	15	11	11	8	13	6	5	6	10	4	5	18	20	27	14	9	3	5	3	5	7
0	0	0	5	3	0	3	0	4	0	0	3	0	2	4	2	2	3	2	0	3	4	3	1	4	4	3	7	5	5	3	2	1	5	7	5	1	3	2	1	4	1	5	3	6	5	5	5	9	7	8	5	11	4	9	14	6	19	7	8	11	10	3	0	1	1	2	3	1	2	1	2	3	3	12	7	4	3	3	1	2	6	2	2	3	2	9	7	6	7	4	3	5	7	10	10	13	12	7	10	1	2	3	5	4	0	2	2	3	8	6	8	3	1	3	5	2	2	3	4	8	21	8	11	16	22	40	27	69	78	59	29	10	13	11	3	9	3	6	7	14	18	8	6	15	34	56	142	0	110	139	74	24	11	10	4	4	3	3	5	2	7	9	4	18	42	22	13	7	17	11	8	5	6	7	12	12	12	12	14	10	7	11	8	3	5	20	49	27	31	8	5	6	2	11	9
0	0	0	4	0	2	2	5	1	1	4	1	0	3	2	7	1	0	3	4	4	4	4	4	4	3	5	6	5	4	1	4	4	4	6	6	4	2	3	1	0	1	0	0	7	1	4	1	7	4	13	3	10	4	12	12	13	8	6	12	3	7	2	1	3	0	2	4	2	3	3	2	3	3	5	4	3	5	5	3	1	2	2	5	2	3	7	6	8	1	2	5	5	6	4	4	9	9	7	6	9	3	1	2	1	1	1	2	2	2	2	3	5	5	1	1	3	2	5	2	5	8	7	8	25	16	22	21	22	45	24	15	5	9	5	1	6	1	3	4	9	7	11	6	10	12	17	30	110	0	108	38	12	10	5	2	1	6	6	2	5	10	8	5	8	11	16	10	8	25	10	9	9	5	11	9	7	12	5	6	4	5	7	10	4	5	26	34	27	21	13	3	4	4	4	8
0	0	0	3	6	3	2	6	1	3	2	4	3	4	1	2	1	2	1	5	3	8	4	4	5	6	5	4	6	2	9	2	1	6	4	3	5	1	4	6	6	5	2	3	6	4	7	8	6	7	14	10	11	9	14	18	14	17	9	8	1	3	3	1	1	1	5	1	5	4	3	2	4	11	10	10	7	6	8	8	2	5	4	1	1	4	5	9	6	3	2	6	10	9	7	8	18	7	4	4	14	4	3	1	4	3	2	4	7	4	10	10	6	4	8	4	2	5	8	7	7	24	13	13	36	62	73	45	49	37	21	14	9	9	6	0	4	6	8	8	12	12	16	11	26	41	53	84	139	108	0	131	29	8	6	3	7	7	4	1	8	8	7	7	17	18	12	4	13	8	11	8	5	4	1	14	8	0	11	6	7	5	10	4	3	5	19	23	14	11	7	4	6	0	4	8
0	0	0	2	4	3	2	3	1	2	1	2	2	7	3	2	1	0	2	3	4	4	2	7	4	4	5	7	2	7	6	4	2	3	10	11	3	6	5	6	6	4	4	2	5	3	9	4	4	13	9	5	13	11	8	21	24	28	15	13	5	3	3	2	0	2	1	2	4	3	3	2	6	9	10	8	8	4	18	6	3	2	5	3	4	6	7	12	15	14	3	13	9	10	15	24	37	16	15	20	18	5	4	0	0	7	4	5	7	4	5	5	10	8	8	4	8	10	2	11	17	40	38	24	31	64	133	79	103	31	36	15	13	10	4	1	5	8	8	7	11	26	31	20	82	126	168	125	74	38	131	0	107	32	8	9	8	7	6	3	7	10	19	12	9	22	19	8	8	5	4	7	7	8	3	6	2	8	4	7	5	0	5	9	3	3	10	20	11	11	3	2	3	3	4	8
0	0	0	7	2	2	3	2	5	2	3	4	3	2	1	1	2	2	3	4	4	6	5	5	11	8	4	11	1	7	7	4	8	4	6	9	10	7	2	5	7	4	8	4	5	4	4	6	9	8	6	8	4	13	12	15	22	16	11	7	7	4	3	2	7	3	5	4	7	0	4	1	7	8	10	16	11	11	14	9	7	2	4	4	3	3	6	16	18	16	8	7	25	15	32	35	34	16	12	7	35	4	5	4	5	1	4	3	5	4	12	17	15	14	3	6	10	8	13	22	27	29	19	19	13	32	57	152	124	22	42	22	32	26	10	2	8	16	15	9	38	64	32	37	226	570	82	67	24	12	29	107	0	131	26	14	11	9	6	5	14	23	51	22	22	32	13	11	1	3	8	5	1	9	3	10	8	8	2	8	7	6	6	4	8	4	10	11	10	10	4	3	7	2	5	7
0	0	0	4	4	3	4	7	1	2	1	4	2	1	2	3	1	4	4	4	8	6	7	6	6	2	5	10	4	4	10	8	3	5	6	13	14	6	2	4	8	3	11	4	8	4	0	8	5	3	4	8	8	4	8	11	20	20	12	8	6	2	3	1	2	5	8	10	6	5	2	5	3	8	16	19	15	16	13	10	6	3	4	0	8	2	8	18	63	16	15	21	29	23	67	36	34	13	23	23	46	7	8	3	5	9	7	9	12	11	10	17	15	11	11	9	12	13	18	29	60	33	16	18	15	22	38	66	28	6	21	14	20	32	20	8	18	14	20	14	32	54	21	43	136	66	32	18	11	10	8	32	131	0	87	34	10	14	10	17	25	47	73	31	23	28	4	1	2	2	3	6	1	4	3	13	1	4	7	4	9	5	1	8	4	2	5	7	7	11	7	5	6	6	2	3
0	0	0	3	4	4	1	3	3	2	3	3	0	1	2	1	2	0	3	1	3	1	4	5	7	4	3	1	4	5	3	8	5	5	5	5	6	11	7	6	7	10	4	5	8	5	6	2	5	4	0	2	3	4	4	9	13	11	2	7	9	4	4	6	1	4	7	8	2	3	4	4	5	13	11	12	21	11	9	12	8	3	10	9	1	6	8	13	46	17	38	36	78	49	50	23	15	14	13	12	19	20	7	4	13	9	19	13	12	24	17	26	19	17	14	8	15	18	14	30	45	17	13	11	7	14	10	17	9	5	14	9	12	32	21	15	41	34	39	22	45	38	25	33	22	31	10	11	10	5	6	8	26	87	0	101	33	38	33	39	91	57	40	14	18	14	5	4	3	4	3	2	1	5	4	7	4	1	4	7	11	8	3	3	1	3	11	4	2	8	5	1	2	2	5	2
0	0	0	1	2	3	3	0	5	0	2	4	1	3	0	1	2	2	0	2	5	5	8	4	7	2	7	4	1	6	8	3	6	10	7	12	14	13	7	8	15	10	12	16	7	10	4	3	1	4	6	5	4	0	2	5	5	8	2	4	2	3	4	2	1	5	8	8	5	3	1	5	2	5	5	12	17	14	8	11	6	3	8	7	4	5	6	7	24	26	42	52	119	98	53	15	16	26	26	23	28	24	32	17	36	21	29	21	30	21	15	31	34	39	48	10	17	18	14	27	33	14	7	5	4	0	9	7	5	7	6	3	11	8	13	16	18	25	12	14	14	16	21	23	12	7	8	6	4	2	3	9	14	34	101	0	198	276	145	95	145	31	19	14	6	4	1	1	2	1	0	3	8	0	1	5	1	4	2	2	5	1	2	0	2	2	3	2	1	6	2	5	1	1	1	5
0	0	0	2	2	3	2	1	2	3	3	2	0	4	1	4	1	2	2	0	5	2	2	5	3	4	7	1	4	4	4	1	3	7	11	6	9	9	15	6	26	18	27	16	2	6	6	3	4	2	7	1	2	3	3	8	5	11	7	5	4	2	4	3	3	4	6	4	5	3	5	2	3	3	9	7	10	18	9	9	9	5	9	6	4	3	7	5	18	25	51	63	53	47	24	13	10	12	13	14	11	64	42	28	67	55	56	27	23	10	10	13	26	27	41	25	35	23	13	28	27	7	13	8	5	7	6	6	3	2	7	2	3	7	10	22	15	17	15	11	4	9	12	13	7	6	3	4	4	1	7	8	11	10	33	198	0	1088	280	54	34	16	16	5	5	8	3	3	2	2	1	3	1	4	1	3	3	3	1	5	1	2	6	1	2	0	3	0	1	1	1	1	3	0	0	0
0	0	0	3	1	3	0	4	3	2	0	3	0	2	4	1	3	3	4	4	3	3	12	3	3	1	3	3	1	5	2	8	4	9	11	7	12	9	14	11	14	17	28	18	8	5	6	4	2	3	4	0	2	0	1	5	4	15	7	6	2	2	7	2	5	9	9	7	4	1	2	2	0	3	9	7	16	15	11	11	7	5	8	6	6	4	5	7	15	21	45	97	62	55	30	8	14	15	20	24	13	79	54	36	71	38	62	23	20	17	10	14	27	22	34	20	33	19	21	18	21	14	11	10	5	4	6	12	7	2	3	3	6	8	11	7	16	15	19	14	6	12	13	16	11	10	6	3	3	6	7	7	9	14	38	276	1088	0	203	50	49	24	12	9	1	4	2	1	3	3	1	2	0	2	2	3	0	5	1	3	4	3	0	3	4	0	2	1	1	2	2	7	3	1	1	0
0	0	0	1	2	2	3	3	2	0	2	3	0	1	1	3	1	2	0	3	2	6	6	0	1	5	3	4	4	1	4	7	9	9	6	6	6	9	7	12	22	18	17	11	4	4	5	2	0	1	0	4	5	1	1	3	3	0	3	2	2	1	5	4	3	2	4	4	6	4	1	2	5	3	6	4	12	8	2	11	9	4	9	5	6	3	8	6	15	19	21	26	35	33	19	10	4	8	18	10	18	69	56	28	104	71	136	64	47	25	10	11	28	23	23	20	24	8	11	11	16	4	10	2	4	6	6	4	3	2	6	7	5	8	4	18	17	23	22	10	11	8	14	9	8	10	7	2	3	6	4	6	6	10	33	145	280	203	0	98	66	21	14	9	7	4	3	0	2	1	4	0	1	7	2	2	3	2	3	4	6	3	3	1	2	2	4	2	3	4	0	2	4	2	1	1
0	0	0	2	0	4	3	1	0	1	3	2	1	1	1	2	0	2	2	3	2	3	5	5	3	3	2	2	2	3	6	2	3	7	9	4	8	5	3	4	6	12	11	11	9	3	3	9	7	3	1	3	3	2	2	2	5	4	3	8	2	3	2	0	1	6	3	2	0	3	3	2	1	2	5	3	11	9	4	9	6	2	3	4	1	5	2	9	8	10	18	18	29	55	26	10	18	22	20	7	6	53	57	20	53	29	58	41	89	42	33	49	79	32	22	10	17	11	7	13	11	9	6	3	1	6	5	6	5	1	4	7	9	9	10	8	13	18	23	30	23	19	22	24	11	11	13	6	5	2	1	3	5	17	39	95	54	50	98	0	195	53	18	10	12	6	3	3	1	0	0	1	2	2	2	3	2	3	8	7	10	3	2	0	2	2	1	1	2	1	1	3	4	4	1	1
0	0	0	3	1	1	2	2	2	0	0	4	1	1	1	1	0	1	1	3	2	3	7	1	3	5	4	1	2	6	5	3	3	2	8	2	6	5	6	6	13	10	12	13	9	5	5	4	5	1	4	5	5	8	0	2	6	8	9	4	1	4	2	1	3	3	6	1	4	1	4	1	1	9	3	7	11	12	6	4	5	7	5	4	3	3	3	14	12	13	18	33	39	77	72	29	13	24	21	18	23	35	23	7	26	13	29	16	47	42	32	47	91	41	35	21	12	15	11	16	29	11	8	2	4	5	6	11	3	5	10	11	8	7	7	12	19	24	37	20	27	29	34	51	24	18	13	10	2	5	8	7	14	25	91	145	34	49	66	195	0	143	31	25	15	10	5	4	2	1	3	2	1	0	0	6	7	2	1	5	3	3	3	4	2	1	1	3	3	1	1	2	2	2	3	6
0	0	0	1	2	1	1	1	3	2	0	0	0	2	3	1	1	1	0	1	5	1	4	6	2	4	2	3	1	5	5	8	4	6	6	6	10	7	3	8	10	7	12	11	4	6	5	2	3	1	1	0	3	0	5	6	11	7	6	7	2	1	3	2	2	3	3	4	3	5	1	3	2	8	6	7	5	8	13	6	4	4	6	5	3	4	4	5	15	4	15	21	28	57	120	48	20	41	28	19	29	22	16	11	17	5	14	12	18	54	91	92	75	42	16	14	12	7	14	15	15	16	15	10	4	10	15	15	11	4	9	9	10	9	6	7	14	13	40	29	67	114	119	160	31	23	16	7	7	10	8	10	23	47	57	31	16	24	21	53	143	0	84	55	17	13	7	2	2	3	0	1	2	2	1	5	3	5	4	6	3	2	1	2	1	1	2	3	3	8	10	2	1	0	1	4
0	0	0	2	2	2	5	2	2	3	5	3	5	5	1	0	3	3	0	0	2	3	4	3	1	1	3	5	2	2	3	2	4	3	3	4	10	4	5	3	7	3	8	6	8	1	4	5	4	4	5	5	2	2	4	5	5	3	6	4	4	1	5	3	2	1	5	4	2	3	2	1	4	4	9	9	1	7	7	4	4	4	4	2	3	6	5	10	19	12	12	11	15	11	37	34	28	17	8	11	21	7	7	3	11	8	8	5	11	26	40	27	13	6	16	9	6	10	13	9	19	9	10	6	10	10	13	18	13	14	33	22	19	23	11	8	14	20	31	55	485	163	40	43	35	62	37	17	9	8	7	19	51	73	40	19	16	12	14	18	31	84	0	110	72	28	9	6	3	3	3	7	3	7	2	9	12	1	9	10	12	3	4	2	4	1	9	5	4	6	4	5	7	4	4	10
0	0	0	0	1	1	0	2	0	2	0	3	2	2	1	2	3	1	0	1	4	1	2	3	3	3	5	1	0	4	3	8	2	2	6	5	5	6	2	1	3	4	2	1	1	4	1	0	3	3	5	6	3	3	5	4	6	6	1	5	5	6	0	1	0	1	3	1	1	4	0	3	9	3	6	5	5	1	2	2	6	4	2	0	1	1	2	2	8	5	4	6	11	16	17	15	17	17	10	7	6	4	5	2	9	2	8	8	21	41	73	30	15	7	7	2	10	2	12	9	8	11	2	8	4	9	6	15	13	6	22	14	11	17	2	7	10	15	26	88	349	71	38	28	25	27	24	20	4	5	7	12	22	31	14	14	5	9	9	10	25	55	110	0	100	20	7	5	1	3	2	1	2	5	5	6	15	6	5	6	6	7	5	3	2	2	8	8	6	4	4	5	3	2	5	7
0	0	0	2	1	3	1	2	1	1	0	5	1	0	0	1	2	3	2	1	0	4	2	1	1	3	2	3	2	1	3	2	2	4	7	5	5	4	2	2	4	3	3	2	2	2	3	2	3	3	4	2	6	0	2	3	9	4	3	3	1	2	3	0	0	2	4	3	2	2	1	4	3	9	5	2	4	2	2	1	3	2	3	1	1	3	2	9	11	0	5	9	6	10	11	13	15	11	8	9	12	8	8	1	1	4	2	3	11	16	24	18	12	4	3	4	7	6	4	6	8	3	10	9	2	4	8	17	18	11	36	38	30	13	11	3	9	15	22	42	97	35	21	21	20	31	25	21	18	8	17	9	22	23	18	6	5	1	7	12	15	17	72	100	0	43	15	15	3	7	10	6	2	5	6	14	13	14	5	18	25	11	4	4	5	3	5	8	12	13	13	6	6	4	8	9
0	0	0	3	1	2	2	3	2	3	5	3	0	2	0	0	1	1	4	5	8	2	5	3	3	4	2	2	3	5	3	2	3	6	4	4	7	2	1	3	1	1	3	1	1	0	2	3	1	2	6	2	7	4	5	5	10	7	0	5	3	3	2	2	1	2	5	8	9	4	3	5	3	5	6	7	2	4	8	3	2	4	2	3	2	6	4	10	8	4	3	6	4	6	9	8	10	5	5	3	7	5	6	4	6	5	5	3	4	7	11	10	4	2	6	7	3	5	5	12	8	9	10	2	5	15	22	25	40	64	386	495	104	33	10	4	6	7	8	15	26	18	5	12	22	38	28	53	42	11	18	22	32	28	14	4	8	4	4	6	10	13	28	20	43	0	57	15	7	13	9	13	8	8	9	34	25	27	16	63	37	20	13	8	7	11	24	25	24	39	17	7	9	8	6	17
0	0	0	3	3	4	3	3	4	2	1	6	4	0	2	2	1	2	2	5	2	1	4	2	0	1	3	2	1	7	1	2	2	5	1	4	3	3	2	0	1	1	0	2	0	2	4	3	1	2	10	1	3	5	5	5	7	5	3	6	7	3	3	1	1	1	4	1	2	2	3	5	5	3	5	5	3	3	1	1	1	1	0	3	0	1	3	4	4	3	5	3	6	4	3	9	4	4	2	3	2	2	4	0	3	3	0	2	1	3	2	1	3	4	5	3	4	4	3	5	8	5	5	8	7	9	20	11	17	68	54	70	24	17	5	3	3	4	6	8	7	3	9	6	9	12	7	18	22	16	12	19	13	4	5	1	3	2	3	3	5	7	9	7	15	57	0	111	36	33	29	24	19	28	32	314	97	66	35	97	42	33	20	19	14	28	82	59	65	173	70	20	15	5	29	69
0	0	0	5	2	4	2	1	4	1	3	1	2	3	3	1	3	3	2	5	3	1	2	2	1	2	2	1	0	3	2	2	3	1	2	0	1	2	4	4	1	1	2	3	1	1	2	0	1	3	6	2	4	9	1	9	3	5	3	6	3	1	1	2	1	4	3	2	4	2	7	1	2	5	4	2	5	3	3	2	0	2	0	0	0	1	4	3	5	4	2	2	2	0	1	3	2	2	3	3	2	2	4	3	1	1	2	1	1	2	2	1	2	3	5	3	2	0	3	5	1	12	4	2	4	6	7	4	12	39	18	31	10	8	7	1	2	5	5	3	6	6	4	6	7	5	11	8	13	10	4	8	11	1	4	1	3	1	0	3	4	2	6	5	15	15	111	0	187	75	53	43	36	87	81	85	58	91	71	30	22	36	77	55	33	102	172	52	70	154	84	31	26	15	45	158
0	0	0	8	2	2	4	4	5	1	1	3	3	1	2	4	3	6	2	2	1	3	2	2	2	1	0	2	2	1	4	3	1	1	1	1	3	2	1	2	2	3	1	1	0	2	2	1	4	3	3	3	3	4	3	2	3	5	1	3	2	3	3	1	1	0	0	2	6	5	2	5	2	2	2	3	3	1	2	2	3	0	0	1	1	0	2	2	4	1	3	5	3	4	6	3	4	2	2	1	2	1	5	0	0	3	1	0	0	0	1	2	4	5	0	1	2	0	3	3	3	1	8	6	5	3	9	5	6	23	16	14	8	6	3	3	3	3	3	4	2	6	1	3	1	5	7	8	7	8	13	8	1	2	3	2	2	3	2	1	2	2	3	1	3	7	36	187	0	85	111	138	69	152	172	25	22	57	61	14	8	23	29	53	46	138	83	32	43	69	48	26	24	11	43	77
0	0	0	1	6	2	0	4	1	5	1	3	2	1	3	2	2	4	3	3	4	5	1	3	2	4	1	5	2	1	4	2	3	0	6	5	1	3	1	2	0	0	5	1	1	2	4	1	4	0	5	6	5	6	7	6	2	5	5	6	3	3	1	4	2	1	4	2	5	0	3	5	4	3	3	4	4	1	1	2	0	2	3	0	0	4	2	3	2	2	4	4	2	1	2	4	6	2	0	3	6	0	5	0	3	0	3	2	0	2	3	3	5	4	2	2	1	2	1	1	8	6	2	8	7	8	4	3	9	39	18	22	7	7	4	1	3	1	2	5	5	9	3	4	4	5	11	12	17	25	8	5	3	2	4	1	2	3	1	0	1	3	3	3	7	13	33	75	85	0	392	69	33	34	53	25	19	33	60	7	11	8	19	13	12	44	138	165	211	120	21	15	13	8	27	36
0	0	0	4	4	4	3	2	6	2	5	6	1	3	3	1	0	1	1	3	3	1	0	3	2	2	2	1	4	5	0	2	2	0	0	1	2	0	2	0	0	1	1	5	4	1	1	2	3	0	5	6	5	1	3	6	7	5	2	1	3	1	0	2	1	0	4	3	0	0	4	1	0	3	5	1	2	1	3	3	0	1	0	0	1	0	2	3	3	5	1	2	0	2	2	2	4	2	2	2	3	3	1	0	0	0	0	1	3	0	2	3	2	2	1	2	1	2	4	2	3	3	3	1	2	9	7	7	10	22	16	14	14	5	2	1	1	5	2	3	6	2	4	6	5	3	10	9	11	10	11	4	8	3	3	0	1	1	4	0	3	0	3	2	10	9	29	53	111	392	0	122	34	46	31	14	19	25	40	17	3	9	19	17	21	36	84	63	84	38	16	12	14	7	14	33
0	0	0	1	5	5	3	1	6	1	3	5	0	0	2	1	5	1	0	3	2	2	5	2	0	2	2	2	0	1	2	2	1	4	3	2	5	4	1	2	0	2	3	0	4	1	0	1	1	2	2	2	5	3	5	7	3	2	2	5	7	2	0	3	1	1	4	2	0	1	1	4	3	3	8	0	1	3	1	1	1	0	1	0	1	2	4	1	1	5	4	3	2	2	2	5	0	1	3	2	4	2	0	1	0	4	2	1	2	5	2	1	3	2	1	1	2	3	4	0	4	3	4	3	3	5	4	10	5	16	6	7	10	6	1	2	2	1	0	2	3	5	6	2	5	4	7	8	8	9	8	7	5	6	2	3	3	2	0	1	2	1	7	1	6	13	24	43	138	69	122	0	106	69	24	17	20	17	28	14	8	10	27	22	31	72	65	38	23	32	18	8	16	10	15	23
0	0	0	3	4	1	5	4	1	1	3	3	4	1	3	1	2	2	1	1	0	3	4	0	0	3	6	0	1	2	1	0	0	1	0	4	0	1	1	3	1	1	1	1	2	0	3	2	0	3	3	0	3	3	3	0	4	1	2	3	2	3	4	1	2	2	0	1	3	1	2	2	3	10	6	4	2	1	3	0	2	0	0	0	3	1	1	4	1	0	2	1	5	2	3	0	4	1	1	3	1	0	2	0	1	4	0	0	1	2	4	3	4	1	4	1	1	2	2	2	5	3	4	2	5	3	3	6	3	15	11	10	6	7	3	1	1	4	3	0	1	1	3	1	2	5	5	8	5	9	5	7	1	1	1	8	1	0	1	2	1	2	3	2	2	8	19	36	69	33	34	106	0	120	28	30	11	17	14	14	9	18	29	60	136	133	26	20	13	16	17	14	26	7	21	19
0	0	0	4	5	2	7	1	2	1	2	2	1	1	1	0	1	4	2	3	0	0	4	2	0	0	2	2	1	2	2	2	0	1	1	3	2	2	0	1	1	2	2	1	2	2	3	2	1	4	3	5	3	1	2	4	6	2	2	3	1	1	0	2	0	1	2	3	2	3	1	3	5	3	4	4	0	3	2	2	0	2	2	0	1	0	1	3	2	1	2	1	0	1	0	2	2	4	3	4	3	2	0	0	0	0	2	2	2	2	2	3	2	1	2	0	0	1	1	4	3	3	2	3	1	3	7	5	5	15	13	12	4	4	3	3	6	3	1	3	4	4	1	4	4	5	3	4	6	5	4	8	9	4	5	0	4	2	7	2	0	2	7	5	5	8	28	87	152	34	46	69	120	0	97	31	20	32	24	15	18	38	71	110	203	773	51	18	29	27	41	42	38	21	54	65
0	0	0	2	1	3	1	0	1	2	2	4	1	1	0	1	2	1	5	1	0	0	0	3	0	3	3	1	2	0	2	1	0	0	3	1	0	3	1	1	2	2	1	1	0	2	2	0	0	7	2	0	3	7	3	1	6	4	1	3	3	3	2	0	3	1	0	0	1	2	2	3	2	2	4	1	1	1	0	2	2	1	1	2	1	1	1	2	1	5	0	4	4	3	4	5	1	1	0	2	2	2	0	0	2	1	1	3	3	2	2	2	2	4	2	2	2	3	3	1	2	1	4	1	3	6	2	7	6	16	4	11	7	5	2	3	2	1	4	1	4	6	6	3	2	8	3	10	7	11	1	3	3	3	4	1	1	2	2	2	0	1	2	5	6	9	32	81	172	53	31	24	28	97	0	26	29	79	133	12	13	18	19	34	30	47	28	26	21	46	75	38	39	15	57	179
0	0	0	6	1	2	4	3	1	1	1	6	3	2	0	2	0	2	1	1	3	3	3	3	2	2	1	0	3	2	2	4	1	1	4	4	6	2	0	6	1	1	0	6	2	1	1	3	1	1	3	0	4	3	9	4	6	5	6	3	5	5	6	3	5	3	2	4	6	4	4	3	3	7	5	4	1	2	2	3	2	2	3	2	1	1	3	4	9	2	4	5	4	5	7	4	4	1	12	1	5	6	1	0	1	1	2	2	3	6	6	2	5	6	4	1	6	7	1	1	4	2	6	5	3	12	6	9	10	51	34	44	32	20	6	2	4	8	6	2	4	6	4	6	8	10	13	15	12	9	14	6	10	13	7	5	3	3	2	3	6	5	9	6	14	34	314	85	25	25	14	17	30	31	26	0	106	58	21	153	89	125	37	38	22	40	58	33	45	75	67	25	18	11	28	55
0	0	0	3	5	5	4	1	4	1	2	3	4	2	2	0	1	0	4	2	1	2	0	2	1	3	0	2	2	1	0	0	2	2	3	2	3	0	2	2	2	4	2	1	0	1	0	1	0	2	1	1	5	3	6	2	3	4	4	3	2	4	2	3	1	0	2	1	3	1	2	3	1	3	3	1	2	4	4	4	3	0	1	1	1	0	1	4	5	1	3	5	3	3	3	2	2	0	1	3	4	3	1	0	4	2	0	1	5	3	9	5	2	4	3	2	0	2	4	4	1	5	7	2	5	4	6	1	8	25	28	51	31	9	6	3	1	3	5	10	10	4	3	1	6	6	11	11	12	7	8	2	8	1	4	1	3	0	3	2	7	3	12	15	13	25	97	58	22	19	19	20	11	20	29	106	0	117	39	158	62	34	25	22	22	21	16	22	27	60	297	61	26	13	53	101
0	0	0	3	2	1	0	6	4	0	1	2	1	2	1	1	2	2	1	0	1	4	3	0	1	0	6	1	0	1	1	1	0	1	3	1	3	1	0	3	2	1	0	2	1	0	2	2	3	1	3	1	2	1	5	4	6	2	2	1	1	0	0	3	3	2	1	4	2	3	0	3	0	2	5	3	4	3	1	3	1	2	2	0	3	5	5	3	3	2	4	2	1	2	5	1	3	2	1	4	3	0	2	1	2	0	5	1	1	3	6	5	1	3	4	1	1	3	2	6	5	3	2	4	4	5	7	5	5	14	17	39	15	11	7	3	3	2	3	6	6	2	4	4	5	7	2	11	12	12	0	8	8	4	1	4	3	5	2	3	2	5	1	6	14	27	66	91	57	33	25	17	17	32	79	58	117	0	124	44	37	16	33	24	13	35	39	23	45	135	387	34	22	19	42	549
0	0	0	2	4	3	2	4	1	3	3	1	0	2	0	4	2	0	0	3	3	0	2	3	1	0	1	2	1	3	1	1	2	1	1	1	2	3	0	4	1	0	1	0	0	2	2	2	3	1	3	1	1	2	2	2	2	3	1	2	2	0	0	1	1	2	2	5	0	1	1	1	2	2	1	4	2	3	2	0	1	0	3	0	2	0	2	5	5	1	2	2	3	5	3	6	4	1	2	5	2	0	0	1	2	1	1	1	1	4	3	6	4	5	1	0	1	2	2	6	1	9	5	3	3	6	5	4	4	16	19	16	13	5	6	1	2	2	6	4	3	7	3	6	7	4	3	8	12	5	11	4	2	7	4	2	1	1	3	8	1	4	9	5	5	16	35	71	61	60	40	28	14	24	133	21	39	124	0	22	18	16	11	12	17	32	37	32	53	98	70	22	22	12	26	113
0	0	0	1	2	0	2	4	1	0	0	2	1	1	1	1	0	4	1	4	4	1	2	2	2	2	1	4	2	1	3	4	1	2	2	3	6	2	4	2	3	2	1	2	1	1	3	4	0	2	3	4	4	4	2	6	6	5	5	0	0	1	3	3	6	5	2	8	1	5	2	5	2	3	3	7	4	6	3	2	1	1	2	2	2	0	2	5	6	4	4	6	2	5	7	4	2	4	4	4	4	1	3	3	2	3	6	5	4	8	4	2	5	4	7	1	3	4	3	2	6	5	1	3	1	11	11	13	9	25	33	89	102	23	11	3	7	6	9	7	13	6	4	6	9	12	7	13	14	6	6	7	8	4	7	2	5	3	4	7	5	6	10	6	18	63	97	30	14	7	17	14	14	15	12	153	158	44	22	0	380	63	28	15	13	18	23	13	16	40	55	22	15	9	24	33
0	0	0	4	3	0	2	3	3	0	1	3	3	0	2	1	1	2	1	7	3	1	1	1	1	0	1	1	3	4	1	2	2	2	2	3	3	2	3	0	1	5	4	4	2	1	3	0	1	2	2	3	2	2	3	2	7	5	3	2	3	3	2	2	3	2	3	3	1	6	7	5	1	2	5	5	3	3	2	3	2	3	1	1	2	1	1	0	9	3	4	5	2	7	5	4	4	4	5	4	3	0	5	0	3	0	5	3	4	8	4	3	5	5	1	3	2	3	5	8	5	7	4	5	9	8	15	13	11	18	20	42	99	34	10	6	7	9	9	7	10	7	13	7	9	9	8	6	10	4	7	5	7	9	11	5	1	4	6	10	3	3	12	6	25	37	42	22	8	11	3	8	9	18	13	89	62	37	18	380	0	92	16	22	14	13	11	15	16	25	38	23	15	7	16	22
0	0	0	8	5	3	9	4	2	2	5	5	4	5	1	0	2	1	2	4	3	5	5	1	1	3	3	2	3	0	2	0	4	3	3	1	2	4	2	2	2	4	1	0	0	2	1	5	1	2	7	2	4	4	6	2	6	2	4	2	4	6	2	3	1	3	6	3	5	3	3	4	0	0	4	3	1	4	1	1	0	4	1	2	0	0	2	1	5	6	3	1	2	1	1	4	2	0	4	2	4	0	3	1	1	0	1	4	5	2	4	2	3	4	3	2	1	4	1	4	6	2	1	6	0	9	7	9	12	15	9	18	24	10	8	3	5	7	2	6	5	9	3	4	5	11	6	5	7	5	5	0	6	5	8	1	2	3	3	3	3	2	3	7	11	20	33	36	23	8	9	10	18	38	18	125	34	16	16	63	92	0	98	50	23	38	24	16	9	26	41	40	28	17	39	23
0	0	0	4	5	4	4	3	4	3	5	5	3	3	2	4	1	4	0	5	0	2	1	1	2	0	2	2	2	0	2	1	0	3	2	1	1	1	0	4	0	3	0	4	2	1	4	1	1	5	2	3	2	5	5	3	4	3	2	3	3	5	3	1	2	3	1	2	5	2	1	7	5	3	5	4	5	0	2	0	1	2	2	2	0	1	2	2	2	3	0	2	6	2	4	5	1	2	2	1	4	1	1	1	4	2	1	4	3	3	2	2	3	1	3	0	0	4	4	2	1	4	2	3	5	5	8	6	15	11	15	6	11	9	5	4	3	5	6	1	6	4	1	2	6	12	7	6	11	7	10	5	6	1	3	2	6	0	3	2	3	1	4	5	4	13	20	77	29	19	19	27	29	71	19	37	25	33	11	28	16	98	0	605	83	122	41	16	22	18	30	19	51	33	44	41
0	0	0	5	3	4	3	3	4	4	2	5	4	4	0	3	2	0	3	4	6	3	2	2	2	0	2	2	2	2	3	1	1	1	1	0	4	2	1	0	4	3	0	5	0	2	0	2	0	0	6	3	3	3	3	4	2	2	4	2	5	3	4	2	1	2	1	2	2	3	4	3	3	2	3	6	4	2	2	0	2	1	1	2	0	0	2	2	5	4	5	2	1	3	4	5	1	2	6	4	2	4	0	1	2	2	2	3	2	2	1	3	2	0	3	1	3	2	0	2	3	6	3	3	1	4	4	5	4	14	10	5	14	5	6	3	3	4	3	3	5	3	2	3	2	5	7	10	8	10	4	9	4	8	3	0	1	3	1	0	4	2	2	3	4	8	19	55	53	13	17	22	60	110	34	38	22	24	12	15	22	50	605	0	243	177	32	19	10	20	20	33	60	30	49	30
0	0	0	3	3	6	1	6	2	0	2	1	2	1	1	2	1	0	3	4	1	0	2	2	2	0	2	1	2	1	4	0	1	1	1	1	2	2	0	2	3	1	4	1	1	0	1	2	0	1	5	2	0	1	5	5	2	2	0	3	2	6	2	0	2	1	2	2	4	0	2	6	2	1	1	6	5	3	2	2	2	2	3	0	1	1	1	4	1	3	3	1	1	0	5	1	2	2	1	2	2	1	3	1	2	1	0	0	1	2	1	2	3	0	2	1	3	2	0	1	3	2	4	3	0	2	4	4	6	8	9	7	4	6	4	0	0	1	3	7	3	2	1	2	3	2	6	4	3	4	3	3	8	4	1	2	2	4	2	2	2	1	4	2	5	7	14	33	46	12	21	31	136	203	30	22	22	13	17	13	14	23	83	243	0	207	19	11	18	18	22	39	50	36	50	27
0	0	0	5	7	1	4	2	2	4	0	2	1	4	1	0	0	4	5	3	2	2	2	3	3	4	2	5	4	3	4	1	0	2	2	2	3	0	4	0	3	2	2	1	2	4	1	2	3	2	4	4	3	2	5	6	2	1	2	5	2	3	2	1	2	1	1	3	1	2	3	3	1	1	2	2	3	3	1	1	3	4	1	1	2	1	1	2	2	3	1	1	2	4	2	0	3	1	4	2	1	2	1	2	2	1	2	4	1	4	2	5	2	1	1	3	1	0	2	4	1	2	1	4	5	5	10	2	7	15	11	14	15	8	8	4	6	2	6	5	3	2	4	4	4	7	5	5	5	5	5	3	4	2	3	2	0	0	2	2	1	1	1	2	3	11	28	102	138	44	36	72	133	773	47	40	21	35	32	18	13	38	122	177	207	0	51	19	20	32	32	25	38	25	64	52
0	0	0	4	2	6	5	2	5	1	3	3	0	0	1	1	3	1	0	2	1	4	0	1	1	0	0	1	3	1	4	3	2	1	2	1	2	4	1	1	2	4	3	2	3	2	4	0	0	5	3	4	4	3	9	6	8	5	5	4	1	2	1	4	0	5	1	4	2	3	2	4	3	4	7	8	3	4	0	2	1	0	1	2	2	0	1	4	7	0	5	4	2	4	9	6	6	2	3	5	1	1	0	0	2	1	1	1	2	5	1	5	2	0	1	1	1	3	2	4	5	2	3	3	3	13	11	9	12	50	19	20	11	7	3	5	4	1	2	5	3	2	3	3	7	8	8	18	20	26	19	10	10	5	11	3	3	2	4	1	1	2	9	8	5	24	82	172	83	138	84	65	26	51	28	58	16	39	37	23	11	24	41	32	19	51	0	153	89	114	26	7	12	8	19	36
0	0	0	3	6	0	4	1	2	0	1	4	2	2	1	4	0	1	1	1	1	0	1	3	1	5	3	3	4	3	3	2	1	0	3	4	1	3	1	2	4	3	1	3	3	3	2	3	3	4	7	4	10	4	8	8	6	5	3	5	2	3	3	2	2	0	0	3	1	3	2	3	2	8	4	3	7	2	2	4	4	2	0	0	2	4	5	6	10	2	0	4	2	8	4	7	6	5	6	5	4	2	1	2	3	2	3	0	2	2	3	4	1	2	3	1	3	1	1	4	3	11	5	3	5	11	14	7	13	87	35	26	10	10	2	1	5	1	2	4	9	5	8	5	7	5	10	20	49	34	23	20	11	7	4	2	0	1	2	1	3	3	5	8	8	25	59	52	32	165	63	38	20	18	26	33	22	23	32	13	15	16	16	19	11	19	153	0	426	105	17	15	12	7	9	30
0	0	0	3	2	3	1	2	3	2	2	2	1	1	0	2	2	4	0	1	2	3	1	3	2	2	3	6	3	2	3	2	2	0	1	0	4	2	0	3	0	2	1	3	2	6	2	4	2	1	3	4	3	3	4	7	5	7	8	4	3	0	3	1	5	0	2	4	1	2	3	5	1	4	5	5	1	3	3	1	2	2	4	7	1	3	1	4	1	3	2	4	3	4	1	4	6	4	3	2	2	5	4	1	2	2	3	0	1	2	2	4	1	1	1	3	4	2	4	3	5	1	2	4	6	7	6	13	18	50	39	19	10	4	4	0	5	4	3	8	4	7	2	9	10	11	12	27	27	27	14	11	10	7	2	1	1	1	3	2	3	3	4	6	12	24	65	70	43	211	84	23	13	29	21	45	27	45	53	16	16	9	22	10	18	20	89	426	0	180	29	12	10	9	19	31
0	0	0	4	2	3	1	3	1	2	6	4	0	1	3	0	2	2	0	5	2	1	1	3	1	0	2	1	3	3	1	3	3	1	1	2	5	2	2	1	2	0	3	5	1	0	2	3	2	5	4	4	4	4	4	3	6	6	3	4	4	2	1	2	1	0	3	3	2	2	3	3	2	8	5	2	1	5	3	2	3	1	3	5	3	0	1	3	4	3	2	4	2	3	2	7	8	1	3	4	6	0	1	2	2	1	2	2	3	5	6	4	4	1	2	4	4	2	2	6	3	4	7	4	6	4	13	6	21	64	33	36	19	7	8	2	9	2	2	6	8	6	5	5	8	7	12	14	31	21	11	11	10	11	8	6	1	2	4	1	1	8	6	4	13	39	173	154	69	120	38	32	16	27	46	75	60	135	98	40	25	26	18	20	18	32	114	105	180	0	52	22	12	11	26	96
0	0	0	4	3	1	2	3	3	4	3	1	4	2	1	0	0	2	1	7	1	3	1	1	2	1	3	1	1	0	3	1	3	1	1	5	0	2	0	0	2	2	1	3	4	4	0	3	3	1	2	0	2	0	5	4	7	2	3	2	1	0	2	1	2	3	5	4	4	2	1	6	1	1	4	4	2	1	3	0	0	1	0	0	3	3	2	5	2	3	2	2	2	2	4	3	3	4	4	5	3	0	2	1	1	2	0	3	1	4	5	4	2	1	2	0	0	2	2	3	5	3	2	2	4	3	5	8	7	18	25	30	18	6	4	0	3	2	5	7	7	2	4	1	3	5	4	9	8	13	7	3	4	7	5	2	1	2	0	1	1	10	4	4	13	17	70	84	48	21	16	18	17	41	75	67	297	387	70	55	38	41	30	20	22	32	26	17	29	52	0	66	46	27	82	373
0	0	0	4	3	1	2	3	2	2	1	0	3	1	2	1	1	1	1	5	3	1	1	2	2	1	1	1	3	0	2	3	0	1	2	1	0	1	1	1	1	1	2	2	1	3	2	2	2	2	4	2	4	4	2	4	2	1	4	4	2	1	2	0	0	0	1	5	2	2	2	2	2	2	4	5	1	3	3	1	1	1	0	2	0	2	2	1	2	1	1	4	4	1	5	4	2	3	2	1	1	3	2	2	0	0	1	6	3	3	8	1	2	2	3	2	2	4	0	2	3	3	4	2	2	4	2	3	4	8	6	17	10	8	3	3	2	6	4	6	3	2	2	4	6	3	8	3	5	3	4	2	3	5	1	5	1	7	2	3	2	2	5	5	6	7	20	31	26	15	12	8	14	42	38	25	61	34	22	22	23	40	19	33	39	25	7	15	12	22	66	0	175	41	459	58
0	0	0	5	6	1	3	1	1	1	2	5	1	1	2	0	2	6	0	5	3	1	3	1	1	2	0	0	1	0	1	1	0	1	3	1	2	2	2	1	2	1	0	3	3	2	2	0	1	0	2	1	1	3	0	1	1	5	2	1	1	5	1	4	1	2	2	1	3	0	1	3	4	3	4	1	1	1	1	1	0	1	0	0	1	1	1	1	1	1	3	3	2	6	2	2	3	2	1	2	1	1	3	0	1	0	1	1	1	1	2	1	1	0	2	1	2	1	1	0	2	2	5	1	3	4	2	2	4	7	12	11	15	8	3	6	2	3	2	2	4	4	3	3	4	1	5	5	6	4	6	3	7	6	2	1	3	3	4	4	2	1	7	3	6	9	15	26	24	13	14	16	26	38	39	18	26	22	22	15	15	28	51	60	50	38	12	12	10	12	46	175	0	141	271	43
0	0	0	1	1	3	3	0	0	0	5	2	3	1	1	2	1	4	1	2	1	0	0	0	1	0	0	1	1	2	1	1	1	1	2	0	2	3	0	1	0	3	0	0	2	3	2	0	1	2	0	3	3	3	1	3	2	0	1	0	2	2	1	0	1	1	4	2	3	2	5	1	0	1	4	2	3	1	0	2	2	1	0	0	1	1	1	3	4	1	0	1	5	3	3	3	3	2	1	2	4	1	0	2	3	1	1	3	0	1	5	2	2	2	2	1	1	5	1	2	0	2	2	1	0	3	3	6	2	5	3	6	5	4	6	3	2	3	4	4	4	4	2	4	4	4	2	3	2	4	0	3	2	6	2	1	0	1	2	4	2	0	4	2	4	8	5	15	11	8	7	10	7	21	15	11	13	19	12	9	7	17	33	30	36	25	8	7	9	11	27	41	141	0	42	13
0	0	0	2	3	5	1	2	1	4	3	1	2	1	4	0	1	2	3	1	2	2	2	2	0	2	2	1	0	0	0	2	2	1	2	4	1	1	3	0	0	1	3	1	3	1	1	0	2	1	2	1	1	1	0	4	4	1	3	3	2	1	3	4	1	4	2	2	1	1	1	1	2	1	4	2	2	3	1	0	1	2	1	2	1	1	0	1	4	2	2	3	5	3	2	5	1	1	0	4	3	1	0	1	1	2	6	2	4	2	2	5	4	1	4	2	0	1	0	3	4	1	2	1	1	5	4	2	5	9	12	8	9	4	6	3	4	4	4	6	2	4	3	2	5	5	3	5	11	4	4	4	5	2	5	1	0	1	1	1	3	1	4	5	8	6	29	45	43	27	14	15	21	54	57	28	53	42	26	24	16	39	44	49	50	64	19	9	19	26	82	459	271	42	0	94
0	0	0	3	2	1	4	2	1	1	1	3	1	0	2	1	1	1	0	0	4	1	2	0	1	2	2	2	1	1	1	0	1	2	0	1	1	0	1	2	1	4	2	5	1	4	1	1	4	2	0	1	6	2	4	1	1	3	4	3	1	3	5	0	1	1	2	1	3	2	1	1	0	1	5	0	3	2	3	1	2	2	1	2	1	3	0	2	2	0	1	5	2	1	5	3	0	4	4	2	2	4	1	1	1	2	0	0	1	2	3	6	1	1	0	3	5	3	1	1	5	3	1	4	4	4	6	7	12	21	19	18	10	12	5	4	3	5	2	1	4	4	4	6	5	4	7	7	9	8	8	8	7	3	2	5	0	0	1	1	6	4	10	7	9	17	69	158	77	36	33	23	19	65	179	55	101	549	113	33	22	23	41	30	27	52	36	30	31	96	373	58	43	13	94	0
