0	0	0	0	0	0	0	0	0	0	0	0	0	0	0	0	0	0	0	0	0	0	0	0	0	0	0	0	0	0	0	0	0	0	0	0	0	0	0	0	0	0	0	0	0	0	0	0	0	0	0	0	0	0	0	0	0	0	0	0	0	0	0	0	0	0	0	0	0	0	0	0	0	0	0	0	0	0	0	0	0	0	0	0	0	0	0	0	0	0	0	0	0	0	0	0	0	0	0	0	0	0	0	0	0	0	0	0	0	0	0	0	0	0	0	0	0	0	0	0	0	0	0	0	0
0	0	0	0	0	0	0	0	0	0	0	0	0	0	0	0	0	0	0	0	0	0	0	0	0	0	0	0	0	0	0	0	0	0	0	0	0	0	0	0	0	0	0	0	0	0	0	0	0	0	0	0	0	0	0	0	0	0	0	0	0	0	0	0	0	0	0	0	0	0	0	0	0	0	0	0	0	0	0	0	0	0	0	0	0	0	0	0	0	0	0	0	0	0	0	0	0	0	0	0	0	0	0	0	0	0	0	0	0	0	0	0	0	0	0	0	0	0	0	0	0	0	0	0	0
0	0	0	0	0	0	0	0	0	0	0	0	0	0	0	0	0	0	0	0	0	0	0	0	0	0	0	0	0	0	0	0	0	0	0	0	0	0	0	0	0	0	0	0	0	0	0	0	0	0	0	0	0	0	0	0	0	0	0	0	0	0	0	0	0	0	0	0	0	0	0	0	0	0	0	0	0	0	0	0	0	0	0	0	0	0	0	0	0	0	0	0	0	0	0	0	0	0	0	0	0	0	0	0	0	0	0	0	0	0	0	0	0	0	0	0	0	0	0	0	0	0	0	0	0
0	0	0	0	38	13	21	17	7	4	4	11	6	8	5	9	7	8	11	16	14	21	8	5	7	3	1	4	2	4	3	8	8	2	2	4	15	5	3	3	6	1	3	4	4	2	1	3	4	2	2	5	6	3	2	3	4	0	6	3	6	1	5	5	1	3	2	3	1	4	1	2	1	0	2	0	1	1	0	2	0	3	3	2	2	4	2	3	2	3	2	0	0	1	1	0	6	3	4	5	5	6	1	0	3	3	0	0	0	1	0	1	0	0	1	2	2	0	3	1	1	3	6	4	1
0	0	0	38	0	98	56	62	25	21	14	15	24	37	40	16	16	15	24	17	51	247	26	8	3	8	8	2	7	14	10	16	13	10	1	6	14	14	8	12	9	15	7	5	19	6	5	8	5	2	2	6	4	10	6	6	7	6	6	5	3	7	5	8	4	4	4	2	5	3	3	2	2	1	2	2	5	3	0	2	1	0	2	2	2	4	1	1	1	3	1	3	3	5	3	3	3	0	1	3	7	1	4	3	2	1	1	3	1	0	1	0	2	3	1	2	2	3	2	0	5	0	2	5	3
0	0	0	13	98	0	132	55	28	15	26	8	18	20	44	39	17	10	11	20	81	67	12	4	8	3	5	8	11	4	12	15	23	12	5	7	30	28	8	2	21	17	18	2	22	7	2	3	5	0	5	7	9	10	3	4	7	7	1	6	7	8	8	9	7	4	2	2	1	5	4	2	3	4	0	1	2	3	2	4	1	3	7	3	2	3	2	3	6	0	0	2	7	2	3	4	9	4	4	6	10	3	8	5	3	6	2	4	1	1	0	1	1	0	1	0	2	2	5	5	4	4	13	7	4
0	0	0	21	56	132	0	104	23	14	19	13	9	6	20	12	7	10	8	10	28	22	10	4	7	3	6	1	6	3	7	7	18	9	8	9	14	23	13	5	11	13	5	5	10	10	6	3	6	3	2	4	3	3	3	3	1	5	6	7	7	6	5	3	1	7	3	0	0	0	1	2	1	1	2	1	0	1	0	0	0	3	1	4	1	1	1	3	1	4	2	5	5	4	3	2	5	5	5	6	4	4	5	4	1	1	2	0	0	0	0	1	1	0	1	0	0	3	1	1	1	1	4	8	2
0	0	0	17	62	55	104	0	50	9	28	18	17	16	20	5	13	9	7	16	21	31	9	7	8	4	10	3	6	14	7	11	12	6	7	12	16	30	11	5	12	11	11	4	9	7	1	3	8	7	3	3	1	10	4	2	2	2	7	1	10	6	8	7	5	5	1	1	1	1	1	1	2	0	0	1	0	2	0	0	3	0	3	1	1	2	3	0	3	4	1	2	2	2	0	4	4	7	3	5	3	3	4	5	1	3	4	4	0	0	0	2	1	1	2	0	2	2	4	0	2	3	7	1	3
0	0	0	7	25	28	23	50	0	90	99	117	63	16	31	8	10	5	10	5	19	21	22	11	6	6	17	10	19	28	26	56	22	9	12	13	26	53	22	19	15	11	6	7	12	9	5	7	16	10	4	5	6	9	7	2	3	5	10	4	19	14	11	8	8	2	2	1	6	2	0	4	0	2	0	0	7	3	1	2	0	2	2	9	7	1	3	2	5	1	2	0	0	2	1	1	3	5	9	6	2	3	5	10	2	1	5	3	3	2	1	2	1	1	0	3	1	0	1	2	0	4	6	2	1
0	0	0	4	21	15	14	9	90	0	110	63	34	20	38	23	16	8	7	5	27	19	28	10	5	7	15	13	47	89	98	315	46	18	16	22	67	60	52	47	25	48	21	11	12	10	6	11	20	12	8	9	4	17	8	6	4	2	9	11	28	29	25	9	11	3	2	4	3	6	2	1	6	2	4	2	3	1	0	1	2	1	7	10	5	3	0	3	9	4	5	5	2	7	2	8	3	3	10	10	8	4	9	7	4	8	4	5	2	1	3	2	1	1	1	1	1	3	4	7	1	3	7	7	5
0	0	0	4	14	26	19	28	99	110	0	41	18	12	27	16	7	4	6	7	17	11	20	7	6	3	4	11	26	45	26	47	24	17	19	27	52	342	62	30	33	24	12	5	6	6	3	5	10	5	6	6	2	11	3	2	4	3	6	11	11	21	11	5	8	4	0	3	2	3	3	1	1	3	1	2	4	1	0	3	0	4	12	11	3	1	0	3	3	10	5	4	6	5	2	2	3	2	5	8	9	4	2	5	3	3	1	1	2	3	1	2	1	3	0	1	3	1	2	3	2	5	6	3	3
0	0	0	11	15	8	13	18	117	63	41	0	86	20	17	12	19	8	4	6	13	16	18	17	8	5	17	11	35	54	25	54	18	9	7	12	19	31	17	18	9	10	10	9	5	6	3	6	10	5	6	4	6	11	6	1	3	4	7	9	18	11	8	6	6	7	2	1	3	1	6	3	1	1	0	1	2	1	1	0	5	1	3	5	4	1	0	2	7	3	3	2	4	1	6	3	0	2	2	8	4	4	4	5	3	2	4	2	0	1	1	2	3	1	2	0	3	1	2	2	2	2	0	3	1
0	0	0	6	24	18	9	17	63	34	18	86	0	55	34	8	18	12	10	13	14	26	42	37	6	15	25	19	19	24	20	42	15	7	11	2	17	23	19	13	11	9	13	11	18	7	5	5	10	12	6	8	8	12	10	1	4	4	8	10	16	9	13	6	5	2	4	2	0	2	2	2	2	1	3	1	1	1	1	3	2	2	0	2	3	2	1	4	3	4	4	1	3	1	1	2	4	3	6	2	4	2	5	1	4	1	2	4	1	1	0	2	2	1	3	1	2	3	0	3	4	0	3	1	1
0	0	0	8	37	20	6	16	16	20	12	20	55	0	43	14	51	23	17	27	40	74	867	34	11	10	14	5	8	11	23	13	14	3	7	7	13	9	5	1	8	10	16	8	28	10	3	3	15	13	7	8	11	17	3	6	8	4	13	9	6	7	13	11	10	12	5	1	1	1	2	1	3	4	1	2	2	1	3	0	1	5	4	3	4	3	0	0	0	4	6	0	2	1	2	3	2	3	5	8	5	1	1	4	3	8	5	0	1	0	2	1	1	0	4	0	3	2	3	2	3	5	2	3	1
0	0	0	5	40	44	20	20	31	38	27	17	34	43	0	55	63	30	20	21	148	67	48	15	11	10	16	8	13	15	26	50	88	25	5	10	43	12	11	19	14	30	46	25	53	16	9	6	23	13	10	6	15	38	13	8	9	11	11	8	16	12	12	18	12	8	5	1	6	8	6	5	5	0	3	1	4	3	0	3	2	1	6	2	2	3	1	7	6	4	5	2	5	3	4	3	0	8	8	23	7	3	10	8	4	5	6	2	1	0	1	4	3	1	1	3	0	2	3	3	5	9	9	9	3
0	0	0	9	16	39	12	5	8	23	16	12	8	14	55	0	16	9	12	15	48	25	18	8	5	8	5	7	15	9	16	24	79	21	13	18	64	21	23	22	29	40	45	18	69	31	7	6	9	9	10	7	12	29	9	11	12	12	7	11	11	11	17	18	12	7	3	3	3	3	3	1	3	3	3	0	4	1	4	3	2	3	3	5	3	3	3	6	9	6	5	2	2	8	3	2	7	10	22	25	14	9	7	10	9	6	8	4	4	3	4	3	4	2	3	4	3	2	1	7	8	13	23	17	5
0	0	0	7	16	17	7	13	10	16	7	19	18	51	63	16	0	50	21	20	27	27	47	29	26	47	23	13	16	19	40	34	37	10	4	11	10	10	4	10	8	13	129	23	50	31	8	16	69	31	33	28	36	109	25	12	17	9	49	23	17	19	37	30	25	8	3	4	5	1	8	6	5	2	1	3	3	9	0	0	2	1	8	12	5	3	1	2	8	5	4	3	5	3	3	4	3	6	7	13	5	5	3	11	10	13	10	3	2	2	2	4	1	0	5	1	3	4	2	5	2	8	12	4	2
0	0	0	8	15	10	10	9	5	8	4	8	12	23	30	9	50	0	68	20	13	16	41	24	35	113	14	8	7	7	11	13	11	3	5	5	10	4	5	6	4	11	29	26	24	9	7	17	22	14	21	35	44	34	6	13	12	17	19	6	11	4	9	10	11	5	3	5	2	6	4	1	2	4	0	1	4	2	1	0	3	4	6	1	2	3	0	4	2	3	2	3	4	4	2	2	4	2	4	6	13	7	2	6	6	7	5	1	1	3	2	4	3	0	0	0	4	3	1	2	4	7	11	4	4
0	0	0	11	24	11	8	7	10	7	6	4	10	17	20	12	21	68	0	107	31	20	26	8	11	28	8	6	9	6	15	6	14	2	4	3	7	4	6	7	8	6	22	29	33	6	10	6	10	6	12	11	16	29	12	11	17	29	14	3	4	2	6	15	8	7	5	2	1	3	7	2	3	2	2	1	3	1	6	3	0	0	4	5	5	2	2	3	1	3	5	3	2	1	3	1	1	2	9	7	10	5	8	5	1	5	5	3	1	2	1	2	1	2	1	1	4	4	4	4	2	10	9	8	2
0	0	0	16	17	20	10	16	5	5	7	6	13	27	21	15	20	20	107	0	24	31	22	8	10	13	7	3	6	4	8	7	4	9	5	1	4	6	4	5	4	5	17	5	15	6	6	4	9	6	8	6	9	6	6	7	10	11	7	1	4	4	5	7	11	7	8	5	4	3	5	3	4	3	1	1	2	0	1	2	1	1	4	7	2	0	1	3	0	3	6	2	1	7	1	6	4	3	2	6	5	3	3	1	1	3	1	2	1	0	0	2	3	1	0	0	0	1	1	5	1	4	3	7	2
0	0	0	14	51	81	28	21	19	27	17	13	14	40	148	48	27	13	31	24	0	154	29	4	8	11	5	3	7	9	17	15	34	10	6	11	27	11	11	14	12	16	33	16	41	17	6	8	7	9	3	7	13	17	5	9	12	6	7	4	9	7	6	15	7	9	3	1	2	4	1	3	3	0	0	1	3	2	2	3	1	2	3	4	2	3	1	4	1	2	3	2	4	6	3	3	2	3	5	11	8	4	9	6	4	6	2	6	1	1	0	2	2	0	5	1	4	3	1	1	4	4	12	8	3
0	0	0	21	247	67	22	31	21	19	11	16	26	74	67	25	27	16	20	31	154	0	40	11	4	14	8	8	7	14	17	15	24	9	5	7	13	19	8	8	7	15	19	14	14	10	4	3	11	3	3	7	8	12	8	4	7	4	16	5	1	5	10	9	8	5	5	4	2	4	2	2	2	4	0	1	3	2	2	0	4	4	0	6	2	3	1	1	1	4	1	4	1	6	2	3	2	3	8	7	7	8	2	3	5	2	3	3	0	2	1	0	2	1	3	2	2	0	3	1	6	6	7	5	6
0	0	0	8	26	12	10	9	22	28	20	18	42	867	48	18	47	41	26	22	29	40	0	55	22	26	22	10	11	14	21	21	22	4	4	5	17	7	7	8	9	10	23	6	16	11	6	5	28	14	6	14	16	21	4	3	6	15	13	6	13	9	9	13	7	10	6	3	2	5	4	3	1	2	2	0	3	2	2	1	2	2	3	5	1	5	1	1	4	3	3	5	1	2	1	2	3	4	7	8	4	2	4	5	2	7	3	4	1	3	2	3	2	1	1	2	2	0	4	3	2	4	7	5	0
0	0	0	5	8	4	4	7	11	10	7	17	37	34	15	8	29	24	8	8	4	11	55	0	67	51	77	37	11	9	13	15	7	6	5	5	7	5	5	7	5	7	5	17	6	5	1	10	21	19	20	15	10	11	12	8	3	5	19	16	8	4	10	9	5	6	3	2	1	3	1	0	1	1	1	2	3	2	2	2	4	6	1	6	7	3	0	1	5	4	1	2	2	0	1	2	1	2	4	0	4	3	0	6	1	8	7	0	1	2	1	1	1	1	0	2	0	3	1	3	1	5	5	4	2
0	0	0	7	3	8	7	8	6	5	6	8	6	11	11	5	26	35	11	10	8	4	22	67	0	127	39	20	5	9	10	11	11	12	3	6	3	4	4	8	5	14	10	12	7	14	11	10	33	27	34	24	21	20	10	8	3	2	19	9	8	6	12	13	6	5	3	4	3	6	7	6	5	1	3	0	2	8	5	2	2	4	3	2	3	2	2	3	4	2	4	4	5	3	1	2	1	0	2	3	1	2	6	3	2	8	5	4	2	3	2	2	1	1	0	1	4	3	0	2	5	6	2	8	1
0	0	0	3	8	3	3	4	6	7	3	5	15	10	10	8	47	113	28	13	11	14	26	51	127	0	21	12	6	13	13	11	9	4	2	4	9	2	7	5	4	6	17	26	13	11	13	12	40	28	39	57	56	39	13	11	8	9	33	9	8	5	8	21	12	6	4	5	3	6	7	0	1	4	0	1	2	4	4	2	6	1	5	2	7	0	5	6	2	3	1	4	4	3	2	0	4	2	5	4	2	2	3	7	10	7	5	4	1	1	2	2	1	1	2	2	2	1	0	5	7	4	7	3	3
0	0	0	1	8	5	6	10	17	15	4	17	25	14	16	5	23	14	8	7	5	8	22	77	39	21	0	120	22	19	40	28	10	5	7	10	12	8	7	8	4	8	17	13	6	12	4	12	89	60	26	14	18	28	12	7	8	3	21	25	18	9	14	18	10	5	1	2	2	6	1	4	4	3	5	0	6	0	2	1	0	2	6	7	7	3	1	3	5	7	2	2	5	2	4	1	3	2	5	7	4	1	9	7	6	5	1	3	2	3	3	2	5	2	1	1	0	2	1	1	2	6	3	4	4
0	0	0	4	2	8	1	3	10	13	11	11	19	5	8	7	13	8	6	3	3	8	10	37	20	12	120	0	38	32	39	32	7	4	7	11	7	5	19	10	5	10	9	7	11	10	5	17	42	33	10	4	13	10	6	7	3	3	20	41	18	13	14	12	10	3	4	2	1	6	3	5	3	3	3	1	4	4	4	4	3	2	6	7	9	3	4	1	13	3	0	2	1	5	3	1	2	2	4	6	6	3	2	6	6	5	2	4	3	3	3	3	3	1	3	2	3	3	5	4	2	2	7	2	2
0	0	0	2	7	11	6	6	19	47	26	35	19	8	13	15	16	7	9	6	7	7	11	11	5	6	22	38	0	529	64	74	16	10	16	14	16	18	65	26	15	14	11	5	7	7	3	9	14	10	6	1	6	13	8	3	5	2	9	18	38	31	16	10	5	6	4	3	2	2	3	1	3	2	2	3	2	5	1	3	1	0	13	7	3	1	4	3	13	9	1	5	4	5	2	5	1	4	11	6	6	3	5	7	4	3	1	0	4	2	1	1	0	3	3	1	2	3	1	3	4	3	4	3	4
0	0	0	4	14	4	3	14	28	89	45	54	24	11	15	9	19	7	6	4	9	14	14	9	9	13	19	32	529	0	127	226	23	8	13	16	27	18	55	31	14	18	18	8	9	9	6	3	23	21	9	6	5	21	13	8	4	4	12	25	61	31	24	10	11	5	4	1	0	2	3	5	3	4	0	2	6	2	0	1	0	4	10	7	2	3	1	1	16	9	2	4	2	5	1	3	7	5	5	7	8	3	8	5	2	6	5	1	2	4	3	1	2	2	0	3	1	1	1	0	3	2	9	6	1
0	0	0	3	10	12	7	7	26	98	26	25	20	23	26	16	40	11	15	8	17	17	21	13	10	13	40	39	64	127	0	365	44	17	21	23	28	20	33	38	15	23	22	15	15	13	8	6	56	36	23	5	12	26	14	6	5	6	19	34	89	32	46	25	5	5	5	7	2	6	4	4	4	2	0	2	4	2	1	3	4	5	9	9	4	4	3	4	15	7	5	2	3	5	6	0	7	5	4	6	11	3	5	11	4	5	2	3	4	3	0	5	3	0	4	2	1	3	0	4	4	3	4	3	4
0	0	0	8	16	15	7	11	56	315	47	54	42	13	50	24	34	13	6	7	15	15	21	15	11	11	28	32	74	226	365	0	36	18	9	12	29	25	55	35	24	28	18	14	14	13	7	11	28	26	9	4	11	31	18	5	6	2	12	27	54	35	32	15	17	3	7	4	6	3	3	4	6	4	2	1	0	3	1	2	2	4	6	9	4	4	3	6	8	8	2	5	8	4	3	2	4	3	7	7	11	3	7	8	9	4	2	0	7	0	4	0	0	2	0	0	2	3	4	4	1	3	12	3	2
0	0	0	8	13	23	18	12	22	46	24	18	15	14	88	79	37	11	14	4	34	24	22	7	11	9	10	7	16	23	44	36	0	70	11	24	87	19	18	52	29	120	70	27	124	48	16	11	13	11	18	9	8	36	13	18	9	14	21	15	21	31	65	42	33	15	6	7	2	9	11	3	7	5	4	5	2	2	3	1	1	3	6	13	7	3	1	6	7	9	0	3	4	2	6	2	6	11	13	21	12	12	13	18	17	9	3	3	5	3	3	6	1	2	1	1	2	4	3	8	8	7	26	14	6
0	0	0	2	10	12	9	6	9	18	17	9	7	3	25	21	10	3	2	9	10	9	4	6	12	4	5	4	10	8	17	18	70	0	41	95	32	15	18	95	70	210	28	21	27	51	20	5	17	11	10	9	11	15	32	10	5	11	17	14	18	59	69	32	31	17	5	5	2	1	6	5	3	4	1	5	6	4	2	0	4	4	15	20	10	6	2	7	23	14	9	11	14	9	11	7	6	22	55	67	35	28	52	36	13	12	6	5	3	0	2	7	11	5	3	2	5	3	4	10	4	20	28	14	7
0	0	0	2	1	5	8	7	12	16	19	7	11	7	5	13	4	5	4	5	6	5	4	5	3	2	7	7	16	13	21	9	11	41	0	278	31	18	46	93	55	51	9	7	12	11	10	8	17	9	3	8	3	6	14	7	4	3	10	10	18	89	22	19	12	5	2	4	5	4	3	5	4	2	4	5	5	1	2	2	2	7	27	57	17	11	7	12	29	36	3	6	13	18	8	5	9	21	19	21	15	12	19	14	5	7	4	5	3	4	1	5	3	2	5	2	1	1	6	5	5	4	4	10	5
0	0	0	4	6	7	9	12	13	22	27	12	2	7	10	18	11	5	3	1	11	7	5	5	6	4	10	11	14	16	23	12	24	95	278	0	27	25	40	142	178	86	10	12	11	12	6	7	9	2	3	2	4	12	16	9	8	2	7	10	14	67	32	10	17	8	2	1	6	4	3	4	3	2	1	1	3	5	1	2	2	3	22	31	12	5	4	7	21	19	10	4	12	10	9	7	7	22	33	21	21	16	19	12	12	5	2	3	4	1	2	4	4	2	2	1	1	3	3	5	4	3	6	9	5
0	0	0	15	14	30	14	16	26	67	52	19	17	13	43	64	10	10	7	4	27	13	17	7	3	9	12	7	16	27	28	29	87	32	31	27	0	58	25	56	105	143	22	9	25	18	6	4	14	10	9	8	5	22	15	1	11	3	9	6	21	24	30	19	17	4	6	3	3	2	3	4	5	1	0	1	4	5	1	2	1	3	7	9	4	3	4	6	5	8	4	4	6	8	6	7	5	9	21	12	9	11	13	12	4	2	2	9	1	3	2	3	3	0	1	2	2	6	5	7	8	5	13	6	7
0	0	0	5	14	28	23	30	53	60	342	31	23	9	12	21	10	4	4	6	11	19	7	5	4	2	8	5	18	18	20	25	19	15	18	25	58	0	26	34	51	38	8	4	10	4	4	3	12	8	5	4	4	5	15	4	4	5	9	6	5	7	16	10	6	3	3	2	1	3	2	4	1	2	1	1	2	0	0	2	1	4	2	7	3	6	3	1	4	6	5	2	4	8	4	3	5	5	9	7	10	4	5	4	5	2	1	1	2	1	0	1	2	6	1	1	1	1	2	1	0	6	10	2	3
0	0	0	3	8	8	13	11	22	52	62	17	19	5	11	23	4	5	6	4	11	8	7	5	4	7	7	19	65	55	33	55	18	18	46	40	25	26	0	62	34	29	7	12	7	5	7	6	8	3	4	5	6	7	4	4	4	5	5	10	36	60	21	12	9	2	1	2	4	1	3	6	4	4	0	1	2	2	3	1	1	2	15	15	5	5	4	2	5	8	7	4	10	8	3	4	4	4	5	8	8	5	6	8	2	6	2	0	0	4	0	5	4	0	1	1	1	2	4	2	1	1	5	3	3
0	0	0	3	12	2	5	5	19	47	30	18	13	1	19	22	10	6	7	5	14	8	8	7	8	5	8	10	26	31	38	35	52	95	93	142	56	34	62	0	72	159	17	6	19	27	12	10	12	16	6	4	8	22	16	9	6	3	10	15	41	235	56	21	20	12	4	3	2	4	4	3	3	5	0	4	3	5	0	1	0	1	20	22	16	5	2	8	24	18	5	7	8	10	12	3	4	9	18	22	11	7	12	30	13	7	3	4	3	3	2	6	4	3	2	0	5	3	8	4	4	5	12	12	5
0	0	0	6	9	21	11	12	15	25	33	9	11	8	14	29	8	4	8	4	12	7	9	5	5	4	4	5	15	14	15	24	29	70	55	178	105	51	34	72	0	161	15	9	14	11	9	4	9	8	9	2	4	12	5	9	3	4	10	11	14	34	21	11	15	5	7	4	1	5	8	2	2	2	0	3	3	2	4	1	1	4	13	13	6	2	3	3	16	13	2	6	7	9	6	9	9	35	32	17	34	15	11	11	4	4	5	2	4	3	1	8	3	2	2	1	3	5	4	7	5	7	15	17	5
0	0	0	1	15	17	13	11	11	48	24	10	9	10	30	40	13	11	6	5	16	15	10	7	14	6	8	10	14	18	23	28	120	210	51	86	143	38	29	159	161	0	30	9	31	31	10	5	5	17	8	11	8	14	20	9	10	7	12	9	31	55	46	18	28	4	6	8	7	5	10	4	2	3	1	0	1	5	2	2	0	0	18	7	5	4	6	6	15	8	8	4	15	6	6	9	10	19	36	34	34	8	13	21	4	2	2	2	1	1	2	4	4	2	2	1	2	4	4	5	5	8	14	10	6
0	0	0	3	7	18	5	11	6	21	12	10	13	16	46	45	129	29	22	17	33	19	23	5	10	17	17	9	11	18	22	18	70	28	9	10	22	8	7	17	15	30	0	121	214	82	17	16	35	26	21	28	29	265	31	19	19	15	41	14	8	13	48	95	40	17	7	6	3	10	12	6	2	3	0	2	4	8	4	3	2	2	3	6	2	3	1	3	6	7	3	5	5	4	6	2	5	9	11	11	16	6	14	14	12	8	18	4	3	3	5	2	2	3	2	3	2	2	4	3	5	11	19	11	2
0	0	0	4	5	2	5	4	7	11	5	9	11	8	25	18	23	26	29	5	16	14	6	17	12	26	13	7	5	8	15	14	27	21	7	12	9	4	12	6	9	9	121	0	62	67	31	25	29	19	20	37	61	105	26	59	41	39	63	12	8	8	23	52	56	34	14	6	6	11	11	6	5	1	2	3	8	7	3	0	5	3	6	5	4	2	2	3	9	8	6	6	7	7	11	4	4	5	10	12	17	9	15	19	14	11	13	5	3	6	0	0	5	2	3	1	4	1	1	7	14	19	20	5	4
0	0	0	4	19	22	10	9	12	12	6	5	18	28	53	69	50	24	33	15	41	14	16	6	7	13	6	11	7	9	15	14	124	27	12	11	25	10	7	19	14	31	214	62	0	71	13	8	22	17	16	15	10	55	25	14	22	10	26	11	12	12	17	29	30	15	2	3	4	4	4	3	6	7	2	1	2	4	3	3	2	2	3	6	3	1	1	5	5	8	4	5	7	1	5	2	2	4	18	25	13	9	6	25	6	6	8	7	1	2	1	4	1	5	2	2	6	3	2	2	9	14	25	12	3
0	0	0	2	6	7	10	7	9	10	6	6	7	10	16	31	31	9	6	6	17	10	11	5	14	11	12	10	7	9	13	13	48	51	11	12	18	4	5	27	11	31	82	67	71	0	33	21	16	15	17	13	10	52	41	47	28	14	17	9	18	19	46	107	254	24	11	10	6	20	5	10	7	8	7	2	4	4	4	6	6	3	8	9	8	7	6	5	19	10	8	8	7	7	7	4	4	12	25	43	43	13	25	66	26	10	12	8	5	5	1	2	5	4	2	8	5	5	2	5	1	24	52	19	8
0	0	0	1	5	2	6	1	5	6	3	3	5	3	9	7	8	7	10	6	6	4	6	1	11	13	4	5	3	6	8	7	16	20	10	6	6	4	7	12	9	10	17	31	13	33	0	50	13	11	22	29	24	23	90	114	10	18	29	20	14	15	21	50	74	54	29	12	12	53	100	30	23	10	2	2	26	22	7	10	8	6	22	11	14	7	6	12	11	5	12	9	9	8	8	4	3	5	6	14	16	7	13	33	83	92	38	19	11	9	4	14	7	5	2	4	5	10	4	14	9	15	13	5	4
0	0	0	3	8	3	3	3	7	11	5	6	5	3	6	6	16	17	6	4	8	3	5	10	10	12	12	17	9	3	6	11	11	5	8	7	4	3	6	10	4	5	16	25	8	21	50	0	28	44	103	72	37	30	40	26	7	11	98	28	16	12	13	35	17	18	9	13	8	15	44	22	11	4	2	4	10	16	3	6	5	8	11	2	4	4	2	10	6	8	7	5	1	1	3	2	2	4	4	8	6	7	8	12	22	28	26	17	5	7	2	7	4	2	4	5	2	2	3	5	5	9	6	6	5
0	0	0	4	5	5	6	8	16	20	10	10	10	15	23	9	69	22	10	9	7	11	28	21	33	40	89	42	14	23	56	28	13	17	17	9	14	12	8	12	9	5	35	29	22	16	13	28	0	356	64	31	35	70	20	13	14	7	106	70	44	21	23	38	13	10	7	2	4	10	6	8	3	4	4	1	7	5	2	0	3	3	6	7	8	1	3	6	5	5	2	9	10	4	5	5	2	3	4	3	6	6	7	6	6	2	6	2	2	4	3	6	4	1	1	1	4	2	4	2	4	5	6	6	4
0	0	0	2	2	0	3	7	10	12	5	5	12	13	13	9	31	14	6	6	9	3	14	19	27	28	60	33	10	21	36	26	11	11	9	2	10	8	3	16	8	17	26	19	17	15	11	44	356	0	84	27	22	41	18	9	8	5	90	162	40	14	38	28	12	10	0	5	3	5	7	7	7	2	0	2	12	4	3	5	2	3	8	8	4	3	3	11	7	6	2	6	0	3	3	0	2	8	9	4	6	3	10	13	9	6	8	4	4	3	3	5	2	2	5	1	3	1	1	3	2	3	7	2	3
0	0	0	2	2	5	2	3	4	8	6	6	6	7	10	10	33	21	12	8	3	3	6	20	34	39	26	10	6	9	23	9	18	10	3	3	9	5	4	6	9	8	21	20	16	17	22	103	64	84	0	121	56	44	30	16	10	4	200	43	18	9	17	33	17	17	5	5	5	10	16	6	4	1	1	0	9	8	6	6	2	6	6	5	5	4	4	9	10	6	2	3	3	3	0	2	3	4	1	5	6	3	10	11	17	13	9	8	5	4	4	6	6	3	3	2	4	7	3	2	2	6	4	8	4
0	0	0	5	6	7	4	3	5	9	6	4	8	8	6	7	28	35	11	6	7	7	14	15	24	57	14	4	1	6	5	4	9	9	8	2	8	4	5	4	2	11	28	37	15	13	29	72	31	27	121	0	800	44	18	25	18	17	79	20	13	5	15	35	19	25	7	4	4	14	7	10	1	5	2	2	14	10	7	4	2	1	1	9	4	2	2	5	8	6	8	4	7	1	4	2	2	3	3	5	7	6	5	8	10	28	20	9	9	4	0	3	6	3	2	2	5	6	1	4	6	10	6	6	3
0	0	0	6	4	9	3	1	6	4	2	6	8	11	15	12	36	44	16	9	13	8	16	10	21	56	18	13	6	5	12	11	8	11	3	4	5	4	6	8	4	8	29	61	10	10	24	37	35	22	56	800	0	39	11	23	13	21	56	13	5	11	11	21	15	22	9	4	3	11	17	5	2	5	5	3	16	11	1	5	4	1	0	3	3	1	4	1	2	4	6	8	8	4	4	2	2	3	6	11	7	4	5	10	11	18	16	3	5	3	1	3	2	4	2	6	1	0	1	4	7	8	9	5	5
0	0	0	3	10	10	3	10	9	17	11	11	12	17	38	29	109	34	29	6	17	12	21	11	20	39	28	10	13	21	26	31	36	15	6	12	22	5	7	22	12	14	265	105	55	52	23	30	70	41	44	44	39	0	38	29	19	13	137	29	22	13	49	142	48	18	14	4	4	5	10	2	3	6	4	2	3	10	4	2	3	8	9	7	9	3	3	8	9	10	5	2	5	4	3	6	1	5	13	17	12	7	17	27	12	11	11	12	2	5	1	4	1	2	1	3	1	7	5	7	2	6	16	8	4
0	0	0	2	6	3	3	4	7	8	3	6	10	3	13	9	25	6	12	6	5	8	4	12	10	13	12	6	8	13	14	18	13	32	14	16	15	15	4	16	5	20	31	26	25	41	90	40	20	18	30	18	11	38	0	31	9	7	42	36	28	27	43	125	150	22	12	4	12	16	25	15	3	12	7	3	13	8	4	4	2	5	20	12	20	3	6	14	28	13	8	5	17	3	10	4	16	8	11	14	28	10	25	49	67	24	12	15	6	4	7	9	7	6	5	4	7	8	6	11	11	13	13	13	3
0	0	0	3	6	4	3	2	2	6	2	1	1	6	8	11	12	13	11	7	9	4	3	8	8	11	7	7	3	8	6	5	18	10	7	9	1	4	4	9	9	9	19	59	14	47	114	26	13	9	16	25	23	29	31	0	64	37	21	11	8	9	16	39	43	330	47	19	12	68	32	7	9	9	7	4	12	15	10	10	2	7	6	8	7	7	4	6	7	3	12	6	6	5	5	3	8	5	8	18	22	17	15	27	33	86	39	18	10	4	2	4	7	1	6	4	3	4	9	11	20	38	19	14	13
0	0	0	4	7	7	1	2	3	4	4	3	4	8	9	12	17	12	17	10	12	7	6	3	3	8	8	3	5	4	5	6	9	5	4	8	11	4	4	6	3	10	19	41	22	28	10	7	14	8	10	18	13	19	9	64	0	386	10	5	5	1	8	17	17	58	36	14	11	19	10	4	5	4	5	5	10	6	8	6	5	3	1	3	0	2	4	5	4	7	1	6	8	6	6	6	5	6	8	10	11	13	7	14	13	18	17	14	3	1	2	1	2	3	3	2	5	5	6	11	34	95	30	12	2
0	0	0	0	6	7	5	2	5	2	3	4	4	4	11	12	9	17	29	11	6	4	15	5	2	9	3	3	2	4	6	2	14	11	3	2	3	5	5	3	4	7	15	39	10	14	18	11	7	5	4	17	21	13	7	37	386	0	9	6	6	7	11	11	10	38	27	9	10	14	4	5	1	2	3	1	1	2	10	4	5	3	4	2	4	3	4	4	5	6	4	5	2	0	2	5	2	4	6	14	14	8	9	13	12	16	15	7	6	1	1	2	3	2	0	2	3	3	5	9	13	36	25	10	4
0	0	0	6	6	1	6	7	10	9	6	7	8	13	11	7	49	19	14	7	7	16	13	19	19	33	21	20	9	12	19	12	21	17	10	7	9	9	5	10	10	12	41	63	26	17	29	98	106	90	200	79	56	137	42	21	10	9	0	38	27	10	34	75	16	16	11	1	2	10	18	10	6	5	5	5	6	9	4	1	3	5	13	5	9	5	3	4	8	11	6	5	1	5	12	3	1	3	8	7	8	8	13	13	18	10	14	9	4	4	2	4	5	5	1	4	1	2	2	3	8	12	9	4	4
0	0	0	3	5	6	7	1	4	11	11	9	10	9	8	11	23	6	3	1	4	5	6	16	9	9	25	41	18	25	34	27	15	14	10	10	6	6	10	15	11	9	14	12	11	9	20	28	70	162	43	20	13	29	36	11	5	6	38	0	104	23	43	43	19	7	4	4	0	6	13	9	8	2	2	5	7	4	0	3	5	2	15	6	13	6	6	13	14	10	3	3	8	10	4	3	2	6	7	10	4	1	5	11	12	12	7	2	4	4	3	7	2	3	4	4	3	3	1	4	5	6	5	5	0
0	0	0	6	3	7	7	10	19	28	11	18	16	6	16	11	17	11	4	4	9	1	13	8	8	8	18	18	38	61	89	54	21	18	18	14	21	5	36	41	14	31	8	8	12	18	14	16	44	40	18	13	5	22	28	8	5	6	27	104	0	80	79	36	26	12	5	5	4	3	4	3	2	3	2	1	2	5	3	1	4	6	22	18	5	1	2	6	24	12	5	5	8	8	5	6	4	3	11	11	8	8	12	18	10	7	4	3	1	1	1	3	5	3	2	3	2	4	2	8	6	8	8	1	2
0	0	0	1	7	8	6	6	14	29	21	11	9	7	12	11	19	4	2	4	7	5	9	4	6	5	9	13	31	31	32	35	31	59	89	67	24	7	60	235	34	55	13	8	12	19	15	12	21	14	9	5	11	13	27	9	1	7	10	23	80	0	98	34	28	3	5	4	4	3	6	6	5	2	2	1	5	5	3	2	3	5	30	40	14	13	6	14	34	17	9	6	9	9	2	10	2	8	14	15	16	9	21	14	17	8	8	4	1	1	2	4	9	2	4	4	6	5	2	6	6	5	7	6	7
0	0	0	5	5	8	5	8	11	25	11	8	13	13	12	17	37	9	6	5	6	10	9	10	12	8	14	14	16	24	46	32	65	69	22	32	30	16	21	56	21	46	48	23	17	46	21	13	23	38	17	15	11	49	43	16	8	11	34	43	79	98	0	130	69	14	9	3	3	9	5	5	10	8	1	0	2	6	1	3	0	5	20	15	14	6	6	12	29	10	6	12	10	13	7	10	6	8	18	23	23	13	22	28	17	7	4	5	6	1	7	2	2	2	0	5	5	1	5	3	6	9	13	6	2
0	0	0	5	8	9	3	7	8	9	5	6	6	11	18	18	30	10	15	7	15	9	13	9	13	21	18	12	10	10	25	15	42	32	19	10	19	10	12	21	11	18	95	52	29	107	50	35	38	28	33	35	21	142	125	39	17	11	75	43	36	34	130	0	184	15	5	7	3	9	14	8	6	3	6	3	12	7	3	1	4	4	15	10	9	4	3	7	18	13	4	8	5	14	9	1	4	7	16	16	20	11	21	32	31	18	8	7	10	2	2	6	5	2	2	5	6	3	7	5	11	13	18	12	4
0	0	0	1	4	7	1	5	8	11	8	6	5	10	12	12	25	11	8	11	7	8	7	5	6	12	10	10	5	11	5	17	33	31	12	17	17	6	9	20	15	28	40	56	30	254	74	17	13	12	17	19	15	48	150	43	17	10	16	19	26	28	69	184	0	25	18	12	10	25	13	10	9	7	2	1	13	11	4	4	1	6	15	13	9	4	7	13	22	13	5	7	12	6	13	7	7	11	20	25	47	20	31	73	58	26	13	15	3	4	2	4	5	6	5	2	2	6	9	8	8	19	32	13	8
0	0	0	3	4	4	7	5	2	3	4	7	2	12	8	7	8	5	7	7	9	5	10	6	5	6	5	3	6	5	5	3	15	17	5	8	4	3	2	12	5	4	17	34	15	24	54	18	10	10	17	25	22	18	22	330	58	38	16	7	12	3	14	15	25	0	108	33	26	83	31	10	9	13	4	5	12	22	6	9	7	4	10	4	4	8	3	2	7	5	7	9	5	2	4	6	5	4	7	9	11	9	12	14	37	68	68	18	3	4	2	0	3	6	1	4	6	6	7	15	23	52	21	10	8
0	0	0	2	4	2	3	1	2	2	0	2	4	5	5	3	3	3	5	8	3	5	6	3	3	4	1	4	4	4	5	7	6	5	2	2	6	3	1	4	7	6	7	14	2	11	29	9	7	0	5	7	9	14	12	47	36	27	11	4	5	5	9	5	18	108	0	74	96	178	34	8	10	13	9	6	16	4	14	7	2	3	2	6	5	3	4	5	8	8	11	8	7	5	11	7	6	3	8	13	14	9	10	22	28	59	42	40	7	2	4	4	4	4	3	4	13	13	15	27	32	44	15	15	6
0	0	0	3	2	2	0	1	1	4	3	1	2	1	1	3	4	5	2	5	1	4	3	2	4	5	2	2	3	1	7	4	7	5	4	1	3	2	2	3	4	8	6	6	3	10	12	13	2	5	5	4	4	4	4	19	14	9	1	4	5	4	3	7	12	33	74	0	317	63	14	10	6	42	17	13	12	10	9	13	8	7	4	2	5	2	7	5	5	2	7	4	6	5	9	7	2	6	7	13	5	7	10	13	10	11	17	46	12	2	4	4	5	4	10	10	8	15	17	28	16	17	12	7	8
0	0	0	1	5	1	0	1	6	3	2	3	0	1	6	3	5	2	1	4	2	2	2	1	3	3	2	1	2	0	2	6	2	2	5	6	3	1	4	2	1	7	3	6	4	6	12	8	4	3	5	4	3	4	12	12	11	10	2	0	4	4	3	3	10	26	96	317	0	50	11	15	6	18	13	7	8	8	20	12	5	6	3	5	3	8	5	9	4	3	7	10	6	3	8	5	7	5	4	4	6	7	7	4	18	24	34	24	6	4	2	5	5	5	1	8	3	12	10	29	39	26	9	8	7
0	0	0	4	3	5	0	1	2	6	3	1	2	1	8	3	1	6	3	3	4	4	5	3	6	6	6	6	2	2	6	3	9	1	4	4	2	3	1	4	5	5	10	11	4	20	53	15	10	5	10	14	11	5	16	68	19	14	10	6	3	3	9	9	25	83	178	63	50	0	63	16	11	21	14	2	28	26	14	6	10	4	9	3	3	3	5	9	5	10	5	2	10	3	3	2	1	3	0	7	13	12	12	19	29	229	191	56	9	7	6	4	6	7	4	8	11	11	13	16	21	24	15	7	10
0	0	0	1	3	4	1	1	0	2	3	6	2	2	6	3	8	4	7	5	1	2	4	1	7	7	1	3	3	3	4	3	11	6	3	3	3	2	3	4	8	10	12	11	4	5	100	44	6	7	16	7	17	10	25	32	10	4	18	13	4	6	5	14	13	31	34	14	11	63	0	57	21	15	4	10	67	61	23	17	8	11	6	8	11	4	3	9	5	10	7	15	5	3	7	4	1	1	5	6	7	8	12	10	33	157	95	84	15	10	6	11	9	6	7	7	12	11	4	10	6	15	6	6	8
0	0	0	2	2	2	2	1	4	1	1	3	2	1	5	1	6	1	2	3	3	2	3	0	6	0	4	5	1	5	4	4	3	5	5	4	4	4	6	3	2	4	6	6	3	10	30	22	8	7	6	10	5	2	15	7	4	5	10	9	3	6	5	8	10	10	8	10	15	16	57	0	197	21	7	9	236	47	19	25	24	17	11	5	15	4	8	14	5	5	13	13	6	3	5	2	3	2	5	3	4	7	3	9	13	27	27	46	62	28	10	19	11	6	11	18	13	12	8	4	7	7	3	3	2
0	0	0	1	2	3	1	2	0	6	1	1	2	3	5	3	5	2	3	4	3	2	1	1	5	1	4	3	3	3	4	6	7	3	4	3	5	1	4	3	2	2	2	5	6	7	23	11	3	7	4	1	2	3	3	9	5	1	6	8	2	5	10	6	9	9	10	6	6	11	21	197	0	39	15	18	178	33	10	21	57	32	5	7	13	9	9	16	10	6	16	10	6	3	2	6	1	5	3	4	6	6	12	9	13	20	20	37	204	35	16	39	11	12	19	25	23	27	9	9	8	7	4	1	5
0	0	0	0	1	4	1	0	2	2	3	1	1	4	0	3	2	4	2	3	0	4	2	1	1	4	3	3	2	4	2	4	5	4	2	2	1	2	4	5	2	3	3	1	7	8	10	4	4	2	1	5	5	6	12	9	4	2	5	2	3	2	8	3	7	13	13	42	18	21	15	21	39	0	61	9	59	17	27	40	36	13	8	5	10	13	12	9	8	8	11	10	5	5	9	2	6	2	3	3	8	8	10	4	15	17	13	58	31	15	7	18	8	11	7	26	68	57	28	13	6	4	8	3	4
0	0	0	2	2	0	2	0	0	4	1	0	3	1	3	3	1	0	2	1	0	0	2	1	3	0	5	3	2	0	0	2	4	1	4	1	0	1	0	0	0	1	0	2	2	7	2	2	4	0	1	2	5	4	7	7	5	3	5	2	2	2	1	6	2	4	9	17	13	14	4	7	15	61	0	33	16	7	8	24	15	8	7	3	3	5	6	4	4	3	8	11	5	5	8	3	2	3	3	5	8	8	3	8	8	9	7	17	17	6	5	11	12	17	9	47	104	69	51	12	5	4	4	7	7
0	0	0	0	2	1	1	1	0	2	2	1	1	2	1	0	3	1	1	1	1	1	0	2	0	1	0	1	3	2	2	1	5	5	5	1	1	1	1	4	3	0	2	3	1	2	2	4	1	2	0	2	3	2	3	4	5	1	5	5	1	1	0	3	1	5	6	13	7	2	10	9	18	9	33	0	15	10	10	13	29	26	2	3	3	12	8	5	7	6	18	11	4	10	6	4	3	2	2	2	4	4	3	2	9	6	6	13	21	17	21	16	16	49	65	152	67	28	14	6	1	4	3	2	6
0	0	0	1	5	2	0	0	7	3	4	2	1	2	4	4	3	4	3	2	3	3	3	3	2	2	6	4	2	6	4	0	2	6	5	3	4	2	2	3	3	1	4	8	2	4	26	10	7	12	9	14	16	3	13	12	10	1	6	7	2	5	2	12	13	12	16	12	8	28	67	236	178	59	16	15	0	40	14	24	33	12	9	5	7	8	8	16	5	4	13	17	5	3	7	5	5	8	4	4	10	10	11	10	22	39	27	128	55	23	10	15	13	7	15	24	23	14	14	8	4	5	4	6	7
0	0	0	1	3	3	1	2	3	1	1	1	1	1	3	1	9	2	1	0	2	2	2	2	8	4	0	4	5	2	2	3	2	4	1	5	5	0	2	5	2	5	8	7	4	4	22	16	5	4	8	10	11	10	8	15	6	2	9	4	5	5	6	7	11	22	4	10	8	26	61	47	33	17	7	10	40	0	41	19	8	6	10	4	5	3	3	10	4	6	6	5	5	5	5	1	6	2	4	4	5	2	7	6	9	35	45	46	18	9	1	4	8	5	7	6	6	7	1	5	10	4	6	2	6
0	0	0	0	0	2	0	0	1	0	0	1	1	3	0	4	0	1	6	1	2	2	2	2	5	4	2	4	1	0	1	1	3	2	2	1	1	0	3	0	4	2	4	3	3	4	7	3	2	3	6	7	1	4	4	10	8	10	4	0	3	3	1	3	4	6	14	9	20	14	23	19	10	27	8	10	14	41	0	31	13	6	7	6	4	0	2	4	4	3	1	2	1	2	2	1	1	2	3	5	5	1	4	4	6	18	17	18	13	9	7	5	2	5	4	8	7	7	11	4	3	3	7	4	4
0	0	0	2	2	4	0	0	2	1	3	0	3	0	3	3	0	0	3	2	3	0	1	2	2	2	1	4	3	1	3	2	1	0	2	2	2	2	1	1	1	2	3	0	3	6	10	6	0	5	6	4	5	2	4	10	6	4	1	3	1	2	3	1	4	9	7	13	12	6	17	25	21	40	24	13	24	19	31	0	65	7	5	5	3	5	6	12	6	8	5	4	4	0	6	0	1	3	4	1	1	4	5	4	6	11	9	15	35	13	10	13	10	7	5	34	16	12	9	7	6	4	4	2	4
0	0	0	0	1	1	0	3	0	2	0	5	2	1	2	2	2	3	0	1	1	4	2	4	2	6	0	3	1	0	4	2	1	4	2	2	1	1	1	0	1	0	2	5	2	6	8	5	3	2	2	2	4	3	2	2	5	5	3	5	4	3	0	4	1	7	2	8	5	10	8	24	57	36	15	29	33	8	13	65	0	42	4	3	4	5	7	15	5	2	3	7	0	2	6	8	2	3	1	4	1	4	2	2	3	3	7	22	168	64	26	19	12	19	26	118	26	17	9	4	3	3	2	0	5
0	0	0	3	0	3	3	0	2	1	4	1	2	5	1	3	1	4	0	1	2	4	2	6	4	1	2	2	0	4	5	4	3	4	7	3	3	4	2	1	4	0	2	3	2	3	6	8	3	3	6	1	1	8	5	7	3	3	5	2	6	5	5	4	6	4	3	7	6	4	11	17	32	13	8	26	12	6	6	7	42	0	5	3	15	21	38	11	8	8	11	8	8	5	7	4	0	3	1	4	5	1	4	1	9	8	9	14	75	44	84	168	18	31	67	24	26	16	10	3	3	1	3	2	3
0	0	0	3	2	7	1	3	2	7	12	3	0	4	6	3	8	6	4	4	3	0	3	1	3	5	6	6	13	10	9	6	6	15	27	22	7	2	15	20	13	18	3	6	3	8	22	11	6	8	6	1	0	9	20	6	1	4	13	15	22	30	20	15	15	10	2	4	3	9	6	11	5	8	7	2	9	10	7	5	4	5	0	163	140	28	18	48	305	230	41	39	25	21	13	13	9	16	15	15	15	12	23	21	8	5	4	8	9	9	8	13	6	7	5	3	8	10	9	8	2	6	9	6	15
0	0	0	2	2	3	4	1	9	10	11	5	2	3	2	5	12	1	5	7	4	6	5	6	2	2	7	7	7	7	9	9	13	20	57	31	9	7	15	22	13	7	6	5	6	9	11	2	7	8	5	9	3	7	12	8	3	2	5	6	18	40	15	10	13	4	6	2	5	3	8	5	7	5	3	3	5	4	6	5	3	3	163	0	25	12	14	21	105	132	12	12	21	22	6	9	12	14	13	15	14	11	19	15	11	1	3	3	5	5	5	10	6	10	3	3	5	4	6	8	6	5	4	6	9
0	0	0	2	2	2	1	1	7	5	3	4	3	4	2	3	5	2	5	2	2	2	1	7	3	7	7	9	3	2	4	4	7	10	17	12	4	3	5	16	6	5	2	4	3	8	14	4	8	4	5	4	3	9	20	7	0	4	9	13	5	14	14	9	9	4	5	5	3	3	11	15	13	10	3	3	7	5	4	3	4	15	140	25	0	52	44	194	67	64	57	45	17	23	7	11	11	6	9	4	8	12	18	15	20	9	5	12	14	9	9	26	22	19	8	8	3	10	6	12	9	5	1	8	8
0	0	0	4	4	3	1	2	1	3	1	1	2	3	3	3	3	3	2	0	3	3	5	3	2	0	3	3	1	3	4	4	3	6	11	5	3	6	5	5	2	4	3	2	1	7	7	4	1	3	4	2	1	3	3	7	2	3	5	6	1	13	6	4	4	8	3	2	8	3	4	4	9	13	5	12	8	3	0	5	5	21	28	12	52	0	227	56	17	31	69	63	19	18	15	9	8	10	4	5	5	16	5	7	7	5	6	6	14	7	10	41	55	22	11	7	8	9	9	9	3	2	3	5	3
0	0	0	2	1	2	1	3	3	0	0	0	1	0	1	3	1	0	2	1	1	1	1	0	2	5	1	4	4	1	3	3	1	2	7	4	4	3	4	2	3	6	1	2	1	6	6	2	3	3	4	2	4	3	6	4	4	4	3	6	2	6	6	3	7	3	4	7	5	5	3	8	9	12	6	8	8	3	2	6	7	38	18	14	44	227	0	80	11	25	54	33	12	11	9	3	7	5	4	2	7	2	11	10	15	5	5	8	16	9	15	112	73	33	24	4	13	14	7	5	3	4	4	2	8
0	0	0	3	1	3	3	0	2	3	3	2	4	0	7	6	2	4	3	3	4	1	1	1	3	6	3	1	3	1	4	6	6	7	12	7	6	1	2	8	3	6	3	3	5	5	12	10	6	11	9	5	1	8	14	6	5	4	4	13	6	14	12	7	13	2	5	5	9	9	9	14	16	9	4	5	16	10	4	12	15	11	48	21	194	56	80	0	25	33	69	39	10	10	13	4	6	7	9	7	6	7	14	14	15	10	5	13	20	12	16	56	30	13	15	10	12	10	15	7	3	4	3	5	10
0	0	0	2	1	6	1	3	5	9	3	7	3	0	6	9	8	2	1	0	1	1	4	5	4	2	5	13	13	16	15	8	7	23	29	21	5	4	5	24	16	15	6	9	5	19	11	6	5	7	10	8	2	9	28	7	4	5	8	14	24	34	29	18	22	7	8	5	4	5	5	5	10	8	4	7	5	4	4	6	5	8	305	105	67	17	11	25	0	207	33	27	35	34	7	7	15	11	16	21	11	20	41	28	20	11	9	8	7	1	4	6	16	5	6	3	4	3	9	7	4	5	8	12	8
0	0	0	3	3	0	4	4	1	4	10	3	4	4	4	6	5	3	3	3	2	4	3	4	2	3	7	3	9	9	7	8	9	14	36	19	8	6	8	18	13	8	7	8	8	10	5	8	5	6	6	6	4	10	13	3	7	6	11	10	12	17	10	13	13	5	8	2	3	10	10	5	6	8	3	6	4	6	3	8	2	8	230	132	64	31	25	33	207	0	43	49	49	65	14	12	12	14	23	6	21	12	36	29	19	8	9	7	12	4	2	11	16	6	7	5	6	7	10	5	5	3	2	13	9
0	0	0	2	1	0	2	1	2	5	5	3	4	6	5	5	4	2	5	6	3	1	3	1	4	1	2	0	1	2	5	2	0	9	3	10	4	5	7	5	2	8	3	6	4	8	12	7	2	2	2	8	6	5	8	12	1	4	6	3	5	9	6	4	5	7	11	7	7	5	7	13	16	11	8	18	13	6	1	5	3	11	41	12	57	69	54	69	33	43	0	614	38	31	19	13	9	7	14	12	8	16	19	17	9	9	6	10	11	12	16	35	79	37	11	14	16	25	17	6	3	8	6	7	17
0	0	0	0	3	2	5	2	0	5	4	2	1	0	2	2	3	3	3	2	2	4	5	2	4	4	2	2	5	4	2	5	3	11	6	4	4	2	4	7	6	4	5	6	5	8	9	5	9	6	3	4	8	2	5	6	6	5	5	3	5	6	12	8	7	9	8	4	10	2	15	13	10	10	11	11	17	5	2	4	7	8	39	12	45	63	33	39	27	49	614	0	63	52	24	19	4	13	11	8	15	18	33	16	16	7	4	11	6	5	3	26	68	19	20	7	16	15	15	14	8	8	8	5	22
0	0	0	0	3	7	5	2	0	2	6	4	3	2	5	2	5	4	2	1	4	1	1	2	5	4	5	1	4	2	3	8	4	14	13	12	6	4	10	8	7	15	5	7	7	7	9	1	10	0	3	7	8	5	17	6	8	2	1	8	8	9	10	5	12	5	7	6	6	10	5	6	6	5	5	4	5	5	1	4	0	8	25	21	17	19	12	10	35	49	38	63	0	504	89	52	38	27	28	15	38	50	51	33	14	8	3	5	2	4	6	9	21	9	4	0	3	12	12	13	9	5	6	15	47
0	0	0	1	5	2	4	2	2	7	5	1	1	1	3	8	3	4	1	7	6	6	2	0	3	3	2	5	5	5	5	4	2	9	18	10	8	8	8	10	9	6	4	7	1	7	8	1	4	3	3	1	4	4	3	5	6	0	5	10	8	9	13	14	6	2	5	5	3	3	3	3	3	5	5	10	3	5	2	0	2	5	21	22	23	18	11	10	34	65	31	52	504	0	47	39	42	27	24	13	22	41	29	8	13	6	2	5	6	7	6	10	21	4	5	4	6	10	17	10	5	4	8	9	45
0	0	0	1	3	3	3	0	1	2	2	6	1	2	4	3	3	2	3	1	3	2	1	1	1	2	4	3	2	1	6	3	6	11	8	9	6	4	3	12	6	6	6	11	5	7	8	3	5	3	0	4	4	3	10	5	6	2	12	4	5	2	7	9	13	4	11	9	8	3	7	5	2	9	8	6	7	5	2	6	6	7	13	6	7	15	9	13	7	14	19	24	89	47	0	71	36	16	13	23	19	40	42	18	20	7	9	12	6	3	5	7	14	6	4	3	9	17	26	22	10	8	17	13	117
0	0	0	0	3	4	2	4	1	8	2	3	2	3	3	2	4	2	1	6	3	3	2	2	2	0	1	1	5	3	0	2	2	7	5	7	7	3	4	3	9	9	2	4	2	4	4	2	5	0	2	2	2	6	4	3	6	5	3	3	6	10	10	1	7	6	7	7	5	2	4	2	6	2	3	4	5	1	1	0	8	4	13	9	11	9	3	4	7	12	13	19	52	39	71	0	83	24	22	8	13	20	19	6	6	8	5	2	5	4	3	7	15	7	6	3	11	5	7	11	5	3	9	8	85
0	0	0	6	3	9	5	4	3	3	3	0	4	2	0	7	3	4	1	4	2	2	3	1	1	4	3	2	1	7	7	4	6	6	9	7	5	5	4	4	9	10	5	4	2	4	3	2	2	2	3	2	2	1	16	8	5	2	1	2	4	2	6	4	7	5	6	2	7	1	1	3	1	6	2	3	5	6	1	1	2	0	9	12	11	8	7	6	15	12	9	4	38	42	36	83	0	67	20	19	16	31	16	8	4	8	0	5	4	1	2	2	6	5	6	1	1	3	3	8	3	8	5	13	89
0	0	0	3	0	4	5	7	5	3	2	2	3	3	8	10	6	2	2	3	3	3	4	2	0	2	2	2	4	5	5	3	11	22	21	22	9	5	4	9	35	19	9	5	4	12	5	4	3	8	4	3	3	5	8	5	6	4	3	6	3	8	8	7	11	4	3	6	5	3	1	2	5	2	3	2	8	2	2	3	3	3	16	14	6	10	5	7	11	14	7	13	27	27	16	24	67	0	171	28	33	58	27	18	9	5	5	6	5	0	3	4	10	5	2	3	5	9	4	3	1	3	20	25	39
0	0	0	4	1	4	5	3	9	10	5	2	6	5	8	22	7	4	9	2	5	8	7	4	2	5	5	4	11	5	4	7	13	55	19	33	21	9	5	18	32	36	11	10	18	25	6	4	4	9	1	3	6	13	11	8	8	6	8	7	11	14	18	16	20	7	8	7	4	0	5	5	3	3	3	2	4	4	3	4	1	1	15	13	9	4	4	9	16	23	14	11	28	24	13	22	20	171	0	102	82	102	57	40	19	5	7	3	4	4	4	5	7	3	4	0	5	2	8	12	6	7	29	34	21
0	0	0	5	3	6	6	5	6	10	8	8	2	8	23	25	13	6	7	6	11	7	8	0	3	4	7	6	6	7	6	7	21	67	21	21	12	7	8	22	17	34	11	12	25	43	14	8	3	4	5	5	11	17	14	18	10	14	7	10	11	15	23	16	25	9	13	13	4	7	6	3	4	3	5	2	4	4	5	1	4	4	15	15	4	5	2	7	21	6	12	8	15	13	23	8	19	28	102	0	281	93	46	63	25	10	5	5	2	3	4	10	7	4	3	1	6	2	9	14	16	16	113	101	19
0	0	0	5	7	10	4	3	2	8	9	4	4	5	7	14	5	13	10	5	8	7	4	4	1	2	4	6	6	8	11	11	12	35	15	21	9	10	8	11	34	34	16	17	13	43	16	6	6	6	6	7	7	12	28	22	11	14	8	4	8	16	23	20	47	11	14	5	6	13	7	4	6	8	8	4	10	5	5	1	1	5	15	14	8	5	7	6	11	21	8	15	38	22	19	13	16	33	82	281	0	138	129	177	38	8	9	8	4	3	2	10	7	5	2	3	4	3	5	16	9	24	76	77	24
0	0	0	6	1	3	4	3	3	4	4	4	2	1	3	9	5	7	5	3	4	8	2	3	2	2	1	3	3	3	3	3	12	28	12	16	11	4	5	7	15	8	6	9	9	13	7	7	6	3	3	6	4	7	10	17	13	8	8	1	8	9	13	11	20	9	9	7	7	12	8	7	6	8	8	4	10	2	1	4	4	1	12	11	12	16	2	7	20	12	16	18	50	41	40	20	31	58	102	93	138	0	120	46	20	11	4	8	6	0	4	8	7	10	1	2	9	15	13	13	10	18	31	80	80
0	0	0	1	4	8	5	4	5	9	2	4	5	1	10	7	3	2	8	3	9	2	4	0	6	3	9	2	5	8	5	7	13	52	19	19	13	5	6	12	11	13	14	15	6	25	13	8	7	10	10	5	5	17	25	15	7	9	13	5	12	21	22	21	31	12	10	10	7	12	12	3	12	10	3	3	11	7	4	5	2	4	23	19	18	5	11	14	41	36	19	33	51	29	42	19	16	27	57	46	129	120	0	197	43	13	6	11	7	4	2	15	14	7	9	0	11	14	7	16	9	10	27	24	32
0	0	0	0	3	5	4	5	10	7	5	5	1	4	8	10	11	6	5	1	6	3	5	6	3	7	7	6	7	5	11	8	18	36	14	12	12	4	8	30	11	21	14	19	25	66	33	12	6	13	11	8	10	27	49	27	14	13	13	11	18	14	28	32	73	14	22	13	4	19	10	9	9	4	8	2	10	6	4	4	2	1	21	15	15	7	10	14	28	29	17	16	33	8	18	6	8	18	40	63	177	46	197	0	107	17	13	17	3	3	2	10	8	3	4	6	5	13	5	19	10	15	38	32	19
0	0	0	3	2	3	1	1	2	4	3	3	4	3	4	9	10	6	1	1	4	5	2	1	2	10	6	6	4	2	4	9	17	13	5	12	4	5	2	13	4	4	12	14	6	26	83	22	6	9	17	10	11	12	67	33	13	12	18	12	10	17	17	31	58	37	28	10	18	29	33	13	13	15	8	9	22	9	6	6	3	9	8	11	20	7	15	15	20	19	9	16	14	13	20	6	4	9	19	25	38	20	43	107	0	44	23	46	12	7	9	8	7	5	3	4	14	12	14	22	9	11	18	30	17
0	0	0	3	1	6	1	3	1	8	3	2	1	8	5	6	13	7	5	3	6	2	7	8	8	7	5	5	3	6	5	4	9	12	7	5	2	2	6	7	4	2	8	11	6	10	92	28	2	6	13	28	18	11	24	86	18	16	10	12	7	8	7	18	26	68	59	11	24	229	157	27	20	17	9	6	39	35	18	11	3	8	5	1	9	5	5	10	11	8	9	7	8	6	7	8	8	5	5	10	8	11	13	17	44	0	317	62	5	8	6	7	8	4	5	3	7	17	11	10	13	6	13	12	3
0	0	0	0	1	2	2	4	5	4	1	4	2	5	6	8	10	5	5	1	2	3	3	7	5	5	1	2	1	5	2	2	3	6	4	2	2	1	2	3	5	2	18	13	8	12	38	26	6	8	9	20	16	11	12	39	17	15	14	7	4	8	4	8	13	68	42	17	34	191	95	27	20	13	7	6	27	45	17	9	7	9	4	3	5	6	5	5	9	9	6	4	3	2	9	5	0	5	7	5	9	4	6	13	23	317	0	50	7	7	8	1	3	5	2	9	4	8	9	12	18	15	9	8	4
0	0	0	0	3	4	0	4	3	5	1	2	4	0	2	4	3	1	3	2	6	3	4	0	4	4	3	4	0	1	3	0	3	5	5	3	9	1	0	4	2	2	4	5	7	8	19	17	2	4	8	9	3	12	15	18	14	7	9	2	3	4	5	7	15	18	40	46	24	56	84	46	37	58	17	13	128	46	18	15	22	14	8	3	12	6	8	13	8	7	10	11	5	5	12	2	5	6	3	5	8	8	11	17	46	62	50	0	28	12	5	10	8	10	9	15	26	39	20	18	12	9	3	8	7
0	0	0	0	1	1	0	0	3	2	2	0	1	1	1	4	2	1	1	1	1	0	1	1	2	1	2	3	4	2	4	7	5	3	3	4	1	2	0	3	4	1	3	3	1	5	11	5	2	4	5	9	5	2	6	10	3	6	4	4	1	1	6	10	3	3	7	12	6	9	15	62	204	31	17	21	55	18	13	35	168	75	9	5	14	14	16	20	7	12	11	6	2	6	6	5	4	5	4	2	4	6	7	3	12	5	7	28	0	51	16	21	16	20	34	50	40	25	13	6	2	8	5	8	3
0	0	0	1	0	1	0	0	2	1	3	1	1	0	0	3	2	3	2	0	1	2	3	2	3	1	3	3	2	4	3	0	3	0	4	1	3	1	4	3	3	1	3	6	2	5	9	7	4	3	4	4	3	5	4	4	1	1	4	4	1	1	1	2	4	4	2	2	4	7	10	28	35	15	6	17	23	9	9	13	64	44	9	5	9	7	9	12	1	4	12	5	4	7	3	4	1	0	4	3	3	0	4	3	7	8	7	12	51	0	53	25	7	14	20	14	10	5	4	1	3	2	2	1	5
0	0	0	0	1	0	0	0	1	3	1	1	0	2	1	4	2	2	1	0	0	1	2	1	2	2	3	3	1	3	0	4	3	2	1	2	2	0	0	2	1	2	5	0	1	1	4	2	3	3	4	0	1	1	7	2	2	1	2	3	1	2	7	2	2	2	4	4	2	6	6	10	16	7	5	21	10	1	7	10	26	84	8	5	9	10	15	16	4	2	16	3	6	6	5	3	2	3	4	4	2	4	2	2	9	6	8	5	16	53	0	30	10	10	32	17	8	11	3	3	3	2	4	3	2
0	0	0	1	0	1	1	2	2	2	2	2	2	1	4	3	4	4	2	2	2	0	3	1	2	2	2	3	1	1	5	0	6	7	5	4	3	1	5	6	8	4	2	0	4	2	14	7	6	5	6	3	3	4	9	4	1	2	4	7	3	4	2	6	4	0	4	4	5	4	11	19	39	18	11	16	15	4	5	13	19	168	13	10	26	41	112	56	6	11	35	26	9	10	7	7	2	4	5	10	10	8	15	10	8	7	1	10	21	25	30	0	41	41	29	19	18	27	7	6	4	8	5	4	2
0	0	0	0	2	1	1	1	1	1	1	3	2	1	3	4	1	3	1	3	2	2	2	1	1	1	5	3	0	2	3	0	1	11	3	4	3	2	4	4	3	4	2	5	1	5	7	4	4	2	6	6	2	1	7	7	2	3	5	2	5	9	2	5	5	3	4	5	5	6	9	11	11	8	12	16	13	8	2	10	12	18	6	6	22	55	73	30	16	16	79	68	21	21	14	15	6	10	7	7	7	7	14	8	7	8	3	8	16	7	10	41	0	76	23	15	29	25	16	6	8	2	4	4	7
0	0	0	0	3	0	0	1	1	1	3	1	1	0	1	2	0	0	2	1	0	1	1	1	1	1	2	1	3	2	0	2	2	5	2	2	0	6	0	3	2	2	3	2	5	4	5	2	1	2	3	3	4	2	6	1	3	2	5	3	3	2	2	2	6	6	4	4	5	7	6	6	12	11	17	49	7	5	5	7	19	31	7	10	19	22	33	13	5	6	37	19	9	4	6	7	5	5	3	4	5	10	7	3	5	4	5	10	20	14	10	41	76	0	66	26	33	34	16	7	4	5	4	3	5
0	0	0	1	1	1	1	2	0	1	0	2	3	4	1	3	5	0	1	0	5	3	1	0	0	2	1	3	3	0	4	0	1	3	5	2	1	1	1	2	2	2	2	3	2	2	2	4	1	5	3	2	2	1	5	6	3	0	1	4	2	4	0	2	5	1	3	10	1	4	7	11	19	7	9	65	15	7	4	5	26	67	5	3	8	11	24	15	6	7	11	20	4	5	4	6	6	2	4	3	2	1	9	4	3	5	2	9	34	20	32	29	23	66	0	41	20	13	8	0	5	1	3	0	6
0	0	0	2	2	0	0	0	3	1	1	0	1	0	3	4	1	0	1	0	1	2	2	2	1	2	1	2	1	3	2	0	1	2	2	1	2	1	1	0	1	1	3	1	2	8	4	5	1	1	2	2	6	3	4	4	2	2	4	4	3	4	5	5	2	4	4	10	8	8	7	18	25	26	47	152	24	6	8	34	118	24	3	3	8	7	4	10	3	5	14	7	0	4	3	3	1	3	0	1	3	2	0	6	4	3	9	15	50	14	17	19	15	26	41	0	61	36	18	9	7	4	2	0	7
0	0	0	2	2	2	0	2	1	1	3	3	2	3	0	3	3	4	4	0	4	2	2	0	4	2	0	3	2	1	1	2	2	5	1	1	2	1	1	5	3	2	2	4	6	5	5	2	4	3	4	5	1	1	7	3	5	3	1	3	2	6	5	6	2	6	13	8	3	11	12	13	23	68	104	67	23	6	7	16	26	26	8	5	3	8	13	12	4	6	16	16	3	6	9	11	1	5	5	6	4	9	11	5	14	7	4	26	40	10	8	18	29	33	20	61	0	140	45	12	6	4	3	3	5
0	0	0	0	3	2	3	2	0	3	1	1	3	2	2	2	4	3	4	1	3	0	0	3	3	1	2	3	3	1	3	3	4	3	1	3	6	1	2	3	5	4	2	1	3	5	10	2	2	1	7	6	0	7	8	4	5	3	2	3	4	5	1	3	6	6	13	15	12	11	11	12	27	57	69	28	14	7	7	12	17	16	10	4	10	9	14	10	3	7	25	15	12	10	17	5	3	9	2	2	3	15	14	13	12	17	8	39	25	5	11	27	25	34	13	36	140	0	100	18	5	6	3	5	12
0	0	0	3	2	5	1	4	1	4	2	2	0	3	3	1	2	1	4	1	1	3	4	1	0	0	1	5	1	1	0	4	3	4	6	3	5	2	4	8	4	4	4	1	2	2	4	3	4	1	3	1	1	5	6	9	6	5	2	1	2	2	5	7	9	7	15	17	10	13	4	8	9	28	51	14	14	1	11	9	9	10	9	6	6	9	7	15	9	10	17	15	12	17	26	7	3	4	8	9	5	13	7	5	14	11	9	20	13	4	3	7	16	16	8	18	45	100	0	42	8	5	7	6	14
0	0	0	1	0	5	1	0	2	7	3	2	3	2	3	7	5	2	4	5	1	1	3	3	2	5	1	4	3	0	4	4	8	10	5	5	7	1	2	4	7	5	3	7	2	5	14	5	2	3	2	4	4	7	11	11	11	9	3	4	8	6	3	5	8	15	27	28	29	16	10	4	9	13	12	6	8	5	4	7	4	3	8	8	12	9	5	7	7	5	6	14	13	10	22	11	8	3	12	14	16	13	16	19	22	10	12	18	6	1	3	6	6	7	0	9	12	18	42	0	37	19	24	23	15
0	0	0	1	5	4	1	2	0	1	2	2	4	3	5	8	2	4	2	1	4	6	2	1	5	7	2	2	4	3	4	1	8	4	5	4	8	0	1	4	5	5	5	14	9	1	9	5	4	2	2	6	7	2	11	20	34	13	8	5	6	6	6	11	8	23	32	16	39	21	6	7	8	6	5	1	4	10	3	6	3	3	2	6	9	3	3	3	4	5	3	8	9	5	10	5	3	1	6	16	9	10	9	10	9	13	18	12	2	3	3	4	8	4	5	7	6	5	8	37	0	125	24	13	5
0	0	0	3	0	4	1	3	4	3	5	2	0	5	9	13	8	7	10	4	4	6	4	5	6	4	6	2	3	2	3	3	7	20	4	3	5	6	1	5	7	8	11	19	14	24	15	9	5	3	6	10	8	6	13	38	95	36	12	6	8	5	9	13	19	52	44	17	26	24	15	7	7	4	4	4	5	4	3	4	3	1	6	5	5	2	4	4	5	3	8	8	5	4	8	3	8	3	7	16	24	18	10	15	11	6	15	9	8	2	2	8	2	5	1	4	4	6	5	19	125	0	52	18	4
0	0	0	6	2	13	4	7	6	7	6	0	3	2	9	23	12	11	9	3	12	7	7	5	2	7	3	7	4	9	4	12	26	28	4	6	13	10	5	12	15	14	19	20	25	52	13	6	6	7	4	6	9	16	13	19	30	25	9	5	8	7	13	18	32	21	15	12	9	15	6	3	4	8	4	3	4	6	7	4	2	3	9	4	1	3	4	3	8	2	6	8	6	8	17	9	5	20	29	113	76	31	27	38	18	13	9	3	5	2	4	5	4	4	3	2	3	3	7	24	24	52	0	100	17
0	0	0	4	5	7	8	1	2	7	3	3	1	3	9	17	4	4	8	7	8	5	5	4	8	3	4	2	3	6	3	3	14	14	10	9	6	2	3	12	17	10	11	5	12	19	5	6	6	2	8	6	5	8	13	14	12	10	4	5	1	6	6	12	13	10	15	7	8	7	6	3	1	3	7	2	6	2	4	2	0	2	6	6	8	5	2	5	12	13	7	5	15	9	13	8	13	25	34	101	77	80	24	32	30	12	8	8	8	1	3	4	4	3	0	0	3	5	6	23	13	18	100	0	26
0	0	0	1	3	4	2	3	1	5	3	1	1	1	3	5	2	4	2	2	3	6	0	2	1	3	4	2	4	1	4	2	6	7	5	5	7	3	3	5	5	6	2	4	3	8	4	5	4	3	4	3	5	4	3	13	2	4	4	0	2	7	2	4	8	8	6	8	7	10	8	2	5	4	7	6	7	6	4	4	5	3	15	9	8	3	8	10	8	9	17	22	47	45	117	85	89	39	21	19	24	80	32	19	17	3	4	7	3	5	2	2	7	5	6	7	5	12	14	15	5	4	17	26	0
