chrX	3000000	4000000	9.333	1.603	0.737	3000000
chrX	4000000	5000000	8.297	2.161	0.767	4000000
chrX	5000000	6000000	7.545	1.582	1.386	5000000
chrX	6000000	7000000	6.837	1.874	0.395	6000000
chrX	7000000	8000000	7.644	2.337	-0.435	7000000
chrX	8000000	9000000	6.951	2.428	-0.209	8000000
chrX	9000000	10000000	6.451	3.083	-0.156	9000000
chrX	10000000	11000000	6.913	3.781	-0.648	10000000
chrX	11000000	12000000	6.834	2.997	-0.431	11000000
chrX	12000000	13000000	6.593	0.509	-0.444	12000000
chrX	13000000	14000000	6.313	0.849	-1.355	13000000
chrX	14000000	15000000	6.838	1.588	-1.356	14000000
chrX	15000000	16000000	8.003	1.729	-1.214	15000000
chrX	16000000	17000000	8.186	0.92	-0.699	16000000
chrX	17000000	18000000	7.758	0.984	-0.473	17000000
chrX	18000000	19000000	6.681	1.69	-0.013	18000000
chrX	19000000	20000000	5.427	1.855	0.492	19000000
chrX	20000000	21000000	4.927	2.754	0.664	20000000
chrX	21000000	22000000	4.004	3.248	-0.02	21000000
chrX	22000000	23000000	4.313	3.736	-0.204	22000000
chrX	23000000	24000000	4.839	4.268	0.869	23000000
chrX	24000000	25000000	5.071	4.582	1.536	24000000
chrX	25000000	26000000	5.883	4.642	1.933	25000000
chrX	26000000	27000000	6.114	5.766	1.628	26000000
chrX	27000000	28000000	6.817	5.68	2.577	27000000
chrX	28000000	29000000	7.897	5.733	2.633	28000000
chrX	29000000	30000000	8.685	5.697	1.823	29000000
chrX	30000000	31000000	9.246	5.29	1.017	30000000
chrX	31000000	32000000	9.782	4.741	0.318	31000000
chrX	32000000	33000000	9.711	3.782	-0.22	32000000
chrX	33000000	34000000	8.746	3.19	-0.107	33000000
chrX	34000000	35000000	8.113	3.387	0.784	34000000
chrX	35000000	36000000	7.403	2.934	1.617	35000000
chrX	36000000	37000000	6.064	2.793	1.418	36000000
chrX	37000000	38000000	5.581	2.785	0.047	37000000
chrX	38000000	39000000	4.983	2.04	-0.484	38000000
chrX	39000000	40000000	4.304	0.86	-0.705	39000000
chrX	40000000	41000000	4.356	0.396	-0.032	40000000
chrX	41000000	42000000	5.268	0.441	-0.591	41000000
chrX	42000000	43000000	6.023	1.479	-1.136	42000000
chrX	43000000	44000000	6.912	2.134	-1.611	43000000
chrX	44000000	45000000	7.472	1.733	-1.962	44000000
chrX	45000000	46000000	8.215	1.755	-2.783	45000000
chrX	46000000	47000000	7.72	2.011	-3.6	46000000
chrX	47000000	48000000	7.032	2.185	-4.022	47000000
chrX	48000000	49000000	6.684	2.694	-3.68	48000000
chrX	49000000	50000000	6.584	2.23	-2.729	49000000
chrX	50000000	51000000	7.292	2.786	-2.269	50000000
chrX	51000000	52000000	7.321	3.061	-1.821	51000000
chrX	52000000	53000000	7.228	3.414	-1.848	52000000
chrX	53000000	54000000	6.286	3.608	-2.621	53000000
chrX	54000000	55000000	7.207	3.882	-2.849	54000000
chrX	55000000	56000000	7.289	4.337	-3.37	55000000
chrX	56000000	57000000	7.158	4.704	-2.075	56000000
chrX	57000000	58000000	6.649	4.388	-1.186	57000000
chrX	58000000	59000000	5.486	3.939	-1.316	58000000
chrX	59000000	60000000	4.914	3.156	-1.174	59000000
chrX	60000000	61000000	5.165	2.853	-0.8	60000000
chrX	61000000	62000000	6.04	3.571	-1.37	61000000
chrX	62000000	63000000	5.931	4.025	-2.055	62000000
chrX	63000000	64000000	5.913	4.77	-3.082	63000000
chrX	64000000	65000000	5.743	5.46	-3.179	64000000
chrX	65000000	66000000	5.816	6.222	-2.306	65000000
chrX	66000000	67000000	5.93	6.094	-1.559	66000000
chrX	67000000	68000000	5.717	5.6	-0.913	67000000
chrX	68000000	69000000	6.06	4.738	-0.486	68000000
chrX	69000000	70000000	6.306	5.233	-0.258	69000000
chrX	70000000	71000000	6.235	5.039	0.619	70000000
chrX	71000000	72000000	6.828	5.077	1.03	71000000
chrX	72000000	73000000	6.393	4.304	0.972	72000000
chrX	73000000	74000000	6.193	3.432	0.352	73000000
chrX	74000000	75000000	4.826	2.45	-1.337	74000000
chrX	75000000	76000000	4.496	3.616	-2.03	75000000
chrX	76000000	77000000	4.67	5.237	-1.742	76000000
chrX	77000000	78000000	4.324	5.932	-2.144	77000000
chrX	78000000	79000000	3.834	5.631	-2.091	78000000
chrX	79000000	80000000	4.495	6.212	-2.615	79000000
chrX	80000000	81000000	4.622	6.502	-2.762	80000000
chrX	81000000	82000000	4.94	6.863	-2.771	81000000
chrX	82000000	83000000	4.888	6.839	-2.188	82000000
chrX	83000000	84000000	4.226	7.392	-2.139	83000000
chrX	84000000	85000000	4.593	7.418	-1.253	84000000
chrX	85000000	86000000	3.414	6.844	-1.625	85000000
chrX	86000000	87000000	3.609	6.335	-2.532	86000000
chrX	87000000	88000000	4.181	5.297	-3.436	87000000
chrX	88000000	89000000	4.666	5.307	-3.941	88000000
chrX	89000000	90000000	3.978	5.627	-3.489	89000000
chrX	90000000	91000000	4.388	5.942	-3.537	90000000
chrX	91000000	92000000	4.922	5.918	-3.83	91000000
chrX	92000000	93000000	5.151	4.665	-4.306	92000000
chrX	93000000	94000000	4.801	4.462	-4.766	93000000
chrX	94000000	95000000	4.558	3.984	-3.567	94000000
chrX	95000000	96000000	5.434	3.307	-3.836	95000000
chrX	96000000	97000000	5.77	3.381	-4.645	96000000
chrX	97000000	98000000	6.231	3.561	-3.818	97000000
chrX	98000000	99000000	5.631	3.561	-3.446	98000000
chrX	99000000	100000000	4.844	3.174	-3.737	99000000
chrX	100000000	101000000	4.393	2.811	-3.901	100000000
chrX	101000000	102000000	3.675	3.233	-4.119	101000000
chrX	102000000	103000000	3.224	3.601	-3.4	102000000
chrX	103000000	104000000	3.655	4.36	-2.651	103000000
chrX	104000000	105000000	3.285	4.955	-3.071	104000000
chrX	105000000	106000000	2.999	5.714	-3.13	105000000
chrX	106000000	107000000	2.207	6.813	-3.558	106000000
chrX	107000000	108000000	1.558	7.333	-4.529	107000000
chrX	108000000	109000000	1.712	7.893	-3.828	108000000
chrX	109000000	110000000	2.057	7.947	-3.05	109000000
chrX	110000000	111000000	2.832	7.844	-3.479	110000000
chrX	111000000	112000000	3.17	7.289	-3.695	111000000
chrX	112000000	113000000	3.41	7.613	-3.444	112000000
chrX	113000000	114000000	2.584	7.348	-4.799	113000000
chrX	114000000	115000000	1.855	7.234	-5.879	114000000
chrX	115000000	116000000	1.458	6.629	-6.551	115000000
chrX	116000000	117000000	0.922	6.666	-7.061	116000000
chrX	117000000	118000000	0.874	6.749	-6.511	117000000
chrX	118000000	119000000	1.278	5.687	-6.708	118000000
chrX	119000000	120000000	1.981	5.205	-6.47	119000000
chrX	120000000	121000000	2.272	5.198	-6.372	120000000
chrX	121000000	122000000	2.986	5.842	-5.75	121000000
chrX	122000000	123000000	3.536	6.639	-5.642	122000000
chrX	123000000	124000000	3.639	5.587	-5.845	123000000
chrX	124000000	125000000	4.421	5.104	-6.268	124000000
chrX	125000000	126000000	4.837	5.154	-7.363	125000000
chrX	126000000	127000000	3.977	5.194	-8.144	126000000
chrX	127000000	128000000	3.005	5.36	-7.44	127000000
chrX	128000000	129000000	2.889	6.212	-6.984	128000000
chrX	129000000	130000000	2.644	6.438	-6.471	129000000
chrX	130000000	131000000	2.323	6.142	-5.837	130000000
chrX	131000000	132000000	2.466	5.787	-5.357	131000000
chrX	132000000	133000000	3.042	4.964	-5.127	132000000
chrX	133000000	134000000	3.26	4.375	-4.88	133000000
chrX	134000000	135000000	2.468	4.43	-4.526	134000000
chrX	135000000	136000000	1.928	4.776	-5.059	135000000
chrX	136000000	137000000	2.965	5.358	-4.884	136000000
chrX	137000000	138000000	4.332	4.959	-4.283	137000000
chrX	138000000	139000000	5.033	5.015	-2.751	138000000
chrX	139000000	140000000	5.335	4.563	-2.199	139000000
chrX	140000000	141000000	5.532	4.989	-1.357	140000000
chrX	141000000	142000000	5.302	5.678	-0.687	141000000
chrX	142000000	143000000	4.952	6.573	-0.774	142000000
chrX	143000000	144000000	3.936	6.471	-0.884	143000000
chrX	144000000	145000000	3.295	7.227	-2.0	144000000
chrX	145000000	146000000	2.937	7.016	-3.085	145000000
chrX	146000000	147000000	3.368	6.82	-4.421	146000000
chrX	147000000	148000000	3.909	6.192	-4.62	147000000
chrX	148000000	149000000	3.788	6.823	-4.436	148000000
chrX	149000000	150000000	4.844	7.595	-4.812	149000000
chrX	150000000	151000000	4.176	6.621	-5.153	150000000
chrX	151000000	152000000	3.121	5.782	-4.135	151000000
chrX	152000000	153000000	2.0	5.579	-4.111	152000000
chrX	153000000	154000000	1.352	6.002	-3.898	153000000
chrX	154000000	155000000	1.056	7.051	-3.762	154000000
chrX	155000000	156000000	0.902	7.683	-3.478	155000000
chrX	156000000	157000000	0.263	7.782	-3.83	156000000
chrX	157000000	158000000	0.723	8.404	-3.703	157000000
chrX	158000000	159000000	0.999	7.985	-2.775	158000000
chrX	159000000	160000000	1.747	7.199	-2.971	159000000
chrX	160000000	161000000	1.992	6.213	-4.284	160000000
chrX	161000000	162000000	0.818	5.018	-6.023	161000000
chrX	162000000	163000000	0.003	4.084	-6.994	162000000
chrX	163000000	164000000	-0.003	3.205	-7.661	163000000
chrX	164000000	165000000	0.693	4.166	-7.563	164000000
chrX	165000000	166000000	0.006	4.573	-6.787	165000000
chrX	166000000	167000000	-0.141	5.229	-6.778	166000000
chrX	167000000	168000000	0.434	5.558	-5.955	167000000
chrX	168000000	169000000	0.615	5.634	-5.177	168000000
chrX	169000000	170000000	0.626	6.626	-5.638	169000000
chrX	170000000	171000000	1.128	7.082	-5.385	170000000
