chr19	2800000	3200000	5.709	-8.258	-3.39	2800000
chr19	3200000	3600000	5.74	-7.105	-4.401	3200000
chr19	3600000	4000000	6.134	-5.346	-5.91	3600000
chr19	4000000	4400000	6.851	-5.112	-5.443	4000000
chr19	4400000	4800000	7.073	-4.582	-5.913	4400000
chr19	4800000	5200000	7.434	-4.106	-6.52	4800000
chr19	5200000	5600000	6.801	-4.116	-7.225	5200000
chr19	5600000	6000000	5.978	-3.817	-6.817	5600000
chr19	6000000	6400000	6.073	-3.733	-5.861	6000000
chr19	6400000	6800000	5.871	-4.375	-5.642	6400000
chr19	6800000	7200000	6.959	-4.372	-5.329	6800000
chr19	7200000	7600000	7.93	-5.175	-5.232	7200000
chr19	7600000	8000000	8.265	-5.555	-5.175	7600000
chr19	8000000	8400000	9.325	-6.677	-5.404	8000000
chr19	8400000	8800000	9.138	-6.568	-4.439	8400000
chr19	8800000	9200000	8.839	-6.356	-4.524	8800000
chr19	9200000	9600000	8.096	-6.229	-4.413	9200000
chr19	9600000	10000000	7.93	-6.11	-4.532	9600000
chr19	10000000	10400000	7.019	-5.943	-5.493	10000000
chr19	10400000	10800000	6.157	-6.251	-4.814	10400000
chr19	10800000	11200000	5.907	-6.061	-4.721	10800000
chr19	11200000	11600000	6.475	-6.701	-5.549	11200000
chr19	11600000	12000000	6.523	-7.128	-5.427	11600000
chr19	12000000	12400000	7.626	-6.817	-5.358	12000000
chr19	12400000	12800000	7.995	-6.558	-5.798	12400000
chr19	12800000	13200000	8.773	-6.028	-6.237	12800000
chr19	13200000	13600000	9.837	-6.21	-6.64	13200000
chr19	13600000	14000000	10.049	-5.937	-6.586	13600000
chr19	14000000	14400000	8.975	-6.697	-7.156	14000000
chr19	14400000	14800000	8.437	-6.169	-7.095	14400000
chr19	14800000	15200000	7.671	-5.831	-6.626	14800000
chr19	15200000	15600000	7.147	-6.698	-6.459	15200000
chr19	15600000	16000000	7.411	-6.716	-7.458	15600000
chr19	16000000	16400000	8.172	-6.832	-7.791	16000000
chr19	16400000	16800000	7.992	-5.995	-7.477	16400000
chr19	16800000	17200000	8.343	-5.511	-7.284	16800000
chr19	17200000	17600000	8.835	-4.777	-7.582	17200000
chr19	17600000	18000000	9.269	-5.526	-7.322	17600000
chr19	18000000	18400000	8.484	-5.121	-9.085	18000000
chr19	18400000	18800000	8.509	-5.456	-9.256	18400000
chr19	18800000	19200000	8.696	-5.25	-8.527	18800000
chr19	19200000	19600000	8.954	-5.618	-8.359	19200000
chr19	19600000	20000000	9.052	-5.153	-9.215	19600000
chr19	20000000	20400000	10.161	-4.524	-8.881	20000000
chr19	20400000	20800000	10.168	-4.861	-7.923	20400000
chr19	20800000	21200000	10.464	-3.817	-8.01	20800000
chr19	21200000	21600000	10.335	-4.696	-7.284	21200000
chr19	21600000	22000000	10.996	-4.709	-6.729	21600000
chr19	22000000	22400000	10.193	-4.429	-5.934	22000000
chr19	22400000	22800000	10.468	-4.1	-5.182	22400000
chr19	22800000	23200000	10.722	-4.073	-4.877	22800000
chr19	23200000	23600000	9.363	-4.117	-4.155	23200000
chr19	23600000	24000000	9.578	-3.741	-3.866	23600000
chr19	24000000	24400000	9.194	-3.78	-3.25	24000000
chr19	24400000	24800000	9.912	-3.818	-2.695	24400000
chr19	24800000	25200000	9.298	-3.582	-3.119	24800000
chr19	25200000	25600000	9.876	-3.927	-3.244	25200000
chr19	25600000	26000000	10.162	-4.46	-3.897	25600000
chr19	26000000	26400000	10.982	-4.206	-3.794	26000000
chr19	26400000	26800000	10.751	-5.488	-4.064	26400000
chr19	26800000	27200000	10.73	-5.325	-3.925	26800000
chr19	27200000	27600000	10.62	-5.203	-4.364	27200000
chr19	27600000	28000000	10.61	-5.919	-4.186	27600000
chr19	28000000	28400000	9.993	-5.458	-5.086	28000000
chr19	28400000	28800000	8.924	-5.017	-5.06	28400000
chr19	28800000	29200000	8.461	-4.445	-4.689	28800000
chr19	29200000	29600000	7.869	-3.816	-4.389	29200000
chr19	29600000	30000000	7.59	-3.8	-4.309	29600000
chr19	30000000	30400000	8.005	-3.683	-4.473	30000000
chr19	30400000	30800000	8.862	-3.177	-5.246	30400000
chr19	30800000	31200000	9.68	-2.716	-6.14	30800000
chr19	31200000	31600000	9.235	-2.699	-6.004	31200000
chr19	31600000	32000000	10.14	-3.458	-6.512	31600000
chr19	32000000	32400000	9.998	-3.068	-6.331	32000000
chr19	32400000	32800000	8.898	-3.667	-6.01	32400000
chr19	32800000	33200000	8.813	-4.816	-5.519	32800000
chr19	33200000	33600000	9.437	-4.919	-6.178	33200000
chr19	33600000	34000000	9.985	-5.593	-6.109	33600000
chr19	34000000	34400000	10.168	-5.504	-5.54	34000000
chr19	34400000	34800000	9.536	-4.007	-6.878	34400000
chr19	34800000	35200000	8.612	-3.848	-6.873	34800000
chr19	35200000	35600000	8.252	-3.427	-6.919	35200000
chr19	35600000	36000000	8.907	-2.904	-7.018	35600000
chr19	36000000	36400000	7.659	-3.075	-6.845	36000000
chr19	36400000	36800000	8.114	-2.084	-6.397	36400000
chr19	36800000	37200000	8.34	-2.013	-6.249	36800000
chr19	37200000	37600000	7.213	-2.215	-5.557	37200000
chr19	37600000	38000000	6.745	-1.617	-5.854	37600000
chr19	38000000	38400000	6.483	-2.319	-5.403	38000000
chr19	38400000	38800000	7.184	-2.116	-5.01	38400000
chr19	38800000	39200000	7.842	-2.371	-4.788	38800000
chr19	39200000	39600000	9.249	-2.57	-4.929	39200000
chr19	39600000	40000000	10.229	-3.065	-4.757	39600000
chr19	40000000	40400000	9.675	-3.013	-4.794	40000000
chr19	40400000	40800000	9.909	-2.335	-3.828	40400000
chr19	40800000	41200000	9.535	-2.623	-3.657	40800000
chr19	41200000	41600000	9.032	-2.143	-3.708	41200000
chr19	41600000	42000000	9.311	-1.69	-3.551	41600000
chr19	42000000	42400000	8.754	-1.611	-3.284	42000000
chr19	42400000	42800000	8.273	-1.547	-3.184	42400000
chr19	42800000	43200000	7.744	-1.661	-3.767	42800000
chr19	43200000	43600000	8.996	-2.038	-4.872	43200000
chr19	43600000	44000000	9.02	-2.39	-4.843	43600000
chr19	44000000	44400000	8.314	-2.201	-4.075	44000000
chr19	44400000	44800000	7.473	-2.57	-4.007	44400000
chr19	44800000	45200000	7.622	-1.975	-3.26	44800000
chr19	45200000	45600000	7.501	-1.614	-2.403	45200000
chr19	45600000	46000000	7.287	-1.354	-1.866	45600000
chr19	46000000	46400000	7.183	-1.26	-0.833	46000000
chr19	46400000	46800000	7.528	-1.472	-1.023	46400000
chr19	46800000	47200000	7.94	-2.009	-0.063	46800000
chr19	47200000	47600000	8.242	-2.766	-0.892	47200000
chr19	47600000	48000000	8.308	-2.223	-1.964	47600000
chr19	48000000	48400000	9.305	-2.284	-2.696	48000000
chr19	48400000	48800000	10.432	-2.684	-3.011	48400000
chr19	48800000	49200000	10.901	-2.483	-3.453	48800000
chr19	49200000	49600000	10.245	-3.06	-3.758	49200000
chr19	49600000	50000000	10.317	-2.392	-3.463	49600000
chr19	50000000	50400000	10.966	-1.528	-3.89	50000000
chr19	50400000	50800000	10.964	-1.919	-4.549	50400000
chr19	50800000	51200000	11.098	-1.343	-5.219	50800000
chr19	51200000	51600000	10.733	-1.058	-5.577	51200000
chr19	51600000	52000000	10.728	-0.94	-6.035	51600000
chr19	52000000	52400000	10.599	-2.079	-6.081	52000000
chr19	52400000	52800000	9.935	-1.938	-5.812	52400000
chr19	52800000	53200000	10.527	-1.631	-4.698	52800000
chr19	53200000	53600000	9.543	-1.19	-4.689	53200000
chr19	53600000	54000000	9.171	-1.109	-5.325	53600000
chr19	54000000	54400000	8.671	-1.3	-5.768	54000000
chr19	54400000	54800000	9.488	-1.002	-5.938	54400000
chr19	54800000	55200000	8.545	-1.175	-6.035	54800000
chr19	55200000	55600000	8.595	-0.979	-6.145	55200000
chr19	55600000	56000000	8.193	-1.002	-5.024	55600000
chr19	56000000	56400000	8.309	-0.744	-4.031	56000000
chr19	56400000	56800000	9.189	-0.024	-4.354	56400000
chr19	56800000	57200000	9.022	0.315	-3.44	56800000
chr19	57200000	57600000	9.684	0.072	-3.792	57200000
chr19	57600000	58000000	9.359	0.068	-2.714	57600000
chr19	58000000	58400000	10.597	-0.449	-3.273	58000000
chr19	58400000	58800000	10.585	-0.26	-2.613	58400000
chr19	58800000	59200000	10.025	-0.01	-2.747	58800000
chr19	59200000	59600000	9.816	-0.465	-2.395	59200000
chr19	59600000	60000000	9.667	-0.814	-2.0	59600000
chr19	60000000	60400000	10.456	-0.832	-1.993	60000000
chr19	60400000	60800000	10.54	-0.805	-2.448	60400000
chr19	60800000	61200000	9.93	-0.225	-2.925	60800000
chr19	61200000	61600000	10.54	-0.717	-4.459	61200000
