chr9	3000000	4000000	-6.551	5.992	-5.597	3000000
chr9	4000000	5000000	-6.387	4.829	-5.287	4000000
chr9	5000000	6000000	-5.564	4.551	-5.482	5000000
chr9	6000000	7000000	-5.409	4.441	-4.811	6000000
chr9	7000000	8000000	-5.353	4.612	-4.438	7000000
chr9	8000000	9000000	-4.561	4.963	-4.561	8000000
chr9	9000000	10000000	-4.071	5.496	-5.206	9000000
chr9	10000000	11000000	-3.926	4.893	-5.932	10000000
chr9	11000000	12000000	-5.204	3.676	-6.532	11000000
chr9	12000000	13000000	-5.676	4.227	-6.83	12000000
chr9	13000000	14000000	-5.6	5.005	-7.043	13000000
chr9	14000000	15000000	-5.861	4.454	-6.731	14000000
chr9	15000000	16000000	-5.009	3.758	-7.22	15000000
chr9	16000000	17000000	-4.464	3.622	-6.505	16000000
chr9	17000000	18000000	-3.96	3.707	-5.863	17000000
chr9	18000000	19000000	-4.592	4.398	-6.15	18000000
chr9	19000000	20000000	-3.76	4.382	-6.811	19000000
chr9	20000000	21000000	-3.229	3.895	-7.844	20000000
chr9	21000000	22000000	-2.928	3.933	-7.545	21000000
chr9	22000000	23000000	-2.157	3.055	-7.204	22000000
chr9	23000000	24000000	-2.999	2.481	-6.994	23000000
chr9	24000000	25000000	-3.411	3.546	-6.366	24000000
chr9	25000000	26000000	-3.274	3.238	-6.876	25000000
chr9	26000000	27000000	-4.012	2.679	-6.72	26000000
chr9	27000000	28000000	-3.923	1.766	-7.353	27000000
chr9	28000000	29000000	-3.627	1.447	-7.928	28000000
chr9	29000000	30000000	-4.294	1.54	-8.426	29000000
chr9	30000000	31000000	-4.957	1.598	-7.95	30000000
chr9	31000000	32000000	-4.71	2.045	-7.589	31000000
chr9	32000000	33000000	-3.721	2.352	-8.014	32000000
chr9	33000000	34000000	-3.858	1.137	-7.621	33000000
chr9	34000000	35000000	-3.056	0.709	-7.686	34000000
chr9	35000000	36000000	-2.747	0.405	-8.372	35000000
chr9	36000000	37000000	-2.612	0.668	-9.099	36000000
chr9	37000000	38000000	-3.493	0.536	-8.71	37000000
chr9	38000000	39000000	-3.995	-0.447	-8.423	38000000
chr9	39000000	40000000	-4.596	-0.75	-8.591	39000000
chr9	40000000	41000000	-5.343	-0.143	-8.105	40000000
chr9	41000000	42000000	-5.284	-0.341	-7.627	41000000
chr9	42000000	43000000	-5.931	-1.16	-7.582	42000000
chr9	43000000	44000000	-5.515	-1.854	-6.678	43000000
chr9	44000000	45000000	-5.586	-2.81	-6.624	44000000
chr9	45000000	46000000	-5.85	-3.036	-5.387	45000000
chr9	46000000	47000000	-5.488	-3.577	-5.027	46000000
chr9	47000000	48000000	-4.958	-4.208	-5.366	47000000
chr9	48000000	49000000	-4.382	-4.142	-5.99	48000000
chr9	49000000	50000000	-4.31	-3.611	-5.354	49000000
chr9	50000000	51000000	-4.008	-2.989	-5.611	50000000
chr9	51000000	52000000	-4.429	-3.408	-6.665	51000000
chr9	52000000	53000000	-4.82	-3.052	-7.534	52000000
chr9	53000000	54000000	-4.772	-2.175	-7.195	53000000
chr9	54000000	55000000	-4.544	-1.792	-7.634	54000000
chr9	55000000	56000000	-3.494	-1.206	-7.657	55000000
chr9	56000000	57000000	-2.489	-1.03	-7.095	56000000
chr9	57000000	58000000	-2.451	-0.371	-6.44	57000000
chr9	58000000	59000000	-3.084	-0.49	-5.561	58000000
chr9	59000000	60000000	-4.073	-0.649	-4.905	59000000
chr9	60000000	61000000	-4.691	-0.405	-4.23	60000000
chr9	61000000	62000000	-5.505	-0.697	-3.82	61000000
chr9	62000000	63000000	-5.96	-0.955	-3.076	62000000
chr9	63000000	64000000	-6.949	-0.26	-2.637	63000000
chr9	64000000	65000000	-7.534	-0.146	-2.583	64000000
chr9	65000000	66000000	-7.582	0.599	-3.029	65000000
chr9	66000000	67000000	-7.061	0.19	-3.636	66000000
chr9	67000000	68000000	-7.22	0.479	-4.738	67000000
chr9	68000000	69000000	-7.501	1.433	-5.423	68000000
chr9	69000000	70000000	-7.154	2.302	-5.769	69000000
chr9	70000000	71000000	-7.217	2.179	-5.149	70000000
chr9	71000000	72000000	-6.48	1.419	-5.407	71000000
chr9	72000000	73000000	-6.256	1.534	-5.022	72000000
chr9	73000000	74000000	-5.551	1.653	-5.56	73000000
chr9	74000000	75000000	-5.607	1.715	-6.873	74000000
chr9	75000000	76000000	-6.548	1.51	-6.353	75000000
chr9	76000000	77000000	-5.645	0.418	-6.8	76000000
chr9	77000000	78000000	-5.406	0.813	-7.652	77000000
chr9	78000000	79000000	-4.945	0.588	-7.11	78000000
chr9	79000000	80000000	-4.049	-0.407	-6.848	79000000
chr9	80000000	81000000	-4.0	-0.936	-7.281	80000000
chr9	81000000	82000000	-3.137	-1.711	-8.273	81000000
chr9	82000000	83000000	-2.386	-1.385	-7.707	82000000
chr9	83000000	84000000	-1.927	-1.105	-8.733	83000000
chr9	84000000	85000000	-1.985	-2.322	-9.025	84000000
chr9	85000000	86000000	-2.861	-2.852	-8.694	85000000
chr9	86000000	87000000	-3.046	-3.071	-8.267	86000000
chr9	87000000	88000000	-3.166	-4.055	-8.101	87000000
chr9	88000000	89000000	-3.154	-3.756	-7.861	88000000
chr9	89000000	90000000	-2.775	-4.643	-8.552	89000000
chr9	90000000	91000000	-3.764	-5.499	-8.239	90000000
chr9	91000000	92000000	-4.232	-4.499	-8.952	91000000
chr9	92000000	93000000	-4.414	-3.962	-8.596	92000000
chr9	93000000	94000000	-4.714	-3.207	-8.204	93000000
chr9	94000000	95000000	-4.513	-4.286	-7.908	94000000
chr9	95000000	96000000	-5.329	-3.883	-8.003	95000000
chr9	96000000	97000000	-5.791	-3.318	-8.122	96000000
chr9	97000000	98000000	-5.01	-3.293	-9.418	97000000
chr9	98000000	99000000	-3.842	-3.573	-9.108	98000000
chr9	99000000	100000000	-2.886	-3.843	-9.468	99000000
chr9	100000000	101000000	-1.976	-3.884	-9.094	100000000
chr9	101000000	102000000	-1.663	-3.364	-8.545	101000000
chr9	102000000	103000000	-1.003	-4.093	-7.566	102000000
chr9	103000000	104000000	-1.546	-4.027	-6.74	103000000
chr9	104000000	105000000	-2.485	-4.112	-5.783	104000000
chr9	105000000	106000000	-2.559	-3.819	-4.79	105000000
chr9	106000000	107000000	-2.268	-4.088	-4.151	106000000
chr9	107000000	108000000	-1.81	-4.509	-1.688	107000000
chr9	108000000	109000000	-1.659	-5.131	-1.836	108000000
chr9	109000000	110000000	-1.201	-5.045	-2.588	109000000
chr9	110000000	111000000	-1.362	-5.418	-3.767	110000000
chr9	111000000	112000000	-1.306	-6.562	-5.666	111000000
chr9	112000000	113000000	-1.223	-5.924	-7.013	112000000
chr9	113000000	114000000	-1.081	-5.098	-7.588	113000000
chr9	114000000	115000000	-1.864	-5.019	-7.77	114000000
chr9	115000000	116000000	-2.843	-5.611	-7.098	115000000
chr9	116000000	117000000	-2.43	-5.633	-5.96	116000000
chr9	117000000	118000000	-2.34	-4.979	-5.305	117000000
chr9	118000000	119000000	-2.255	-4.907	-4.266	118000000
chr9	119000000	120000000	-3.055	-5.409	-4.016	119000000
chr9	120000000	121000000	-2.237	-5.618	-5.018	120000000
chr9	121000000	122000000	-1.198	-5.876	-4.515	121000000
chr9	122000000	123000000	-1.739	-5.566	-4.41	122000000
chr9	123000000	124000000	-2.967	-5.035	-4.933	123000000
chr9	124000000	125000000	-4.131	-4.894	-5.486	124000000
