chr1	3000000	4000000	-4.851	0.602	1.827	3000000
chr1	4000000	5000000	-4.171	1.17	1.827	4000000
chr1	5000000	6000000	-3.504	0.43	1.339	5000000
chr1	6000000	7000000	-3.768	-0.345	1.231	6000000
chr1	7000000	8000000	-2.91	-0.131	0.721	7000000
chr1	8000000	9000000	-2.144	0.037	0.642	8000000
chr1	9000000	10000000	-1.332	-0.616	0.793	9000000
chr1	10000000	11000000	-2.306	-0.535	0.455	10000000
chr1	11000000	12000000	-3.479	-0.613	0.586	11000000
chr1	12000000	13000000	-3.566	-1.396	1.202	12000000
chr1	13000000	14000000	-3.991	-1.924	0.692	13000000
chr1	14000000	15000000	-3.268	-2.715	0.9	14000000
chr1	15000000	16000000	-2.956	-2.682	1.627	15000000
chr1	16000000	17000000	-2.409	-1.416	2.232	16000000
chr1	17000000	18000000	-2.922	-1.055	1.948	17000000
chr1	18000000	19000000	-3.444	-1.603	1.511	18000000
chr1	19000000	20000000	-3.307	-1.186	0.076	19000000
chr1	20000000	21000000	-3.315	-1.204	-1.299	20000000
chr1	21000000	22000000	-3.297	-1.663	-2.589	21000000
chr1	22000000	23000000	-3.375	-2.051	-3.11	22000000
chr1	23000000	24000000	-4.127	-2.639	-3.482	23000000
chr1	24000000	25000000	-4.103	-3.361	-3.777	24000000
chr1	25000000	26000000	-4.515	-3.383	-3.157	25000000
chr1	26000000	27000000	-5.017	-3.137	-2.613	26000000
chr1	27000000	28000000	-6.084	-2.773	-2.791	27000000
chr1	28000000	29000000	-5.686	-2.673	-2.741	28000000
chr1	29000000	30000000	-5.419	-3.111	-3.978	29000000
chr1	30000000	31000000	-5.176	-1.769	-4.772	30000000
chr1	31000000	32000000	-4.92	-2.771	-4.5	31000000
chr1	32000000	33000000	-4.158	-3.406	-5.295	32000000
chr1	33000000	34000000	-3.611	-2.966	-5.897	33000000
chr1	34000000	35000000	-3.518	-2.062	-4.848	34000000
chr1	35000000	36000000	-3.584	-1.655	-4.11	35000000
chr1	36000000	37000000	-3.308	-1.426	-4.516	36000000
chr1	37000000	38000000	-2.328	-1.942	-4.319	37000000
chr1	38000000	39000000	-1.772	-1.93	-4.243	38000000
chr1	39000000	40000000	-1.563	-1.894	-4.459	39000000
chr1	40000000	41000000	-1.898	-1.325	-5.081	40000000
chr1	41000000	42000000	-2.228	-1.816	-5.979	41000000
chr1	42000000	43000000	-2.505	-1.549	-6.175	42000000
chr1	43000000	44000000	-2.939	-1.991	-6.348	43000000
chr1	44000000	45000000	-3.89	-2.483	-5.572	44000000
chr1	45000000	46000000	-4.998	-2.648	-5.211	45000000
chr1	46000000	47000000	-5.199	-2.42	-4.133	46000000
chr1	47000000	48000000	-6.113	-2.44	-4.423	47000000
chr1	48000000	49000000	-6.639	-2.443	-3.6	48000000
chr1	49000000	50000000	-6.487	-1.649	-2.618	49000000
chr1	50000000	51000000	-6.401	-1.166	-2.208	50000000
chr1	51000000	52000000	-5.287	-1.139	-2.097	51000000
chr1	52000000	53000000	-5.509	-0.707	-2.596	52000000
chr1	53000000	54000000	-5.604	-0.909	-1.653	53000000
chr1	54000000	55000000	-5.507	-0.218	-1.883	54000000
chr1	55000000	56000000	-5.637	0.011	-2.776	55000000
chr1	56000000	57000000	-5.18	-0.063	-3.161	56000000
chr1	57000000	58000000	-5.274	-0.352	-3.856	57000000
chr1	58000000	59000000	-5.133	-1.258	-3.363	58000000
chr1	59000000	60000000	-5.854	-1.494	-3.358	59000000
chr1	60000000	61000000	-4.285	-1.1	-1.126	60000000
chr1	61000000	62000000	-3.258	-0.461	-0.439	61000000
chr1	62000000	63000000	-2.535	-1.722	-1.539	62000000
chr1	63000000	64000000	-1.866	-2.204	-1.58	63000000
chr1	64000000	65000000	-1.13	-1.73	-1.805	64000000
chr1	65000000	66000000	-1.236	-1.647	-2.317	65000000
chr1	66000000	67000000	-1.962	-1.269	-2.573	66000000
chr1	67000000	68000000	-2.435	-0.597	-2.311	67000000
chr1	68000000	69000000	-2.059	0.413	-1.607	68000000
chr1	69000000	70000000	-1.239	0.073	-1.003	69000000
chr1	70000000	71000000	-1.964	-0.485	-0.895	70000000
chr1	71000000	72000000	-2.537	-0.692	-1.4	71000000
chr1	72000000	73000000	-2.993	-0.842	-1.31	72000000
chr1	73000000	74000000	-3.699	-0.37	-2.344	73000000
chr1	74000000	75000000	-3.918	0.153	-2.711	74000000
chr1	75000000	76000000	-3.518	0.043	-3.434	75000000
chr1	76000000	77000000	-3.63	-0.81	-4.395	76000000
chr1	77000000	78000000	-3.984	-1.258	-5.034	77000000
chr1	78000000	79000000	-4.528	-1.073	-5.032	78000000
chr1	79000000	80000000	-3.517	-2.022	-5.057	79000000
chr1	80000000	81000000	-3.106	-2.853	-5.413	80000000
chr1	81000000	82000000	-2.654	-3.447	-6.019	81000000
chr1	82000000	83000000	-2.605	-3.067	-6.283	82000000
chr1	83000000	84000000	-2.736	-3.216	-5.254	83000000
chr1	84000000	85000000	-3.031	-3.669	-4.536	84000000
chr1	85000000	86000000	-3.293	-3.089	-4.072	85000000
chr1	86000000	87000000	-4.018	-1.676	-3.381	86000000
chr1	87000000	88000000	-3.919	-0.255	-3.625	87000000
chr1	88000000	89000000	-3.438	0.444	-4.421	88000000
chr1	89000000	90000000	-2.388	-0.185	-4.61	89000000
chr1	90000000	91000000	-2.301	-0.1	-5.204	90000000
chr1	91000000	92000000	-3.148	-0.23	-6.166	91000000
chr1	92000000	93000000	-3.102	0.479	-5.634	92000000
chr1	93000000	94000000	-3.712	0.544	-6.703	93000000
chr1	94000000	95000000	-4.243	1.039	-6.16	94000000
chr1	95000000	96000000	-5.416	1.144	-6.442	95000000
chr1	96000000	97000000	-5.612	0.798	-5.94	96000000
chr1	97000000	98000000	-5.212	0.249	-6.744	97000000
chr1	98000000	99000000	-4.795	-0.065	-6.735	98000000
chr1	99000000	100000000	-4.77	-0.504	-6.076	99000000
chr1	100000000	101000000	-4.77	0.136	-5.969	100000000
chr1	101000000	102000000	-2.918	0.119	-7.996	101000000
chr1	102000000	103000000	-2.684	0.336	-8.212	102000000
chr1	103000000	104000000	-2.487	-0.75	-8.165	103000000
chr1	104000000	105000000	-2.291	0.472	-8.071	104000000
chr1	105000000	106000000	-1.424	0.465	-8.159	105000000
chr1	106000000	107000000	-1.708	1.045	-8.039	106000000
chr1	107000000	108000000	-1.354	1.838	-8.297	107000000
chr1	108000000	109000000	-2.5	2.501	-8.116	108000000
chr1	109000000	110000000	-3.713	3.023	-7.815	109000000
chr1	110000000	111000000	-4.406	2.839	-7.577	110000000
chr1	111000000	112000000	-4.536	1.829	-7.855	111000000
chr1	112000000	113000000	-3.997	1.282	-7.794	112000000
chr1	113000000	114000000	-4.075	0.37	-7.757	113000000
chr1	114000000	115000000	-3.668	-0.356	-7.124	114000000
chr1	115000000	116000000	-3.89	-1.152	-6.942	115000000
chr1	116000000	117000000	-3.412	-0.959	-6.906	116000000
chr1	117000000	118000000	-3.564	-1.282	-5.843	117000000
chr1	118000000	119000000	-3.781	-1.142	-5.5	118000000
chr1	119000000	120000000	-3.354	-0.188	-4.912	119000000
chr1	120000000	121000000	-3.842	0.309	-5.142	120000000
chr1	121000000	122000000	-4.919	0.256	-4.789	121000000
chr1	122000000	123000000	-5.325	-0.393	-4.877	122000000
chr1	123000000	124000000	-5.734	-0.514	-4.62	123000000
chr1	124000000	125000000	-6.255	-0.092	-3.434	124000000
chr1	125000000	126000000	-5.806	0.851	-3.427	125000000
chr1	126000000	127000000	-5.831	1.052	-3.783	126000000
chr1	127000000	128000000	-4.992	1.332	-4.031	127000000
chr1	128000000	129000000	-5.4	1.964	-3.734	128000000
chr1	129000000	130000000	-6.058	3.224	-3.055	129000000
chr1	130000000	131000000	-5.819	3.663	-4.233	130000000
chr1	131000000	132000000	-5.492	4.171	-4.175	131000000
chr1	132000000	133000000	-4.245	3.97	-3.916	132000000
chr1	133000000	134000000	-3.171	3.231	-4.092	133000000
chr1	134000000	135000000	-1.886	2.907	-4.255	134000000
chr1	135000000	136000000	-0.99	2.728	-5.086	135000000
chr1	136000000	137000000	-1.601	2.22	-5.027	136000000
chr1	137000000	138000000	-2.025	3.081	-5.835	137000000
chr1	138000000	139000000	-2.895	3.408	-6.555	138000000
chr1	139000000	140000000	-3.67	3.768	-6.62	139000000
chr1	140000000	141000000	-4.328	3.135	-6.139	140000000
chr1	141000000	142000000	-4.996	2.195	-6.146	141000000
chr1	142000000	143000000	-5.208	1.693	-6.897	142000000
chr1	143000000	144000000	-4.732	1.193	-6.575	143000000
chr1	144000000	145000000	-5.047	1.268	-5.054	144000000
chr1	145000000	146000000	-5.389	2.103	-5.0	145000000
chr1	146000000	147000000	-6.17	2.13	-5.2	146000000
chr1	147000000	148000000	-6.24	2.546	-4.624	147000000
chr1	148000000	149000000	-6.678	2.605	-3.825	148000000
chr1	149000000	150000000	-7.543	2.272	-3.406	149000000
chr1	150000000	151000000	-6.867	1.731	-4.038	150000000
chr1	151000000	152000000	-6.06	1.566	-4.506	151000000
chr1	152000000	153000000	-5.121	1.906	-4.713	152000000
chr1	153000000	154000000	-4.208	1.763	-5.067	153000000
chr1	154000000	155000000	-3.248	1.604	-5.797	154000000
chr1	155000000	156000000	-2.752	0.98	-6.585	155000000
chr1	156000000	157000000	-2.08	0.555	-6.757	156000000
chr1	157000000	158000000	-2.394	0.457	-6.813	157000000
chr1	158000000	159000000	-2.076	1.07	-7.135	158000000
chr1	159000000	160000000	-2.894	1.627	-7.563	159000000
chr1	160000000	161000000	-3.313	1.658	-6.937	160000000
chr1	161000000	162000000	-4.223	1.864	-6.812	161000000
chr1	162000000	163000000	-4.362	2.743	-5.833	162000000
chr1	163000000	164000000	-4.746	3.398	-6.514	163000000
chr1	164000000	165000000	-4.989	3.935	-5.705	164000000
chr1	165000000	166000000	-5.27	3.736	-4.213	165000000
chr1	166000000	167000000	-5.711	4.435	-2.912	166000000
chr1	167000000	168000000	-6.152	4.895	-2.12	167000000
chr1	168000000	169000000	-6.739	5.153	-1.605	168000000
chr1	169000000	170000000	-7.269	4.39	-2.124	169000000
chr1	170000000	171000000	-7.505	4.441	-1.639	170000000
chr1	171000000	172000000	-7.027	4.524	-0.834	171000000
chr1	172000000	173000000	-6.349	5.121	-0.251	172000000
chr1	173000000	174000000	-6.156	5.494	-1.108	173000000
chr1	174000000	175000000	-6.719	5.909	-2.007	174000000
chr1	175000000	176000000	-5.16	4.536	-2.622	175000000
chr1	176000000	177000000	-5.322	5.399	-3.206	176000000
chr1	177000000	178000000	-6.255	5.542	-2.987	177000000
chr1	178000000	179000000	-7.126	5.537	-2.81	178000000
chr1	179000000	180000000	-4.745	4.738	-3.365	179000000
chr1	180000000	181000000	-4.191	4.753	-3.229	180000000
chr1	181000000	182000000	-4.372	4.778	-2.104	181000000
chr1	182000000	183000000	-4.953	4.98	-1.191	182000000
chr1	183000000	184000000	-5.167	5.186	-0.87	183000000
chr1	184000000	185000000	-5.64	5.656	-0.584	184000000
chr1	185000000	186000000	-5.924	5.17	-1.142	185000000
chr1	186000000	187000000	-6.377	4.101	-1.952	186000000
chr1	187000000	188000000	-6.956	3.655	-2.484	187000000
chr1	188000000	189000000	-7.085	4.066	-2.788	188000000
chr1	189000000	190000000	-6.476	4.596	-2.86	189000000
chr1	190000000	191000000	-5.753	5.778	-2.932	190000000
chr1	191000000	192000000	-5.247	6.636	-2.328	191000000
chr1	192000000	193000000	-4.964	6.57	-1.541	192000000
chr1	193000000	194000000	-4.405	7.027	-0.937	193000000
chr1	194000000	195000000	-5.423	6.323	-1.949	194000000
chr1	195000000	196000000	-6.129	5.656	-2.541	195000000
