chr9	3000000	4000000	1.635	4.967	-7.635	3000000
chr9	4000000	5000000	1.136	5.622	-6.588	4000000
chr9	5000000	6000000	1.6	6.052	-5.897	5000000
chr9	6000000	7000000	2.877	6.386	-5.248	6000000
chr9	7000000	8000000	3.277	5.618	-4.728	7000000
chr9	8000000	9000000	3.424	5.149	-3.632	8000000
chr9	9000000	10000000	3.352	4.309	-4.166	9000000
chr9	10000000	11000000	2.681	5.279	-4.188	10000000
chr9	11000000	12000000	1.677	5.056	-4.996	11000000
chr9	12000000	13000000	1.53	5.199	-5.425	12000000
chr9	13000000	14000000	1.112	4.684	-4.912	13000000
chr9	14000000	15000000	1.68	5.458	-4.647	14000000
chr9	15000000	16000000	1.144	5.583	-4.505	15000000
chr9	16000000	17000000	1.591	4.903	-3.371	16000000
chr9	17000000	18000000	1.535	4.89	-3.915	17000000
chr9	18000000	19000000	0.737	5.111	-3.49	18000000
chr9	19000000	20000000	0.411	5.407	-3.324	19000000
chr9	20000000	21000000	0.051	4.603	-3.325	20000000
chr9	21000000	22000000	-0.827	4.355	-2.932	21000000
chr9	22000000	23000000	-0.089	3.62	-3.337	22000000
chr9	23000000	24000000	0.691	2.773	-4.099	23000000
chr9	24000000	25000000	1.138	3.338	-3.715	24000000
chr9	25000000	26000000	1.686	3.711	-3.758	25000000
chr9	26000000	27000000	1.619	4.06	-3.608	26000000
chr9	27000000	28000000	1.033	4.384	-4.117	27000000
chr9	28000000	29000000	1.625	3.174	-4.908	28000000
chr9	29000000	30000000	1.797	3.903	-4.788	29000000
chr9	30000000	31000000	2.592	4.132	-4.055	30000000
chr9	31000000	32000000	2.147	3.555	-4.613	31000000
chr9	32000000	33000000	2.017	2.667	-3.862	32000000
chr9	33000000	34000000	3.172	3.121	-3.804	33000000
chr9	34000000	35000000	2.549	3.381	-4.346	34000000
chr9	35000000	36000000	2.899	3.92	-5.026	35000000
chr9	36000000	37000000	1.932	3.212	-5.387	36000000
chr9	37000000	38000000	2.441	2.728	-5.39	37000000
chr9	38000000	39000000	2.629	2.952	-4.219	38000000
chr9	39000000	40000000	1.636	3.162	-3.746	39000000
chr9	40000000	41000000	1.476	2.895	-4.491	40000000
chr9	41000000	42000000	1.925	2.186	-4.961	41000000
chr9	42000000	43000000	2.418	1.875	-4.025	42000000
chr9	43000000	44000000	2.792	2.311	-2.95	43000000
chr9	44000000	45000000	3.469	2.979	-2.064	44000000
chr9	45000000	46000000	2.995	2.861	-0.894	45000000
chr9	46000000	47000000	3.625	2.485	-0.744	46000000
chr9	47000000	48000000	4.149	3.423	-1.524	47000000
chr9	48000000	49000000	4.546	3.934	-1.211	48000000
chr9	49000000	50000000	4.824	4.227	-1.629	49000000
chr9	50000000	51000000	4.4	4.843	-1.836	50000000
chr9	51000000	52000000	4.347	4.276	-2.583	51000000
chr9	52000000	53000000	4.311	4.678	-2.782	52000000
chr9	53000000	54000000	3.805	3.899	-3.204	53000000
chr9	54000000	55000000	3.028	4.027	-3.042	54000000
chr9	55000000	56000000	2.228	3.493	-2.333	55000000
chr9	56000000	57000000	2.761	3.407	-2.591	56000000
chr9	57000000	58000000	2.278	5.554	-3.08	57000000
chr9	58000000	59000000	1.524	6.61	-2.927	58000000
chr9	59000000	60000000	1.088	6.391	-2.504	59000000
chr9	60000000	61000000	0.074	6.791	-2.447	60000000
chr9	61000000	62000000	-0.417	6.244	-2.69	61000000
chr9	62000000	63000000	-1.458	6.94	-2.663	62000000
chr9	63000000	64000000	-1.179	5.965	-2.762	63000000
chr9	64000000	65000000	-1.807	5.833	-3.187	64000000
chr9	65000000	66000000	-2.38	6.53	-3.213	65000000
chr9	66000000	67000000	-2.023	6.218	-3.263	66000000
chr9	67000000	68000000	-1.133	5.487	-3.341	67000000
chr9	68000000	69000000	-0.346	5.145	-3.481	68000000
chr9	69000000	70000000	0.298	4.861	-2.808	69000000
chr9	70000000	71000000	0.704	4.833	-2.83	70000000
chr9	71000000	72000000	1.577	4.683	-1.995	71000000
chr9	72000000	73000000	1.685	5.647	-1.607	72000000
chr9	73000000	74000000	1.201	5.838	-2.211	73000000
chr9	74000000	75000000	0.199	5.538	-2.183	74000000
chr9	75000000	76000000	-0.041	4.924	-2.325	75000000
chr9	76000000	77000000	0.036	4.154	-1.409	76000000
chr9	77000000	78000000	-0.276	4.361	-0.752	77000000
chr9	78000000	79000000	-1.298	4.431	-1.253	78000000
chr9	79000000	80000000	-2.759	5.387	-2.482	79000000
chr9	80000000	81000000	-3.501	6.279	-3.551	80000000
chr9	81000000	82000000	-3.325	7.031	-4.307	81000000
chr9	82000000	83000000	-2.94	6.989	-4.338	82000000
chr9	83000000	84000000	-2.73	6.366	-3.865	83000000
chr9	84000000	85000000	-0.578	3.973	-3.644	84000000
chr9	85000000	86000000	-0.031	3.164	-2.316	85000000
chr9	86000000	87000000	0.315	3.271	-2.239	86000000
chr9	87000000	88000000	0.669	4.272	-1.79	87000000
chr9	88000000	89000000	0.257	4.879	-1.097	88000000
chr9	89000000	90000000	-0.211	4.528	-1.905	89000000
chr9	90000000	91000000	-1.108	4.743	-2.974	90000000
chr9	91000000	92000000	-2.684	5.009	-1.982	91000000
chr9	92000000	93000000	-3.408	5.143	-1.094	92000000
chr9	93000000	94000000	-3.888	4.627	-1.093	93000000
chr9	94000000	95000000	-4.661	4.257	-1.016	94000000
chr9	95000000	96000000	-4.112	3.587	-1.28	95000000
chr9	96000000	97000000	-3.234	3.576	-1.962	96000000
chr9	97000000	98000000	-2.069	3.454	-2.599	97000000
chr9	98000000	99000000	-0.785	3.12	-1.479	98000000
chr9	99000000	100000000	0.032	2.866	-0.719	99000000
chr9	100000000	101000000	1.056	3.253	-0.881	100000000
chr9	101000000	102000000	0.746	2.567	-0.952	101000000
chr9	102000000	103000000	0.732	2.289	-1.262	102000000
chr9	103000000	104000000	-0.128	2.979	-1.126	103000000
chr9	104000000	105000000	-0.394	3.646	-0.271	104000000
chr9	105000000	106000000	0.313	4.373	-0.957	105000000
chr9	106000000	107000000	-0.901	4.198	-0.798	106000000
chr9	107000000	108000000	-0.219	4.206	-0.023	107000000
chr9	108000000	109000000	-0.214	5.072	0.308	108000000
chr9	109000000	110000000	-0.915	5.226	0.045	109000000
chr9	110000000	111000000	-1.46	4.238	0.043	110000000
chr9	111000000	112000000	-2.125	3.801	-0.105	111000000
chr9	112000000	113000000	-2.102	3.508	-0.354	112000000
chr9	113000000	114000000	-2.256	3.578	-0.623	113000000
chr9	114000000	115000000	-1.952	4.173	-0.764	114000000
chr9	115000000	116000000	-2.427	4.321	-1.393	115000000
chr9	116000000	117000000	-2.455	3.822	-1.93	116000000
chr9	117000000	118000000	-2.508	3.261	-1.334	117000000
chr9	118000000	119000000	-1.721	2.164	-0.99	118000000
chr9	119000000	120000000	-1.429	2.668	-0.53	119000000
chr9	120000000	121000000	-2.059	2.764	-1.132	120000000
chr9	121000000	122000000	-1.841	2.915	-1.571	121000000
chr9	122000000	123000000	-1.873	3.156	-2.301	122000000
chr9	123000000	124000000	-1.437	2.908	-2.306	123000000
chr9	124000000	125000000	-1.35	3.932	-1.922	124000000
