chr19	3000000	4000000	1.008	-2.927	-5.721	3000000
chr19	4000000	5000000	1.58	-2.826	-4.794	4000000
chr19	5000000	6000000	3.242	-1.407	-4.554	5000000
chr19	6000000	7000000	4.608	0.351	-5.662	6000000
chr19	7000000	8000000	5.349	0.728	-6.397	7000000
chr19	8000000	9000000	6.039	0.921	-6.2	8000000
chr19	9000000	10000000	5.761	0.729	-6.276	9000000
chr19	10000000	11000000	5.959	0.895	-5.51	10000000
chr19	11000000	12000000	5.663	1.715	-5.252	11000000
chr19	12000000	13000000	5.636	1.48	-4.478	12000000
chr19	13000000	14000000	4.358	1.148	-3.861	13000000
chr19	14000000	15000000	3.62	1.086	-2.908	14000000
chr19	15000000	16000000	3.243	0.241	-3.597	15000000
chr19	16000000	17000000	3.402	0.092	-3.112	16000000
chr19	17000000	18000000	3.109	-1.02	-2.771	17000000
chr19	18000000	19000000	3.494	-1.028	-1.671	18000000
chr19	19000000	20000000	3.257	-0.739	-1.656	19000000
chr19	20000000	21000000	3.379	-0.375	-1.722	20000000
chr19	21000000	22000000	3.39	0.613	-1.93	21000000
chr19	22000000	23000000	2.988	0.756	-3.192	22000000
chr19	23000000	24000000	3.107	1.159	-4.058	23000000
chr19	24000000	25000000	3.973	1.684	-4.589	24000000
chr19	25000000	26000000	5.018	1.592	-4.575	25000000
chr19	26000000	27000000	6.0	1.365	-4.275	26000000
chr19	27000000	28000000	6.571	1.188	-4.722	27000000
chr19	28000000	29000000	7.023	1.218	-5.06	28000000
chr19	29000000	30000000	7.117	1.699	-5.315	29000000
chr19	30000000	31000000	6.676	1.662	-6.011	30000000
chr19	31000000	32000000	7.386	1.33	-6.848	31000000
chr19	32000000	33000000	8.197	1.891	-6.58	32000000
chr19	33000000	34000000	7.85	1.371	-6.212	33000000
chr19	34000000	35000000	8.211	0.951	-5.992	34000000
chr19	35000000	36000000	7.292	0.16	-6.778	35000000
chr19	36000000	37000000	6.794	-0.255	-6.081	36000000
chr19	37000000	38000000	5.851	-0.168	-5.448	37000000
chr19	38000000	39000000	4.639	-0.056	-5.279	38000000
chr19	39000000	40000000	3.691	-0.278	-4.727	39000000
chr19	40000000	41000000	3.265	0.641	-4.997	40000000
chr19	41000000	42000000	4.225	1.174	-4.841	41000000
chr19	42000000	43000000	4.272	1.73	-5.684	42000000
chr19	43000000	44000000	4.396	1.828	-6.735	43000000
chr19	44000000	45000000	3.83	2.588	-6.413	44000000
chr19	45000000	46000000	2.889	2.509	-5.417	45000000
chr19	46000000	47000000	3.357	3.111	-4.95	46000000
chr19	47000000	48000000	2.974	3.992	-4.947	47000000
chr19	48000000	49000000	3.8	4.391	-5.732	48000000
chr19	49000000	50000000	3.823	4.824	-6.026	49000000
chr19	50000000	51000000	4.283	5.53	-6.441	50000000
chr19	51000000	52000000	4.599	5.247	-7.351	51000000
chr19	52000000	53000000	5.299	5.011	-7.192	52000000
chr19	53000000	54000000	5.529	4.387	-7.459	53000000
chr19	54000000	55000000	5.113	4.426	-6.2	54000000
chr19	55000000	56000000	4.909	4.966	-6.573	55000000
chr19	56000000	57000000	4.67	4.183	-6.944	56000000
chr19	57000000	58000000	3.958	3.599	-6.859	57000000
chr19	58000000	59000000	4.476	2.841	-6.969	58000000
chr19	59000000	60000000	4.422	2.225	-7.934	59000000
chr19	60000000	61000000	4.777	1.416	-8.72	60000000
chr19	61000000	62000000	4.799	0.74	-8.492	61000000
chr19   62000000    63000000    4.462   0.263   -7.583  62000000