chrX	4000000	5000000	-1.041	3.447	10.923	4000000
chrX	5000000	6000000	-1.352	3.034	10.052	5000000
chrX	6000000	7000000	-1.622	3.188	8.895	6000000
chrX	7000000	8000000	-1.142	3.282	7.651	7000000
chrX	8000000	9000000	-1.99	3.734	6.593	8000000
chrX	9000000	10000000	-2.816	4.573	5.732	9000000
chrX	10000000	11000000	-4.14	4.124	5.008	10000000
chrX	11000000	12000000	-3.815	3.378	5.428	11000000
chrX	12000000	13000000	-3.859	3.236	4.603	12000000
chrX	13000000	14000000	-2.835	3.586	4.02	13000000
chrX	14000000	15000000	-2.89	4.796	3.933	14000000
chrX	15000000	16000000	-3.532	5.793	4.659	15000000
chrX	16000000	17000000	-3.941	6.632	4.989	16000000
chrX	17000000	18000000	-2.765	6.254	5.023	17000000
chrX	18000000	19000000	-3.176	6.624	5.586	18000000
chrX	19000000	20000000	-2.738	6.685	6.089	19000000
chrX	20000000	21000000	-2.621	7.3	6.249	20000000
chrX	21000000	22000000	-1.587	6.851	5.457	21000000
chrX	22000000	23000000	0.165	6.296	6.494	22000000
chrX	23000000	24000000	0.214	6.495	7.382	23000000
chrX	24000000	25000000	1.17	6.427	7.758	24000000
chrX	25000000	26000000	1.583	5.939	8.817	25000000
chrX	26000000	27000000	2.477	6.208	8.808	26000000
chrX	27000000	28000000	2.033	7.344	8.651	27000000
chrX	28000000	29000000	1.175	7.921	9.071	28000000
chrX	29000000	30000000	0.078	8.037	9.244	29000000
chrX	30000000	31000000	-1.003	8.152	9.116	30000000
chrX	31000000	32000000	-1.939	7.978	8.505	31000000
chrX	32000000	33000000	-1.978	6.847	8.066	32000000
chrX	33000000	34000000	-1.3	6.199	8.755	33000000
chrX	34000000	35000000	-0.713	5.713	9.52	34000000
chrX	35000000	36000000	-0.206	4.71	9.66	35000000
chrX	36000000	37000000	0.082	3.77	9.099	36000000
chrX	37000000	38000000	0.033	3.596	8.063	37000000
chrX	38000000	39000000	-0.349	3.028	7.381	38000000
chrX	39000000	40000000	-0.681	1.924	7.252	39000000
chrX	40000000	41000000	-1.506	1.145	8.069	40000000
chrX	41000000	42000000	-0.913	1.389	8.786	41000000
chrX	42000000	43000000	-0.67	1.714	8.733	42000000
chrX	43000000	44000000	0.501	1.594	8.476	43000000
chrX	44000000	45000000	1.285	1.384	9.244	44000000
chrX	45000000	46000000	1.619	2.049	8.992	45000000
chrX	46000000	47000000	1.875	1.982	8.41	46000000
chrX	47000000	48000000	1.664	3.03	8.46	47000000
chrX	48000000	49000000	1.317	2.167	7.63	48000000
chrX	49000000	50000000	1.67	2.599	6.535	49000000
chrX	50000000	51000000	2.514	2.718	7.325	50000000
chrX	51000000	52000000	2.946	3.217	7.713	51000000
chrX	52000000	53000000	2.022	3.703	7.602	52000000
chrX	53000000	54000000	1.228	3.051	7.445	53000000
chrX	54000000	55000000	1.06	3.924	6.942	54000000
chrX	55000000	56000000	1.177	4.389	8.067	55000000
chrX	56000000	57000000	0.414	5.295	7.65	56000000
chrX	57000000	58000000	0.166	4.829	7.582	57000000
chrX	58000000	59000000	-0.682	4.702	7.218	58000000
chrX	59000000	60000000	-1.668	4.85	7.357	59000000
chrX	60000000	61000000	-2.604	4.013	7.587	60000000
chrX	61000000	62000000	-3.044	3.711	7.223	61000000
chrX	62000000	63000000	-3.5	2.844	7.835	62000000
chrX	63000000	64000000	-3.969	3.554	8.826	63000000
chrX	64000000	65000000	-2.9	4.059	8.703	64000000
chrX	65000000	66000000	-2.842	2.88	9.034	65000000
chrX	66000000	67000000	-3.016	2.065	8.961	66000000
chrX	67000000	68000000	-2.809	1.116	8.868	67000000
chrX	68000000	69000000	-2.134	1.351	8.156	68000000
chrX	69000000	70000000	-2.057	1.88	7.325	69000000
chrX	70000000	71000000	-2.12	0.539	7.197	70000000
chrX	71000000	72000000	-3.114	0.323	6.655	71000000
chrX	72000000	73000000	-2.167	0.977	6.424	72000000
chrX	73000000	74000000	-3.024	1.831	6.26	73000000
chrX	74000000	75000000	-2.26	2.575	5.629	74000000
chrX	75000000	76000000	-1.944	2.958	5.754	75000000
chrX	76000000	77000000	-3.312	2.826	6.164	76000000
chrX	77000000	78000000	-4.335	3.302	5.933	77000000
chrX	78000000	79000000	-3.719	4.22	5.525	78000000
chrX	79000000	80000000	-3.747	4.494	5.545	79000000
chrX	80000000	81000000	-4.574	5.102	6.113	80000000
chrX	81000000	82000000	-3.632	5.649	5.856	81000000
chrX	82000000	83000000	-3.7	5.91	6.112	82000000
chrX	83000000	84000000	-4.202	5.534	5.892	83000000
chrX	84000000	85000000	-4.32	4.672	6.813	84000000
chrX	85000000	86000000	-2.876	4.209	6.556	85000000
chrX	86000000	87000000	-2.8	4.872	6.406	86000000
chrX	87000000	88000000	-2.704	5.7	7.507	87000000
chrX	88000000	89000000	-3.031	6.359	7.347	88000000
chrX	89000000	90000000	-2.769	5.418	6.827	89000000
chrX	90000000	91000000	-3.93	5.241	7.207	90000000
chrX	91000000	92000000	-4.063	5.265	7.715	91000000
chrX	92000000	93000000	-4.159	3.878	6.978	92000000
chrX	93000000	94000000	-3.002	3.561	6.458	93000000
chrX	94000000	95000000	-2.458	3.798	5.26	94000000
chrX	95000000	96000000	-2.841	4.493	3.931	95000000
chrX	96000000	97000000	-3.923	5.0	4.019	96000000
chrX	97000000	98000000	-4.78	5.61	3.591	97000000
chrX	98000000	99000000	-5.335	6.066	3.148	98000000
chrX	99000000	100000000	-4.422	5.842	2.863	99000000
chrX	100000000	101000000	-3.506	5.074	2.357	100000000
chrX	101000000	102000000	-3.535	4.768	1.613	101000000
chrX	102000000	103000000	-2.929	3.886	1.064	102000000
chrX	103000000	104000000	-3.943	3.387	0.839	103000000
chrX	104000000	105000000	-3.924	3.061	1.117	104000000
chrX	105000000	106000000	-4.519	4.101	1.86	105000000
chrX	106000000	107000000	-4.176	5.477	1.388	106000000
chrX	107000000	108000000	-4.354	4.033	1.363	107000000
chrX	108000000	109000000	-4.579	3.094	0.733	108000000
chrX	109000000	110000000	-4.693	2.233	1.596	109000000
chrX	110000000	111000000	-4.461	1.309	2.958	110000000
chrX	111000000	112000000	-4.6	0.342	3.933	111000000
chrX	112000000	113000000	-5.628	-0.084	4.331	112000000
chrX	113000000	114000000	-6.251	0.527	3.683	113000000
chrX	114000000	115000000	-6.777	0.902	3.778	114000000
chrX	115000000	116000000	-6.567	1.631	4.636	115000000
chrX	116000000	117000000	-5.867	1.071	5.021	116000000
chrX	117000000	118000000	-4.519	0.947	4.997	117000000
chrX	118000000	119000000	-4.213	1.455	5.491	118000000
chrX	119000000	120000000	-4.755	1.499	6.457	119000000
chrX	120000000	121000000	-4.472	2.512	6.132	120000000
chrX	121000000	122000000	-5.117	1.9	5.517	121000000
chrX	122000000	123000000	-5.373	2.198	4.668	122000000
chrX	123000000	124000000	-4.747	2.824	5.236	123000000
chrX	124000000	125000000	-6.068	3.28	5.804	124000000
chrX	125000000	126000000	-6.039	3.896	5.217	125000000
chrX	126000000	127000000	-6.589	4.973	4.792	126000000
chrX	127000000	128000000	-5.37	5.405	4.607	127000000
chrX	128000000	129000000	-5.343	4.54	4.815	128000000
chrX	129000000	130000000	-5.264	5.042	6.067	129000000
chrX	130000000	131000000	-5.079	4.511	3.586	130000000
chrX	131000000	132000000	-5.026	4.225	1.472	131000000
chrX	132000000	133000000	-4.668	5.167	0.968	132000000
chrX	133000000	134000000	-5.101	5.426	1.362	133000000
chrX	134000000	135000000	-4.725	5.609	2.266	134000000
chrX	135000000	136000000	-4.122	4.747	2.573	135000000
chrX	136000000	137000000	-4.201	4.439	2.723	136000000
chrX	137000000	138000000	-3.779	3.449	2.704	137000000
chrX	138000000	139000000	-4.692	3.756	2.521	138000000
chrX	139000000	140000000	-5.568	4.247	3.42	139000000
chrX	140000000	141000000	-4.342	3.893	3.789	140000000
chrX	141000000	142000000	-3.102	2.919	4.067	141000000
chrX	142000000	143000000	-3.34	1.597	4.359	142000000
chrX	143000000	144000000	-2.684	0.427	4.281	143000000
chrX	144000000	145000000	-3.549	-0.14	4.611	144000000
chrX	145000000	146000000	-3.034	0.505	4.948	145000000
chrX	146000000	147000000	-2.814	1.433	5.607	146000000
chrX	147000000	148000000	-3.579	1.889	4.953	147000000
chrX	148000000	149000000	-3.762	1.919	4.203	148000000
chrX	149000000	150000000	-6.792	2.548	2.822	149000000
chrX	150000000	151000000	-6.284	2.813	1.835	150000000
chrX	151000000	152000000	-4.927	2.617	2.38	151000000
chrX	152000000	153000000	-4.012	2.256	2.294	152000000
chrX	153000000	154000000	-3.336	2.896	2.932	153000000
chrX	154000000	155000000	-3.987	3.077	3.19	154000000
chrX	155000000	156000000	-4.63	2.806	4.015	155000000
chrX	156000000	157000000	-5.254	1.824	4.025	156000000
chrX	157000000	158000000	-5.59	2.377	4.089	157000000
chrX	158000000	159000000	-5.452	3.263	3.083	158000000
chrX	159000000	160000000	-5.251	2.873	3.282	159000000
chrX	160000000	161000000	-5.728	1.441	3.095	160000000
chrX	161000000	162000000	-5.668	-0.095	1.175	161000000
chrX	162000000	163000000	-6.483	-0.897	1.42	162000000
chrX	163000000	164000000	-6.432	-1.148	1.44	163000000
chrX	164000000	165000000	-5.856	-0.742	1.415	164000000
chrX	165000000	166000000	-4.866	-0.59	2.051	165000000
chrX	166000000	167000000	-5.295	0.576	3.399	166000000
chrX	167000000	168000000	-5.181	0.797	2.225	167000000
chrX	168000000	169000000	-5.205	0.29	2.594	168000000
chrX	169000000	170000000	-5.811	-0.039	2.447	169000000
chrX	170000000	171000000	-6.047	1.034	1.944	170000000
