chr1	2800000	3200000	0.244	-1.815	-2.853	2800000
chr1	3200000	3600000	-0.7	-2.468	-2.875	3200000
chr1	3600000	4000000	-2.011	-2.499	-2.719	3600000
chr1	4000000	4400000	-1.697	-2.749	-3.349	4000000
chr1	4400000	4800000	-2.849	-2.744	-2.831	4400000
chr1	4800000	5200000	-4.358	-3.071	-2.227	4800000
chr1	5200000	5600000	-5.05	-3.15	-2.52	5200000
chr1	5600000	6000000	-6.084	-3.344	-2.686	5600000
chr1	6000000	6400000	-5.472	-3.008	-2.825	6000000
chr1	6400000	6800000	-4.581	-2.31	-2.436	6400000
chr1	6800000	7200000	-3.775	-1.222	-2.311	6800000
chr1	7200000	7600000	-4.235	-0.877	-1.936	7200000
chr1	7600000	8000000	-4.841	-1.387	-1.149	7600000
chr1	8000000	8400000	-3.728	-1.234	-0.78	8000000
chr1	8400000	8800000	-3.319	-0.238	-1.114	8400000
chr1	8800000	9200000	-3.613	-0.715	-0.903	8800000
chr1	9200000	9600000	-4.363	-1.058	-0.363	9200000
chr1	9600000	10000000	-5.224	0.103	-0.64	9600000
chr1	10000000	10400000	-5.236	0.284	-0.756	10000000
chr1	10400000	10800000	-5.419	0.526	-1.178	10400000
chr1	10800000	11200000	-4.481	0.388	-1.76	10800000
chr1	11200000	11600000	-5.319	0.232	-2.309	11200000
chr1	11600000	12000000	-5.572	0.577	-2.701	11600000
chr1	12000000	12400000	-4.272	0.506	-3.329	12000000
chr1	12400000	12800000	-3.8	0.829	-3.15	12400000
chr1	12800000	13200000	-4.386	0.64	-2.526	12800000
chr1	13200000	13600000	-5.481	0.737	-2.3	13200000
chr1	13600000	14000000	-5.526	0.129	-3.162	13600000
chr1	14000000	14400000	-4.546	0.043	-3.848	14000000
chr1	14400000	14800000	-4.726	0.471	-3.671	14400000
chr1	14800000	15200000	-5.676	0.646	-4.574	14800000
chr1	15200000	15600000	-4.415	-0.811	-5.366	15200000
chr1	15600000	16000000	-3.639	-1.547	-5.739	15600000
chr1	16000000	16400000	-4.342	-1.82	-6.911	16000000
chr1	16400000	16800000	-4.265	-2.166	-6.891	16400000
chr1	16800000	17200000	-4.372	-1.941	-6.289	16800000
chr1	17200000	17600000	-4.113	-1.873	-5.262	17200000
chr1	17600000	18000000	-4.747	-2.396	-5.387	17600000
chr1	18000000	18400000	-4.749	-2.562	-4.9	18000000
chr1	18400000	18800000	-4.805	-3.339	-3.81	18400000
chr1	18800000	19200000	-3.856	-4.319	-4.289	18800000
chr1	19200000	19600000	-4.749	-4.28	-3.093	19200000
chr1	19600000	20000000	-5.467	-4.543	-3.084	19600000
chr1	20000000	20400000	-4.805	-5.6	-3.273	20000000
chr1	20400000	20800000	-4.362	-5.561	-3.23	20400000
chr1	20800000	21200000	-4.87	-5.392	-2.696	20800000
chr1	21200000	21600000	-4.855	-4.273	-2.867	21200000
chr1	21600000	22000000	-4.046	-4.117	-2.656	21600000
chr1	22000000	22400000	-4.279	-3.173	-2.215	22000000
chr1	22400000	22800000	-4.221	-2.788	-1.21	22400000
chr1	22800000	23200000	-3.572	-2.231	-1.589	22800000
chr1	23200000	23600000	-2.468	-2.035	-1.71	23200000
chr1	23600000	24000000	-2.637	-1.667	-1.256	23600000
chr1	24000000	24400000	-3.248	-1.641	-0.731	24000000
chr1	24400000	24800000	-4.119	-2.218	-1.013	24400000
chr1	24800000	25200000	-3.741	-2.096	-1.576	24800000
chr1	25200000	25600000	-2.945	-1.185	-1.79	25200000
chr1	25600000	26000000	-2.865	-1.842	-1.983	25600000
chr1	26000000	26400000	-2.35	-1.217	-1.693	26000000
chr1	26400000	26800000	-1.721	-1.317	-2.725	26400000
chr1	26800000	27200000	-1.976	-1.145	-2.333	26800000
chr1	27200000	27600000	-1.52	-1.366	-1.858	27200000
chr1	27600000	28000000	-1.28	-1.354	-2.877	27600000
chr1	28000000	28400000	-0.586	-1.213	-3.574	28000000
chr1	28400000	28800000	-0.873	-1.376	-2.709	28400000
chr1	28800000	29200000	-1.42	-0.81	-2.216	28800000
chr1	29200000	29600000	-1.233	0.02	-3.072	29200000
chr1	29600000	30000000	-2.283	-0.559	-3.092	29600000
chr1	30000000	30400000	-2.966	-0.505	-2.729	30000000
chr1	30400000	30800000	-3.131	0.103	-2.796	30400000
chr1	30800000	31200000	-3.118	1.025	-3.581	30800000
chr1	31200000	31600000	-3.153	1.311	-3.837	31200000
chr1	31600000	32000000	-1.123	0.004	-4.942	31600000
chr1	32000000	32400000	-0.716	-0.702	-4.513	32000000
chr1	32400000	32800000	-0.434	-1.082	-4.452	32400000
chr1	32800000	33200000	-1.274	0.112	-4.055	32800000
chr1	33200000	33600000	-2.132	0.934	-4.693	33200000
chr1	33600000	34000000	-3.363	1.549	-4.931	33600000
chr1	34000000	34400000	-4.716	1.055	-5.777	34000000
chr1	34400000	34800000	-5.849	0.519	-5.157	34400000
chr1	34800000	35200000	-5.349	-0.306	-4.845	34800000
chr1	35200000	35600000	-4.183	-0.513	-5.184	35200000
chr1	35600000	36000000	-4.54	-0.646	-5.422	35600000
chr1	36000000	36400000	-5.411	-0.878	-5.959	36000000
chr1	36400000	36800000	-5.697	-0.331	-5.231	36400000
chr1	36800000	37200000	-6.653	-0.432	-5.126	36800000
chr1	37200000	37600000	-6.767	-0.436	-4.256	37200000
chr1	37600000	38000000	-6.503	-0.541	-3.143	37600000
chr1	38000000	38400000	-6.66	-1.476	-2.693	38000000
chr1	38400000	38800000	-6.239	-2.136	-2.407	38400000
chr1	38800000	39200000	-5.566	-2.283	-1.659	38800000
chr1	39200000	39600000	-5.142	-1.445	-1.668	39200000
chr1	39600000	40000000	-5.376	-0.849	-1.533	39600000
chr1	40000000	40400000	-5.218	-0.763	-1.968	40000000
chr1	40400000	40800000	-4.604	-1.091	-1.886	40400000
chr1	40800000	41200000	-4.085	-1.145	-2.386	40800000
chr1	41200000	41600000	-3.599	-1.698	-3.382	41200000
chr1	41600000	42000000	-2.784	-1.95	-4.198	41600000
chr1	42000000	42400000	-2.79	-1.946	-4.103	42000000
chr1	42400000	42800000	-3.616	-1.471	-4.484	42400000
chr1	42800000	43200000	-4.238	-1.507	-4.183	42800000
chr1	43200000	43600000	-4.233	-1.428	-3.179	43200000
chr1	43600000	44000000	-3.659	-1.326	-2.894	43600000
chr1	44000000	44400000	-4.552	-1.487	-3.083	44000000
chr1	44400000	44800000	-4.707	-2.095	-3.545	44400000
chr1	44800000	45200000	-3.636	-2.872	-3.217	44800000
chr1	45200000	45600000	-3.563	-3.509	-4.21	45200000
chr1	45600000	46000000	-4.158	-3.07	-3.71	45600000
chr1	46000000	46400000	-3.268	-2.351	-3.513	46000000
chr1	46400000	46800000	-2.543	-1.975	-3.917	46400000
chr1	46800000	47200000	-2.178	-0.819	-4.457	46800000
chr1	47200000	47600000	-2.947	-0.199	-4.411	47200000
chr1	47600000	48000000	-2.613	-0.325	-3.716	47600000
chr1	48000000	48400000	-3.334	0.211	-3.769	48000000
chr1	48400000	48800000	-4.009	0.179	-3.681	48400000
chr1	48800000	49200000	-3.295	-0.045	-4.143	48800000
chr1	49200000	49600000	-2.832	-0.549	-4.992	49200000
chr1	49600000	50000000	-2.325	-0.781	-4.963	49600000
chr1	50000000	50400000	-2.697	-0.01	-5.473	50000000
chr1	50400000	50800000	-3.077	0.263	-6.353	50400000
chr1	50800000	51200000	-3.112	0.733	-6.239	50800000
chr1	51200000	51600000	-3.548	0.751	-5.55	51200000
chr1	51600000	52000000	-3.706	0.573	-5.25	51600000
chr1	52000000	52400000	-4.279	0.905	-4.551	52000000
chr1	52400000	52800000	-4.552	1.664	-4.675	52400000
chr1	52800000	53200000	-4.059	2.129	-4.609	52800000
chr1	53200000	53600000	-3.227	2.658	-4.735	53200000
chr1	53600000	54000000	-3.218	2.976	-5.618	53600000
chr1	54000000	54400000	-3.529	2.443	-5.685	54000000
chr1	54400000	54800000	-3.924	1.949	-6.576	54400000
chr1	54800000	55200000	-3.726	2.218	-6.239	54800000
chr1	55200000	55600000	-4.306	1.637	-5.305	55200000
chr1	55600000	56000000	-4.129	1.337	-3.926	55600000
chr1	56000000	56400000	-4.308	1.944	-3.482	56000000
chr1	56400000	56800000	-4.458	2.401	-2.213	56400000
chr1	56800000	57200000	-4.849	2.34	-2.144	56800000
chr1	57200000	57600000	-5.085	2.078	-2.593	57200000
chr1	57600000	58000000	-5.287	1.917	-1.105	57600000
chr1	58000000	58400000	-5.354	1.629	-0.374	58000000
chr1	58400000	58800000	-4.952	2.037	0.307	58400000
chr1	58800000	59200000	-4.315	1.466	0.554	58800000
chr1	59200000	59600000	-3.828	1.864	1.6	59200000
chr1	59600000	60000000	-4.146	2.114	1.791	59600000
chr1	60000000	60400000	-3.867	1.682	2.034	60000000
chr1	60400000	60800000	-3.403	1.94	1.405	60400000
chr1	60800000	61200000	-3.634	1.739	0.406	60800000
chr1	61200000	61600000	-3.935	1.735	-0.326	61200000
chr1	61600000	62000000	-2.873	1.597	-1.148	61600000
chr1	62000000	62400000	-3.008	1.326	-1.246	62000000
chr1	62400000	62800000	-3.382	0.602	-0.454	62400000
chr1	62800000	63200000	-2.978	1.456	-0.659	62800000
chr1	63200000	63600000	-3.725	2.141	0.03	63200000
chr1	63600000	64000000	-3.958	2.698	-0.545	63600000
chr1	64000000	64400000	-3.434	3.179	-0.943	64000000
chr1	64400000	64800000	-3.862	2.341	-1.351	64400000
chr1	64800000	65200000	-4.206	3.27	-1.254	64800000
chr1	65200000	65600000	-4.194	3.025	-1.866	65200000
chr1	65600000	66000000	-2.816	2.747	-2.877	65600000
chr1	66000000	66400000	-2.78	2.716	-2.412	66000000
chr1	66400000	66800000	-3.845	2.275	-2.478	66400000
chr1	66800000	67200000	-3.195	2.366	-2.133	66800000
chr1	67200000	67600000	-2.535	2.227	-2.204	67200000
chr1	67600000	68000000	-2.627	2.305	-2.622	67600000
chr1	68000000	68400000	-3.092	1.403	-2.606	68000000
chr1	68400000	68800000	-1.997	0.619	-2.215	68400000
chr1	68800000	69200000	-2.208	1.504	-3.194	68800000
chr1	69200000	69600000	-1.688	0.658	-3.088	69200000
chr1	69600000	70000000	-2.091	0.514	-2.103	69600000
chr1	70000000	70400000	-2.412	0.843	-1.639	70000000
chr1	70400000	70800000	-3.634	0.673	-2.159	70400000
chr1	70800000	71200000	-3.536	0.512	-2.207	70800000
chr1	71200000	71600000	-3.956	0.62	-1.725	71200000
chr1	71600000	72000000	-4.647	0.648	-1.019	71600000
chr1	72000000	72400000	-5.041	1.212	-1.225	72000000
chr1	72400000	72800000	-5.238	1.588	-1.761	72400000
chr1	72800000	73200000	-6.012	1.924	-1.537	72800000
chr1	73200000	73600000	-6.443	1.75	-0.923	73200000
chr1	73600000	74000000	-6.866	1.813	-1.917	73600000
chr1	74000000	74400000	-6.948	2.11	-1.16	74000000
chr1	74400000	74800000	-7.489	2.056	-1.502	74400000
chr1	74800000	75200000	-8.073	2.623	-1.076	74800000
chr1	75200000	75600000	-8.569	3.333	-0.2	75200000
chr1	75600000	76000000	-7.774	4.277	-0.334	75600000
chr1	76000000	76400000	-7.663	5.74	0.385	76000000
chr1	76400000	76800000	-8.671	7.006	-0.547	76400000
chr1	76800000	77200000	-8.018	6.604	-0.163	76800000
chr1	77200000	77600000	-7.507	7.069	-0.075	77200000
chr1	77600000	78000000	-8.303	7.356	0.262	77600000
chr1	78000000	78400000	-8.429	7.15	0.223	78000000
chr1	78400000	78800000	-8.382	6.927	0.828	78400000
chr1	78800000	79200000	-7.826	7.748	1.543	78800000
chr1	79200000	79600000	-7.722	7.662	1.704	79200000
chr1	79600000	80000000	-7.058	7.931	2.11	79600000
chr1	80000000	80400000	-7.106	7.801	1.696	80000000
chr1	80400000	80800000	-7.428	6.556	2.13	80400000
chr1	80800000	81200000	-8.495	6.807	2.248	80800000
chr1	81200000	81600000	-8.318	6.059	1.966	81200000
chr1	81600000	82000000	-9.185	6.719	1.396	81600000
chr1	82000000	82400000	-9.562	6.802	0.791	82000000
chr1	82400000	82800000	-9.495	5.751	0.837	82400000
chr1	82800000	83200000	-8.979	5.541	0.629	82800000
chr1	83200000	83600000	-8.426	4.383	0.153	83200000
chr1	83600000	84000000	-8.361	4.014	0.016	83600000
chr1	84000000	84400000	-8.172	4.508	0.374	84000000
chr1	84400000	84800000	-8.045	3.891	-0.729	84400000
chr1	84800000	85200000	-7.073	3.245	-1.152	84800000
chr1	85200000	85600000	-6.618	3.274	-0.961	85200000
chr1	85600000	86000000	-3.63	3.081	-0.51	85600000
chr1	86000000	86400000	-2.446	2.742	-0.331	86000000
chr1	86400000	86800000	-1.169	3.069	-0.184	86400000
chr1	86800000	87200000	-1.88	2.496	-0.207	86800000
chr1	87200000	87600000	-2.572	2.247	0.126	87200000
chr1	87600000	88000000	-2.685	2.66	0.606	87600000
chr1	88000000	88400000	-3.803	3.506	-0.112	88000000
chr1	88400000	88800000	-2.96	3.472	0.526	88400000
chr1	88800000	89200000	-2.185	3.547	1.103	88800000
chr1	89200000	89600000	-2.182	4.367	0.96	89200000
chr1	89600000	90000000	-2.59	4.206	0.771	89600000
chr1	90000000	90400000	-2.418	4.335	0.279	90000000
chr1	90400000	90800000	-3.031	4.132	0.269	90400000
chr1	90800000	91200000	-3.147	4.152	1.313	90800000
chr1	91200000	91600000	-3.686	4.408	0.665	91200000
chr1	91600000	92000000	-4.057	4.402	0.283	91600000
chr1	92000000	92400000	-4.384	4.163	0.283	92000000
chr1	92400000	92800000	-4.485	3.791	1.047	92400000
chr1	92800000	93200000	-4.236	3.817	0.868	92800000
chr1	93200000	93600000	-4.798	4.309	0.958	93200000
chr1	93600000	94000000	-5.22	4.034	0.691	93600000
chr1	94000000	94400000	-6.507	5.005	0.806	94000000
chr1	94400000	94800000	-8.001	5.133	0.31	94400000
chr1	94800000	95200000	-8.25	5.097	-0.818	94800000
chr1	95200000	95600000	-8.643	5.081	-0.901	95200000
chr1	95600000	96000000	-9.119	4.782	-0.875	95600000
chr1	96000000	96400000	-9.345	4.722	-0.5	96000000
chr1	96400000	96800000	-9.39	6.267	-0.512	96400000
chr1	96800000	97200000	-9.22	6.503	-0.233	96800000
chr1	97200000	97600000	-9.718	6.156	0.312	97200000
chr1	97600000	98000000	-8.494	5.872	0.424	97600000
chr1	98000000	98400000	-8.353	5.222	1.162	98000000
chr1	98400000	98800000	-9.155	4.715	0.408	98400000
chr1	98800000	99200000	-10.068	6.596	1.162	98800000
chr1	99200000	99600000	-10.291	5.961	1.179	99200000
chr1	99600000	100000000	-9.627	6.16	1.539	99600000
chr1	100000000	100400000	-9.664	7.224	2.187	100000000
chr1	100400000	100800000	-10.063	6.332	2.228	100400000
chr1	100800000	101200000	-10.087	5.835	3.426	100800000
chr1	101200000	101600000	-9.426	5.326	2.841	101200000
chr1	101600000	102000000	-9.463	5.015	2.959	101600000
chr1	102000000	102400000	-9.777	4.885	3.421	102000000
chr1	102400000	102800000	-10.078	4.616	5.466	102400000
chr1	102800000	103200000	-10.802	4.15	6.273	102800000
chr1	103200000	103600000	-10.346	4.145	6.727	103200000
chr1	103600000	104000000	-10.278	3.083	6.695	103600000
chr1	104000000	104400000	-9.802	3.98	5.823	104000000
chr1	104400000	104800000	-9.215	5.408	5.878	104400000
chr1	104800000	105200000	-9.109	5.478	5.282	104800000
chr1	105200000	105600000	-9.193	5.366	5.308	105200000
chr1	105600000	106000000	-9.136	5.388	4.857	105600000
chr1	106000000	106400000	-8.792	5.932	4.254	106000000
chr1	106400000	106800000	-8.667	5.974	3.228	106400000
chr1	106800000	107200000	-8.667	5.152	3.652	106800000
chr1	107200000	107600000	-9.883	5.191	4.001	107200000
chr1	107600000	108000000	-10.824	5.011	3.646	107600000
chr1	108000000	108400000	-10.848	4.505	4.075	108000000
chr1	108400000	108800000	-10.789	5.075	4.53	108400000
chr1	108800000	109200000	-11.302	4.126	4.455	108800000
chr1	109200000	109600000	-11.038	4.352	4.978	109200000
chr1	109600000	110000000	-9.97	4.138	4.871	109600000
chr1	110000000	110400000	-10.633	4.968	5.38	110000000
chr1	110400000	110800000	-10.416	5.002	6.194	110400000
chr1	110800000	111200000	-9.333	4.698	6.647	110800000
chr1	111200000	111600000	-8.92	5.423	6.807	111200000
chr1	111600000	112000000	-8.705	5.588	6.545	111600000
chr1	112000000	112400000	-8.52	6.533	5.064	112000000
chr1	112400000	112800000	-8.068	6.596	3.084	112400000
chr1	112800000	113200000	-7.934	7.487	3.713	112800000
chr1	113200000	113600000	-8.944	7.307	3.266	113200000
chr1	113600000	114000000	-8.676	6.648	3.104	113600000
chr1	114000000	114400000	-8.118	7.169	3.583	114000000
chr1	114400000	114800000	-7.875	6.627	3.963	114400000
chr1	114800000	115200000	-8.666	6.722	4.015	114800000
chr1	115200000	115600000	-9.684	6.217	4.009	115200000
chr1	115600000	116000000	-9.185	6.841	4.863	115600000
chr1	116000000	116400000	-8.396	5.909	5.008	116000000
chr1	116400000	116800000	-8.577	5.718	4.751	116400000
chr1	116800000	117200000	-9.193	5.042	4.198	116800000
chr1	117200000	117600000	-9.291	4.622	5.256	117200000
chr1	117600000	118000000	-9.552	4.787	4.782	117600000
chr1	118000000	118400000	-8.775	4.925	4.237	118000000
chr1	118400000	118800000	-8.835	3.618	4.696	118400000
chr1	118800000	119200000	-7.728	2.771	4.865	118800000
chr1	119200000	119600000	-7.287	3.294	4.687	119200000
chr1	119600000	120000000	-6.868	2.959	5.068	119600000
chr1	120000000	120400000	-7.182	3.269	5.576	120000000
chr1	120400000	120800000	-7.424	3.144	6.401	120400000
chr1	120800000	121200000	-7.758	3.295	7.504	120800000
chr1	121200000	121600000	-7.439	3.109	6.812	121200000
chr1	121600000	122000000	-8.07	3.434	6.301	121600000
chr1	122000000	122400000	-8.48	3.619	7.097	122000000
chr1	122400000	122800000	-8.933	3.556	7.687	122400000
chr1	122800000	123200000	-10.493	2.952	5.668	122800000
chr1	123200000	123600000	-9.552	3.338	5.876	123200000
chr1	123600000	124000000	-9.963	2.969	5.306	123600000
chr1	124000000	124400000	-9.271	3.017	6.256	124000000
chr1	124400000	124800000	-8.697	3.951	6.764	124400000
chr1	124800000	125200000	-8.38	4.555	6.463	124800000
chr1	125200000	125600000	-7.561	5.066	5.431	125200000
chr1	125600000	126000000	-6.962	5.65	4.811	125600000
chr1	126000000	126400000	-6.743	5.361	4.221	126000000
chr1	126400000	126800000	-5.802	5.957	4.023	126400000
chr1	126800000	127200000	-6.292	6.136	4.421	126800000
chr1	127200000	127600000	-5.944	5.083	4.391	127200000
chr1	127600000	128000000	-6.192	4.82	4.991	127600000
chr1	128000000	128400000	-6.479	4.092	4.636	128000000
chr1	128400000	128800000	-6.954	4.127	4.464	128400000
chr1	128800000	129200000	-7.798	4.729	5.388	128800000
chr1	129200000	129600000	-7.436	4.466	5.2	129200000
chr1	129600000	130000000	-7.842	4.728	4.791	129600000
chr1	130000000	130400000	-8.321	4.622	4.784	130000000
chr1	130400000	130800000	-7.825	4.739	4.19	130400000
chr1	130800000	131200000	-7.736	5.451	3.516	130800000
chr1	131200000	131600000	-7.2	4.954	3.095	131200000
chr1	131600000	132000000	-7.226	5.439	3.086	131600000
chr1	132000000	132400000	-7.688	5.5	3.142	132000000
chr1	132400000	132800000	-7.539	4.861	2.476	132400000
chr1	132800000	133200000	-7.083	3.883	2.616	132800000
chr1	133200000	133600000	-6.148	3.756	2.452	133200000
chr1	133600000	134000000	-5.92	3.729	3.45	133600000
chr1	134000000	134400000	-5.976	3.874	2.882	134000000
chr1	134400000	134800000	-4.893	4.075	2.773	134400000
chr1	134800000	135200000	-5.575	4.558	2.082	134800000
chr1	135200000	135600000	-6.125	4.626	1.474	135200000
chr1	135600000	136000000	-5.908	5.107	1.595	135600000
chr1	136000000	136400000	-5.719	6.035	0.954	136000000
chr1	136400000	136800000	-5.604	4.959	1.616	136400000
chr1	136800000	137200000	-4.775	5.727	2.288	136800000
chr1	137200000	137600000	-4.725	6.428	3.113	137200000
chr1	137600000	138000000	-4.797	7.811	4.046	137600000
chr1	138000000	138400000	-5.218	8.048	4.372	138000000
chr1	138400000	138800000	-5.335	7.683	4.952	138400000
chr1	138800000	139200000	-4.866	7.385	5.348	138800000
chr1	139200000	139600000	-5.2	6.734	5.065	139200000
chr1	139600000	140000000	-6.016	5.864	5.343	139600000
chr1	140000000	140400000	-6.163	5.47	7.021	140000000
chr1	140400000	140800000	-7.284	4.897	7.944	140400000
chr1	140800000	141200000	-7.57	5.14	7.609	140800000
chr1	141200000	141600000	-6.895	5.528	8.088	141200000
chr1	141600000	142000000	-6.683	6.208	7.418	141600000
chr1	142000000	142400000	-7.171	6.401	6.146	142000000
chr1	142400000	142800000	-6.587	5.541	5.682	142400000
chr1	142800000	143200000	-7.247	5.561	6.026	142800000
chr1	143200000	143600000	-7.268	5.562	7.296	143200000
chr1	143600000	144000000	-7.205	6.121	6.833	143600000
chr1	144000000	144400000	-6.017	5.492	6.315	144000000
chr1	144400000	144800000	-5.965	5.694	6.581	144400000
chr1	144800000	145200000	-5.395	6.162	5.943	144800000
chr1	145200000	145600000	-4.366	6.802	6.559	145200000
chr1	145600000	146000000	-5.211	7.038	6.584	145600000
chr1	146000000	146400000	-5.166	7.659	6.218	146000000
chr1	146400000	146800000	-5.402	7.104	5.792	146400000
chr1	146800000	147200000	-6.166	6.606	6.003	146800000
chr1	147200000	147600000	-6.368	6.467	4.836	147200000
chr1	147600000	148000000	-6.659	7.282	4.429	147600000
chr1	148000000	148400000	-6.477	6.447	3.121	148000000
chr1	148400000	148800000	-6.968	6.82	3.095	148400000
chr1	148800000	149200000	-6.731	6.914	3.779	148800000
chr1	149200000	149600000	-6.586	7.61	3.846	149200000
chr1	149600000	150000000	-6.385	8.044	4.129	149600000
chr1	150000000	150400000	-6.563	7.604	3.402	150000000
chr1	150400000	150800000	-5.53	6.992	3.464	150400000
chr1	150800000	151200000	-6.317	6.497	3.466	150800000
chr1	151200000	151600000	-5.959	5.898	3.652	151200000
chr1	151600000	152000000	-5.594	5.42	3.282	151600000
chr1	152000000	152400000	-6.066	5.121	3.21	152000000
chr1	152400000	152800000	-5.887	4.421	3.815	152400000
chr1	152800000	153200000	-5.58	4.157	4.234	152800000
chr1	153200000	153600000	-6.266	3.402	4.202	153200000
chr1	153600000	154000000	-5.462	3.439	4.353	153600000
chr1	154000000	154400000	-4.453	2.759	4.315	154000000
chr1	154400000	154800000	-3.943	2.063	3.94	154400000
chr1	154800000	155200000	-4.177	1.767	4.72	154800000
chr1	155200000	155600000	-4.204	2.14	5.514	155200000
chr1	155600000	156000000	-4.685	2.373	5.375	155600000
chr1	156000000	156400000	-4.824	2.795	5.657	156000000
chr1	156400000	156800000	-5.055	3.558	7.658	156400000
chr1	156800000	157200000	-6.416	3.941	7.984	156800000
chr1	157200000	157600000	-6.839	4.092	7.15	157200000
chr1	157600000	158000000	-7.164	3.96	7.779	157600000
chr1	158000000	158400000	-5.669	3.678	8.093	158000000
chr1	158400000	158800000	-6.264	3.084	7.753	158400000
chr1	158800000	159200000	-6.789	3.344	8.138	158800000
chr1	159200000	159600000	-5.896	3.787	8.668	159200000
chr1	159600000	160000000	-6.247	4.801	8.317	159600000
chr1	160000000	160400000	-4.955	5.388	8.42	160000000
chr1	160400000	160800000	-4.81	5.731	7.448	160400000
chr1	160800000	161200000	-4.92	5.453	6.862	160800000
chr1	161200000	161600000	-5.054	5.365	5.77	161200000
chr1	161600000	162000000	-4.938	5.521	6.651	161600000
chr1	162000000	162400000	-4.313	5.477	7.541	162000000
chr1	162400000	162800000	-4.3	5.931	7.157	162400000
chr1	162800000	163200000	-4.546	4.866	7.294	162800000
chr1	163200000	163600000	-5.103	4.78	8.786	163200000
chr1	163600000	164000000	-5.478	4.269	9.238	163600000
chr1	164000000	164400000	-5.283	3.752	8.39	164000000
chr1	164400000	164800000	-5.809	2.99	8.126	164400000
chr1	164800000	165200000	-5.697	2.773	7.77	164800000
chr1	165200000	165600000	-6.35	2.787	7.408	165200000
chr1	165600000	166000000	-6.705	3.009	6.142	165600000
chr1	166000000	166400000	-6.165	3.39	5.846	166000000
chr1	166400000	166800000	-6.147	4.245	6.546	166400000
chr1	166800000	167200000	-5.474	5.05	7.19	166800000
chr1	167200000	167600000	-4.922	5.287	6.572	167200000
chr1	167600000	168000000	-4.364	5.164	6.127	167600000
chr1	168000000	168400000	-3.655	5.289	6.141	168000000
chr1	168400000	168800000	-3.712	5.63	5.82	168400000
chr1	168800000	169200000	-3.774	6.818	6.45	168800000
chr1	169200000	169600000	-3.859	6.197	5.719	169200000
chr1	169600000	170000000	-4.337	5.483	4.914	169600000
chr1	170000000	170400000	-4.469	5.53	4.512	170000000
chr1	170400000	170800000	-4.052	5.095	3.784	170400000
chr1	170800000	171200000	-3.782	4.889	3.219	170800000
chr1	171200000	171600000	-4.844	4.844	3.877	171200000
chr1	171600000	172000000	-3.642	4.615	4.614	171600000
chr1	172000000	172400000	-3.043	4.484	5.647	172000000
chr1	172400000	172800000	-2.57	4.063	6.299	172400000
chr1	172800000	173200000	-3.162	4.839	6.837	172800000
chr1	173200000	173600000	-3.219	6.113	7.555	173200000
chr1	173600000	174000000	-3.129	5.884	7.98	173600000
chr1	174000000	174400000	-2.996	5.657	8.155	174000000
chr1	174400000	174800000	-3.011	5.797	8.91	174400000
chr1	174800000	175200000	-2.479	5.496	9.002	174800000
chr1	175200000	175600000	-2.2	4.994	9.752	175200000
chr1	175600000	176000000	-1.807	4.71	9.672	175600000
chr1	176000000	176400000	-2.498	4.319	8.89	176000000
chr1	176400000	176800000	-3.343	4.285	9.102	176400000
chr1	176800000	177200000	-3.775	3.904	8.69	176800000
chr1	177200000	177600000	-3.976	4.114	8.919	177200000
chr1	177600000	178000000	-3.806	4.02	8.046	177600000
chr1	178000000	178400000	-4.46	3.269	8.329	178000000
chr1	178400000	178800000	-4.886	2.151	8.335	178400000
chr1	178800000	179200000	-5.677	2.212	8.763	178800000
chr1	179200000	179600000	-6.36	2.292	8.152	179200000
chr1	179600000	180000000	-5.526	1.97	7.133	179600000
chr1	180000000	180400000	-5.339	2.512	6.428	180000000
chr1	180400000	180800000	-5.329	2.086	5.419	180400000
chr1	180800000	181200000	-4.956	2.429	4.675	180800000
chr1	181200000	181600000	-4.721	3.08	3.783	181200000
chr1	181600000	182000000	-3.952	3.355	3.865	181600000
chr1	182000000	182400000	-3.923	2.908	4.439	182000000
chr1	182400000	182800000	-4.353	3.601	5.203	182400000
chr1	182800000	183200000	-4.968	3.564	5.887	182800000
chr1	183200000	183600000	-5.521	3.75	5.572	183200000
chr1	183600000	184000000	-5.396	3.987	5.664	183600000
chr1	184000000	184400000	-6.04	4.803	6.354	184000000
chr1	184400000	184800000	-5.691	4.905	6.973	184400000
chr1	184800000	185200000	-5.767	4.148	7.005	184800000
chr1	185200000	185600000	-4.506	3.451	6.658	185200000
chr1	185600000	186000000	-4.689	3.026	6.994	185600000
chr1	186000000	186400000	-3.961	2.984	7.268	186000000
chr1	186400000	186800000	-3.308	3.364	7.676	186400000
chr1	186800000	187200000	-4.22	2.716	7.609	186800000
chr1	187200000	187600000	-4.111	3.214	9.138	187200000
chr1	187600000	188000000	-4.579	3.606	9.513	187600000
chr1	188000000	188400000	-3.956	2.833	9.044	188000000
chr1	188400000	188800000	-3.484	3.387	8.225	188400000
chr1	188800000	189200000	-4.218	4.491	8.249	188800000
chr1	189200000	189600000	-3.9	4.193	7.598	189200000
chr1	189600000	190000000	-4.186	4.281	7.741	189600000
chr1	190000000	190400000	-3.735	4.35	7.171	190000000
chr1	190400000	190800000	-3.654	4.871	7.77	190400000
chr1	190800000	191200000	-3.237	4.662	7.388	190800000
chr1	191200000	191600000	-2.169	4.259	7.172	191200000
chr1	191600000	192000000	-1.721	4.066	7.197	191600000
chr1	192000000	192400000	-1.523	4.209	7.662	192000000
chr1	192400000	192800000	-1.369	4.691	8.118	192400000
chr1	192800000	193200000	-1.432	4.477	8.696	192800000
chr1	193200000	193600000	-1.758	4.013	8.688	193200000
chr1	193600000	194000000	-2.683	3.625	9.755	193600000
chr1	194000000	194400000	-3.194	4.158	9.48	194000000
chr1	194400000	194800000	-3.76	3.991	9.979	194400000
chr1	194800000	195200000	-3.058	4.789	9.237	194800000
chr1	195200000	195600000	-2.783	5.312	8.229	195200000
