chr1	2800000	3200000	4.538	-3.181	10.279	2800000
chr1	3200000	3600000	4.854	-2.589	9.257	3200000
chr1	3600000	4000000	4.444	-1.481	9.686	3600000
chr1	4000000	4400000	5.327	-0.625	10.602	4000000
chr1	4400000	4800000	5.596	-1.131	10.655	4400000
chr1	4800000	5200000	5.672	-1.674	10.939	4800000
chr1	5200000	5600000	6.796	-1.648	11.081	5200000
chr1	5600000	6000000	7.477	-0.888	10.252	5600000
chr1	6000000	6400000	7.051	-0.588	10.437	6000000
chr1	6400000	6800000	7.916	-0.212	11.021	6400000
chr1	6800000	7200000	7.468	0.495	11.852	6800000
chr1	7200000	7600000	6.929	0.688	11.274	7200000
chr1	7600000	8000000	6.347	-0.393	10.843	7600000
chr1	8000000	8400000	6.488	-0.034	11.534	8000000
chr1	8400000	8800000	7.38	-0.93	11.464	8400000
chr1	8800000	9200000	7.365	-1.815	10.286	8800000
chr1	9200000	9600000	7.006	-2.092	10.178	9200000
chr1	9600000	10000000	6.22	-1.179	9.736	9600000
chr1	10000000	10400000	6.002	-1.614	8.421	10000000
chr1	10400000	10800000	6.061	-2.421	8.57	10400000
chr1	10800000	11200000	6.374	-2.988	9.583	10800000
chr1	11200000	11600000	5.26	-3.739	8.696	11200000
chr1	11600000	12000000	4.491	-4.818	8.338	11600000
chr1	12000000	12400000	4.605	-3.899	7.63	12000000
chr1	12400000	12800000	4.407	-4.805	7.274	12400000
chr1	12800000	13200000	4.095	-4.469	7.007	12800000
chr1	13200000	13600000	3.882	-3.621	6.187	13200000
chr1	13600000	14000000	-2.792	3.387	-8.222	13600000
chr1	14000000	14400000	-3.972	2.84	-8.42	14000000
chr1	14400000	14800000	-4.417	2.847	-9.221	14400000
chr1	14800000	15200000	-3.942	3.48	-9.096	14800000
chr1	15200000	15600000	-3.387	4.28	-9.643	15200000
chr1	15600000	16000000	-3.219	4.66	-9.952	15600000
chr1	16000000	16400000	-4.059	4.067	-9.219	16000000
chr1	16400000	16800000	-3.5	3.335	-10.824	16400000
chr1	16800000	17200000	-3.027	2.808	-10.579	16800000
chr1	17200000	17600000	-3.062	2.743	-11.099	17200000
chr1	17600000	18000000	-2.536	3.138	-9.723	17600000
chr1	18000000	18400000	-2.324	2.731	-9.171	18000000
chr1	18400000	18800000	-3.054	2.277	-10.988	18400000
chr1	18800000	19200000	-3.97	1.806	-11.919	18800000
chr1	19200000	19600000	-4.515	2.235	-11.516	19200000
chr1	19600000	20000000	-4.283	2.722	-10.941	19600000
chr1	20000000	20400000	-5.283	2.934	-11.631	20000000
chr1	20400000	20800000	-4.48	2.379	-10.678	20400000
chr1	20800000	21200000	-3.574	1.77	-9.845	20800000
chr1	21200000	21600000	-4.315	2.059	-8.846	21200000
chr1	21600000	22000000	-4.311	2.422	-9.581	21600000
chr1	22000000	22400000	-4.036	3.045	-9.921	22000000
chr1	22400000	22800000	-3.644	3.149	-11.052	22400000
chr1	22800000	23200000	-2.073	2.846	-11.336	22800000
chr1	23200000	23600000	-1.04	1.902	-11.916	23200000
chr1	23600000	24000000	-1.264	2.516	-11.387	23600000
chr1	24000000	24400000	-2.43	2.443	-12.007	24000000
chr1	24400000	24800000	-3.464	2.205	-12.353	24400000
chr1	24800000	25200000	-3.915	2.275	-12.838	24800000
chr1	25200000	25600000	-3.55	2.217	-13.364	25200000
chr1	25600000	26000000	-3.396	2.834	-12.564	25600000
chr1	26000000	26400000	-3.797	3.877	-12.057	26000000
chr1	26400000	26800000	-3.738	5.215	-11.811	26400000
chr1	26800000	27200000	-3.554	4.127	-11.845	26800000
chr1	27200000	27600000	-2.658	3.057	-13.38	27200000
chr1	27600000	28000000	-2.708	1.76	-13.369	27600000
chr1	28000000	28400000	-2.177	2.199	-12.714	28000000
chr1	28400000	28800000	-1.342	1.478	-13.058	28400000
chr1	28800000	29200000	-0.861	0.559	-13.137	28800000
chr1	29200000	29600000	-0.396	0.629	-12.011	29200000
chr1	29600000	30000000	-0.626	0.588	-12.412	29600000
chr1	30000000	30400000	-0.418	-0.422	-12.561	30000000
chr1	30400000	30800000	-0.858	-0.193	-13.325	30400000
chr1	30800000	31200000	-1.652	-0.579	-13.693	30800000
chr1	31200000	31600000	-1.791	0.158	-13.514	31200000
chr1	31600000	32000000	-2.092	1.559	-12.881	31600000
chr1	32000000	32400000	-2.678	1.249	-12.019	32000000
chr1	32400000	32800000	-3.036	0.379	-13.021	32400000
chr1	32800000	33200000	-3.793	0.882	-13.328	32800000
chr1	33200000	33600000	-3.534	0.834	-12.211	33200000
chr1	33600000	34000000	-3.749	0.802	-12.581	33600000
chr1	34000000	34400000	-2.959	-0.17	-10.795	34000000
chr1	34400000	34800000	-1.828	0.152	-10.181	34400000
chr1	34800000	35200000	-2.224	-0.131	-9.249	34800000
chr1	35200000	35600000	-2.518	0.867	-8.418	35200000
chr1	35600000	36000000	-2.704	0.352	-8.437	35600000
chr1	36000000	36400000	-1.406	0.122	-8.235	36000000
chr1	36400000	36800000	-1.055	0.521	-8.74	36400000
chr1	36800000	37200000	-0.568	0.433	-9.692	36800000
chr1	37200000	37600000	-0.852	1.098	-9.25	37200000
chr1	37600000	38000000	-1.594	1.792	-9.811	37600000
chr1	38000000	38400000	-1.042	2.163	-10.206	38000000
chr1	38400000	38800000	-0.932	3.118	-9.523	38400000
chr1	38800000	39200000	-0.09	3.4	-9.341	38800000
chr1	39200000	39600000	-1.024	3.92	-8.611	39200000
chr1	39600000	40000000	-1.252	2.788	-8.742	39600000
chr1	40000000	40400000	-0.261	2.475	-7.901	40000000
chr1	40400000	40800000	0.057	2.431	-9.031	40400000
chr1	40800000	41200000	-0.413	2.187	-9.634	40800000
chr1	41200000	41600000	-0.074	1.456	-10.566	41200000
chr1	41600000	42000000	-1.68	-1.261	-12.938	41600000
chr1	42000000	42400000	-2.332	-2.171	-13.481	42000000
chr1	42400000	42800000	-1.557	-1.914	-13.68	42400000
chr1	42800000	43200000	-1.295	-2.097	-13.368	42800000
chr1	43200000	43600000	-1.61	-2.766	-13.78	43200000
chr1	43600000	44000000	-2.805	-2.697	-14.294	43600000
chr1	44000000	44400000	-2.999	-3.591	-13.641	44000000
chr1	44400000	44800000	-3.482	-3.626	-13.504	44400000
chr1	44800000	45200000	-2.533	-4.632	-13.649	44800000
chr1	45200000	45600000	-2.655	-4.792	-14.202	45200000
chr1	45600000	46000000	-3.761	-4.411	-14.073	45600000
chr1	46000000	46400000	-3.679	-3.428	-14.829	46000000
chr1	46400000	46800000	-4.085	-2.771	-14.659	46400000
chr1	46800000	47200000	-4.246	-1.721	-14.99	46800000
chr1	47200000	47600000	-4.155	-0.578	-14.753	47200000
chr1	47600000	48000000	-4.04	-0.627	-14.441	47600000
chr1	48000000	48400000	-3.741	-0.885	-14.461	48000000
chr1	48400000	48800000	-3.358	-1.436	-14.036	48400000
chr1	48800000	49200000	-5.257	-1.019	-14.987	48800000
chr1	49200000	49600000	-5.359	-1.253	-14.278	49200000
chr1	49600000	50000000	-5.573	-1.294	-13.813	49600000
chr1	50000000	50400000	-4.75	-2.203	-13.671	50000000
chr1	50400000	50800000	-4.754	-2.915	-13.101	50400000
chr1	50800000	51200000	-5.152	-3.326	-13.232	50800000
chr1	51200000	51600000	-4.025	-2.057	-13.455	51200000
chr1	51600000	52000000	-3.956	-0.834	-13.502	51600000
chr1	52000000	52400000	-1.938	0.293	-12.28	52000000
chr1	52400000	52800000	-1.758	0.13	-11.721	52400000
chr1	52800000	53200000	-1.659	-0.633	-12.189	52800000
chr1	53200000	53600000	-2.505	-1.085	-12.775	53200000
chr1	53600000	54000000	-2.523	-1.502	-12.234	53600000
chr1	54000000	54400000	-3.031	-1.895	-12.625	54000000
chr1	54400000	54800000	-3.721	-1.051	-13.002	54400000
chr1	54800000	55200000	-2.901	-0.768	-12.782	54800000
chr1	55200000	55600000	-2.555	-0.61	-11.571	55200000
chr1	55600000	56000000	-1.813	0.821	-11.08	55600000
chr1	56000000	56400000	-2.106	1.583	-11.366	56000000
chr1	56400000	56800000	-3.087	3.802	-10.203	56400000
chr1	56800000	57200000	-2.135	2.901	-9.781	56800000
chr1	57200000	57600000	-1.946	2.373	-10.279	57200000
chr1	57600000	58000000	-3.08	1.573	-10.19	57600000
chr1	58000000	58400000	-3.663	1.57	-9.589	58000000
chr1	58400000	58800000	-3.937	1.435	-9.142	58400000
chr1	58800000	59200000	-5.2	0.93	-9.19	58800000
chr1	59200000	59600000	-5.338	1.092	-10.291	59200000
chr1	59600000	60000000	-5.032	1.243	-9.924	59600000
chr1	60000000	60400000	-3.476	1.229	-10.282	60000000
chr1	60400000	60800000	-4.581	2.473	-10.66	60400000
chr1	60800000	61200000	-4.781	3.712	-10.643	60800000
chr1	61200000	61600000	-4.383	4.218	-10.72	61200000
chr1	61600000	62000000	-3.944	5.225	-10.666	61600000
chr1	62000000	62400000	-4.096	5.346	-10.277	62000000
chr1	62400000	62800000	-4.566	4.883	-10.787	62400000
chr1	62800000	63200000	-4.957	4.735	-10.321	62800000
chr1	63200000	63600000	-5.082	4.001	-9.751	63200000
chr1	63600000	64000000	-5.131	3.773	-9.438	63600000
chr1	64000000	64400000	-5.018	3.956	-9.036	64000000
chr1	64400000	64800000	-5.976	3.278	-9.581	64400000
chr1	64800000	65200000	-6.088	3.373	-10.562	64800000
chr1	65200000	65600000	-5.9	2.852	-10.662	65200000
chr1	65600000	66000000	-5.442	2.86	-10.294	65600000
chr1	66000000	66400000	-6.108	3.371	-10.99	66000000
chr1	66400000	66800000	-5.721	4.413	-11.409	66400000
chr1	66800000	67200000	-5.234	4.697	-11.555	66800000
chr1	67200000	67600000	-6.188	4.075	-11.51	67200000
chr1	67600000	68000000	-6.375	4.873	-11.484	67600000
chr1	68000000	68400000	-6.657	4.557	-12.652	68000000
chr1	68400000	68800000	-7.323	3.816	-13.404	68400000
chr1	68800000	69200000	-6.589	3.607	-12.838	68800000
chr1	69200000	69600000	-6.209	3.596	-13.246	69200000
chr1	69600000	70000000	-5.643	2.478	-13.775	69600000
chr1	70000000	70400000	-5.878	2.108	-13.529	70000000
chr1	70400000	70800000	-5.401	1.055	-13.324	70400000
chr1	70800000	71200000	-5.292	1.574	-14.035	70800000
chr1	71200000	71600000	-4.957	1.099	-13.577	71200000
chr1	71600000	72000000	-5.899	1.449	-13.278	71600000
chr1	72000000	72400000	-6.378	1.952	-12.941	72000000
chr1	72400000	72800000	-5.552	0.606	-12.068	72400000
chr1	72800000	73200000	-4.963	-0.094	-11.982	72800000
chr1	73200000	73600000	-4.958	0.196	-12.175	73200000
chr1	73600000	74000000	-5.433	-0.394	-11.323	73600000
chr1	74000000	74400000	-4.773	-0.436	-11.384	74000000
chr1	74400000	74800000	-4.684	-0.324	-10.581	74400000
chr1	74800000	75200000	-4.503	-0.062	-9.562	74800000
chr1	75200000	75600000	-5.164	-0.395	-9.377	75200000
chr1	75600000	76000000	-5.815	-1.145	-10.033	75600000
chr1	76000000	76400000	-6.591	-0.848	-10.789	76000000
chr1	76400000	76800000	-6.188	-1.065	-11.36	76400000
chr1	76800000	77200000	-6.872	-1.271	-10.996	76800000
chr1	77200000	77600000	-7.257	-1.259	-11.399	77200000
chr1	77600000	78000000	-6.895	-1.193	-11.755	77600000
chr1	78000000	78400000	-6.669	0.044	-11.438	78000000
chr1	78400000	78800000	-7.213	0.599	-10.859	78400000
chr1	78800000	79200000	-6.48	0.517	-10.424	78800000
chr1	79200000	79600000	-7.195	1.123	-9.658	79200000
chr1	79600000	80000000	-6.816	0.854	-9.505	79600000
chr1	80000000	80400000	-5.572	1.98	-10.498	80000000
chr1	80400000	80800000	-6.129	2.634	-9.993	80400000
chr1	80800000	81200000	-7.265	2.146	-9.648	80800000
chr1	81200000	81600000	-7.16	2.419	-9.856	81200000
chr1	81600000	82000000	-6.358	2.313	-10.04	81600000
chr1	82000000	82400000	-5.449	2.037	-9.299	82000000
chr1	82400000	82800000	-5.26	2.145	-9.012	82400000
chr1	82800000	83200000	-6.528	1.637	-9.16	82800000
chr1	83200000	83600000	-6.976	1.661	-10.981	83200000
chr1	83600000	84000000	-7.453	1.803	-12.499	83600000
chr1	84000000	84400000	-6.964	2.799	-12.084	84000000
chr1	84400000	84800000	-7.011	2.601	-12.445	84400000
chr1	84800000	85200000	-7.149	2.641	-13.285	84800000
chr1	85200000	85600000	-7.779	2.395	-13.505	85200000
chr1	85600000	86000000	-8.086	3.568	-13.705	85600000
chr1	86000000	86400000	-7.582	3.88	-10.486	86000000
chr1	86400000	86800000	-7.354	4.273	-10.02	86400000
chr1	86800000	87200000	-6.609	4.983	-9.271	86800000
chr1	87200000	87600000	-6.836	4.901	-9.292	87200000
chr1	87600000	88000000	-7.596	3.738	-9.401	87600000
chr1	88000000	88400000	-8.027	2.902	-9.349	88000000
chr1	88400000	88800000	-7.158	1.498	-11.378	88400000
chr1	88800000	89200000	-7.876	0.329	-10.863	88800000
chr1	89200000	89600000	-9.6	-1.855	-10.553	89200000
chr1	89600000	90000000	-8.557	-1.709	-10.817	89600000
chr1	90000000	90400000	-8.782	-1.331	-10.18	90000000
chr1	90400000	90800000	-9.545	-0.438	-10.408	90400000
chr1	90800000	91200000	-8.935	-0.085	-11.414	90800000
chr1	91200000	91600000	-9.168	-1.187	-12.352	91200000
chr1	91600000	92000000	-8.395	-0.507	-11.806	91600000
chr1	92000000	92400000	-8.566	0.643	-13.274	92000000
chr1	92400000	92800000	-9.217	-0.455	-13.202	92400000
chr1	92800000	93200000	-8.435	-1.267	-12.824	92800000
chr1	93200000	93600000	-7.76	-1.564	-12.598	93200000
chr1	93600000	94000000	-8.447	-1.97	-12.478	93600000
chr1	94000000	94400000	-7.88	-0.81	-12.884	94000000
chr1	94400000	94800000	-7.793	-0.601	-13.563	94400000
chr1	94800000	95200000	-7.146	-0.151	-13.691	94800000
chr1	95200000	95600000	-7.677	-0.13	-14.389	95200000
chr1	95600000	96000000	-8.97	-0.798	-13.767	95600000
chr1	96000000	96400000	-8.854	-1.09	-14.178	96000000
chr1	96400000	96800000	-7.993	-0.244	-14.3	96400000
chr1	96800000	97200000	-8.995	0.287	-13.988	96800000
chr1	97200000	97600000	-10.069	0.413	-13.98	97200000
chr1	97600000	98000000	-10.603	-0.434	-14.689	97600000
chr1	98000000	98400000	-9.924	-0.541	-14.469	98000000
chr1	98400000	98800000	-9.237	-0.353	-15.085	98400000
chr1	98800000	99200000	-8.618	0.928	-14.537	98800000
chr1	99200000	99600000	-10.079	1.305	-14.51	99200000
chr1	99600000	100000000	-9.673	1.685	-13.688	99600000
chr1	100000000	100400000	-10.184	2.726	-11.615	100000000
chr1	100400000	100800000	-10.759	2.029	-11.425	100400000
chr1	100800000	101200000	-11.677	1.303	-12.002	100800000
chr1	101200000	101600000	-11.521	1.947	-11.47	101200000
chr1	101600000	102000000	-11.079	2.238	-11.598	101600000
chr1	102000000	102400000	-10.99	3.061	-12.513	102000000
chr1	102400000	102800000	-10.914	2.677	-12.86	102400000
chr1	102800000	103200000	-9.978	2.797	-13.644	102800000
chr1	103200000	103600000	-8.985	2.518	-14.425	103200000
chr1	103600000	104000000	-8.909	2.146	-14.266	103600000
chr1	104000000	104400000	-8.935	2.763	-13.134	104000000
chr1	104400000	104800000	-8.823	3.547	-12.059	104400000
chr1	104800000	105200000	-9.197	4.209	-12.245	104800000
chr1	105200000	105600000	-9.456	3.739	-11.48	105200000
chr1	105600000	106000000	-9.716	3.267	-10.995	105600000
chr1	106000000	106400000	-8.58	1.504	-12.553	106000000
chr1	106400000	106800000	-8.62	0.481	-12.636	106400000
chr1	106800000	107200000	-8.02	0.326	-12.656	106800000
chr1	107200000	107600000	-7.272	-1.771	-12.912	107200000
chr1	107600000	108000000	-6.134	-2.304	-13.051	107600000
chr1	108000000	108400000	-7.074	-2.874	-13.466	108000000
chr1	108400000	108800000	-7.546	-2.811	-14.207	108400000
chr1	108800000	109200000	-7.892	-2.234	-13.84	108800000
chr1	109200000	109600000	-7.533	-3.176	-13.211	109200000
chr1	109600000	110000000	-6.585	-3.614	-13.618	109600000
chr1	110000000	110400000	-6.222	-2.365	-14.635	110000000
chr1	110400000	110800000	-5.857	0.18	-14.689	110400000
chr1	110800000	111200000	-5.153	0.406	-14.384	110800000
chr1	111200000	111600000	-6.18	-0.112	-14.508	111200000
chr1	111600000	112000000	-6.374	-1.203	-14.035	111600000
chr1	112000000	112400000	-6.787	-1.604	-14.797	112000000
chr1	112400000	112800000	-7.177	-1.923	-14.924	112400000
chr1	112800000	113200000	-8.437	-1.747	-15.271	112800000
chr1	113200000	113600000	-8.609	-2.071	-14.36	113200000
chr1	113600000	114000000	-8.209	-1.124	-15.432	113600000
chr1	114000000	114400000	-7.013	-0.8	-15.253	114000000
chr1	114400000	114800000	-7.645	0.218	-15.635	114400000
chr1	114800000	115200000	-7.07	-0.449	-14.718	114800000
chr1	115200000	115600000	-8.131	-0.446	-14.411	115200000
chr1	115600000	116000000	-8.241	-0.43	-14.978	115600000
chr1	116000000	116400000	-8.577	-0.016	-15.788	116000000
chr1	116400000	116800000	-8.367	1.005	-15.292	116400000
chr1	116800000	117200000	-8.036	1.139	-14.281	116800000
chr1	117200000	117600000	-7.193	0.997	-14.277	117200000
chr1	117600000	118000000	-7.01	1.169	-13.99	117600000
chr1	118000000	118400000	-6.727	1.778	-14.95	118000000
chr1	118400000	118800000	-6.924	1.046	-13.509	118400000
chr1	118800000	119200000	-8.242	0.193	-11.212	118800000
chr1	119200000	119600000	-8.045	-0.267	-10.036	119200000
chr1	119600000	120000000	-8.13	1.009	-9.825	119600000
chr1	120000000	120400000	-6.552	1.868	-10.138	120000000
chr1	120400000	120800000	-6.613	0.483	-9.753	120400000
chr1	120800000	121200000	-6.344	-0.098	-10.452	120800000
chr1	121200000	121600000	-6.167	-0.003	-10.523	121200000
chr1	121600000	122000000	-5.459	0.956	-10.28	121600000
chr1	122000000	122400000	-5.08	1.452	-10.715	122000000
chr1	122400000	122800000	-6.503	0.339	-11.052	122400000
chr1	122800000	123200000	-6.794	-0.158	-12.697	122800000
chr1	123200000	123600000	-6.887	0.184	-12.534	123200000
chr1	123600000	124000000	-6.73	0.115	-12.199	123600000
chr1	124000000	124400000	-6.045	0.917	-11.481	124000000
chr1	124400000	124800000	-5.982	1.465	-11.127	124400000
chr1	124800000	125200000	-7.729	1.325	-11.871	124800000
chr1	125200000	125600000	-9.585	3.781	-10.279	125200000
chr1	125600000	126000000	-8.896	4.048	-11.008	125600000
chr1	126000000	126400000	-8.976	4.529	-10.733	126000000
chr1	126400000	126800000	-8.819	4.776	-11.346	126400000
chr1	126800000	127200000	-8.9	5.273	-11.426	126800000
chr1	127200000	127600000	-7.763	4.912	-12.177	127200000
chr1	127600000	128000000	-7.934	4.308	-11.764	127600000
chr1	128000000	128400000	-8.067	3.54	-11.097	128000000
chr1	128400000	128800000	-9.394	1.922	-11.004	128400000
chr1	128800000	129200000	-8.704	2.04	-10.16	128800000
chr1	129200000	129600000	-8.846	1.884	-11.25	129200000
chr1	129600000	130000000	-8.382	2.315	-10.478	129600000
chr1	130000000	130400000	-8.08	2.733	-11.454	130000000
chr1	130400000	130800000	-8.264	2.204	-11.018	130400000
chr1	130800000	131200000	-8.418	0.697	-11.348	130800000
chr1	131200000	131600000	-7.895	0.008	-11.532	131200000
chr1	131600000	132000000	-6.38	-0.438	-11.892	131600000
chr1	132000000	132400000	-6.207	0.845	-12.487	132000000
chr1	132400000	132800000	-5.676	1.183	-11.803	132400000
chr1	132800000	133200000	-6.69	2.045	-10.793	132800000
chr1	133200000	133600000	-6.328	1.608	-11.401	133200000
chr1	133600000	134000000	-5.89	-0.454	-13.085	133600000
chr1	134000000	134400000	-5.623	-1.342	-12.482	134000000
chr1	134400000	134800000	-5.256	-1.72	-11.333	134400000
chr1	134800000	135200000	-4.503	-1.021	-10.805	134800000
chr1	135200000	135600000	-4.996	-1.513	-9.898	135200000
chr1	135600000	136000000	-5.705	-1.518	-9.747	135600000
chr1	136000000	136400000	-6.671	-0.76	-9.516	136000000
chr1	136400000	136800000	-8.923	1.206	-9.591	136400000
chr1	136800000	137200000	-10.007	2.004	-9.075	136800000
chr1	137200000	137600000	-10.406	1.837	-9.904	137200000
chr1	137600000	138000000	-10.447	2.968	-10.177	137600000
chr1	138000000	138400000	-10.943	3.186	-9.881	138000000
chr1	138400000	138800000	-11.365	2.237	-9.282	138400000
chr1	138800000	139200000	-11.624	2.488	-10.142	138800000
chr1	139200000	139600000	-10.402	3.002	-9.519	139200000
chr1	139600000	140000000	-9.22	3.295	-9.968	139600000
chr1	140000000	140400000	-4.874	2.754	-12.112	140000000
chr1	140400000	140800000	-5.353	2.648	-12.314	140400000
chr1	140800000	141200000	-6.615	2.717	-12.326	140800000
chr1	141200000	141600000	-6.551	3.803	-12.969	141200000
chr1	141600000	142000000	-7.694	4.366	-12.915	141600000
chr1	142000000	142400000	-8.233	4.814	-13.38	142000000
chr1	142400000	142800000	-9.213	4.69	-12.837	142400000
chr1	142800000	143200000	-9.621	3.441	-12.789	142800000
chr1	143200000	143600000	-9.694	3.479	-13.383	143200000
chr1	143600000	144000000	-8.383	3.387	-12.671	143600000
chr1	144000000	144400000	-9.36	2.011	-12.497	144000000
chr1	144400000	144800000	-10.344	1.401	-13.064	144400000
chr1	144800000	145200000	-11.179	1.465	-13.662	144800000
chr1	145200000	145600000	-11.602	1.797	-12.844	145200000
chr1	145600000	146000000	-10.318	1.885	-12.906	145600000
chr1	146000000	146400000	-10.385	1.819	-13.676	146000000
chr1	146400000	146800000	-10.928	0.575	-13.834	146400000
chr1	146800000	147200000	-10.967	0.149	-13.23	146800000
chr1	147200000	147600000	-10.293	0.632	-13.069	147200000
chr1	147600000	148000000	-9.966	0.565	-12.418	147600000
chr1	148000000	148400000	-8.744	1.333	-12.343	148000000
chr1	148400000	148800000	-11.087	-0.363	-13.036	148400000
chr1	148800000	149200000	-10.296	-0.989	-13.707	148800000
chr1	149200000	149600000	-10.248	-2.081	-13.976	149200000
chr1	149600000	150000000	-9.771	-2.715	-14.333	149600000
chr1	150000000	150400000	-9.431	-1.5	-13.859	150000000
chr1	150400000	150800000	-10.489	-1.301	-13.396	150400000
chr1	150800000	151200000	-10.805	-0.973	-12.573	150800000
chr1	151200000	151600000	-9.828	-0.293	-12.428	151200000
chr1	151600000	152000000	-9.235	-0.507	-12.426	151600000
chr1	152000000	152400000	-10.001	-0.086	-11.792	152000000
chr1	152400000	152800000	-10.606	0.263	-12.183	152400000
chr1	152800000	153200000	-10.285	-0.605	-11.425	152800000
chr1	153200000	153600000	-9.642	-1.447	-11.035	153200000
chr1	153600000	154000000	-10.249	-0.567	-10.621	153600000
chr1	154000000	154400000	-10.989	0.447	-10.452	154000000
chr1	154400000	154800000	-12.11	1.31	-10.5	154400000
chr1	154800000	155200000	-11.831	1.767	-10.077	154800000
chr1	155200000	155600000	-11.204	1.292	-10.505	155200000
chr1	155600000	156000000	-10.61	1.119	-10.684	155600000
chr1	156000000	156400000	-10.119	0.278	-11.42	156000000
chr1	156400000	156800000	-9.434	-0.816	-12.225	156400000
chr1	156800000	157200000	-10.043	-1.573	-11.934	156800000
chr1	157200000	157600000	-10.416	-2.431	-12.608	157200000
chr1	157600000	158000000	-10.398	-2.979	-12.124	157600000
chr1	158000000	158400000	-10.186	-3.028	-11.41	158000000
chr1	158400000	158800000	-10.404	-2.087	-11.061	158400000
chr1	158800000	159200000	-10.241	-2.628	-11.204	158800000
chr1	159200000	159600000	-11.246	-2.307	-11.157	159200000
chr1	159600000	160000000	-11.064	-3.202	-10.352	159600000
chr1	160000000	160400000	-10.584	-2.946	-9.795	160000000
chr1	160400000	160800000	-11.477	-2.12	-9.386	160400000
chr1	160800000	161200000	-10.749	-2.059	-9.519	160800000
chr1	161200000	161600000	-11.016	-1.079	-9.632	161200000
chr1	161600000	162000000	-11.407	-0.581	-9.819	161600000
chr1	162000000	162400000	-11.812	-1.202	-10.575	162000000
chr1	162400000	162800000	-12.019	-0.392	-10.112	162400000
chr1	162800000	163200000	-12.363	-0.546	-8.804	162800000
chr1	163200000	163600000	-11.523	0.939	-8.759	163200000
chr1	163600000	164000000	-11.384	1.944	-8.31	163600000
chr1	164000000	164400000	-11.369	1.339	-8.19	164000000
chr1	164400000	164800000	-11.771	0.996	-7.884	164400000
chr1	164800000	165200000	-13.029	0.838	-8.036	164800000
chr1	165200000	165600000	-13.209	1.702	-8.757	165200000
chr1	165600000	166000000	-12.807	2.614	-7.86	165600000
chr1	166000000	166400000	-12.739	2.668	-7.27	166000000
chr1	166400000	166800000	-13.903	2.273	-7.242	166400000
chr1	166800000	167200000	-13.232	2.309	-6.85	166800000
chr1	167200000	167600000	-12.366	1.601	-7.042	167200000
chr1	167600000	168000000	-13.204	0.821	-6.879	167600000
chr1	168000000	168400000	-13.322	1.083	-6.019	168000000
chr1	168400000	168800000	-14.127	0.373	-5.347	168400000
chr1	168800000	169200000	-14.604	0.89	-5.116	168800000
chr1	169200000	169600000	-14.826	1.958	-5.687	169200000
chr1	169600000	170000000	-14.468	0.962	-6.389	169600000
chr1	170000000	170400000	-14.091	0.115	-6.701	170000000
chr1	170400000	170800000	-13.953	-0.384	-7.321	170400000
chr1	170800000	171200000	-13.234	-0.519	-7.955	170800000
chr1	171200000	171600000	-12.928	-1.21	-9.131	171200000
chr1	171600000	172000000	-12.717	-1.647	-9.359	171600000
chr1	172000000	172400000	-11.805	-0.16	-11.985	172000000
chr1	172400000	172800000	-11.88	-0.815	-11.672	172400000
chr1	172800000	173200000	-12.178	-1.602	-11.245	172800000
chr1	173200000	173600000	-12.51	-2.378	-10.343	173200000
chr1	173600000	174000000	-12.33	-3.086	-9.648	173600000
chr1	174000000	174400000	-12.049	-3.787	-8.774	174000000
chr1	174400000	174800000	-13.11	-3.464	-8.854	174400000
chr1	174800000	175200000	-13.326	-2.785	-7.975	174800000
chr1	175200000	175600000	-13.216	-2.453	-8.16	175200000
chr1	175600000	176000000	-12.133	-2.836	-8.028	175600000
chr1	176000000	176400000	-11.986	-2.206	-7.767	176000000
chr1	176400000	176800000	-12.292	-1.74	-8.48	176400000
chr1	176800000	177200000	-12.052	-0.809	-8.36	176800000
chr1	177200000	177600000	-11.913	0.239	-9.036	177200000
chr1	177600000	178000000	-12.511	0.687	-9.548	177600000
chr1	178000000	178400000	-12.785	0.229	-10.283	178000000
chr1	178400000	178800000	-13.005	-0.918	-10.556	178400000
chr1	178800000	179200000	-13.489	0.072	-9.778	178800000
chr1	179200000	179600000	-12.603	-0.068	-9.482	179200000
chr1	179600000	180000000	-11.338	0.033	-9.212	179600000
chr1	180000000	180400000	-10.154	0.507	-8.859	180000000
chr1	180400000	180800000	-9.872	0.644	-8.125	180400000
chr1	180800000	181200000	-9.76	0.414	-7.347	180800000
chr1	181200000	181600000	-10.262	0.523	-6.647	181200000
chr1	181600000	182000000	-10.413	0.867	-5.41	181600000
chr1	182000000	182400000	-10.215	0.1	-5.577	182000000
chr1	182400000	182800000	-11.062	0.266	-6.062	182400000
chr1	182800000	183200000	-11.275	-0.391	-6.581	182800000
chr1	183200000	183600000	-11.746	-0.391	-7.3	183200000
chr1	183600000	184000000	-12.235	-0.919	-6.908	183600000
chr1	184000000	184400000	-13.0	-1.728	-7.06	184000000
chr1	184400000	184800000	-13.331	-0.93	-7.115	184400000
chr1	184800000	185200000	-12.731	-0.184	-6.553	184800000
chr1	185200000	185600000	-12.928	0.341	-5.909	185200000
chr1	185600000	186000000	-12.625	-0.222	-4.924	185600000
chr1	186000000	186400000	-12.755	-0.088	-4.326	186000000
chr1	186400000	186800000	-12.529	-0.556	-3.807	186400000
chr1	186800000	187200000	-12.599	-1.523	-3.883	186800000
chr1	187200000	187600000	-12.061	-1.096	-4.911	187200000
chr1	187600000	188000000	-12.402	-1.995	-4.955	187600000
chr1	188000000	188400000	-12.609	-2.648	-5.344	188000000
chr1	188400000	188800000	-12.789	-1.49	-5.198	188400000
chr1	188800000	189200000	-13.326	-1.953	-4.948	188800000
chr1	189200000	189600000	-13.534	-2.536	-5.322	189200000
chr1	189600000	190000000	-13.262	-2.738	-5.991	189600000
chr1	190000000	190400000	-14.191	-2.24	-6.445	190000000
chr1	190400000	190800000	-14.331	-1.124	-6.354	190400000
chr1	190800000	191200000	-13.99	-1.298	-5.343	190800000
chr1	191200000	191600000	-13.899	-0.576	-4.041	191200000
chr1	191600000	192000000	-12.129	0.951	-2.333	191600000
chr1	192000000	192400000	-11.205	2.058	-2.453	192000000
chr1	192400000	192800000	-11.613	1.565	-2.863	192400000
chr1	192800000	193200000	-11.491	1.108	-3.395	192800000
chr1	193200000	193600000	-10.987	2.239	-2.948	193200000
chr1	193600000	194000000	-12.604	1.749	-3.765	193600000
chr1	194000000	194400000	-13.526	1.942	-3.207	194000000
chr1	194400000	194800000	-13.705	1.53	-3.452	194400000
chr1	194800000	195200000	-13.458	0.765	-3.937	194800000
chr1	195200000	195600000	-12.163	0.078	-3.091	195200000
