chr19	2800000	3200000	4.047	5.265	2.0	2800000
chr19	3200000	3600000	3.819	5.469	1.203	3200000
chr19	3600000	4000000	3.619	6.731	1.005	3600000
chr19	4000000	4400000	3.374	7.056	0.152	4000000
chr19	4400000	4800000	2.191	6.773	0.395	4400000
chr19	4800000	5200000	1.753	6.173	1.331	4800000
chr19	5200000	5600000	1.891	5.548	2.323	5200000
chr19	5600000	6000000	2.605	5.152	3.196	5600000
chr19	6000000	6400000	3.14	6.033	3.616	6000000
chr19	6400000	6800000	3.196	6.887	2.936	6400000
chr19	6800000	7200000	3.105	7.122	2.145	6800000
chr19	7200000	7600000	2.182	7.412	2.694	7200000
chr19	7600000	8000000	1.717	8.215	2.942	7600000
chr19	8000000	8400000	2.286	9.069	2.638	8000000
chr19	8400000	8800000	2.344	9.057	3.208	8400000
chr19	8800000	9200000	1.54	9.488	3.217	8800000
chr19	9200000	9600000	0.882	9.418	2.495	9200000
chr19	9600000	10000000	1.876	9.273	1.707	9600000
chr19	10000000	10400000	1.237	8.416	1.066	10000000
chr19	10400000	10800000	0.598	7.567	1.49	10400000
chr19	10800000	11200000	0.379	7.471	0.686	10800000
chr19	11200000	11600000	-0.597	7.593	0.075	11200000
chr19	11600000	12000000	-0.554	8.659	0.483	11600000
chr19	12000000	12400000	0.222	8.666	0.096	12000000
chr19	12400000	12800000	0.433	8.949	-0.942	12400000
chr19	12800000	13200000	1.252	9.67	-0.724	12800000
chr19	13200000	13600000	1.625	8.8	0.064	13200000
chr19	13600000	14000000	2.404	8.89	0.696	13600000
chr19	14000000	14400000	1.909	9.907	0.349	14000000
chr19	14400000	14800000	2.203	10.638	-0.193	14400000
chr19	14800000	15200000	2.493	11.022	-0.91	14800000
chr19	15200000	15600000	1.538	11.149	-0.536	15200000
chr19	15600000	16000000	1.407	11.046	-1.353	15600000
chr19	16000000	16400000	1.908	10.332	-1.607	16000000
chr19	16400000	16800000	1.881	8.872	-2.082	16400000
chr19	16800000	17200000	1.858	7.911	-1.91	16800000
chr19	17200000	17600000	2.391	7.513	-2.025	17200000
chr19	17600000	18000000	3.113	6.98	-3.157	17600000
chr19	18000000	18400000	3.603	7.759	-2.123	18000000
chr19	18400000	18800000	3.551	7.839	-2.595	18400000
chr19	18800000	19200000	3.483	7.648	-2.53	18800000
chr19	19200000	19600000	3.005	6.424	-3.054	19200000
chr19	19600000	20000000	2.486	5.758	-4.252	19600000
chr19	20000000	20400000	2.104	5.195	-4.609	20000000
chr19	20400000	20800000	2.334	5.486	-3.814	20400000
chr19	20800000	21200000	1.011	5.967	-4.206	20800000
chr19	21200000	21600000	-0.058	6.48	-4.411	21200000
chr19	21600000	22000000	0.699	7.379	-4.579	21600000
chr19	22000000	22400000	0.765	8.134	-4.545	22000000
chr19	22400000	22800000	1.003	7.608	-3.228	22400000
chr19	22800000	23200000	1.93	7.242	-2.928	22800000
chr19	23200000	23600000	1.63	6.343	-2.141	23200000
chr19	23600000	24000000	1.835	5.618	-1.238	23600000
chr19	24000000	24400000	3.255	5.791	-1.235	24000000
chr19	24400000	24800000	3.937	6.816	-1.301	24400000
chr19	24800000	25200000	4.74	6.345	-2.067	24800000
chr19	25200000	25600000	4.444	8.731	-0.991	25200000
chr19	25600000	26000000	4.67	9.555	0.411	25600000
chr19	26000000	26400000	4.515	9.62	-0.128	26000000
chr19	26400000	26800000	4.58	10.134	0.085	26400000
chr19	26800000	27200000	4.709	9.157	1.256	26800000
chr19	27200000	27600000	5.869	8.822	1.387	27200000
chr19	27600000	28000000	6.465	9.522	2.097	27600000
chr19	28000000	28400000	6.42	9.238	2.391	28000000
chr19	28400000	28800000	7.053	9.945	3.085	28400000
chr19	28800000	29200000	6.342	10.164	3.429	28800000
chr19	29200000	29600000	5.573	9.468	3.086	29200000
chr19	29600000	30000000	5.228	8.568	2.802	29600000
chr19	30000000	30400000	4.606	8.32	2.095	30000000
chr19	30400000	30800000	4.222	8.859	2.687	30400000
chr19	30800000	31200000	4.048	9.569	3.454	30800000
chr19	31200000	31600000	4.901	9.904	3.131	31200000
chr19	31600000	32000000	4.455	10.333	3.258	31600000
chr19	32000000	32400000	4.594	10.979	2.754	32000000
chr19	32400000	32800000	5.012	10.323	1.861	32400000
chr19	32800000	33200000	4.764	11.451	2.107	32800000
chr19	33200000	33600000	3.806	10.776	1.71	33200000
chr19	33600000	34000000	3.104	10.078	1.971	33600000
chr19	34000000	34400000	2.495	11.084	1.844	34000000
chr19	34400000	34800000	3.272	11.518	1.956	34400000
chr19	34800000	35200000	2.868	10.693	1.133	34800000
chr19	35200000	35600000	3.429	10.669	-0.041	35200000
chr19	35600000	36000000	3.788	10.939	-1.072	35600000
chr19	36000000	36400000	3.441	11.744	-1.255	36000000
chr19	36400000	36800000	3.291	11.834	-0.102	36400000
chr19	36800000	37200000	4.379	11.319	0.583	36800000
chr19	37200000	37600000	5.578	11.41	1.248	37200000
chr19	37600000	38000000	5.925	10.396	0.779	37600000
chr19	38000000	38400000	6.918	10.449	0.547	38000000
chr19	38400000	38800000	6.672	9.781	-0.062	38400000
chr19	38800000	39200000	7.113	8.751	0.19	38800000
chr19	39200000	39600000	7.456	9.077	0.74	39200000
chr19	39600000	40000000	8.147	9.963	1.145	39600000
chr19	40000000	40400000	9.018	9.196	1.424	40000000
chr19	40400000	40800000	8.434	8.422	2.196	40400000
chr19	40800000	41200000	8.839	8.051	2.661	40800000
chr19	41200000	41600000	8.193	7.222	2.266	41200000
chr19	41600000	42000000	7.493	7.668	1.438	41600000
chr19	42000000	42400000	6.743	7.414	2.235	42000000
chr19	42400000	42800000	6.485	7.681	3.117	42400000
chr19	42800000	43200000	7.477	8.605	3.023	42800000
chr19	43200000	43600000	7.898	8.499	3.916	43200000
chr19	43600000	44000000	6.914	7.884	3.852	43600000
chr19	44000000	44400000	5.869	7.119	3.921	44000000
chr19	44400000	44800000	5.292	7.04	3.91	44400000
chr19	44800000	45200000	4.893	5.951	4.31	44800000
chr19	45200000	45600000	5.814	5.597	3.628	45200000
chr19	45600000	46000000	5.609	5.933	2.498	45600000
chr19	46000000	46400000	5.465	6.536	1.463	46000000
chr19	46400000	46800000	5.567	6.966	0.723	46400000
chr19	46800000	47200000	5.601	7.48	-0.05	46800000
chr19	47200000	47600000	5.672	8.096	-0.754	47200000
chr19	47600000	48000000	6.009	9.124	-1.069	47600000
chr19	48000000	48400000	5.674	9.825	-0.748	48000000
chr19	48400000	48800000	5.346	10.458	-0.191	48400000
chr19	48800000	49200000	5.084	11.715	0.074	48800000
chr19	49200000	49600000	5.681	12.897	-0.456	49200000
chr19	49600000	50000000	5.568	12.201	-0.728	49600000
chr19	50000000	50400000	5.894	11.641	-0.57	50000000
chr19	50400000	50800000	5.592	10.885	-1.464	50400000
chr19	50800000	51200000	6.406	11.449	-2.319	50800000
chr19	51200000	51600000	5.176	11.524	-2.515	51200000
chr19	51600000	52000000	4.543	11.174	-1.475	51600000
chr19	52000000	52400000	4.382	10.141	-1.879	52000000
chr19	52400000	52800000	3.631	9.439	-1.396	52400000
chr19	52800000	53200000	3.334	9.326	-0.772	52800000
chr19	53200000	53600000	3.738	10.118	-1.58	53200000
chr19	53600000	54000000	2.938	10.952	-2.442	53600000
chr19	54000000	54400000	2.227	11.799	-3.546	54000000
chr19	54400000	54800000	1.749	12.761	-4.209	54400000
chr19	54800000	55200000	1.148	12.121	-3.548	54800000
chr19	55200000	55600000	2.032	12.611	-2.902	55200000
chr19	55600000	56000000	2.131	14.037	-2.378	55600000
chr19	56000000	56400000	1.739	14.333	-2.238	56000000
chr19	56400000	56800000	1.519	13.644	-3.096	56400000
chr19	56800000	57200000	0.353	13.502	-3.028	56800000
chr19	57200000	57600000	0.387	12.787	-2.633	57200000
chr19	57600000	58000000	0.813	13.236	-1.88	57600000
chr19	58000000	58400000	0.654	12.026	-2.052	58000000
chr19	58400000	58800000	1.021	12.653	-1.428	58400000
chr19	58800000	59200000	1.622	12.488	-1.853	58800000
chr19	59200000	59600000	1.91	11.605	-2.294	59200000
chr19	59600000	60000000	3.171	12.379	-2.159	59600000
chr19	60000000	60400000	3.335	13.153	-2.486	60000000
chr19	60400000	60800000	2.967	12.493	-3.298	60400000
chr19	60800000	61200000	3.872	12.029	-2.919	60800000
chr19	61200000	61600000	3.93	10.899	-2.793	61200000
