chr9	2800000	3200000	3.441	8.461	7.453	2800000
chr9	3200000	3600000	2.614	8.006	7.206	3200000
chr9	3600000	4000000	1.849	7.717	6.305	3600000
chr9	4000000	4400000	1.254	7.465	5.976	4000000
chr9	4400000	4800000	0.767	7.045	5.508	4400000
chr9	4800000	5200000	0.211	6.243	6.35	4800000
chr9	5200000	5600000	-0.129	6.691	6.332	5200000
chr9	5600000	6000000	0.445	6.996	6.715	5600000
chr9	6000000	6400000	0.449	7.836	7.462	6000000
chr9	6400000	6800000	1.459	8.629	7.812	6400000
chr9	6800000	7200000	0.989	8.313	8.054	6800000
chr9	7200000	7600000	-0.03	7.881	8.115	7200000
chr9	7600000	8000000	-0.838	7.496	8.462	7600000
chr9	8000000	8400000	-1.218	7.352	8.12	8000000
chr9	8400000	8800000	-1.053	8.073	7.453	8400000
chr9	8800000	9200000	-0.984	7.717	6.412	8800000
chr9	9200000	9600000	-1.024	7.954	6.289	9200000
chr9	9600000	10000000	-0.609	8.432	5.96	9600000
chr9	10000000	10400000	-1.18	9.255	6.126	10000000
chr9	10400000	10800000	0.139	8.823	6.38	10400000
chr9	10800000	11200000	1.454	8.505	5.957	10800000
chr9	11200000	11600000	1.81	9.044	5.012	11200000
chr9	11600000	12000000	1.226	9.711	4.633	11600000
chr9	12000000	12400000	1.973	9.065	4.941	12000000
chr9	12400000	12800000	2.488	9.369	5.778	12400000
chr9	12800000	13200000	2.182	9.747	4.78	12800000
chr9	13200000	13600000	1.293	8.972	5.647	13200000
chr9	13600000	14000000	-0.143	8.654	5.639	13600000
chr9	14000000	14400000	-0.611	8.911	5.099	14000000
chr9	14400000	14800000	-1.867	8.966	4.979	14400000
chr9	14800000	15200000	-1.805	8.922	4.751	14800000
chr9	15200000	15600000	-0.703	8.365	4.708	15200000
chr9	15600000	16000000	0.401	7.991	4.383	15600000
chr9	16000000	16400000	1.973	7.899	4.368	16000000
chr9	16400000	16800000	2.404	8.194	3.387	16400000
chr9	16800000	17200000	2.672	7.599	3.658	16800000
chr9	17200000	17600000	3.053	8.02	4.447	17200000
chr9	17600000	18000000	2.977	7.524	5.074	17600000
chr9	18000000	18400000	2.092	7.683	4.362	18000000
chr9	18400000	18800000	2.082	6.471	3.809	18400000
chr9	18800000	19200000	1.698	5.788	4.329	18800000
chr9	19200000	19600000	1.812	5.12	3.459	19200000
chr9	19600000	20000000	1.162	4.115	3.636	19600000
chr9	20000000	20400000	0.446	4.4	4.58	20000000
chr9	20400000	20800000	0.511	5.177	4.942	20400000
chr9	20800000	21200000	-0.359	5.649	4.75	20800000
chr9	21200000	21600000	-1.7	6.249	5.086	21200000
chr9	21600000	22000000	-3.221	5.936	4.024	21600000
chr9	22000000	22400000	-3.446	5.283	3.968	22000000
chr9	22400000	22800000	-3.977	4.918	2.956	22400000
chr9	22800000	23200000	-3.197	5.076	2.026	22800000
chr9	23200000	23600000	-2.385	4.909	2.131	23200000
chr9	23600000	24000000	-2.814	6.172	2.388	23600000
chr9	24000000	24400000	-2.892	6.593	1.97	24000000
chr9	24400000	24800000	-2.998	5.71	1.296	24400000
chr9	24800000	25200000	-2.806	4.567	0.842	24800000
chr9	25200000	25600000	-1.479	5.579	0.493	25200000
chr9	25600000	26000000	-0.337	6.248	1.521	25600000
chr9	26000000	26400000	0.505	5.323	1.456	26000000
chr9	26400000	26800000	1.114	4.707	1.232	26400000
chr9	26800000	27200000	0.268	4.674	0.717	26800000
chr9	27200000	27600000	-0.823	4.985	0.859	27200000
chr9	27600000	28000000	-1.129	5.997	-0.212	27600000
chr9	28000000	28400000	-1.556	5.985	-0.953	28000000
chr9	28400000	28800000	-0.492	6.248	-0.54	28400000
chr9	28800000	29200000	0.068	6.245	-0.363	28800000
chr9	29200000	29600000	0.698	6.53	0.172	29200000
chr9	29600000	30000000	-0.504	5.79	0.404	29600000
chr9	30000000	30400000	-1.87	5.754	0.512	30000000
chr9	30400000	30800000	-2.134	5.699	0.776	30400000
chr9	30800000	31200000	-1.668	6.053	1.225	30800000
chr9	31200000	31600000	-1.18	6.811	0.99	31200000
chr9	31600000	32000000	-0.634	7.334	0.576	31600000
chr9	32000000	32400000	-0.252	7.667	0.211	32000000
chr9	32400000	32800000	-0.218	8.782	0.471	32400000
chr9	32800000	33200000	-0.23	9.518	0.121	32800000
chr9	33200000	33600000	-0.131	9.815	0.058	33200000
chr9	33600000	34000000	-0.945	10.386	0.572	33600000
chr9	34000000	34400000	-0.709	10.659	0.837	34000000
chr9	34400000	34800000	0.206	11.228	1.108	34400000
chr9	34800000	35200000	0.747	11.008	0.993	34800000
chr9	35200000	35600000	0.982	10.315	0.334	35200000
chr9	35600000	36000000	1.05	10.052	0.375	35600000
chr9	36000000	36400000	2.578	9.434	0.161	36000000
chr9	36400000	36800000	3.097	8.861	0.193	36400000
chr9	36800000	37200000	2.257	8.091	-0.059	36800000
chr9	37200000	37600000	1.652	8.01	0.917	37200000
chr9	37600000	38000000	1.274	9.137	1.035	37600000
chr9	38000000	38400000	1.742	10.236	1.437	38000000
chr9	38400000	38800000	2.536	10.601	2.444	38400000
chr9	38800000	39200000	2.54	9.77	3.329	38800000
chr9	39200000	39600000	2.627	9.995	2.949	39200000
chr9	39600000	40000000	2.721	9.289	1.976	39600000
chr9	40000000	40400000	1.895	9.559	2.059	40000000
chr9	40400000	40800000	1.344	9.107	2.471	40400000
chr9	40800000	41200000	0.707	8.959	3.527	40800000
chr9	41200000	41600000	-0.445	9.407	3.561	41200000
chr9	41600000	42000000	-0.935	9.728	3.347	41600000
chr9	42000000	42400000	-1.805	9.248	3.087	42000000
chr9	42400000	42800000	-2.194	8.232	2.985	42400000
chr9	42800000	43200000	-1.961	8.261	2.364	42800000
chr9	43200000	43600000	-2.839	8.16	1.975	43200000
chr9	43600000	44000000	-2.763	7.719	1.003	43600000
chr9	44000000	44400000	-3.406	7.248	0.19	44000000
chr9	44400000	44800000	-3.564	6.836	-1.112	44400000
chr9	44800000	45200000	-4.016	6.225	-1.339	44800000
chr9	45200000	45600000	-3.88	5.47	-1.076	45200000
chr9	45600000	46000000	-3.882	5.624	0.14	45600000
chr9	46000000	46400000	-3.846	6.153	0.58	46000000
chr9	46400000	46800000	-2.191	5.454	2.871	46400000
chr9	46800000	47200000	-1.749	5.283	3.931	46800000
chr9	47200000	47600000	-1.525	5.237	3.532	47200000
chr9	47600000	48000000	-1.498	6.354	3.314	47600000
chr9	48000000	48400000	-0.91	6.669	3.313	48000000
chr9	48400000	48800000	-0.264	6.221	3.537	48400000
chr9	48800000	49200000	-0.263	5.633	3.253	48800000
chr9	49200000	49600000	-0.481	4.959	2.916	49200000
chr9	49600000	50000000	-1.064	4.869	2.315	49600000
chr9	50000000	50400000	-1.465	4.008	2.083	50000000
chr9	50400000	50800000	-1.16	4.355	1.798	50400000
chr9	50800000	51200000	-2.355	4.401	2.765	50800000
chr9	51200000	51600000	-2.717	4.418	3.777	51200000
chr9	51600000	52000000	-3.033	3.261	2.835	51600000
chr9	52000000	52400000	-3.342	3.211	1.575	52000000
chr9	52400000	52800000	-3.827	2.824	1.211	52400000
chr9	52800000	53200000	-4.027	2.426	2.055	52800000
chr9	53200000	53600000	-4.854	2.07	2.379	53200000
chr9	53600000	54000000	-5.742	1.998	3.123	53600000
chr9	54000000	54400000	-6.336	1.241	3.012	54000000
chr9	54400000	54800000	-6.905	1.324	3.326	54400000
chr9	54800000	55200000	-6.595	1.53	4.243	54800000
chr9	55200000	55600000	-6.465	2.581	4.37	55200000
chr9	55600000	56000000	-5.305	2.462	4.23	55600000
chr9	56000000	56400000	-5.73	2.519	5.003	56000000
chr9	56400000	56800000	-5.221	3.044	5.432	56400000
chr9	56800000	57200000	-4.591	2.794	5.888	56800000
chr9	57200000	57600000	-4.627	3.965	5.632	57200000
chr9	57600000	58000000	-4.71	4.818	5.853	57600000
chr9	58000000	58400000	-4.353	4.976	6.593	58000000
chr9	58400000	58800000	-4.135	5.769	7.324	58400000
chr9	58800000	59200000	-4.299	6.863	6.65	58800000
chr9	59200000	59600000	-3.306	7.144	6.664	59200000
chr9	59600000	60000000	-3.003	6.498	6.495	59600000
chr9	60000000	60400000	-3.093	5.744	6.707	60000000
chr9	60400000	60800000	-3.92	5.281	7.402	60400000
chr9	60800000	61200000	-4.504	5.081	8.42	60800000
chr9	61200000	61600000	-4.097	5.176	8.176	61200000
chr9	61600000	62000000	-3.922	4.453	8.547	61600000
chr9	62000000	62400000	-3.799	3.95	8.009	62000000
chr9	62400000	62800000	-3.815	3.319	7.206	62400000
chr9	62800000	63200000	-3.574	3.719	6.93	62800000
chr9	63200000	63600000	-2.983	4.704	6.511	63200000
chr9	63600000	64000000	-2.567	5.144	7.107	63600000
chr9	64000000	64400000	-1.857	6.056	7.05	64000000
chr9	64400000	64800000	-1.725	5.639	6.318	64400000
chr9	64800000	65200000	-1.367	4.639	6.008	64800000
chr9	65200000	65600000	-2.086	4.957	5.319	65200000
chr9	65600000	66000000	-2.96	4.671	5.278	65600000
chr9	66000000	66400000	-3.119	3.728	5.686	66000000
chr9	66400000	66800000	-4.108	3.503	4.775	66400000
chr9	66800000	67200000	-3.896	4.04	4.545	66800000
chr9	67200000	67600000	-3.043	3.63	5.182	67200000
chr9	67600000	68000000	-2.431	3.49	4.845	67600000
chr9	68000000	68400000	-2.348	3.198	4.105	68000000
chr9	68400000	68800000	-1.873	3.802	4.091	68400000
chr9	68800000	69200000	-1.408	4.054	3.853	68800000
chr9	69200000	69600000	-1.745	3.232	2.954	69200000
chr9	69600000	70000000	-2.628	3.415	2.402	69600000
chr9	70000000	70400000	-3.365	4.035	2.061	70000000
chr9	70400000	70800000	-4.121	3.793	2.877	70400000
chr9	70800000	71200000	-4.723	4.026	2.35	70800000
chr9	71200000	71600000	-4.671	3.922	1.139	71200000
chr9	71600000	72000000	-5.695	3.525	0.496	71600000
chr9	72000000	72400000	-5.809	4.482	1.291	72000000
chr9	72400000	72800000	-5.562	5.034	1.424	72400000
chr9	72800000	73200000	-5.12	5.808	1.739	72800000
chr9	73200000	73600000	-4.587	7.441	1.575	73200000
chr9	73600000	74000000	-4.31	8.432	2.669	73600000
chr9	74000000	74400000	-4.087	9.061	2.63	74000000
chr9	74400000	74800000	-4.399	9.824	2.674	74400000
chr9	74800000	75200000	-3.551	10.728	2.918	74800000
chr9	75200000	75600000	-3.037	10.88	3.429	75200000
chr9	75600000	76000000	-2.343	9.971	3.695	75600000
chr9	76000000	76400000	-2.437	9.986	2.875	76000000
chr9	76400000	76800000	-2.247	10.014	1.855	76400000
chr9	76800000	77200000	-1.648	9.789	0.914	76800000
chr9	77200000	77600000	-2.129	10.698	0.761	77200000
chr9	77600000	78000000	-2.198	9.817	1.369	77600000
chr9	78000000	78400000	-1.26	9.576	2.011	78000000
chr9	78400000	78800000	-0.537	8.326	2.224	78400000
chr9	78800000	79200000	0.215	8.047	1.957	78800000
chr9	79200000	79600000	0.945	7.498	1.728	79200000
chr9	79600000	80000000	0.81	8.409	0.84	79600000
chr9	80000000	80400000	0.282	9.459	1.966	80000000
chr9	80400000	80800000	-0.627	10.351	2.654	80400000
chr9	80800000	81200000	-1.413	11.034	2.363	80800000
chr9	81200000	81600000	-1.808	11.234	3.415	81200000
chr9	81600000	82000000	-2.098	11.544	3.637	81600000
chr9	82000000	82400000	-1.57	10.835	3.193	82000000
chr9	82400000	82800000	-0.763	11.293	3.886	82400000
chr9	82800000	83200000	-0.415	10.523	4.088	82800000
chr9	83200000	83600000	-0.431	9.957	4.119	83200000
chr9	83600000	84000000	0.362	9.921	4.183	83600000
chr9	84000000	84400000	0.027	9.47	5.009	84000000
chr9	84400000	84800000	0.148	10.511	5.768	84400000
chr9	84800000	85200000	-1.326	10.481	5.833	84800000
chr9	85200000	85600000	-1.084	10.164	6.442	85200000
chr9	85600000	86000000	-1.187	10.154	5.257	85600000
chr9	86000000	86400000	-1.644	10.164	4.844	86000000
chr9	86400000	86800000	-2.155	10.443	5.237	86400000
chr9	86800000	87200000	-2.769	10.398	4.714	86800000
chr9	87200000	87600000	-3.723	10.936	5.034	87200000
chr9	87600000	88000000	-4.985	10.843	5.102	87600000
chr9	88000000	88400000	-5.597	10.586	5.567	88000000
chr9	88400000	88800000	-5.69	10.185	5.555	88400000
chr9	88800000	89200000	-5.665	9.292	4.603	88800000
chr9	89200000	89600000	-5.192	9.298	4.012	89200000
chr9	89600000	90000000	-5.698	9.531	2.765	89600000
chr9	90000000	90400000	-6.138	10.538	3.169	90000000
chr9	90400000	90800000	-6.022	11.543	3.493	90400000
chr9	90800000	91200000	-5.056	12.016	3.7	90800000
chr9	91200000	91600000	-4.941	11.614	2.909	91200000
chr9	91600000	92000000	-3.991	11.195	3.301	91600000
chr9	92000000	92400000	-3.965	11.593	3.719	92000000
chr9	92400000	92800000	-3.892	12.117	4.691	92400000
chr9	92800000	93200000	-3.314	11.905	4.952	92800000
chr9	93200000	93600000	-3.546	11.875	5.974	93200000
chr9	93600000	94000000	-2.669	11.146	5.644	93600000
chr9	94000000	94400000	-3.072	10.983	6.38	94000000
chr9	94400000	94800000	-3.99	10.115	6.459	94400000
chr9	94800000	95200000	-4.633	10.388	6.825	94800000
chr9	95200000	95600000	-4.497	11.024	5.992	95200000
chr9	95600000	96000000	-4.642	11.084	6.754	95600000
chr9	96000000	96400000	-5.083	10.452	7.46	96000000
chr9	96400000	96800000	-4.91	6.066	6.466	96400000
chr9	96800000	97200000	-5.445	5.504	5.66	96800000
chr9	97200000	97600000	-5.837	4.209	4.849	97200000
chr9	97600000	98000000	-6.429	4.522	5.063	97600000
chr9	98000000	98400000	-6.745	3.998	5.191	98000000
chr9	98400000	98800000	-7.538	3.576	4.457	98400000
chr9	98800000	99200000	-7.873	4.261	4.165	98800000
chr9	99200000	99600000	-8.292	4.826	3.227	99200000
chr9	99600000	100000000	-8.306	4.106	3.019	99600000
chr9	100000000	100400000	-7.318	3.649	3.479	100000000
chr9	100400000	100800000	-7.167	4.351	3.844	100400000
chr9	100800000	101200000	-6.016	3.565	3.379	100800000
chr9	101200000	101600000	-5.533	3.801	3.489	101200000
chr9	101600000	102000000	-6.409	4.497	3.792	101600000
chr9	102000000	102400000	-6.858	4.887	2.602	102000000
chr9	102400000	102800000	-6.592	3.688	2.896	102400000
chr9	102800000	103200000	-7.048	4.568	2.249	102800000
chr9	103200000	103600000	-6.811	4.103	2.203	103200000
chr9	103600000	104000000	-6.084	4.809	3.067	103600000
chr9	104000000	104400000	-6.711	5.278	4.079	104000000
chr9	104400000	104800000	-6.348	6.449	3.581	104400000
chr9	104800000	105200000	-5.802	5.494	3.797	104800000
chr9	105200000	105600000	-6.29	5.34	2.923	105200000
chr9	105600000	106000000	-5.859	5.611	2.87	105600000
chr9	106000000	106400000	-5.242	5.994	2.438	106000000
chr9	106400000	106800000	-4.387	6.003	2.007	106400000
chr9	106800000	107200000	-4.08	5.259	1.713	106800000
chr9	107200000	107600000	-3.522	4.257	0.677	107200000
chr9	107600000	108000000	-4.422	4.056	0.63	107600000
chr9	108000000	108400000	-4.781	3.805	-0.492	108000000
chr9	108400000	108800000	-4.789	3.718	-1.277	108400000
chr9	108800000	109200000	-4.731	4.5	-1.879	108800000
chr9	109200000	109600000	-5.677	5.072	-1.619	109200000
chr9	109600000	110000000	-5.779	4.869	-0.49	109600000
chr9	110000000	110400000	-5.555	5.136	-0.797	110000000
chr9	110400000	110800000	-5.713	5.428	-1.929	110400000
chr9	110800000	111200000	-5.741	6.482	-1.579	110800000
chr9	111200000	111600000	-5.232	7.68	-1.151	111200000
chr9	111600000	112000000	-4.959	8.92	-1.37	111600000
chr9	112000000	112400000	-5.221	9.916	-1.891	112000000
chr9	112400000	112800000	-4.424	11.652	-1.384	112400000
chr9	112800000	113200000	-4.997	10.868	-1.827	112800000
chr9	113200000	113600000	-5.072	10.559	-0.809	113200000
chr9	113600000	114000000	-5.692	10.383	-1.464	113600000
chr9	114000000	114400000	-5.169	9.273	-2.25	114000000
chr9	114400000	114800000	-4.318	8.712	-1.45	114400000
chr9	114800000	115200000	-4.488	8.565	-0.031	114800000
chr9	115200000	115600000	-4.646	9.31	0.026	115200000
chr9	115600000	116000000	-4.186	9.955	0.133	115600000
chr9	116000000	116400000	-4.234	10.582	1.237	116000000
chr9	116400000	116800000	-3.566	10.678	0.901	116400000
chr9	116800000	117200000	-4.494	10.81	-0.164	116800000
chr9	117200000	117600000	-3.911	11.333	-0.179	117200000
chr9	117600000	118000000	-3.55	11.074	-0.054	117600000
chr9	118000000	118400000	-2.867	10.693	0.65	118000000
chr9	118400000	118800000	-3.423	9.362	0.889	118400000
chr9	118800000	119200000	-3.046	9.852	0.507	118800000
chr9	119200000	119600000	-2.995	8.651	0.614	119200000
chr9	119600000	120000000	-3.556	8.617	0.692	119600000
chr9	120000000	120400000	-4.498	8.457	1.259	120000000
chr9	120400000	120800000	-4.55	7.384	2.045	120400000
chr9	120800000	121200000	-5.039	7.433	2.854	120800000
chr9	121200000	121600000	-5.579	7.893	2.804	121200000
chr9	121600000	122000000	-5.577	8.908	2.264	121600000
chr9	122000000	122400000	-4.517	9.466	1.73	122000000
chr9	122400000	122800000	-3.059	9.573	1.923	122400000
chr9	122800000	123200000	-3.707	9.777	1.525	122800000
chr9	123200000	123600000	-3.638	9.932	2.272	123200000
chr9	123600000	124000000	-3.159	10.888	2.225	123600000
chr9	124000000	124400000	-2.785	12.091	1.909	124000000
chr9	124400000	124800000	-3.064	12.526	2.52	124400000
