chr9	2800000	3200000	-7.915	-13.335	2.276	2800000
chr9	3200000	3600000	-7.077	-12.572	2.213	3200000
chr9	3600000	4000000	-6.426	-12.031	2.961	3600000
chr9	4000000	4400000	-6.146	-10.98	2.955	4000000
chr9	4400000	4800000	-7.021	-10.396	3.018	4400000
chr9	4800000	5200000	-7.511	-11.004	3.364	4800000
chr9	5200000	5600000	-7.37	-11.276	2.465	5200000
chr9	5600000	6000000	-7.986	-11.494	2.064	5600000
chr9	6000000	6400000	-7.054	-10.837	1.213	6000000
chr9	6400000	6800000	-6.616	-10.626	1.271	6400000
chr9	6800000	7200000	-6.457	-10.273	2.305	6800000
chr9	7200000	7600000	-6.58	-9.592	2.15	7200000
chr9	7600000	8000000	-7.361	-9.876	1.184	7600000
chr9	8000000	8400000	-8.303	-10.011	1.98	8000000
chr9	8400000	8800000	-8.592	-9.268	1.366	8400000
chr9	8800000	9200000	-7.847	-8.811	1.781	8800000
chr9	9200000	9600000	-8.417	-8.782	2.292	9200000
chr9	9600000	10000000	-8.25	-8.124	2.942	9600000
chr9	10000000	10400000	-8.134	-8.916	4.276	10000000
chr9	10400000	10800000	-7.242	-9.427	5.222	10400000
chr9	10800000	11200000	-7.579	-10.128	4.748	10800000
chr9	11200000	11600000	-7.394	-10.886	4.919	11200000
chr9	11600000	12000000	-6.987	-11.58	5.667	11600000
chr9	12000000	12400000	-7.175	-11.282	4.61	12000000
chr9	12400000	12800000	-6.264	-11.633	4.699	12400000
chr9	12800000	13200000	-6.034	-12.207	4.627	12800000
chr9	13200000	13600000	-7.148	-11.977	4.701	13200000
chr9	13600000	14000000	-7.435	-12.189	4.239	13600000
chr9	14000000	14400000	-7.752	-12.063	5.397	14000000
chr9	14400000	14800000	-8.023	-11.556	5.966	14400000
chr9	14800000	15200000	-9.029	-11.704	5.072	14800000
chr9	15200000	15600000	-8.829	-11.265	4.781	15200000
chr9	15600000	16000000	-8.784	-10.409	5.679	15600000
chr9	16000000	16400000	-8.467	-9.966	5.33	16000000
chr9	16400000	16800000	-9.433	-9.936	5.213	16400000
chr9	16800000	17200000	-8.756	-9.947	4.393	16800000
chr9	17200000	17600000	-8.526	-9.918	3.647	17200000
chr9	17600000	18000000	-8.373	-11.269	3.818	17600000
chr9	18000000	18400000	-9.702	-10.859	3.912	18000000
chr9	18400000	18800000	-9.155	-10.183	4.201	18400000
chr9	18800000	19200000	-9.766	-8.99	4.691	18800000
chr9	19200000	19600000	-10.662	-8.918	5.803	19200000
chr9	19600000	20000000	-10.151	-8.421	5.992	19600000
chr9	20000000	20400000	-10.377	-7.963	6.616	20000000
chr9	20400000	20800000	-10.235	-8.012	6.052	20400000
chr9	20800000	21200000	-9.042	-7.289	5.791	20800000
chr9	21200000	21600000	-8.935	-7.194	6.112	21200000
chr9	21600000	22000000	-8.225	-6.618	6.391	21600000
chr9	22000000	22400000	-7.595	-6.617	7.213	22000000
chr9	22400000	22800000	-7.459	-7.397	7.285	22400000
chr9	22800000	23200000	-7.349	-8.37	6.518	22800000
chr9	23200000	23600000	-8.294	-8.895	6.724	23200000
chr9	23600000	24000000	-8.349	-8.536	5.669	23600000
chr9	24000000	24400000	-9.007	-8.776	4.723	24000000
chr9	24400000	24800000	-9.156	-8.436	5.765	24400000
chr9	24800000	25200000	-9.19	-8.889	6.952	24800000
chr9	25200000	25600000	-8.427	-9.703	6.867	25200000
chr9	25600000	26000000	-7.922	-9.803	6.572	25600000
chr9	26000000	26400000	-7.514	-9.675	7.566	26000000
chr9	26400000	26800000	-7.365	-9.17	8.441	26400000
chr9	26800000	27200000	-6.57	-8.685	9.431	26800000
chr9	27200000	27600000	-6.782	-9.244	9.291	27200000
chr9	27600000	28000000	-7.071	-8.395	10.035	27600000
chr9	28000000	28400000	-7.415	-8.266	10.375	28000000
chr9	28400000	28800000	-7.211	-7.596	9.559	28400000
chr9	28800000	29200000	-7.407	-7.828	8.746	28800000
chr9	29200000	29600000	-6.14	-7.498	8.219	29200000
chr9	29600000	30000000	-5.623	-7.89	8.473	29600000
chr9	30000000	30400000	-5.717	-8.416	8.868	30000000
chr9	30400000	30800000	-5.785	-8.805	8.908	30400000
chr9	30800000	31200000	-5.831	-8.675	7.621	30800000
chr9	31200000	31600000	-6.911	-8.46	7.491	31200000
chr9	31600000	32000000	-7.832	-8.354	8.023	31600000
chr9	32000000	32400000	-8.776	-7.974	8.583	32000000
chr9	32400000	32800000	-8.347	-8.53	9.405	32400000
chr9	32800000	33200000	-6.54	-8.226	10.515	32800000
chr9	33200000	33600000	-6.118	-7.657	10.122	33200000
chr9	33600000	34000000	-5.929	-6.469	10.531	33600000
chr9	34000000	34400000	-6.278	-5.503	11.193	34000000
chr9	34400000	34800000	-6.856	-6.196	11.051	34400000
chr9	34800000	35200000	-6.882	-5.372	10.468	34800000
chr9	35200000	35600000	-6.548	-5.789	9.747	35200000
chr9	35600000	36000000	-7.364	-5.748	9.65	35600000
chr9	36000000	36400000	-7.968	-5.877	9.954	36000000
chr9	36400000	36800000	-7.79	-7.018	10.482	36400000
chr9	36800000	37200000	-7.742	-6.765	10.841	36800000
chr9	37200000	37600000	-6.722	-6.832	11.38	37200000
chr9	37600000	38000000	-5.897	-6.864	12.282	37600000
chr9	38000000	38400000	-4.71	-6.381	12.69	38000000
chr9	38400000	38800000	-4.686	-6.697	13.201	38400000
chr9	38800000	39200000	-4.877	-7.455	12.682	38800000
chr9	39200000	39600000	-4.538	-7.057	11.409	39200000
chr9	39600000	40000000	-4.988	-7.809	11.703	39600000
chr9	40000000	40400000	-4.191	-8.474	11.142	40000000
chr9	40400000	40800000	-3.342	-7.736	10.59	40400000
chr9	40800000	41200000	-3.895	-7.728	11.78	40800000
chr9	41200000	41600000	-3.156	-8.37	11.735	41200000
chr9	41600000	42000000	-3.209	-9.34	11.227	41600000
chr9	42000000	42400000	-2.161	-8.601	11.016	42000000
chr9	42400000	42800000	-1.249	-8.166	10.428	42400000
chr9	42800000	43200000	-0.988	-8.115	11.599	42800000
chr9	43200000	43600000	-0.413	-8.013	11.152	43200000
chr9	43600000	44000000	0.204	-7.762	12.111	43600000
chr9	44000000	44400000	0.692	-7.445	12.132	44000000
chr9	44400000	44800000	1.575	-7.711	11.203	44400000
chr9	44800000	45200000	2.235	-7.441	10.323	44800000
chr9	45200000	45600000	2.661	-6.901	9.771	45200000
chr9	45600000	46000000	3.173	-6.555	10.225	45600000
chr9	46000000	46400000	2.989	-6.162	10.232	46000000
chr9	46400000	46800000	2.988	-5.873	11.244	46400000
chr9	46800000	47200000	3.016	-4.735	10.636	46800000
chr9	47200000	47600000	2.592	-4.896	10.908	47200000
chr9	47600000	48000000	1.664	-3.984	11.34	47600000
chr9	48000000	48400000	1.664	-4.308	10.807	48000000
chr9	48400000	48800000	2.01	-4.824	9.886	48400000
chr9	48800000	49200000	2.506	-4.945	9.622	48800000
chr9	49200000	49600000	1.598	-5.247	9.958	49200000
chr9	49600000	50000000	0.918	-6.105	10.444	49600000
chr9	50000000	50400000	1.453	-5.785	10.908	50000000
chr9	50400000	50800000	1.009	-4.795	11.27	50400000
chr9	50800000	51200000	1.193	-5.843	11.889	50800000
chr9	51200000	51600000	0.16	-6.018	12.366	51200000
chr9	51600000	52000000	-0.197	-6.438	12.849	51600000
chr9	52000000	52400000	-0.431	-6.627	12.554	52000000
chr9	52400000	52800000	-0.663	-6.459	11.5	52400000
chr9	52800000	53200000	-1.586	-7.281	11.353	52800000
chr9	53200000	53600000	-1.757	-7.557	12.431	53200000
chr9	53600000	54000000	-2.114	-6.734	12.693	53600000
chr9	54000000	54400000	-3.316	-6.38	12.783	54000000
chr9	54400000	54800000	-3.835	-5.653	12.548	54400000
chr9	54800000	55200000	-4.755	-5.084	12.154	54800000
chr9	55200000	55600000	-4.701	-4.546	11.386	55200000
chr9	55600000	56000000	-4.377	-3.904	10.86	55600000
chr9	56000000	56400000	-5.275	-4.168	10.347	56000000
chr9	56400000	56800000	-5.15	-4.498	9.885	56400000
chr9	56800000	57200000	-4.26	-4.381	9.117	56800000
chr9	57200000	57600000	-3.821	-4.899	9.468	57200000
chr9	57600000	58000000	-3.085	-5.421	9.006	57600000
chr9	58000000	58400000	-2.164	-6.409	9.084	58000000
chr9	58400000	58800000	-1.24	-7.137	8.784	58400000
chr9	58800000	59200000	-1.439	-7.061	8.089	58800000
chr9	59200000	59600000	-0.848	-6.537	7.925	59200000
chr9	59600000	60000000	-0.688	-6.585	7.04	59600000
chr9	60000000	60400000	-0.095	-7.364	6.605	60000000
chr9	60400000	60800000	0.177	-8.179	7.1	60400000
chr9	60800000	61200000	0.863	-8.073	6.233	60800000
chr9	61200000	61600000	1.423	-8.002	5.648	61200000
chr9	61600000	62000000	2.146	-7.474	5.426	61600000
chr9	62000000	62400000	2.226	-8.546	5.536	62000000
chr9	62400000	62800000	1.807	-9.309	4.689	62400000
chr9	62800000	63200000	1.637	-10.455	4.619	62800000
chr9	63200000	63600000	1.959	-10.986	4.115	63200000
chr9	63600000	64000000	2.528	-10.943	5.378	63600000
chr9	64000000	64400000	1.851	-11.368	5.183	64000000
chr9	64400000	64800000	0.937	-11.501	4.785	64400000
chr9	64800000	65200000	0.217	-11.503	4.015	64800000
chr9	65200000	65600000	0.584	-10.611	4.162	65200000
chr9	65600000	66000000	0.621	-9.792	4.886	65600000
chr9	66000000	66400000	-0.126	-9.708	5.683	66000000
chr9	66400000	66800000	-0.969	-9.839	6.187	66400000
chr9	66800000	67200000	-1.164	-10.569	6.841	66800000
chr9	67200000	67600000	-1.84	-11.309	7.002	67200000
chr9	67600000	68000000	-3.11	-11.47	7.288	67600000
chr9	68000000	68400000	-2.969	-12.438	6.79	68000000
chr9	68400000	68800000	-3.791	-11.527	6.641	68400000
chr9	68800000	69200000	-3.974	-10.327	6.548	68800000
chr9	69200000	69600000	-4.078	-10.98	5.639	69200000
chr9	69600000	70000000	-2.826	-10.881	5.8	69600000
chr9	70000000	70400000	-3.319	-10.825	5.954	70000000
chr9	70400000	70800000	-2.255	-10.068	5.948	70400000
chr9	70800000	71200000	-2.925	-9.72	6.782	70800000
chr9	71200000	71600000	-2.97	-10.224	7.172	71200000
chr9	71600000	72000000	-1.92	-9.354	7.617	71600000
chr9	72000000	72400000	-2.053	-8.598	6.998	72000000
chr9	72400000	72800000	-2.62	-8.895	6.205	72400000
chr9	72800000	73200000	-3.091	-8.025	7.1	72800000
chr9	73200000	73600000	-3.589	-8.306	7.827	73200000
chr9	73600000	74000000	-4.697	-8.606	7.733	73600000
chr9	74000000	74400000	-4.518	-9.23	7.719	74000000
chr9	74400000	74800000	-3.611	-10.275	7.73	74400000
chr9	74800000	75200000	-2.874	-10.345	8.508	74800000
chr9	75200000	75600000	-2.793	-9.211	8.639	75200000
chr9	75600000	76000000	-2.886	-8.419	9.367	75600000
chr9	76000000	76400000	-3.853	-8.194	10.003	76000000
chr9	76400000	76800000	-4.984	-8.785	10.164	76400000
chr9	76800000	77200000	-4.978	-8.052	9.806	76800000
chr9	77200000	77600000	-4.437	-7.771	9.929	77200000
chr9	77600000	78000000	-4.29	-7.137	9.753	77600000
chr9	78000000	78400000	-4.825	-7.407	8.75	78000000
chr9	78400000	78800000	-4.896	-6.171	8.948	78400000
chr9	78800000	79200000	-3.679	-5.948	11.066	78800000
chr9	79200000	79600000	-2.861	-6.349	11.845	79200000
chr9	79600000	80000000	-3.16	-6.203	11.539	79600000
chr9	80000000	80400000	-2.899	-5.114	11.873	80000000
chr9	80400000	80800000	-3.61	-4.324	12.807	80400000
chr9	80800000	81200000	-4.531	-4.903	13.35	80800000
chr9	81200000	81600000	-5.4	-4.856	13.367	81200000
chr9	81600000	82000000	-5.959	-5.19	12.983	81600000
chr9	82000000	82400000	-5.437	-4.296	12.292	82000000
chr9	82400000	82800000	-6.268	-3.728	12.054	82400000
chr9	82800000	83200000	-6.826	-3.795	12.844	82800000
chr9	83200000	83600000	-6.366	-2.802	13.637	83200000
chr9	83600000	84000000	-5.205	-3.037	13.459	83600000
chr9	84000000	84400000	-4.011	-3.001	13.492	84000000
chr9	84400000	84800000	-3.656	-3.424	14.155	84400000
chr9	84800000	85200000	-3.691	-2.864	14.682	84800000
chr9	85200000	85600000	-3.213	-2.724	15.082	85200000
chr9	85600000	86000000	-3.749	-3.826	14.8	85600000
chr9	86000000	86400000	-2.614	-4.209	14.172	86000000
chr9	86400000	86800000	-2.052	-4.78	14.183	86400000
chr9	86800000	87200000	-2.441	-3.951	14.566	86800000
chr9	87200000	87600000	-1.797	-3.782	15.317	87200000
chr9	87600000	88000000	-1.653	-3.698	14.831	87600000
chr9	88000000	88400000	-2.282	-2.642	15.312	88000000
chr9	88400000	88800000	-1.793	-2.78	14.518	88400000
chr9	88800000	89200000	-0.659	-2.652	15.581	88800000
chr9	89200000	89600000	0.313	-3.263	15.595	89200000
chr9	89600000	90000000	1.622	-3.843	15.482	89600000
chr9	90000000	90400000	0.965	-4.114	14.964	90000000
chr9	90400000	90800000	-0.038	-4.54	15.03	90400000
chr9	90800000	91200000	-0.598	-4.221	13.992	90800000
chr9	91200000	91600000	-0.937	-4.224	13.447	91200000
chr9	91600000	92000000	-0.497	-3.77	13.821	91600000
chr9	92000000	92400000	-0.431	-5.088	13.526	92000000
chr9	92400000	92800000	-1.141	-6.022	13.596	92400000
chr9	92800000	93200000	-1.316	-5.914	13.21	92800000
chr9	93200000	93600000	-1.043	-5.631	14.499	93200000
chr9	93600000	94000000	-1.311	-5.313	15.316	93600000
chr9	94000000	94400000	0.113	-5.568	15.158	94000000
chr9	94400000	94800000	-0.057	-6.008	14.764	94400000
chr9	94800000	95200000	0.559	-6.39	14.226	94800000
chr9	95200000	95600000	0.327	-7.194	13.502	95200000
chr9	95600000	96000000	1.236	-6.671	13.867	95600000
chr9	96000000	96400000	1.523	-6.197	13.345	96000000
chr9	96400000	96800000	1.425	-4.892	13.257	96400000
chr9	96800000	97200000	0.751	-4.423	12.863	96800000
chr9	97200000	97600000	-0.449	-4.643	12.609	97200000
chr9	97600000	98000000	-1.344	-4.156	13.228	97600000
chr9	98000000	98400000	-1.69	-4.259	12.927	98000000
chr9	98400000	98800000	-2.405	-3.511	13.38	98400000
chr9	98800000	99200000	-1.764	-2.819	13.158	98800000
chr9	99200000	99600000	-2.21	-2.523	13.433	99200000
chr9	99600000	100000000	-2.481	-2.781	12.667	99600000
chr9	100000000	100400000	-3.137	-2.109	12.226	100000000
chr9	100400000	100800000	-3.138	-1.901	13.458	100400000
chr9	100800000	101200000	-3.741	-2.312	12.638	100800000
chr9	101200000	101600000	-2.792	-0.881	12.448	101200000
chr9	101600000	102000000	-2.112	-0.334	12.786	101600000
chr9	102000000	102400000	-2.489	0.252	13.701	102000000
chr9	102400000	102800000	-2.352	-0.451	12.581	102400000
chr9	102800000	103200000	-1.101	-1.136	12.123	102800000
chr9	103200000	103600000	-0.22	-1.768	11.712	103200000
chr9	103600000	104000000	0.732	-1.739	10.703	103600000
chr9	104000000	104400000	0.423	-2.249	9.628	104000000
chr9	104400000	104800000	-0.059	-2.109	8.701	104400000
chr9	104800000	105200000	0.908	-1.472	8.913	104800000
chr9	105200000	105600000	1.777	-1.886	8.383	105200000
chr9	105600000	106000000	1.717	-1.453	8.448	105600000
chr9	106000000	106400000	2.832	-1.021	8.388	106000000
chr9	106400000	106800000	3.907	-0.556	7.229	106400000
chr9	106800000	107200000	5.141	-0.31	6.502	106800000
chr9	107200000	107600000	6.106	0.348	6.317	107200000
chr9	107600000	108000000	5.998	1.09	7.292	107600000
chr9	108000000	108400000	5.126	1.717	7.152	108000000
chr9	108400000	108800000	4.356	1.814	7.069	108400000
chr9	108800000	109200000	4.632	1.31	8.046	108800000
chr9	109200000	109600000	3.488	1.157	8.717	109200000
chr9	109600000	110000000	3.191	0.468	8.514	109600000
chr9	110000000	110400000	3.278	0.409	9.746	110000000
chr9	110400000	110800000	3.109	0.503	12.012	110400000
chr9	110800000	111200000	2.283	0.947	12.627	110800000
chr9	111200000	111600000	1.471	0.167	13.518	111200000
chr9	111600000	112000000	0.412	-0.427	13.846	111600000
chr9	112000000	112400000	-0.216	-0.663	14.216	112000000
chr9	112400000	112800000	-0.9	0.071	13.582	112400000
chr9	112800000	113200000	-1.316	0.033	14.173	112800000
chr9	113200000	113600000	-1.493	-0.194	14.063	113200000
chr9	113600000	114000000	-1.221	-1.415	14.134	113600000
chr9	114000000	114400000	-0.351	-2.179	14.633	114000000
chr9	114400000	114800000	0.845	-2.517	14.348	114400000
chr9	114800000	115200000	1.098	-2.21	13.549	114800000
chr9	115200000	115600000	1.652	-1.5	12.636	115200000
chr9	115600000	116000000	1.516	-0.887	11.515	115600000
chr9	116000000	116400000	1.478	0.026	11.167	116000000
chr9	116400000	116800000	1.514	-0.309	10.178	116400000
chr9	116800000	117200000	1.332	-0.962	10.159	116800000
chr9	117200000	117600000	2.42	-0.792	9.702	117200000
chr9	117600000	118000000	3.386	-0.708	9.136	117600000
chr9	118000000	118400000	3.175	-1.609	8.699	118000000
chr9	118400000	118800000	4.173	-1.785	9.362	118400000
chr9	118800000	119200000	3.827	-2.094	9.961	118800000
chr9	119200000	119600000	3.132	-2.072	10.0	119200000
chr9	119600000	120000000	2.499	-1.157	10.118	119600000
chr9	120000000	120400000	2.304	-0.736	10.745	120000000
chr9	120400000	120800000	2.566	0.459	10.769	120400000
chr9	120800000	121200000	3.094	1.408	10.411	120800000
chr9	121200000	121600000	3.901	1.81	9.973	121200000
chr9	121600000	122000000	3.452	0.529	9.741	121600000
chr9	122000000	122400000	2.2	0.888	9.499	122000000
chr9	122400000	122800000	1.582	-0.101	9.206	122400000
chr9	122800000	123200000	1.765	-2.078	9.768	122800000
chr9	123200000	123600000	2.047	-3.334	10.029	123200000
chr9	123600000	124000000	2.758	-3.559	10.817	123600000
chr9	124000000	124400000	3.087	-4.006	11.774	124000000
chr9	124400000	124800000	3.346	-3.743	12.788	124400000
