chr19	2800000	3200000	3.26	-0.519	-1.049	2800000
chr19	3200000	3600000	4.293	-0.968	-1.176	3200000
chr19	3600000	4000000	5.363	-1.642	-0.949	3600000
chr19	4000000	4400000	6.303	-1.776	-1.596	4000000
chr19	4400000	4800000	7.334	-1.934	-2.236	4400000
chr19	4800000	5200000	7.723	-1.447	-1.819	4800000
chr19	5200000	5600000	7.362	-1.132	-0.793	5200000
chr19	5600000	6000000	7.299	-1.65	-0.029	5600000
chr19	6000000	6400000	7.493	-1.917	0.795	6000000
chr19	6400000	6800000	7.467	-2.329	0.661	6400000
chr19	6800000	7200000	6.774	-2.288	0.331	6800000
chr19	7200000	7600000	6.228	-1.41	0.174	7200000
chr19	7600000	8000000	5.618	-0.748	0.2	7600000
chr19	8000000	8400000	4.689	-0.871	0.253	8000000
chr19	8400000	8800000	4.652	-1.207	0.727	8400000
chr19	8800000	9200000	5.041	-1.045	1.683	8800000
chr19	9200000	9600000	4.972	-1.013	3.181	9200000
chr19	9600000	10000000	4.913	-1.682	3.343	9600000
chr19	10000000	10400000	6.2	-1.415	2.054	10000000
chr19	10400000	10800000	7.118	-1.029	1.356	10400000
chr19	10800000	11200000	7.787	-0.244	0.622	10800000
chr19	11200000	11600000	6.986	0.219	0.105	11200000
chr19	11600000	12000000	6.21	-0.046	-0.552	11600000
chr19	12000000	12400000	5.716	-0.743	-1.506	12000000
chr19	12400000	12800000	4.66	-1.309	-2.551	12400000
chr19	12800000	13200000	5.175	-0.799	-3.695	12800000
chr19	13200000	13600000	6.326	-0.504	-3.004	13200000
chr19	13600000	14000000	6.478	0.042	-4.271	13600000
chr19	14000000	14400000	6.943	-0.433	-3.291	14000000
chr19	14400000	14800000	6.588	0.571	-2.803	14400000
chr19	14800000	15200000	5.559	0.905	-2.081	14800000
chr19	15200000	15600000	5.103	0.698	-1.709	15200000
chr19	15600000	16000000	4.482	0.964	-1.264	15600000
chr19	16000000	16400000	5.63	0.717	-1.203	16000000
chr19	16400000	16800000	6.27	1.685	-1.511	16400000
chr19	16800000	17200000	7.463	2.748	-2.231	16800000
chr19	17200000	17600000	9.218	4.166	-3.468	17200000
chr19	17600000	18000000	10.049	5.039	-4.169	17600000
chr19	18000000	18400000	10.999	5.776	-3.791	18000000
chr19	18400000	18800000	10.955	5.494	-3.847	18400000
chr19	18800000	19200000	9.977	5.438	-3.413	18800000
chr19	19200000	19600000	9.446	6.094	-3.804	19200000
chr19	19600000	20000000	9.798	6.414	-2.443	19600000
chr19	20000000	20400000	9.808	7.005	-1.297	20000000
chr19	20400000	20800000	9.365	7.476	-1.297	20400000
chr19	20800000	21200000	8.862	6.718	-0.962	20800000
chr19	21200000	21600000	9.419	6.025	-1.525	21200000
chr19	21600000	22000000	9.067	5.405	-0.511	21600000
chr19	22000000	22400000	9.102	6.272	0.159	22000000
chr19	22400000	22800000	9.848	5.885	0.303	22400000
chr19	22800000	23200000	9.139	5.149	-0.114	22800000
chr19	23200000	23600000	8.856	4.021	-0.163	23200000
chr19	23600000	24000000	8.853	3.355	-0.172	23600000
chr19	24000000	24400000	8.189	2.628	0.272	24000000
chr19	24400000	24800000	7.514	2.157	0.674	24400000
chr19	24800000	25200000	6.856	1.783	1.278	24800000
chr19	25200000	25600000	5.762	1.137	2.184	25200000
chr19	25600000	26000000	5.888	1.02	3.003	25600000
chr19	26000000	26400000	5.634	1.096	2.1	26000000
chr19	26400000	26800000	5.547	0.667	1.007	26400000
chr19	26800000	27200000	5.94	0.362	0.952	26800000
chr19	27200000	27600000	6.563	-0.079	1.216	27200000
chr19	27600000	28000000	7.168	-0.263	2.336	27600000
chr19	28000000	28400000	7.479	0.505	1.665	28000000
chr19	28400000	28800000	6.838	-0.451	1.872	28400000
chr19	28800000	29200000	6.116	-0.207	2.212	28800000
chr19	29200000	29600000	6.887	0.429	2.736	29200000
chr19	29600000	30000000	7.126	1.578	3.109	29600000
chr19	30000000	30400000	7.216	2.126	2.247	30000000
chr19	30400000	30800000	6.481	1.912	2.171	30400000
chr19	30800000	31200000	5.85	2.441	1.481	30800000
chr19	31200000	31600000	5.773	2.967	1.358	31200000
chr19	31600000	32000000	4.869	2.645	0.867	31600000
chr19	32000000	32400000	4.77	2.035	0.216	32000000
chr19	32400000	32800000	5.832	1.348	0.373	32400000
chr19	32800000	33200000	6.6	1.858	0.006	32800000
chr19	33200000	33600000	7.227	1.687	-0.848	33200000
chr19	33600000	34000000	7.385	0.908	-1.618	33600000
chr19	34000000	34400000	7.273	0.215	-1.892	34000000
chr19	34400000	34800000	7.458	1.298	-1.654	34400000
chr19	34800000	35200000	6.915	2.174	-1.305	34800000
chr19	35200000	35600000	6.201	3.136	-0.586	35200000
chr19	35600000	36000000	5.791	3.48	-0.692	35600000
chr19	36000000	36400000	5.413	3.467	-1.387	36000000
chr19	36400000	36800000	6.414	3.107	-2.034	36400000
chr19	36800000	37200000	7.001	2.379	-2.821	36800000
chr19	37200000	37600000	7.655	3.001	-1.321	37200000
chr19	37600000	38000000	8.585	3.228	-1.881	37600000
chr19	38000000	38400000	8.289	3.37	-2.12	38000000
chr19	38400000	38800000	8.156	4.468	-2.38	38400000
chr19	38800000	39200000	7.403	4.481	-2.742	38800000
chr19	39200000	39600000	7.139	4.368	-2.509	39200000
chr19	39600000	40000000	7.347	4.499	-1.38	39600000
chr19	40000000	40400000	6.414	3.82	-2.023	40000000
chr19	40400000	40800000	5.359	2.822	-2.388	40400000
chr19	40800000	41200000	5.715	2.754	-3.147	40800000
chr19	41200000	41600000	6.55	2.272	-3.827	41200000
chr19	41600000	42000000	7.29	2.253	-4.161	41600000
chr19	42000000	42400000	7.613	1.738	-4.661	42000000
chr19	42400000	42800000	7.823	1.464	-4.609	42400000
chr19	42800000	43200000	8.061	1.146	-3.768	42800000
chr19	43200000	43600000	8.587	1.647	-2.871	43200000
chr19	43600000	44000000	8.652	2.118	-3.481	43600000
chr19	44000000	44400000	9.218	1.84	-3.495	44000000
chr19	44400000	44800000	8.913	2.333	-2.364	44400000
chr19	44800000	45200000	8.744	2.009	-1.007	44800000
chr19	45200000	45600000	8.764	1.197	-0.204	45200000
chr19	45600000	46000000	9.314	0.276	-0.482	45600000
chr19	46000000	46400000	8.558	0.266	-0.847	46000000
chr19	46400000	46800000	8.529	-0.528	-1.83	46400000
chr19	46800000	47200000	8.816	-1.057	-2.913	46800000
chr19	47200000	47600000	9.326	-1.129	-3.587	47200000
chr19	47600000	48000000	9.635	-0.8	-4.325	47600000
chr19	48000000	48400000	10.426	-0.79	-5.222	48000000
chr19	48400000	48800000	10.795	0.008	-5.788	48400000
chr19	48800000	49200000	11.514	0.234	-6.343	48800000
chr19	49200000	49600000	11.68	-0.005	-5.718	49200000
chr19	49600000	50000000	11.623	-0.482	-6.502	49600000
chr19	50000000	50400000	11.768	0.295	-7.301	50000000
chr19	50400000	50800000	11.4	0.649	-7.534	50400000
chr19	50800000	51200000	10.888	1.392	-8.681	50800000
chr19	51200000	51600000	10.648	1.261	-8.117	51200000
chr19	51600000	52000000	10.87	0.04	-7.573	51600000
chr19	52000000	52400000	11.998	0.675	-6.814	52000000
chr19	52400000	52800000	12.013	1.048	-5.585	52400000
chr19	52800000	53200000	11.954	1.802	-5.91	52800000
chr19	53200000	53600000	10.333	0.92	-4.592	53200000
chr19	53600000	54000000	9.622	0.8	-4.354	53600000
chr19	54000000	54400000	10.108	1.064	-5.412	54000000
chr19	54400000	54800000	10.829	0.915	-6.515	54400000
chr19	54800000	55200000	9.874	0.157	-8.129	54800000
chr19	55200000	55600000	9.206	0.465	-8.219	55200000
chr19	55600000	56000000	9.421	0.151	-7.816	55600000
chr19	56000000	56400000	9.752	0.299	-7.323	56000000
chr19	56400000	56800000	10.191	0.225	-6.699	56400000
chr19	56800000	57200000	9.274	0.574	-6.052	56800000
chr19	57200000	57600000	8.896	0.95	-6.061	57200000
chr19	57600000	58000000	9.392	0.653	-6.067	57600000
chr19	58000000	58400000	9.837	0.305	-5.091	58000000
chr19	58400000	58800000	10.605	1.163	-5.73	58400000
chr19	58800000	59200000	10.699	0.433	-6.117	58800000
chr19	59200000	59600000	10.308	1.417	-6.525	59200000
chr19	59600000	60000000	11.127	2.276	-6.583	59600000
chr19	60000000	60400000	11.087	2.14	-6.884	60000000
chr19	60400000	60800000	10.229	1.673	-7.075	60400000
chr19	60800000	61200000	9.525	2.325	-6.85	60800000
chr19	61200000	61600000	9.645	2.986	-5.845	61200000
