chr19	3200000	3600000	-7.723	1.485	2.932	3200000
chr19	3600000	4000000	-7.935	0.773	3.982	3600000
chr19	4000000	4400000	-7.252	1.589	4.155	4000000
chr19	4400000	4800000	-6.104	1.247	4.675	4400000
chr19	4800000	5200000	-6.631	0.351	4.253	4800000
chr19	5200000	5600000	-6.552	0.882	5.124	5200000
chr19	5600000	6000000	-7.143	1.305	5.976	5600000
chr19	6000000	6400000	-7.769	0.96	6.408	6000000
chr19	6400000	6800000	-6.847	-1.496	5.267	6400000
chr19	6800000	7200000	-4.371	-3.558	6.367	6800000
chr19	7200000	7600000	-5.002	-3.93	5.804	7200000
chr19	7600000	8000000	-5.811	-3.085	4.604	7600000
chr19	8000000	8400000	-5.477	-1.912	3.779	8000000
chr19	8400000	8800000	-5.229	-1.203	2.956	8400000
chr19	8800000	9200000	-6.177	-1.367	3.447	8800000
chr19	9200000	9600000	-7.485	-1.238	3.412	9200000
chr19	9600000	10000000	-8.006	-1.988	3.079	9600000
chr19	10000000	10400000	-7.4	-0.774	2.863	10000000
chr19	10400000	10800000	-7.546	-0.344	3.387	10400000
chr19	10800000	11200000	-8.447	-0.529	3.633	10800000
chr19	11200000	11600000	-9.369	-0.024	4.468	11200000
chr19	11600000	12000000	-9.944	0.594	5.343	11600000
chr19	12000000	12400000	-8.89	0.673	5.146	12000000
chr19	12400000	12800000	-8.604	1.214	5.11	12400000
chr19	12800000	13200000	-8.132	-0.037	5.393	12800000
chr19	13200000	13600000	-8.164	-0.448	8.245	13200000
chr19	13600000	14000000	-8.321	-0.838	8.327	13600000
chr19	14000000	14400000	-8.928	-0.228	7.44	14000000
chr19	14400000	14800000	-8.724	-0.856	7.905	14400000
chr19	14800000	15200000	-8.904	-1.9	7.994	14800000
chr19	15200000	15600000	-8.657	-2.285	8.119	15200000
chr19	15600000	16000000	-9.237	-2.45	7.625	15600000
chr19	16000000	16400000	-9.413	-2.367	6.938	16000000
chr19	16400000	16800000	-9.691	-2.286	7.343	16400000
chr19	16800000	17200000	-9.349	-2.921	6.379	16800000
chr19	17200000	17600000	-9.716	-2.748	5.57	17200000
chr19	17600000	18000000	-10.122	-2.266	5.348	17600000
chr19	18000000	18400000	-9.467	-2.195	5.658	18000000
chr19	18400000	18800000	-9.182	-2.966	6.48	18400000
chr19	18800000	19200000	-9.07	-2.348	5.563	18800000
chr19	19200000	19600000	-8.142	-1.638	5.191	19200000
chr19	19600000	20000000	-7.336	-2.495	4.738	19600000
chr19	20000000	20400000	-7.135	-2.519	3.623	20000000
chr19	20400000	20800000	-6.935	-2.906	3.372	20400000
chr19	20800000	21200000	-7.564	-2.718	2.068	20800000
chr19	21200000	21600000	-7.31	-2.165	1.727	21200000
chr19	21600000	22000000	-6.011	-2.743	2.111	21600000
chr19	22000000	22400000	-5.193	-3.605	2.838	22000000
chr19	22400000	22800000	-4.429	-3.202	3.015	22400000
chr19	22800000	23200000	-4.634	-3.393	4.084	22800000
chr19	23200000	23600000	-5.52	-2.667	4.58	23200000
chr19	23600000	24000000	-5.838	-3.622	4.245	23600000
chr19	24000000	24400000	-6.512	-3.468	4.849	24000000
chr19	24400000	24800000	-6.155	-3.018	5.867	24400000
chr19	24800000	25200000	-6.401	-2.759	6.354	24800000
chr19	25200000	25600000	-6.093	-2.784	6.744	25200000
chr19	25600000	26000000	-6.215	-2.025	5.83	25600000
chr19	26000000	26400000	-5.538	-1.486	5.489	26000000
chr19	26400000	26800000	-4.742	-2.289	5.906	26400000
chr19	26800000	27200000	-5.254	-2.568	7.073	26800000
chr19	27200000	27600000	-5.543	-1.604	7.574	27200000
chr19	27600000	28000000	-6.007	-1.596	7.448	27600000
chr19	28000000	28400000	-6.482	-1.455	7.877	28000000
chr19	28400000	28800000	-6.138	-0.692	7.764	28400000
chr19	28800000	29200000	-6.881	-0.767	7.237	28800000
chr19	29200000	29600000	-6.764	-0.219	7.685	29200000
chr19	29600000	30000000	-6.456	0.162	8.019	29600000
chr19	30000000	30400000	-7.06	1.035	8.27	30000000
chr19	30400000	30800000	-7.709	1.436	8.255	30400000
chr19	30800000	31200000	-7.987	1.367	7.858	30800000
chr19	31200000	31600000	-7.739	0.334	8.111	31200000
chr19	31600000	32000000	-8.068	-0.1	8.111	31600000
chr19	32000000	32400000	-8.806	0.618	7.79	32000000
chr19	32400000	32800000	-9.405	0.637	7.282	32400000
chr19	32800000	33200000	-9.31	0.443	6.634	32800000
chr19	33200000	33600000	-9.815	-0.498	7.298	33200000
chr19	33600000	34000000	-9.756	-0.722	8.278	33600000
chr19	34000000	34400000	-8.861	0.339	8.773	34000000
chr19	34400000	34800000	-8.137	0.183	9.497	34400000
chr19	34800000	35200000	-8.56	-0.682	9.095	34800000
chr19	35200000	35600000	-7.669	-1.314	8.993	35200000
chr19	35600000	36000000	-7.147	-1.321	8.83	35600000
chr19	36000000	36400000	-6.915	-0.64	9.157	36000000
chr19	36400000	36800000	-7.92	-1.736	8.717	36400000
chr19	36800000	37200000	-7.338	-1.749	8.641	36800000
chr19	37200000	37600000	-6.999	-2.432	7.628	37200000
chr19	37600000	38000000	-7.369	-2.387	6.554	37600000
chr19	38000000	38400000	-7.789	-1.914	6.734	38000000
chr19	38400000	38800000	-7.436	-2.085	6.629	38400000
chr19	38800000	39200000	-7.769	-1.527	6.613	38800000
chr19	39200000	39600000	-8.515	-0.984	6.835	39200000
chr19	39600000	40000000	-9.583	-1.118	6.331	39600000
chr19	40000000	40400000	-10.51	-1.155	6.394	40000000
chr19	40400000	40800000	-9.797	-0.586	6.006	40400000
chr19	40800000	41200000	-9.818	-0.296	5.321	40800000
chr19	41200000	41600000	-9.739	-1.221	4.635	41200000
chr19	41600000	42000000	-9.657	-1.951	4.134	41600000
chr19	42000000	42400000	-9.152	-1.849	4.588	42000000
chr19	42400000	42800000	-8.471	-1.035	4.842	42400000
chr19	42800000	43200000	-7.567	-0.781	5.259	42800000
chr19	43200000	43600000	-6.489	-1.087	5.314	43200000
chr19	43600000	44000000	-6.581	-0.715	6.018	43600000
chr19	44000000	44400000	-6.893	0.216	6.104	44000000
chr19	44400000	44800000	-7.763	0.425	6.574	44400000
chr19	44800000	45200000	-7.972	-0.166	6.317	44800000
chr19	45200000	45600000	-8.403	-0.314	6.01	45200000
chr19	45600000	46000000	-7.951	-0.743	4.815	45600000
chr19	46000000	46400000	-7.672	-1.097	4.476	46000000
chr19	46400000	46800000	-8.235	-2.031	4.921	46400000
chr19	46800000	47200000	-8.381	-3.235	4.696	46800000
chr19	47200000	47600000	-7.947	-3.571	5.64	47200000
chr19	47600000	48000000	-7.336	-4.155	6.524	47600000
chr19	48000000	48400000	-6.78	-4.703	7.33	48000000
chr19	48400000	48800000	-6.901	-5.7	7.59	48400000
chr19	48800000	49200000	-6.346	-5.645	8.684	48800000
chr19	49200000	49600000	-6.008	-6.519	8.913	49200000
chr19	49600000	50000000	-5.64	-7.229	8.999	49600000
chr19	50000000	50400000	-4.973	-6.871	9.03	50000000
chr19	50400000	50800000	-5.881	-5.916	8.328	50400000
chr19	50800000	51200000	-6.863	-5.233	8.441	50800000
chr19	51200000	51600000	-7.566	-4.295	8.13	51200000
chr19	51600000	52000000	-8.158	-4.219	7.011	51600000
chr19	52000000	52400000	-7.231	-4.209	7.047	52000000
chr19	52400000	52800000	-7.406	-4.847	8.2	52400000
chr19	52800000	53200000	-7.607	-3.732	8.424	52800000
chr19	53200000	53600000	-8.053	-3.297	7.553	53200000
chr19	53600000	54000000	-8.451	-2.797	7.104	53600000
chr19	54000000	54400000	-8.335	-3.182	7.694	54000000
chr19	54400000	54800000	-8.168	-2.489	8.675	54400000
chr19	54800000	55200000	-7.973	-2.264	9.161	54800000
chr19	55200000	55600000	-7.269	-2.935	9.039	55200000
chr19	55600000	56000000	-6.555	-3.277	8.279	55600000
chr19	56000000	56400000	-6.535	-3.603	8.01	56000000
chr19	56400000	56800000	-5.768	-4.987	7.236	56400000
chr19	56800000	57200000	-5.549	-4.81	6.647	56800000
chr19	57200000	57600000	-5.229	-4.488	7.671	57200000
chr19	57600000	58000000	-5.5	-4.177	7.202	57600000
chr19	58000000	58400000	-5.962	-4.717	8.477	58000000
chr19	58400000	58800000	-5.874	-4.857	9.418	58400000
chr19	58800000	59200000	-5.281	-4.559	9.48	58800000
chr19	59200000	59600000	-5.831	-3.717	8.729	59200000
chr19	59600000	60000000	-5.267	-3.823	8.022	59600000
chr19	60000000	60400000	-5.043	-4.026	7.808	60000000
chr19	60400000	60800000	-5.239	-3.279	7.893	60400000
chr19	60800000	61200000	-5.052	-4.531	8.501	60800000
chr19	61200000	61600000	-5.182	-5.789	8.433	61200000
