chr1	2800000	3200000	-13.256	-7.977	-0.499	2800000
chr1	3200000	3600000	-13.04	-6.963	-0.819	3200000
chr1	3600000	4000000	-12.768	-5.849	-1.126	3600000
chr1	4000000	4400000	-12.593	-5.957	-2.321	4000000
chr1	4400000	4800000	-12.069	-6.965	-2.642	4400000
chr1	4800000	5200000	-11.105	-6.523	-2.081	4800000
chr1	5200000	5600000	-11.15	-5.752	-1.887	5200000
chr1	5600000	6000000	-11.166	-6.323	-1.061	5600000
chr1	6000000	6400000	-11.358	-5.563	-0.581	6000000
chr1	6400000	6800000	-10.374	-4.738	-0.458	6400000
chr1	6800000	7200000	-9.92	-4.898	-0.279	6800000
chr1	7200000	7600000	-10.956	-4.246	-0.24	7200000
chr1	7600000	8000000	-11.774	-3.617	-0.209	7600000
chr1	8000000	8400000	-12.773	-3.917	0.447	8000000
chr1	8400000	8800000	-12.758	-4.787	-0.073	8400000
chr1	8800000	9200000	-12.687	-4.525	-1.286	8800000
chr1	9200000	9600000	-12.284	-3.456	-1.414	9200000
chr1	9600000	10000000	-11.733	-2.001	-1.496	9600000
chr1	10000000	10400000	-11.073	-2.655	-2.262	10000000
chr1	10400000	10800000	-11.633	-3.501	-2.738	10400000
chr1	10800000	11200000	-12.733	-3.271	-2.756	10800000
chr1	11200000	11600000	-12.612	-2.239	-2.336	11200000
chr1	11600000	12000000	-12.98	-2.075	-1.209	11600000
chr1	12000000	12400000	-13.964	-1.7	-1.212	12000000
chr1	12400000	12800000	-14.407	-2.215	-0.527	12400000
chr1	12800000	13200000	-13.6	-3.158	-0.168	12800000
chr1	13200000	13600000	-13.933	-4.034	-0.894	13200000
chr1	13600000	14000000	-14.225	-4.998	-0.267	13600000
chr1	14000000	14400000	-13.367	-5.746	0.651	14000000
chr1	14400000	14800000	-12.416	-6.484	0.982	14400000
chr1	14800000	15200000	-12.847	-6.436	2.15	14800000
chr1	15200000	15600000	-12.848	-7.26	2.264	15200000
chr1	15600000	16000000	-13.237	-8.111	2.416	15600000
chr1	16000000	16400000	-13.254	-8.506	3.486	16000000
chr1	16400000	16800000	-12.739	-9.414	4.147	16400000
chr1	16800000	17200000	-11.874	-9.636	4.98	16800000
chr1	17200000	17600000	-11.278	-9.436	4.727	17200000
chr1	17600000	18000000	-10.301	-9.879	5.848	17600000
chr1	18000000	18400000	-10.367	-8.399	5.663	18000000
chr1	18400000	18800000	-11.496	-7.766	4.913	18400000
chr1	18800000	19200000	-12.69	-7.953	5.455	18800000
chr1	19200000	19600000	-13.756	-7.908	6.244	19200000
chr1	19600000	20000000	-13.879	-7.316	7.207	19600000
chr1	20000000	20400000	-15.191	-7.418	7.026	20000000
chr1	20400000	20800000	-15.038	-6.545	6.7	20400000
chr1	20800000	21200000	-14.338	-6.717	5.724	20800000
chr1	21200000	21600000	-14.878	-7.747	5.562	21200000
chr1	21600000	22000000	-14.145	-7.121	5.404	21600000
chr1	22000000	22400000	-14.254	-6.773	4.893	22000000
chr1	22400000	22800000	-15.263	-6.181	4.578	22400000
chr1	22800000	23200000	-14.736	-5.316	5.504	22800000
chr1	23200000	23600000	-14.529	-4.84	5.493	23200000
chr1	23600000	24000000	-13.857	-5.066	4.801	23600000
chr1	24000000	24400000	-14.064	-4.645	4.333	24000000
chr1	24400000	24800000	-13.778	-4.435	4.02	24400000
chr1	24800000	25200000	-14.89	-4.04	3.553	24800000
chr1	25200000	25600000	-14.758	-4.364	2.392	25200000
chr1	25600000	26000000	-15.209	-4.438	1.291	25600000
chr1	26000000	26400000	-15.61	-4.383	1.461	26000000
chr1	26400000	26800000	-16.455	-3.724	1.792	26400000
chr1	26800000	27200000	-16.108	-3.583	2.566	26800000
chr1	27200000	27600000	-15.433	-4.103	3.028	27200000
chr1	27600000	28000000	-15.802	-5.26	3.156	27600000
chr1	28000000	28400000	-15.436	-5.823	2.882	28000000
chr1	28400000	28800000	-14.725	-6.172	1.993	28400000
chr1	28800000	29200000	-15.419	-6.493	2.057	28800000
chr1	29200000	29600000	-15.069	-7.472	2.476	29200000
chr1	29600000	30000000	-14.455	-7.678	3.638	29600000
chr1	30000000	30400000	-15.194	-7.109	3.758	30000000
chr1	30400000	30800000	-14.243	-6.375	3.527	30400000
chr1	30800000	31200000	-13.278	-7.116	4.208	30800000
chr1	31200000	31600000	-13.664	-7.957	4.756	31200000
chr1	31600000	32000000	-13.048	-9.017	5.149	31600000
chr1	32000000	32400000	-12.544	-9.195	5.753	32000000
chr1	32400000	32800000	-12.931	-9.422	6.074	32400000
chr1	32800000	33200000	-12.228	-10.006	6.445	32800000
chr1	33200000	33600000	-11.746	-9.033	6.714	33200000
chr1	33600000	34000000	-11.442	-8.556	6.202	33600000
chr1	34000000	34400000	-11.188	-7.285	6.392	34000000
chr1	34400000	34800000	-10.949	-6.589	6.912	34400000
chr1	34800000	35200000	-10.484	-5.475	7.333	34800000
chr1	35200000	35600000	-10.465	-4.527	6.668	35200000
chr1	35600000	36000000	-11.405	-5.007	5.99	35600000
chr1	36000000	36400000	-11.977	-4.573	5.093	36000000
chr1	36400000	36800000	-11.273	-5.182	4.284	36400000
chr1	36800000	37200000	-10.506	-5.48	4.5	36800000
chr1	37200000	37600000	-10.232	-5.287	3.337	37200000
chr1	37600000	38000000	-9.994	-5.533	3.2	37600000
chr1	38000000	38400000	-9.302	-5.33	1.924	38000000
chr1	38400000	38800000	-10.078	-5.647	1.541	38400000
chr1	38800000	39200000	-10.538	-5.067	1.481	38800000
chr1	39200000	39600000	-11.337	-5.426	2.321	39200000
chr1	39600000	40000000	-11.494	-6.145	2.94	39600000
chr1	40000000	40400000	-10.735	-6.579	3.086	40000000
chr1	40400000	40800000	-11.591	-6.543	1.961	40400000
chr1	40800000	41200000	-11.82	-7.182	1.746	40800000
chr1	41200000	41600000	-12.352	-7.751	2.702	41200000
chr1	41600000	42000000	-12.022	-8.629	2.058	41600000
chr1	42000000	42400000	-11.185	-8.76	2.942	42000000
chr1	42400000	42800000	-10.8	-8.352	3.218	42400000
chr1	42800000	43200000	-11.065	-7.551	2.415	42800000
chr1	43200000	43600000	-11.962	-5.497	1.402	43200000
chr1	43600000	44000000	-11.44	-4.245	1.635	43600000
chr1	44000000	44400000	-12.01	-3.333	1.511	44000000
chr1	44400000	44800000	-12.157	-2.698	1.886	44400000
chr1	44800000	45200000	-12.761	-3.3	2.783	44800000
chr1	45200000	45600000	-12.639	-2.147	2.923	45200000
chr1	45600000	46000000	-11.947	-0.923	2.979	45600000
chr1	46000000	46400000	-12.248	-0.3	1.949	46000000
chr1	46400000	46800000	-13.072	0.084	1.592	46400000
chr1	46800000	47200000	-13.967	-0.526	1.469	46800000
chr1	47200000	47600000	-14.881	-0.053	2.052	47200000
chr1	47600000	48000000	-15.453	-0.99	1.695	47600000
chr1	48000000	48400000	-15.589	-1.267	0.981	48000000
chr1	48400000	48800000	-15.734	-2.509	0.837	48400000
chr1	48800000	49200000	-16.708	-2.431	1.26	48800000
chr1	49200000	49600000	-16.741	-2.039	2.739	49200000
chr1	49600000	50000000	-16.356	-1.271	2.783	49600000
chr1	50000000	50400000	-15.227	-1.254	2.606	50000000
chr1	50400000	50800000	-15.493	-2.285	2.251	50400000
chr1	50800000	51200000	-15.42	-2.704	2.355	50800000
chr1	51200000	51600000	-14.632	-2.339	3.144	51200000
chr1	51600000	52000000	-14.5	-2.675	3.263	51600000
chr1	52000000	52400000	-14.323	-2.076	2.037	52000000
chr1	52400000	52800000	-13.243	-2.501	1.207	52400000
chr1	52800000	53200000	-14.009	-2.325	0.636	52800000
chr1	53200000	53600000	-14.177	-2.9	1.115	53200000
chr1	53600000	54000000	-15.301	-3.198	0.834	53600000
chr1	54000000	54400000	-14.296	-3.653	1.536	54000000
chr1	54400000	54800000	-13.404	-4.488	1.341	54400000
chr1	54800000	55200000	-13.716	-5.169	2.614	54800000
chr1	55200000	55600000	-13.106	-5.659	3.82	55200000
chr1	55600000	56000000	-13.344	-5.889	4.787	55600000
chr1	56000000	56400000	-12.793	-6.507	5.596	56000000
chr1	56400000	56800000	-12.739	-7.128	6.128	56400000
chr1	56800000	57200000	-12.642	-7.654	6.708	56800000
chr1	57200000	57600000	-12.637	-7.81	7.719	57200000
chr1	57600000	58000000	-11.429	-7.674	7.689	57600000
chr1	58000000	58400000	-10.987	-8.581	7.342	58000000
chr1	58400000	58800000	-9.845	-8.693	7.09	58400000
chr1	58800000	59200000	-7.191	-8.718	6.727	58800000
chr1	59200000	59600000	-6.083	-8.325	6.266	59200000
chr1	59600000	60000000	-5.449	-8.426	5.857	59600000
chr1	60000000	60400000	-4.776	-7.581	5.847	60000000
chr1	60400000	60800000	-5.052	-6.551	5.963	60400000
chr1	60800000	61200000	-4.739	-5.536	5.65	60800000
chr1	61200000	61600000	-4.432	-4.563	5.058	61200000
chr1	61600000	62000000	-4.378	-4.061	5.263	61600000
chr1	62000000	62400000	-3.371	-3.71	5.145	62000000
chr1	62400000	62800000	-2.578	-3.622	4.888	62400000
chr1	62800000	63200000	-2.952	-4.981	5.022	62800000
chr1	63200000	63600000	-1.864	-4.96	5.163	63200000
chr1	63600000	64000000	-1.928	-4.812	6.242	63600000
chr1	64000000	64400000	-2.588	-4.213	6.753	64000000
chr1	64400000	64800000	-1.857	-3.548	6.101	64400000
chr1	64800000	65200000	-1.136	-5.044	7.457	64800000
chr1	65200000	65600000	-0.386	-5.973	7.702	65200000
chr1	65600000	66000000	2.313	-6.659	9.512	65600000
chr1	66000000	66400000	2.849	-7.075	9.149	66000000
chr1	66400000	66800000	2.617	-7.8	10.056	66400000
chr1	66800000	67200000	3.019	-8.44	9.864	66800000
chr1	67200000	67600000	3.791	-7.82	10.372	67200000
chr1	67600000	68000000	3.684	-6.595	10.377	67600000
chr1	68000000	68400000	3.231	-6.84	10.944	68000000
chr1	68400000	68800000	2.201	-7.261	11.537	68400000
chr1	68800000	69200000	2.198	-7.363	11.429	68800000
chr1	69200000	69600000	2.852	-6.88	12.72	69200000
chr1	69600000	70000000	1.993	-5.965	13.171	69600000
chr1	70000000	70400000	1.97	-6.132	12.494	70000000
chr1	70400000	70800000	2.841	-5.424	11.859	70400000
chr1	70800000	71200000	3.392	-4.677	11.106	70800000
chr1	71200000	71600000	3.076	-3.843	11.038	71200000
chr1	71600000	72000000	2.166	-3.972	10.977	71600000
chr1	72000000	72400000	2.229	-3.964	10.528	72000000
chr1	72400000	72800000	2.307	-4.771	9.631	72400000
chr1	72800000	73200000	2.011	-5.027	9.77	72800000
chr1	73200000	73600000	2.399	-3.831	9.82	73200000
chr1	73600000	74000000	2.349	-3.193	9.112	73600000
chr1	74000000	74400000	1.828	-3.362	9.258	74000000
chr1	74400000	74800000	0.824	-4.183	8.905	74400000
chr1	74800000	75200000	-3.034	-5.775	9.238	74800000
chr1	75200000	75600000	-5.076	-6.263	9.336	75200000
chr1	75600000	76000000	-6.358	-6.258	9.044	75600000
chr1	76000000	76400000	-7.821	-5.411	8.551	76000000
chr1	76400000	76800000	-8.131	-4.693	8.563	76400000
chr1	76800000	77200000	-8.676	-4.386	7.575	76800000
chr1	77200000	77600000	-9.32	-4.509	7.768	77200000
chr1	77600000	78000000	-9.059	-3.911	8.616	77600000
chr1	78000000	78400000	-8.896	-3.141	7.728	78000000
chr1	78400000	78800000	-7.88	-2.593	8.132	78400000
chr1	78800000	79200000	-7.116	-3.47	8.216	78800000
chr1	79200000	79600000	-6.95	-2.553	8.067	79200000
chr1	79600000	80000000	-6.369	-3.52	8.098	79600000
chr1	80000000	80400000	-5.84	-3.853	7.034	80000000
chr1	80400000	80800000	-5.505	-4.092	6.721	80400000
chr1	80800000	81200000	-6.234	-3.938	6.176	80800000
chr1	81200000	81600000	-7.134	-3.383	6.283	81200000
chr1	81600000	82000000	-7.854	-3.266	6.284	81600000
chr1	82000000	82400000	-8.155	-2.527	5.793	82000000
chr1	82400000	82800000	-7.589	-2.989	5.42	82400000
chr1	82800000	83200000	-6.993	-4.012	5.244	82800000
chr1	83200000	83600000	-6.342	-4.757	5.167	83200000
chr1	83600000	84000000	-7.195	-5.413	5.419	83600000
chr1	84000000	84400000	-8.011	-5.57	5.192	84000000
chr1	84400000	84800000	-7.587	-5.253	6.407	84400000
chr1	84800000	85200000	-8.035	-5.717	6.744	84800000
chr1	85200000	85600000	-8.272	-6.277	6.073	85200000
chr1	85600000	86000000	-8.054	-6.967	6.017	85600000
chr1	86000000	86400000	-8.144	-7.506	7.205	86000000
chr1	86400000	86800000	-8.327	-8.214	8.056	86400000
chr1	86800000	87200000	-8.0	-7.454	9.032	86800000
chr1	87200000	87600000	-7.559	-6.703	8.308	87200000
chr1	87600000	88000000	-6.504	-6.437	7.362	87600000
chr1	88000000	88400000	-5.845	-5.588	6.89	88000000
chr1	88400000	88800000	-6.588	-4.728	7.418	88400000
chr1	88800000	89200000	-5.436	-4.454	7.87	88800000
chr1	89200000	89600000	-5.376	-4.968	7.9	89200000
chr1	89600000	90000000	-4.72	-5.448	8.715	89600000
chr1	90000000	90400000	-4.707	-4.847	9.622	90000000
chr1	90400000	90800000	-5.466	-4.38	10.088	90400000
chr1	90800000	91200000	-4.525	-3.829	9.779	90800000
chr1	91200000	91600000	-5.3	-3.063	9.681	91200000
chr1	91600000	92000000	-6.312	-2.287	10.398	91600000
chr1	92000000	92400000	-7.534	-2.588	9.964	92000000
chr1	92400000	92800000	-7.638	-3.331	9.524	92400000
chr1	92800000	93200000	-8.413	-3.003	9.617	92800000
chr1	93200000	93600000	-9.067	-3.178	9.605	93200000
chr1	93600000	94000000	-9.789	-2.256	10.238	93600000
chr1	94000000	94400000	-8.929	-1.305	10.18	94000000
chr1	94400000	94800000	-8.733	-1.433	9.09	94400000
chr1	94800000	95200000	-8.974	-1.199	8.034	94800000
chr1	95200000	95600000	-9.055	-1.335	7.158	95200000
chr1	95600000	96000000	-9.43	-0.821	6.213	95600000
chr1	96000000	96400000	-9.189	0.17	6.188	96000000
chr1	96400000	96800000	-8.205	0.63	6.615	96400000
chr1	96800000	97200000	-7.792	0.043	6.302	96800000
chr1	97200000	97600000	-7.346	-0.424	6.979	97200000
chr1	97600000	98000000	-6.45	-0.835	7.515	97600000
chr1	98000000	98400000	-5.649	-1.158	7.511	98000000
chr1	98400000	98800000	-5.679	-2.289	6.965	98400000
chr1	98800000	99200000	-6.6	-2.022	6.817	98800000
chr1	99200000	99600000	-6.312	-1.627	5.785	99200000
chr1	99600000	100000000	-5.656	-1.564	5.44	99600000
chr1	100000000	100400000	-4.747	-2.116	6.028	100000000
chr1	100400000	100800000	-4.11	-2.314	6.048	100400000
chr1	100800000	101200000	-3.502	-2.398	6.546	100800000
chr1	101200000	101600000	-2.883	-2.277	7.189	101200000
chr1	101600000	102000000	-2.398	-1.364	7.797	101600000
chr1	102000000	102400000	-1.924	-0.969	8.305	102000000
chr1	102400000	102800000	-1.8	-0.534	8.677	102400000
chr1	102800000	103200000	-1.41	-0.443	9.205	102800000
chr1	103200000	103600000	-0.759	-1.275	9.508	103200000
chr1	103600000	104000000	-1.357	-1.945	8.85	103600000
chr1	104000000	104400000	-1.597	-2.518	8.538	104000000
chr1	104400000	104800000	-0.998	-2.445	7.458	104400000
chr1	104800000	105200000	-1.113	-2.643	7.69	104800000
chr1	105200000	105600000	-1.458	-3.749	8.037	105200000
chr1	105600000	106000000	-1.861	-3.997	8.63	105600000
chr1	106000000	106400000	-0.258	-6.093	9.343	106000000
chr1	106400000	106800000	0.964	-7.229	10.471	106400000
chr1	106800000	107200000	2.034	-8.831	11.582	106800000
chr1	107200000	107600000	1.941	-9.2	12.791	107200000
chr1	107600000	108000000	2.321	-9.081	14.122	107600000
chr1	108000000	108400000	2.628	-8.271	14.564	108000000
chr1	108400000	108800000	2.43	-7.933	14.047	108400000
chr1	108800000	109200000	1.361	-7.644	13.81	108800000
chr1	109200000	109600000	0.804	-8.626	13.882	109200000
chr1	109600000	110000000	1.657	-8.297	12.99	109600000
chr1	110000000	110400000	2.512	-8.647	12.803	110000000
chr1	110400000	110800000	3.147	-8.838	12.478	110400000
chr1	110800000	111200000	3.385	-9.105	11.702	110800000
chr1	111200000	111600000	3.211	-10.298	11.898	111200000
chr1	111600000	112000000	3.563	-10.114	12.815	111600000
chr1	112000000	112400000	2.942	-10.299	13.564	112000000
chr1	112400000	112800000	2.891	-9.851	14.496	112400000
chr1	112800000	113200000	2.057	-9.823	15.094	112800000
chr1	113200000	113600000	1.876	-9.232	16.065	113200000
chr1	113600000	114000000	1.51	-8.314	16.623	113600000
chr1	114000000	114400000	1.629	-9.323	17.189	114000000
chr1	114400000	114800000	0.517	-9.576	17.403	114400000
chr1	114800000	115200000	0.095	-8.543	16.947	114800000
chr1	115200000	115600000	-0.026	-7.738	17.735	115200000
chr1	115600000	116000000	-0.562	-6.785	18.316	115600000
chr1	116000000	116400000	-0.148	-6.771	17.242	116000000
chr1	116400000	116800000	-0.787	-7.746	16.676	116400000
chr1	116800000	117200000	-0.259	-7.587	16.525	116800000
chr1	117200000	117600000	0.242	-6.704	16.654	117200000
chr1	117600000	118000000	1.3	-6.853	16.588	117600000
chr1	118000000	118400000	1.73	-6.536	15.413	118000000
chr1	118400000	118800000	0.914	-6.922	15.289	118400000
chr1	118800000	119200000	-0.023	-7.266	14.781	118800000
chr1	119200000	119600000	-0.254	-6.872	14.596	119200000
chr1	119600000	120000000	-0.166	-7.016	13.846	119600000
chr1	120000000	120400000	0.615	-7.326	12.553	120000000
chr1	120400000	120800000	0.703	-7.775	11.41	120400000
chr1	120800000	121200000	0.634	-8.562	10.666	120800000
chr1	121200000	121600000	0.116	-9.225	10.417	121200000
chr1	121600000	122000000	0.357	-9.617	9.915	121600000
chr1	122000000	122400000	1.387	-9.76	9.096	122000000
chr1	122400000	122800000	3.221	-10.856	9.972	122400000
chr1	122800000	123200000	4.064	-11.376	10.665	122800000
chr1	123200000	123600000	3.667	-12.294	10.14	123200000
chr1	123600000	124000000	4.027	-12.372	9.108	123600000
chr1	124000000	124400000	3.31	-11.953	8.357	124000000
chr1	124400000	124800000	3.345	-11.833	7.612	124400000
chr1	124800000	125200000	3.294	-11.395	8.669	124800000
chr1	125200000	125600000	2.944	-10.616	8.701	125200000
chr1	125600000	126000000	2.671	-9.961	8.459	125600000
chr1	126000000	126400000	2.103	-9.158	9.572	126000000
chr1	126400000	126800000	1.864	-9.629	10.108	126400000
chr1	126800000	127200000	1.925	-9.849	10.685	126800000
chr1	127200000	127600000	0.741	-7.512	7.466	127200000
chr1	127600000	128000000	0.269	-6.681	7.326	127600000
chr1	128000000	128400000	0.121	-5.711	7.868	128000000
chr1	128400000	128800000	-1.026	-5.341	8.624	128400000
chr1	128800000	129200000	-1.387	-5.719	8.241	128800000
chr1	129200000	129600000	-3.294	-4.148	8.771	129200000
chr1	129600000	130000000	-3.775	-4.2	7.804	129600000
chr1	130000000	130400000	-4.218	-3.64	7.555	130000000
chr1	130400000	130800000	-3.864	-4.253	6.888	130400000
chr1	130800000	131200000	-3.565	-5.076	6.113	130800000
chr1	131200000	131600000	-3.344	-5.941	6.733	131200000
chr1	131600000	132000000	-3.524	-6.681	7.279	131600000
chr1	132000000	132400000	-3.984	-6.153	7.537	132000000
chr1	132400000	132800000	-4.606	-6.974	7.663	132400000
chr1	132800000	133200000	-5.07	-6.781	8.76	132800000
chr1	133200000	133600000	-3.963	-6.583	9.35	133200000
chr1	133600000	134000000	-3.907	-6.864	10.52	133600000
chr1	134000000	134400000	-4.969	-6.992	10.976	134000000
chr1	134400000	134800000	-4.824	-7.673	11.18	134400000
chr1	134800000	135200000	-5.446	-6.718	11.67	134800000
chr1	135200000	135600000	-5.987	-6.499	12.637	135200000
chr1	135600000	136000000	-5.833	-6.103	12.55	135600000
chr1	136000000	136400000	-5.78	-6.332	13.809	136000000
chr1	136400000	136800000	-6.14	-5.583	14.21	136400000
chr1	136800000	137200000	-6.752	-6.251	14.279	136800000
chr1	137200000	137600000	-6.525	-6.991	14.079	137200000
chr1	137600000	138000000	-6.139	-6.902	15.353	137600000
chr1	138000000	138400000	-5.524	-7.155	15.558	138000000
chr1	138400000	138800000	-4.583	-6.344	16.045	138400000
chr1	138800000	139200000	-3.527	-5.925	15.932	138800000
chr1	139200000	139600000	-3.728	-6.917	15.549	139200000
chr1	139600000	140000000	-4.45	-7.898	15.758	139600000
chr1	140000000	140400000	-4.711	-8.13	16.856	140000000
chr1	140400000	140800000	-4.323	-7.41	17.094	140400000
chr1	140800000	141200000	-3.8	-6.374	17.236	140800000
chr1	141200000	141600000	-4.152	-6.357	17.676	141200000
chr1	141600000	142000000	-3.451	-7.275	18.086	141600000
chr1	142000000	142400000	-3.428	-8.474	18.061	142000000
chr1	142400000	142800000	-3.371	-8.46	16.706	142400000
chr1	142800000	143200000	-2.591	-8.235	16.655	142800000
chr1	143200000	143600000	-2.14	-9.044	16.729	143200000
chr1	143600000	144000000	-1.889	-8.974	15.542	143600000
chr1	144000000	144400000	-2.826	-8.224	15.227	144000000
chr1	144400000	144800000	-2.709	-9.527	14.866	144400000
chr1	144800000	145200000	-2.496	-11.738	14.531	144800000
chr1	145200000	145600000	-2.938	-12.517	15.257	145200000
chr1	145600000	146000000	-4.097	-12.317	14.782	145600000
chr1	146000000	146400000	-4.185	-11.701	13.765	146000000
chr1	146400000	146800000	-3.563	-11.752	12.776	146400000
chr1	146800000	147200000	-3.22	-10.69	13.223	146800000
chr1	147200000	147600000	-2.648	-10.51	12.193	147200000
chr1	147600000	148000000	-1.725	-11.291	12.488	147600000
chr1	148000000	148400000	-1.761	-11.722	12.94	148000000
chr1	148400000	148800000	-2.711	-12.449	13.432	148400000
chr1	148800000	149200000	-2.92	-13.598	13.852	148800000
chr1	149200000	149600000	-2.473	-13.139	13.509	149200000
chr1	149600000	150000000	-1.883	-13.394	14.435	149600000
chr1	150000000	150400000	-1.533	-12.649	14.03	150000000
chr1	150400000	150800000	-0.905	-13.279	13.457	150400000
chr1	150800000	151200000	-1.546	-12.844	12.291	150800000
chr1	151200000	151600000	-2.277	-12.164	11.769	151200000
chr1	151600000	152000000	-2.177	-11.553	10.777	151600000
chr1	152000000	152400000	-2.381	-10.845	10.36	152000000
chr1	152400000	152800000	-2.172	-10.208	10.225	152400000
chr1	152800000	153200000	-1.67	-10.708	9.271	152800000
chr1	153200000	153600000	-1.498	-11.568	9.014	153200000
chr1	153600000	154000000	-0.902	-11.857	9.014	153600000
chr1	154000000	154400000	-0.174	-11.833	9.312	154000000
chr1	154400000	154800000	0.506	-11.461	9.167	154400000
chr1	154800000	155200000	1.399	-11.248	9.67	154800000
chr1	155200000	155600000	1.707	-11.989	9.69	155200000
chr1	155600000	156000000	1.521	-12.743	9.538	155600000
chr1	156000000	156400000	0.849	-13.315	8.663	156000000
chr1	156400000	156800000	0.816	-13.279	8.629	156400000
chr1	156800000	157200000	0.149	-14.121	9.412	156800000
chr1	157200000	157600000	0.04	-13.727	9.874	157200000
chr1	157600000	158000000	0.844	-14.006	10.7	157600000
chr1	158000000	158400000	1.44	-14.405	10.336	158000000
chr1	158400000	158800000	1.897	-14.577	11.143	158400000
chr1	158800000	159200000	1.387	-14.481	12.03	158800000
chr1	159200000	159600000	0.984	-13.984	12.201	159200000
chr1	159600000	160000000	0.086	-14.358	11.747	159600000
chr1	160000000	160400000	-0.7	-14.506	11.451	160000000
chr1	160400000	160800000	-0.101	-13.367	11.074	160400000
chr1	160800000	161200000	1.84	-11.106	11.357	160800000
chr1	161200000	161600000	2.026	-10.895	12.47	161200000
chr1	161600000	162000000	1.873	-11.62	13.068	161600000
chr1	162000000	162400000	1.739	-12.593	13.212	162000000
chr1	162400000	162800000	0.58	-13.008	12.955	162400000
chr1	162800000	163200000	-0.073	-13.142	12.365	162800000
chr1	163200000	163600000	-0.324	-12.6	12.378	163200000
chr1	163600000	164000000	0.135	-11.685	12.923	163600000
chr1	164000000	164400000	0.657	-11.505	13.374	164000000
chr1	164400000	164800000	0.912	-10.724	13.33	164400000
chr1	164800000	165200000	0.75	-9.605	13.201	164800000
chr1	165200000	165600000	0.337	-8.557	12.438	165200000
chr1	165600000	166000000	-0.785	-8.434	11.965	165600000
chr1	166000000	166400000	-0.748	-9.067	11.035	166000000
chr1	166400000	166800000	-0.751	-9.858	11.71	166400000
chr1	166800000	167200000	0.244	-10.092	11.136	166800000
chr1	167200000	167600000	-0.575	-10.959	10.998	167200000
chr1	167600000	168000000	-0.201	-10.777	10.655	167600000
chr1	168000000	168400000	0.401	-11.865	11.026	168000000
chr1	168400000	168800000	1.536	-12.352	11.31	168400000
chr1	168800000	169200000	2.681	-12.817	11.115	168800000
chr1	169200000	169600000	3.267	-12.066	11.725	169200000
chr1	169600000	170000000	2.47	-11.57	11.461	169600000
chr1	170000000	170400000	1.501	-10.611	11.538	170000000
chr1	170400000	170800000	0.477	-10.041	11.995	170400000
chr1	170800000	171200000	0.084	-9.066	12.087	170800000
chr1	171200000	171600000	-0.934	-9.245	13.11	171200000
chr1	171600000	172000000	-0.913	-9.94	13.528	171600000
chr1	172000000	172400000	-1.387	-10.553	14.291	172000000
chr1	172400000	172800000	-0.725	-10.858	14.316	172400000
chr1	172800000	173200000	0.097	-10.252	15.078	172800000
chr1	173200000	173600000	-0.24	-9.459	14.898	173200000
chr1	173600000	174000000	-0.992	-9.663	15.761	173600000
chr1	174000000	174400000	-1.697	-10.689	15.792	174000000
chr1	174400000	174800000	-2.914	-10.565	15.791	174400000
chr1	174800000	175200000	-3.663	-10.366	15.086	174800000
chr1	175200000	175600000	-3.761	-9.326	15.638	175200000
chr1	175600000	176000000	-4.194	-9.818	15.219	175600000
chr1	176000000	176400000	-5.418	-9.831	14.608	176000000
chr1	176400000	176800000	-5.78	-10.812	13.834	176400000
chr1	176800000	177200000	-6.256	-11.005	12.816	176800000
chr1	177200000	177600000	-6.684	-11.427	13.112	177200000
chr1	177600000	178000000	-6.383	-11.983	12.108	177600000
chr1	178000000	178400000	-5.978	-11.189	11.347	178000000
chr1	178400000	178800000	-5.579	-11.028	11.243	178400000
chr1	178800000	179200000	-5.887	-10.645	10.101	178800000
chr1	179200000	179600000	-5.488	-10.101	10.214	179200000
chr1	179600000	180000000	-4.994	-10.276	9.929	179600000
chr1	180000000	180400000	-4.954	-9.791	9.03	180000000
chr1	180400000	180800000	-5.126	-9.316	7.953	180400000
chr1	180800000	181200000	-4.451	-8.839	7.659	180800000
chr1	181200000	181600000	-3.373	-8.618	8.188	181200000
chr1	181600000	182000000	-2.787	-9.187	9.124	181600000
chr1	182000000	182400000	-2.125	-8.926	9.991	182000000
chr1	182400000	182800000	-1.786	-8.778	9.647	182400000
chr1	182800000	183200000	-1.955	-8.2	9.044	182800000
chr1	183200000	183600000	-1.669	-8.818	8.615	183200000
chr1	183600000	184000000	-1.108	-9.234	8.858	183600000
chr1	184000000	184400000	-2.07	-9.856	8.808	184000000
chr1	184400000	184800000	-2.8	-9.584	8.516	184400000
chr1	184800000	185200000	-3.239	-10.073	9.448	184800000
chr1	185200000	185600000	-3.424	-11.035	9.447	185200000
chr1	185600000	186000000	-3.577	-10.673	10.579	185600000
chr1	186000000	186400000	-3.76	-10.465	11.256	186000000
chr1	186400000	186800000	-3.741	-10.78	11.757	186400000
chr1	186800000	187200000	-4.587	-10.244	12.197	186800000
chr1	187200000	187600000	-5.1	-10.126	13.159	187200000
chr1	187600000	188000000	-4.684	-9.56	13.628	187600000
chr1	188000000	188400000	-3.989	-9.46	13.856	188000000
chr1	188400000	188800000	-2.867	-9.367	13.658	188400000
chr1	188800000	189200000	-3.274	-9.327	12.59	188800000
chr1	189200000	189600000	-2.667	-8.829	11.386	189200000
chr1	189600000	190000000	-3.261	-8.643	10.95	189600000
chr1	190000000	190400000	-3.554	-8.766	10.286	190000000
chr1	190400000	190800000	-4.575	-8.863	9.621	190400000
chr1	190800000	191200000	-5.025	-8.36	10.019	190800000
chr1	191200000	191600000	-5.102	-8.49	11.137	191200000
chr1	191600000	192000000	-4.719	-8.396	12.206	191600000
chr1	192000000	192400000	-4.94	-7.922	13.133	192000000
chr1	192400000	192800000	-5.253	-7.744	13.844	192400000
chr1	192800000	193200000	-5.751	-8.055	14.313	192800000
chr1	193200000	193600000	-6.479	-8.888	13.923	193200000
chr1	193600000	194000000	-7.411	-9.682	13.591	193600000
chr1	194000000	194400000	-7.651	-10.078	13.067	194000000
chr1	194400000	194800000	-6.943	-10.517	14.21	194400000
chr1	194800000	195200000	-6.742	-9.598	15.066	194800000
chr1	195200000	195600000	-6.042	-8.669	15.589	195200000
