chr1	2800000	3200000	-9.704	11.191	-5.61	2800000
chr1	3200000	3600000	-9.802	10.254	-5.5	3200000
chr1	3600000	4000000	-9.261	9.218	-5.598	3600000
chr1	4000000	4400000	-9.64	9.15	-4.658	4000000
chr1	4400000	4800000	-9.035	8.279	-4.461	4400000
chr1	4800000	5200000	-7.931	7.57	-4.913	4800000
chr1	5200000	5600000	-8.746	8.136	-5.332	5200000
chr1	5600000	6000000	-9.488	8.384	-5.606	5600000
chr1	6000000	6400000	-8.381	8.598	-5.568	6000000
chr1	6400000	6800000	-7.767	8.023	-5.958	6400000
chr1	6800000	7200000	-8.324	7.174	-5.874	6800000
chr1	7200000	7600000	-8.227	6.789	-4.872	7200000
chr1	7600000	8000000	-7.9	5.071	-3.789	7600000
chr1	8000000	8400000	-7.803	4.713	-2.847	8000000
chr1	8400000	8800000	-7.352	5.382	-2.822	8400000
chr1	8800000	9200000	-7.022	6.396	-3.628	8800000
chr1	9200000	9600000	-7.098	7.313	-4.66	9200000
chr1	9600000	10000000	-7.717	7.58	-4.214	9600000
chr1	10000000	10400000	-8.738	6.876	-3.524	10000000
chr1	10400000	10800000	-9.66	6.189	-3.428	10400000
chr1	10800000	11200000	-10.023	6.526	-3.565	10800000
chr1	11200000	11600000	-9.438	7.576	-3.691	11200000
chr1	11600000	12000000	-9.547	8.091	-3.192	11600000
chr1	12000000	12400000	-8.975	9.015	-3.023	12000000
chr1	12400000	12800000	-8.869	8.339	-2.595	12400000
chr1	12800000	13200000	-8.502	8.178	-2.32	12800000
chr1	13200000	13600000	-8.184	7.177	-2.521	13200000
chr1	13600000	14000000	-8.851	6.269	-3.589	13600000
chr1	14000000	14400000	-9.637	5.451	-4.395	14000000
chr1	14400000	14800000	-10.249	5.46	-5.101	14400000
chr1	14800000	15200000	-10.145	4.632	-5.194	14800000
chr1	15200000	15600000	-9.918	4.521	-6.491	15200000
chr1	15600000	16000000	-10.073	5.233	-6.404	15600000
chr1	16000000	16400000	-9.118	5.414	-6.13	16000000
chr1	16400000	16800000	-9.332	5.798	-5.166	16400000
chr1	16800000	17200000	-8.466	4.918	-5.406	16800000
chr1	17200000	17600000	-8.278	4.312	-4.717	17200000
chr1	17600000	18000000	-8.368	5.538	-4.578	17600000
chr1	18000000	18400000	-8.859	6.619	-5.041	18000000
chr1	18400000	18800000	-9.149	6.945	-5.601	18400000
chr1	18800000	19200000	-10.065	7.248	-4.469	18800000
chr1	19200000	19600000	-10.423	7.149	-4.132	19200000
chr1	19600000	20000000	-10.545	6.622	-4.812	19600000
chr1	20000000	20400000	-9.802	6.565	-5.819	20000000
chr1	20400000	20800000	-10.012	6.195	-6.135	20400000
chr1	20800000	21200000	-9.779	5.773	-6.939	20800000
chr1	21200000	21600000	-8.948	5.802	-7.115	21200000
chr1	21600000	22000000	-8.552	5.166	-7.999	21600000
chr1	22000000	22400000	-8.179	5.648	-7.501	22000000
chr1	22400000	22800000	-7.461	5.314	-6.648	22400000
chr1	22800000	23200000	-7.472	5.457	-5.82	22800000
chr1	23200000	23600000	-7.484	5.958	-5.477	23200000
chr1	23600000	24000000	-7.237	6.216	-5.989	23600000
chr1	24000000	24400000	-6.781	6.775	-6.908	24000000
chr1	24400000	24800000	-6.081	7.487	-7.397	24400000
chr1	24800000	25200000	-6.535	7.826	-7.862	24800000
chr1	25200000	25600000	-7.132	7.085	-8.11	25200000
chr1	25600000	26000000	-6.866	6.915	-8.576	25600000
chr1	26000000	26400000	-6.379	6.116	-7.735	26000000
chr1	26400000	26800000	-5.778	6.152	-7.249	26400000
chr1	26800000	27200000	-6.069	5.695	-7.399	26800000
chr1	27200000	27600000	-5.703	6.329	-6.508	27200000
chr1	27600000	28000000	-6.771	6.763	-6.653	27600000
chr1	28000000	28400000	-7.921	6.99	-7.489	28000000
chr1	28400000	28800000	-8.345	7.813	-7.573	28400000
chr1	28800000	29200000	-7.654	8.346	-8.311	28800000
chr1	29200000	29600000	-7.907	8.302	-8.88	29200000
chr1	29600000	30000000	-8.758	7.338	-8.436	29600000
chr1	30000000	30400000	-9.057	6.808	-8.378	30000000
chr1	30400000	30800000	-8.943	6.059	-8.87	30400000
chr1	30800000	31200000	-9.187	5.637	-8.684	30800000
chr1	31200000	31600000	-8.238	6.056	-8.397	31200000
chr1	31600000	32000000	-8.403	6.148	-9.119	31600000
chr1	32000000	32400000	-7.582	5.997	-9.146	32000000
chr1	32400000	32800000	-6.573	6.177	-9.691	32400000
chr1	32800000	33200000	-6.778	5.31	-10.167	32800000
chr1	33200000	33600000	-7.59	5.054	-9.589	33200000
chr1	33600000	34000000	-7.632	5.091	-8.578	33600000
chr1	34000000	34400000	-6.735	4.276	-7.98	34000000
chr1	34400000	34800000	-7.057	4.338	-7.224	34400000
chr1	34800000	35200000	-6.976	4.955	-6.167	34800000
chr1	35200000	35600000	-6.504	5.158	-5.13	35200000
chr1	35600000	36000000	-5.509	4.9	-4.685	35600000
chr1	36000000	36400000	-4.369	4.914	-4.382	36000000
chr1	36400000	36800000	-3.691	5.759	-4.643	36400000
chr1	36800000	37200000	-2.427	6.429	-4.392	36800000
chr1	37200000	37600000	-2.186	5.926	-4.636	37200000
chr1	37600000	38000000	-2.599	5.228	-5.448	37600000
chr1	38000000	38400000	-3.299	4.086	-5.521	38000000
chr1	38400000	38800000	-3.947	2.922	-6.387	38400000
chr1	38800000	39200000	-4.664	2.823	-7.111	38800000
chr1	39200000	39600000	-4.763	3.776	-7.107	39200000
chr1	39600000	40000000	-5.357	3.772	-6.589	39600000
chr1	40000000	40400000	-5.402	3.891	-5.956	40000000
chr1	40400000	40800000	-5.088	3.784	-5.197	40400000
chr1	40800000	41200000	-5.263	3.236	-4.668	40800000
chr1	41200000	41600000	-5.541	2.701	-3.662	41200000
chr1	41600000	42000000	-6.013	3.312	-2.836	41600000
chr1	42000000	42400000	-5.665	4.411	-2.866	42000000
chr1	42400000	42800000	-4.948	4.808	-3.313	42400000
chr1	42800000	43200000	-5.554	5.431	-3.558	42800000
chr1	43200000	43600000	-5.269	6.493	-4.068	43200000
chr1	43600000	44000000	-5.013	7.071	-4.005	43600000
chr1	44000000	44400000	-4.658	7.12	-5.1	44000000
chr1	44400000	44800000	-5.135	7.458	-6.047	44400000
chr1	44800000	45200000	-4.547	7.867	-6.656	44800000
chr1	45200000	45600000	-4.824	9.221	-6.408	45200000
chr1	45600000	46000000	-4.919	8.923	-5.904	45600000
chr1	46000000	46400000	-5.417	7.946	-5.641	46000000
chr1	46400000	46800000	-5.99	7.928	-5.256	46400000
chr1	46800000	47200000	-6.513	7.621	-5.36	46800000
chr1	47200000	47600000	-7.05	8.658	-6.174	47200000
chr1	47600000	48000000	-7.759	9.073	-7.088	47600000
chr1	48000000	48400000	-8.805	8.438	-6.755	48000000
chr1	48400000	48800000	-9.569	7.944	-6.325	48400000
chr1	48800000	49200000	-9.142	7.169	-7.175	48800000
chr1	49200000	49600000	-7.626	8.479	-6.03	49200000
chr1	49600000	50000000	-7.952	9.568	-5.375	49600000
chr1	50000000	50400000	-8.323	9.461	-4.44	50000000
chr1	50400000	50800000	-7.357	10.084	-5.231	50400000
chr1	50800000	51200000	-6.688	9.671	-5.752	50800000
chr1	51200000	51600000	-6.515	8.65	-6.144	51200000
chr1	51600000	52000000	-6.978	8.481	-5.557	51600000
chr1	52000000	52400000	-6.542	9.18	-5.562	52000000
chr1	52400000	52800000	-5.519	9.842	-5.255	52400000
chr1	52800000	53200000	-5.057	10.594	-4.654	52800000
chr1	53200000	53600000	-6.127	10.14	-4.038	53200000
chr1	53600000	54000000	-5.908	9.939	-3.449	53600000
chr1	54000000	54400000	-6.122	10.541	-3.461	54000000
chr1	54400000	54800000	-6.892	10.206	-3.132	54400000
chr1	54800000	55200000	-6.795	9.597	-3.407	54800000
chr1	55200000	55600000	-7.596	9.033	-3.785	55200000
chr1	55600000	56000000	-8.304	8.228	-3.372	55600000
chr1	56000000	56400000	-7.735	8.775	-3.628	56000000
chr1	56400000	56800000	-6.742	9.213	-4.52	56400000
chr1	56800000	57200000	-7.034	9.169	-4.455	56800000
chr1	57200000	57600000	-5.841	9.367	-5.186	57200000
chr1	57600000	58000000	-4.537	9.102	-5.145	57600000
chr1	58000000	58400000	-4.969	8.708	-4.82	58000000
chr1	58400000	58800000	-4.331	8.149	-5.205	58400000
chr1	58800000	59200000	-3.26	7.871	-4.757	58800000
chr1	59200000	59600000	-3.176	7.592	-4.083	59200000
chr1	59600000	60000000	-3.766	6.584	-4.205	59600000
chr1	60000000	60400000	-4.703	5.107	-5.633	60000000
chr1	60400000	60800000	-7.187	3.762	-6.117	60400000
chr1	60800000	61200000	-9.103	4.05	-6.247	60800000
chr1	61200000	61600000	-9.462	3.872	-7.072	61200000
chr1	61600000	62000000	-9.224	3.64	-8.065	61600000
chr1	62000000	62400000	-8.383	4.032	-8.141	62000000
chr1	62400000	62800000	-8.547	3.492	-8.821	62400000
chr1	62800000	63200000	-8.918	4.097	-7.407	62800000
chr1	63200000	63600000	-8.199	4.019	-6.964	63200000
chr1	63600000	64000000	-7.043	5.833	-7.388	63600000
chr1	64000000	64400000	-5.433	5.437	-7.149	64000000
chr1	64400000	64800000	-5.296	5.274	-7.439	64400000
chr1	64800000	65200000	-5.497	5.656	-8.691	64800000
chr1	65200000	65600000	-5.644	6.168	-9.219	65200000
chr1	65600000	66000000	-5.123	6.421	-8.268	65600000
chr1	66000000	66400000	-5.314	6.819	-7.93	66000000
chr1	66400000	66800000	-5.05	7.455	-7.773	66400000
chr1	66800000	67200000	-5.711	7.739	-7.834	66800000
chr1	67200000	67600000	-5.343	8.411	-6.843	67200000
chr1	67600000	68000000	-5.402	9.703	-7.225	67600000
chr1	68000000	68400000	-5.181	8.875	-9.561	68000000
chr1	68400000	68800000	-6.304	8.576	-9.952	68400000
chr1	68800000	69200000	-6.033	9.091	-9.467	68800000
chr1	69200000	69600000	-4.582	8.805	-10.002	69200000
chr1	69600000	70000000	-5.363	7.397	-9.636	69600000
chr1	70000000	70400000	-5.111	7.381	-9.371	70000000
chr1	70400000	70800000	-4.627	6.56	-10.033	70400000
chr1	70800000	71200000	-4.347	6.25	-10.233	70800000
chr1	71200000	71600000	-3.489	6.175	-9.801	71200000
chr1	71600000	72000000	-2.768	6.067	-10.094	71600000
chr1	72000000	72400000	-2.343	6.214	-9.49	72000000
chr1	72400000	72800000	-2.127	7.203	-9.225	72400000
chr1	72800000	73200000	-1.858	7.911	-8.949	72800000
chr1	73200000	73600000	-1.413	7.76	-8.124	73200000
chr1	73600000	74000000	-1.138	7.083	-7.902	73600000
chr1	74000000	74400000	-1.745	6.599	-8.11	74000000
chr1	74400000	74800000	-2.885	6.991	-7.896	74400000
chr1	74800000	75200000	-3.749	6.73	-7.0	74800000
chr1	75200000	75600000	-3.677	5.867	-8.0	75200000
chr1	75600000	76000000	-4.372	5.14	-8.525	75600000
chr1	76000000	76400000	-5.784	4.828	-8.974	76000000
chr1	76400000	76800000	-6.597	4.583	-9.182	76400000
chr1	76800000	77200000	-6.861	5.204	-8.73	76800000
chr1	77200000	77600000	-7.407	5.477	-8.201	77200000
chr1	77600000	78000000	-6.38	6.295	-8.713	77600000
chr1	78000000	78400000	-6.559	7.527	-8.787	78000000
chr1	78400000	78800000	-6.674	8.773	-8.021	78400000
chr1	78800000	79200000	-6.333	9.213	-7.236	78800000
chr1	79200000	79600000	-4.845	9.371	-7.878	79200000
chr1	79600000	80000000	-4.486	9.171	-8.15	79600000
chr1	80000000	80400000	-4.427	8.291	-8.507	80000000
chr1	80400000	80800000	-3.932	8.192	-9.199	80400000
chr1	80800000	81200000	-4.644	7.781	-8.71	80800000
chr1	81200000	81600000	-5.454	8.432	-8.923	81200000
chr1	81600000	82000000	-5.009	8.884	-8.216	81600000
chr1	82000000	82400000	-3.777	9.283	-7.908	82000000
chr1	82400000	82800000	-2.575	8.838	-8.096	82400000
chr1	82800000	83200000	-2.844	8.019	-7.995	82800000
chr1	83200000	83600000	-2.313	7.441	-7.184	83200000
chr1	83600000	84000000	-1.402	8.021	-7.567	83600000
chr1	84000000	84400000	-0.244	8.515	-8.209	84000000
chr1	84400000	84800000	-1.088	8.506	-7.373	84400000
chr1	84800000	85200000	-1.755	8.411	-6.341	84800000
chr1	85200000	85600000	-3.126	9.416	-5.52	85200000
chr1	85600000	86000000	-5.575	8.404	-3.699	85600000
chr1	86000000	86400000	-6.076	8.451	-3.816	86000000
chr1	86400000	86800000	-7.013	8.124	-3.469	86400000
chr1	86800000	87200000	-6.872	7.116	-3.488	86800000
chr1	87200000	87600000	-6.47	6.261	-4.1	87200000
chr1	87600000	88000000	-5.903	5.868	-5.147	87600000
chr1	88000000	88400000	-4.771	6.316	-5.601	88000000
chr1	88400000	88800000	-3.426	7.46	-6.153	88400000
chr1	88800000	89200000	-4.227	8.014	-7.263	88800000
chr1	89200000	89600000	-3.203	8.805	-7.121	89200000
chr1	89600000	90000000	-3.768	9.052	-7.309	89600000
chr1	90000000	90400000	-3.522	8.598	-7.97	90000000
chr1	90400000	90800000	-3.677	8.084	-6.749	90400000
chr1	90800000	91200000	-3.335	7.924	-5.883	90800000
chr1	91200000	91600000	-3.223	6.978	-5.74	91200000
chr1	91600000	92000000	-3.416	5.863	-5.824	91600000
chr1	92000000	92400000	-3.489	4.564	-6.311	92000000
chr1	92400000	92800000	-4.083	4.354	-6.391	92400000
chr1	92800000	93200000	-4.068	5.116	-7.321	92800000
chr1	93200000	93600000	-3.957	5.97	-7.155	93200000
chr1	93600000	94000000	-2.895	6.654	-7.051	93600000
chr1	94000000	94400000	-1.691	7.337	-6.982	94000000
chr1	94400000	94800000	-1.022	10.598	-5.877	94400000
chr1	94800000	95200000	-1.077	11.402	-5.584	94800000
chr1	95200000	95600000	-1.859	11.298	-5.672	95200000
chr1	95600000	96000000	-2.494	11.895	-6.836	95600000
chr1	96000000	96400000	-2.915	11.838	-6.984	96000000
chr1	96400000	96800000	-2.884	12.134	-5.841	96400000
chr1	96800000	97200000	-3.443	12.215	-5.151	96800000
chr1	97200000	97600000	-4.16	11.88	-5.641	97200000
chr1	97600000	98000000	-3.77	11.033	-5.67	97600000
chr1	98000000	98400000	-4.035	11.418	-4.804	98000000
chr1	98400000	98800000	-4.772	11.074	-5.069	98400000
chr1	98800000	99200000	-4.77	10.866	-6.346	98800000
chr1	99200000	99600000	-4.603	10.872	-7.372	99200000
chr1	99600000	100000000	-3.884	10.583	-7.397	99600000
chr1	100000000	100400000	-2.646	10.982	-8.085	100000000
chr1	100400000	100800000	-3.379	10.108	-8.709	100400000
chr1	100800000	101200000	-3.291	9.174	-9.733	100800000
chr1	101200000	101600000	-3.292	7.91	-10.008	101200000
chr1	101600000	102000000	-3.51	7.559	-10.335	101600000
chr1	102000000	102400000	-4.093	7.202	-9.342	102000000
chr1	102400000	102800000	-5.052	7.077	-10.302	102400000
chr1	102800000	103200000	-4.12	7.815	-10.297	102800000
chr1	103200000	103600000	-3.231	8.886	-9.636	103200000
chr1	103600000	104000000	-3.132	8.875	-10.558	103600000
chr1	104000000	104400000	-2.085	9.081	-10.824	104000000
chr1	104400000	104800000	-0.519	9.952	-10.928	104400000
chr1	104800000	105200000	-0.043	9.665	-10.369	104800000
chr1	105200000	105600000	0.183	8.516	-10.296	105200000
chr1	105600000	106000000	0.082	8.354	-11.229	105600000
chr1	106000000	106400000	-0.167	7.734	-9.919	106000000
chr1	106400000	106800000	-1.226	8.631	-9.345	106400000
chr1	106800000	107200000	-0.378	9.362	-10.193	106800000
chr1	107200000	107600000	-1.494	9.659	-10.23	107200000
chr1	107600000	108000000	-2.068	9.437	-10.135	107600000
chr1	108000000	108400000	-0.871	9.355	-10.985	108000000
chr1	108400000	108800000	-0.47	8.819	-11.048	108400000
chr1	108800000	109200000	-1.275	8.37	-11.658	108800000
chr1	109200000	109600000	-1.033	7.914	-10.716	109200000
chr1	109600000	110000000	-1.382	7.286	-10.671	109600000
chr1	110000000	110400000	-1.416	7.897	-9.877	110000000
chr1	110400000	110800000	-0.91	9.009	-9.702	110400000
chr1	110800000	111200000	-0.713	9.715	-9.134	110800000
chr1	111200000	111600000	-1.886	8.728	-8.292	111200000
chr1	111600000	112000000	-1.411	9.491	-8.862	111600000
chr1	112000000	112400000	-0.756	10.556	-8.945	112000000
chr1	112400000	112800000	-0.694	10.821	-8.878	112400000
chr1	112800000	113200000	-0.722	11.302	-8.56	112800000
chr1	113200000	113600000	-0.589	11.307	-7.406	113200000
chr1	113600000	114000000	-0.58	11.323	-7.025	113600000
chr1	114000000	114400000	-0.924	12.152	-7.437	114000000
chr1	114400000	114800000	-1.629	11.204	-7.141	114400000
chr1	114800000	115200000	-1.135	10.61	-7.987	114800000
chr1	115200000	115600000	-0.418	9.556	-8.298	115200000
chr1	115600000	116000000	-0.071	8.62	-8.861	115600000
chr1	116000000	116400000	0.356	9.234	-8.523	116000000
chr1	116400000	116800000	0.301	10.309	-7.839	116400000
chr1	116800000	117200000	0.059	11.461	-7.049	116800000
chr1	117200000	117600000	-0.213	11.729	-6.029	117200000
chr1	117600000	118000000	-1.698	10.965	-8.39	117600000
chr1	118000000	118400000	-2.201	10.602	-9.457	118000000
chr1	118400000	118800000	-1.883	9.617	-8.34	118400000
chr1	118800000	119200000	-1.521	9.66	-7.531	118800000
chr1	119200000	119600000	-1.319	10.115	-7.415	119200000
chr1	119600000	120000000	-1.961	10.169	-7.091	119600000
chr1	120000000	120400000	-2.571	10.089	-6.166	120000000
chr1	120400000	120800000	-2.918	10.567	-6.125	120400000
chr1	120800000	121200000	-3.679	10.59	-6.573	120800000
chr1	121200000	121600000	-4.179	11.136	-7.337	121200000
chr1	121600000	122000000	-3.171	11.141	-8.043	121600000
chr1	122000000	122400000	-2.508	10.283	-8.942	122000000
chr1	122400000	122800000	0.459	10.021	-9.216	122400000
chr1	122800000	123200000	1.154	9.524	-10.232	122800000
chr1	123200000	123600000	1.304	8.47	-9.412	123200000
chr1	123600000	124000000	1.093	8.94	-9.485	123600000
chr1	124000000	124400000	1.896	8.947	-9.628	124000000
chr1	124400000	124800000	2.56	10.0	-9.225	124400000
chr1	124800000	125200000	2.668	10.994	-8.332	124800000
chr1	125200000	125600000	3.012	11.012	-7.836	125200000
chr1	125600000	126000000	4.253	10.944	-7.031	125600000
chr1	126000000	126400000	4.096	11.181	-7.424	126000000
chr1	126400000	126800000	3.57	10.59	-7.654	126400000
chr1	126800000	127200000	4.011	9.446	-6.953	126800000
chr1	127200000	127600000	3.931	8.934	-6.875	127200000
chr1	127600000	128000000	3.412	7.889	-6.546	127600000
chr1	128000000	128400000	2.921	8.329	-6.926	128000000
chr1	128400000	128800000	1.976	7.666	-6.432	128400000
chr1	128800000	129200000	2.672	8.313	-5.653	128800000
chr1	129200000	129600000	3.552	8.484	-5.967	129200000
chr1	129600000	130000000	3.984	9.753	-6.488	129600000
chr1	130000000	130400000	3.79	8.681	-5.857	130000000
chr1	130400000	130800000	4.087	8.662	-4.6	130400000
chr1	130800000	131200000	5.215	8.369	-4.256	130800000
chr1	131200000	131600000	5.406	7.293	-4.016	131200000
chr1	131600000	132000000	5.446	7.672	-3.722	131600000
chr1	132000000	132400000	4.481	7.531	-3.27	132000000
chr1	132400000	132800000	3.647	7.963	-3.525	132400000
chr1	132800000	133200000	2.809	8.536	-3.539	132800000
chr1	133200000	133600000	2.1	8.454	-3.362	133200000
chr1	133600000	134000000	1.883	7.977	-3.796	133600000
chr1	134000000	134400000	2.048	7.607	-4.801	134000000
chr1	134400000	134800000	2.433	7.235	-5.764	134400000
chr1	134800000	135200000	1.208	7.53	-5.871	134800000
chr1	135200000	135600000	0.198	7.831	-5.31	135200000
chr1	135600000	136000000	-0.138	8.866	-5.363	135600000
chr1	136000000	136400000	-0.072	9.814	-5.547	136000000
chr1	136400000	136800000	-0.851	9.673	-6.327	136400000
chr1	136800000	137200000	-0.902	10.011	-6.305	136800000
chr1	137200000	137600000	0.39	10.224	-6.846	137200000
chr1	137600000	138000000	1.329	10.035	-6.845	137600000
chr1	138000000	138400000	1.713	9.91	-7.482	138000000
chr1	138400000	138800000	1.666	8.525	-8.233	138400000
chr1	138800000	139200000	2.508	8.577	-8.89	138800000
chr1	139200000	139600000	2.845	8.814	-8.914	139200000
chr1	139600000	140000000	2.721	9.453	-9.015	139600000
chr1	140000000	140400000	2.236	9.796	-8.096	140000000
chr1	140400000	140800000	1.92	9.573	-6.902	140400000
chr1	140800000	141200000	1.294	10.26	-7.878	140800000
chr1	141200000	141600000	0.922	11.303	-8.048	141200000
chr1	141600000	142000000	0.705	11.023	-8.186	141600000
chr1	142000000	142400000	0.431	10.264	-9.258	142000000
chr1	142400000	142800000	2.204	11.095	-6.85	142400000
chr1	142800000	143200000	1.0	11.187	-6.324	142800000
chr1	143200000	143600000	0.662	10.537	-5.883	143200000
chr1	143600000	144000000	0.387	10.031	-6.539	143600000
chr1	144000000	144400000	1.333	9.421	-6.383	144000000
chr1	144400000	144800000	3.092	10.129	-6.9	144400000
chr1	144800000	145200000	3.9	8.962	-8.191	144800000
chr1	145200000	145600000	3.7	9.646	-8.871	145200000
chr1	145600000	146000000	3.859	9.476	-8.423	145600000
chr1	146000000	146400000	3.558	10.602	-8.164	146000000
chr1	146400000	146800000	4.01	10.658	-8.678	146400000
chr1	146800000	147200000	4.581	11.029	-8.757	146800000
chr1	147200000	147600000	2.116	10.555	-9.277	147200000
chr1	147600000	148000000	1.23	11.227	-8.625	147600000
chr1	148000000	148400000	0.392	10.798	-7.631	148000000
chr1	148400000	148800000	0.208	8.821	-7.352	148400000
chr1	148800000	149200000	0.686	8.86	-7.425	148800000
chr1	149200000	149600000	1.109	8.405	-6.941	149200000
chr1	149600000	150000000	0.902	8.022	-7.678	149600000
chr1	150000000	150400000	1.432	7.697	-7.608	150000000
chr1	150400000	150800000	1.373	7.186	-8.378	150400000
chr1	150800000	151200000	0.3	7.169	-9.009	150800000
chr1	151200000	151600000	0.699	7.182	-8.514	151200000
chr1	151600000	152000000	1.043	6.75	-8.652	151600000
chr1	152000000	152400000	1.881	6.445	-9.517	152000000
chr1	152400000	152800000	2.352	6.827	-9.274	152400000
chr1	152800000	153200000	2.408	7.016	-8.293	152800000
chr1	153200000	153600000	3.571	7.157	-7.498	153200000
chr1	153600000	154000000	4.702	7.847	-6.898	153600000
chr1	154000000	154400000	5.037	8.15	-7.556	154000000
chr1	154400000	154800000	5.277	8.385	-7.752	154400000
chr1	154800000	155200000	5.594	8.423	-7.921	154800000
chr1	155200000	155600000	6.371	8.102	-7.868	155200000
chr1	155600000	156000000	6.235	7.687	-7.007	155600000
chr1	156000000	156400000	6.965	7.207	-6.063	156000000
chr1	156400000	156800000	7.622	6.825	-5.554	156400000
chr1	156800000	157200000	7.547	6.909	-4.592	156800000
chr1	157200000	157600000	6.964	8.145	-4.523	157200000
chr1	157600000	158000000	7.958	7.931	-4.424	157600000
chr1	158000000	158400000	9.07	7.492	-4.597	158000000
chr1	158400000	158800000	8.809	8.327	-4.652	158400000
chr1	158800000	159200000	8.459	7.7	-5.382	158800000
chr1	159200000	159600000	7.791	7.574	-5.324	159200000
chr1	159600000	160000000	6.416	7.388	-5.658	159600000
chr1	160000000	160400000	5.244	7.544	-5.63	160000000
chr1	160400000	160800000	4.178	7.555	-5.373	160400000
chr1	160800000	161200000	3.191	7.293	-6.219	160800000
chr1	161200000	161600000	3.893	7.393	-7.25	161200000
chr1	161600000	162000000	4.491	9.535	-6.815	161600000
chr1	162000000	162400000	4.894	9.132	-5.994	162000000
chr1	162400000	162800000	4.643	8.366	-5.431	162400000
chr1	162800000	163200000	4.726	8.14	-5.83	162800000
chr1	163200000	163600000	3.749	9.476	-5.837	163200000
chr1	163600000	164000000	2.551	9.315	-5.62	163600000
chr1	164000000	164400000	2.438	10.023	-6.06	164000000
chr1	164400000	164800000	3.329	9.777	-6.565	164400000
chr1	164800000	165200000	3.048	9.616	-7.448	164800000
chr1	165200000	165600000	2.59	8.796	-7.979	165200000
chr1	165600000	166000000	3.1	7.968	-8.165	165600000
chr1	166000000	166400000	2.703	9.137	-7.913	166000000
chr1	166400000	166800000	1.633	9.491	-7.836	166400000
chr1	166800000	167200000	2.716	9.208	-7.567	166800000
chr1	167200000	167600000	3.176	8.363	-7.628	167200000
chr1	167600000	168000000	2.854	7.932	-8.893	167600000
chr1	168000000	168400000	2.274	8.644	-7.901	168000000
chr1	168400000	168800000	2.091	9.587	-6.466	168400000
chr1	168800000	169200000	2.248	10.657	-5.468	168800000
chr1	169200000	169600000	3.304	11.208	-5.48	169200000
chr1	169600000	170000000	2.989	10.983	-6.086	169600000
chr1	170000000	170400000	4.538	10.857	-5.718	170000000
chr1	170400000	170800000	3.626	10.995	-5.698	170400000
chr1	170800000	171200000	4.002	11.165	-4.396	170800000
chr1	171200000	171600000	3.929	10.405	-3.929	171200000
chr1	171600000	172000000	3.095	9.862	-4.786	171600000
chr1	172000000	172400000	4.04	8.525	-4.988	172000000
chr1	172400000	172800000	5.315	8.888	-5.201	172400000
chr1	172800000	173200000	6.738	8.597	-5.346	172800000
chr1	173200000	173600000	6.702	8.14	-4.989	173200000
chr1	173600000	174000000	7.343	8.792	-5.54	173600000
chr1	174000000	174400000	7.853	9.695	-5.145	174000000
chr1	174400000	174800000	7.164	10.105	-5.81	174400000
chr1	174800000	175200000	6.459	9.962	-7.227	174800000
chr1	175200000	175600000	6.146	9.457	-8.51	175200000
chr1	175600000	176000000	6.696	9.5	-8.742	175600000
chr1	176000000	176400000	6.576	9.245	-8.469	176000000
chr1	176400000	176800000	5.846	10.222	-7.752	176400000
chr1	176800000	177200000	5.383	9.961	-8.862	176800000
chr1	177200000	177600000	5.142	9.549	-8.634	177200000
chr1	177600000	178000000	5.151	10.311	-7.634	177600000
chr1	178000000	178400000	4.695	9.335	-7.371	178000000
chr1	178400000	178800000	2.24	9.073	-5.08	178400000
chr1	178800000	179200000	1.14	8.881	-5.084	178800000
chr1	179200000	179600000	1.454	8.889	-5.088	179200000
chr1	179600000	180000000	1.502	8.048	-4.346	179600000
chr1	180000000	180400000	2.733	7.332	-4.513	180000000
chr1	180400000	180800000	2.776	6.826	-4.306	180400000
chr1	180800000	181200000	3.705	6.74	-4.826	180800000
chr1	181200000	181600000	3.711	7.128	-4.427	181200000
chr1	181600000	182000000	4.441	8.097	-3.508	181600000
chr1	182000000	182400000	5.358	9.141	-3.514	182000000
chr1	182400000	182800000	4.798	9.549	-3.311	182400000
chr1	182800000	183200000	5.152	10.167	-4.177	182800000
chr1	183200000	183600000	6.096	9.826	-4.447	183200000
chr1	183600000	184000000	6.118	10.26	-5.368	183600000
chr1	184000000	184400000	5.86	10.969	-6.261	184000000
chr1	184400000	184800000	6.284	10.385	-6.053	184400000
chr1	184800000	185200000	6.101	10.466	-6.468	184800000
chr1	185200000	185600000	5.581	10.405	-6.107	185200000
chr1	185600000	186000000	4.319	10.078	-5.968	185600000
chr1	186000000	186400000	3.338	9.594	-4.681	186000000
chr1	186400000	186800000	3.655	9.814	-4.117	186400000
chr1	186800000	187200000	3.828	9.303	-4.832	186800000
chr1	187200000	187600000	5.001	10.048	-5.43	187200000
chr1	187600000	188000000	4.92	9.844	-5.276	187600000
chr1	188000000	188400000	5.008	10.716	-4.642	188000000
chr1	188400000	188800000	5.515	10.958	-4.274	188400000
chr1	188800000	189200000	6.478	10.215	-4.637	188800000
chr1	189200000	189600000	7.688	9.134	-5.888	189200000
chr1	189600000	190000000	8.497	8.171	-6.771	189600000
chr1	190000000	190400000	8.308	8.394	-6.507	190000000
chr1	190400000	190800000	7.727	8.751	-6.255	190400000
chr1	190800000	191200000	6.835	8.086	-6.011	190800000
chr1	191200000	191600000	5.63	7.521	-6.563	191200000
chr1	191600000	192000000	6.219	6.843	-7.588	191600000
chr1	192000000	192400000	7.001	6.573	-7.482	192000000
chr1	192400000	192800000	7.935	7.226	-7.33	192400000
chr1	192800000	193200000	7.692	7.96	-6.975	192800000
chr1	193200000	193600000	6.66	8.08	-6.883	193200000
chr1	193600000	194000000	5.758	8.211	-6.523	193600000
chr1	194000000	194400000	6.247	8.744	-6.798	194000000
chr1	194400000	194800000	6.731	8.946	-7.342	194400000
chr1	194800000	195200000	6.411	9.213	-6.564	194800000
chr1	195200000	195600000	6.076	8.447	-5.164	195200000
