chrX	2800000	3200000	18.347	11.076	-8.85	2800000
chrX	3200000	3600000	17.516	10.628	-8.632	3200000
chrX	3600000	4000000	17.013	9.796	-8.034	3600000
chrX	4000000	4400000	15.88	9.865	-7.873	4000000
chrX	4400000	4800000	15.524	9.187	-6.989	4400000
chrX	4800000	5200000	15.461	8.525	-6.077	4800000
chrX	5200000	5600000	15.319	7.719	-5.284	5200000
chrX	5600000	6000000	14.761	6.745	-5.507	5600000
chrX	6000000	6400000	14.286	6.684	-6.595	6000000
chrX	6400000	6800000	14.242	7.671	-7.433	6400000
chrX	6800000	7200000	14.273	7.228	-7.24	6800000
chrX	7200000	7600000	13.228	6.508	-7.562	7200000
chrX	7600000	8000000	13.122	6.145	-8.132	7600000
chrX	8000000	8400000	12.1	6.34	-8.567	8000000
chrX	8400000	8800000	11.461	6.463	-8.121	8400000
chrX	8800000	9200000	10.834	6.515	-9.12	8800000
chrX	9200000	9600000	10.551	6.807	-10.421	9200000
chrX	9600000	10000000	9.781	6.667	-11.378	9600000
chrX	10000000	10400000	8.784	6.795	-11.129	10000000
chrX	10400000	10800000	7.943	7.255	-11.191	10400000
chrX	10800000	11200000	7.055	7.62	-11.905	10800000
chrX	11200000	11600000	5.732	8.033	-11.767	11200000
chrX	11600000	12000000	6.061	7.595	-10.75	11600000
chrX	12000000	12400000	5.405	8.578	-10.848	12000000
chrX	12400000	12800000	4.964	7.902	-10.514	12400000
chrX	12800000	13200000	4.254	8.543	-10.434	12800000
chrX	13200000	13600000	4.333	8.972	-9.967	13200000
chrX	13600000	14000000	3.846	9.512	-9.308	13600000
chrX	14000000	14400000	3.848	10.0	-9.643	14000000
chrX	14400000	14800000	3.474	11.064	-9.551	14400000
chrX	14800000	15200000	4.365	11.313	-9.969	14800000
chrX	15200000	15600000	3.819	10.691	-10.407	15200000
chrX	15600000	16000000	4.645	11.104	-11.121	15600000
chrX	16000000	16400000	4.413	10.635	-11.786	16000000
chrX	16400000	16800000	3.874	9.97	-12.241	16400000
chrX	16800000	17200000	4.52	9.258	-11.539	16800000
chrX	17200000	17600000	3.927	8.929	-11.763	17200000
chrX	17600000	18000000	4.089	8.402	-12.303	17600000
chrX	18000000	18400000	4.373	7.389	-12.804	18000000
chrX	18400000	18800000	4.612	7.116	-12.168	18400000
chrX	18800000	19200000	3.829	7.627	-11.569	18800000
chrX	19200000	19600000	2.051	7.493	-11.113	19200000
chrX	19600000	20000000	2.216	7.903	-11.301	19600000
chrX	20000000	20400000	2.67	7.869	-11.191	20000000
chrX	20400000	20800000	3.009	7.438	-10.263	20400000
chrX	20800000	21200000	4.871	7.946	-8.898	20800000
chrX	21200000	21600000	6.879	8.175	-9.328	21200000
chrX	21600000	22000000	8.217	8.869	-9.079	21600000
chrX	22000000	22400000	9.12	9.307	-8.721	22000000
chrX	22400000	22800000	9.733	9.287	-8.66	22400000
chrX	22800000	23200000	10.47	9.641	-8.292	22800000
chrX	23200000	23600000	10.271	10.112	-8.677	23200000
chrX	23600000	24000000	10.671	9.629	-7.643	23600000
chrX	24000000	24400000	10.925	10.37	-6.84	24000000
chrX	24400000	24800000	11.501	11.203	-6.903	24400000
chrX	24800000	25200000	11.36	12.163	-6.323	24800000
chrX	25200000	25600000	11.873	13.052	-6.075	25200000
chrX	25600000	26000000	12.535	13.95	-5.849	25600000
chrX	26000000	26400000	13.373	14.163	-6.634	26000000
chrX	26400000	26800000	12.948	15.215	-7.018	26400000
chrX	26800000	27200000	12.04	15.244	-6.304	26800000
chrX	27200000	27600000	11.787	15.749	-5.349	27200000
chrX	27600000	28000000	11.881	16.802	-4.973	27600000
chrX	28000000	28400000	12.506	17.607	-5.403	28000000
chrX	28400000	28800000	13.227	18.278	-5.173	28400000
chrX	28800000	29200000	14.37	18.458	-5.18	28800000
chrX	29200000	29600000	15.222	18.11	-5.066	29200000
chrX	29600000	30000000	16.059	17.43	-5.295	29600000
chrX	30000000	30400000	16.431	16.804	-6.051	30000000
chrX	30400000	30800000	17.021	16.296	-6.774	30400000
chrX	30800000	31200000	17.227	15.579	-7.501	30800000
chrX	31200000	31600000	16.772	15.141	-8.375	31200000
chrX	31600000	32000000	16.618	14.246	-8.957	31600000
chrX	32000000	32400000	16.486	13.358	-9.312	32000000
chrX	32400000	32800000	16.584	12.295	-9.297	32400000
chrX	32800000	33200000	16.389	11.304	-9.118	32800000
chrX	33200000	33600000	15.507	10.59	-9.026	33200000
chrX	33600000	34000000	14.817	10.523	-9.93	33600000
chrX	34000000	34400000	14.033	10.511	-10.57	34000000
chrX	34400000	34800000	13.034	10.655	-11.009	34400000
chrX	34800000	35200000	12.302	10.942	-11.808	34800000
chrX	35200000	35600000	11.265	11.114	-12.166	35200000
chrX	35600000	36000000	10.326	10.648	-11.574	35600000
chrX	36000000	36400000	9.973	9.464	-11.241	36000000
chrX	36400000	36800000	9.523	8.264	-12.525	36400000
chrX	36800000	37200000	8.798	7.643	-12.675	36800000
chrX	37200000	37600000	7.93	7.602	-12.692	37200000
chrX	37600000	38000000	8.07	7.324	-14.23	37600000
chrX	38000000	38400000	7.128	6.877	-14.913	38000000
chrX	38400000	38800000	6.485	7.741	-15.254	38400000
chrX	38800000	39200000	5.371	7.743	-15.226	38800000
chrX	39200000	39600000	5.536	7.486	-14.162	39200000
chrX	39600000	40000000	6.468	8.156	-13.633	39600000
chrX	40000000	40400000	6.116	8.129	-13.463	40000000
chrX	40400000	40800000	7.125	8.546	-14.143	40400000
chrX	40800000	41200000	7.837	7.978	-13.158	40800000
chrX	41200000	41600000	7.2	6.754	-12.956	41200000
chrX	41600000	42000000	6.481	7.586	-12.454	41600000
chrX	42000000	42400000	6.79	8.507	-11.593	42000000
chrX	42400000	42800000	6.881	9.365	-10.677	42400000
chrX	42800000	43200000	6.876	10.492	-10.594	42800000
chrX	43200000	43600000	6.314	11.52	-10.325	43200000
chrX	43600000	44000000	6.962	11.717	-9.59	43600000
chrX	44000000	44400000	6.701	12.882	-9.473	44000000
chrX	44400000	44800000	7.611	12.629	-9.934	44400000
chrX	44800000	45200000	7.898	12.62	-11.03	44800000
chrX	45200000	45600000	7.996	11.66	-10.962	45200000
chrX	45600000	46000000	8.699	11.965	-10.15	45600000
chrX	46000000	46400000	8.005	11.199	-10.589	46000000
chrX	46400000	46800000	9.016	11.23	-11.004	46400000
chrX	46800000	47200000	9.242	10.251	-10.263	46800000
chrX	47200000	47600000	8.845	9.638	-9.874	47200000
chrX	47600000	48000000	8.571	10.652	-9.474	47600000
chrX	48000000	48400000	8.42	10.79	-8.682	48000000
chrX	48400000	48800000	7.822	11.133	-8.716	48400000
chrX	48800000	49200000	7.81	10.116	-8.042	48800000
chrX	49200000	49600000	7.724	10.297	-7.764	49200000
chrX	49600000	50000000	7.112	10.48	-8.803	49600000
chrX	50000000	50400000	6.387	9.263	-8.069	50000000
chrX	50400000	50800000	6.025	9.756	-7.715	50400000
chrX	50800000	51200000	6.762	9.892	-8.811	50800000
chrX	51200000	51600000	5.866	9.566	-9.171	51200000
chrX	51600000	52000000	5.057	10.301	-8.598	51600000
chrX	52000000	52400000	5.169	10.919	-9.52	52000000
chrX	52400000	52800000	5.587	10.785	-9.621	52400000
chrX	52800000	53200000	5.65	9.841	-10.015	52800000
chrX	53200000	53600000	7.227	10.122	-9.735	53200000
chrX	53600000	54000000	8.457	10.045	-10.219	53600000
chrX	54000000	54400000	9.717	10.512	-9.696	54000000
chrX	54400000	54800000	9.893	11.17	-10.834	54400000
chrX	54800000	55200000	10.119	12.404	-11.328	54800000
chrX	55200000	55600000	9.772	12.394	-12.439	55200000
chrX	55600000	56000000	9.133	11.501	-12.922	55600000
chrX	56000000	56400000	9.192	10.707	-12.15	56000000
chrX	56400000	56800000	9.197	9.621	-11.751	56400000
chrX	56800000	57200000	8.108	9.609	-11.125	56800000
chrX	57200000	57600000	8.282	9.551	-12.065	57200000
chrX	57600000	58000000	8.492	8.661	-11.019	57600000
chrX	58000000	58400000	8.115	8.617	-12.134	58000000
chrX	58400000	58800000	7.448	8.759	-12.315	58400000
chrX	58800000	59200000	7.095	9.422	-12.388	58800000
chrX	59200000	59600000	6.262	9.951	-13.273	59200000
chrX	59600000	60000000	5.84	9.332	-12.219	59600000
chrX	60000000	60400000	6.001	10.062	-12.326	60000000
chrX	60400000	60800000	6.155	10.047	-11.322	60400000
chrX	60800000	61200000	6.639	10.682	-11.86	60800000
chrX	61200000	61600000	6.716	11.448	-11.505	61200000
chrX	61600000	62000000	7.36	11.249	-11.945	61600000
chrX	62000000	62400000	7.406	10.585	-12.935	62000000
chrX	62400000	62800000	8.341	10.267	-13.288	62400000
chrX	62800000	63200000	8.894	9.588	-13.206	62800000
chrX	63200000	63600000	10.081	9.647	-12.737	63200000
chrX	63600000	64000000	10.757	9.053	-12.675	63600000
chrX	64000000	64400000	11.048	9.233	-11.939	64000000
chrX	64400000	64800000	10.729	9.494	-11.275	64400000
chrX	64800000	65200000	10.926	9.787	-10.068	64800000
chrX	65200000	65600000	11.153	10.342	-9.966	65200000
chrX	65600000	66000000	11.455	10.963	-9.104	65600000
chrX	66000000	66400000	12.175	10.405	-8.9	66000000
chrX	66400000	66800000	13.269	10.001	-8.805	66400000
chrX	66800000	67200000	13.312	9.024	-8.52	66800000
chrX	67200000	67600000	13.056	7.889	-8.276	67200000
chrX	67600000	68000000	12.139	8.157	-7.403	67600000
chrX	68000000	68400000	11.619	9.114	-8.331	68000000
chrX	68400000	68800000	12.122	8.59	-8.192	68400000
chrX	68800000	69200000	12.64	7.551	-7.737	68800000
chrX	69200000	69600000	14.39	6.804	-9.125	69200000
chrX	69600000	70000000	15.454	7.252	-8.758	69600000
chrX	70000000	70400000	14.793	8.031	-8.945	70000000
chrX	70400000	70800000	14.774	8.555	-9.666	70400000
chrX	70800000	71200000	14.259	7.784	-10.208	70800000
chrX	71200000	71600000	13.772	7.819	-10.061	71200000
chrX	71600000	72000000	13.255	7.863	-10.232	71600000
chrX	72000000	72400000	12.497	6.786	-10.277	72000000
chrX	72400000	72800000	12.363	7.069	-9.642	72400000
chrX	72800000	73200000	11.648	7.58	-9.453	72800000
chrX	73200000	73600000	10.717	8.241	-9.656	73200000
chrX	73600000	74000000	9.672	7.941	-9.91	73600000
chrX	74000000	74400000	8.736	8.234	-9.791	74000000
chrX	74400000	74800000	8.034	9.055	-7.938	74400000
chrX	74800000	75200000	8.138	10.263	-7.016	74800000
chrX	75200000	75600000	7.943	10.99	-5.923	75200000
chrX	75600000	76000000	7.147	11.023	-6.091	75600000
chrX	76000000	76400000	6.689	11.0	-5.312	76000000
chrX	76400000	76800000	6.708	10.714	-4.388	76400000
chrX	76800000	77200000	7.716	11.335	-4.276	76800000
chrX	77200000	77600000	8.285	12.026	-4.699	77200000
chrX	77600000	78000000	8.07	12.5	-5.089	77600000
chrX	78000000	78400000	7.626	13.406	-5.633	78000000
chrX	78400000	78800000	8.588	13.092	-5.934	78400000
chrX	78800000	79200000	8.123	13.329	-7.161	78800000
chrX	79200000	79600000	7.542	13.084	-7.895	79200000
chrX	79600000	80000000	6.691	12.647	-7.541	79600000
chrX	80000000	80400000	6.929	12.342	-6.51	80000000
chrX	80400000	80800000	7.323	12.305	-6.874	80400000
chrX	80800000	81200000	8.294	12.418	-7.792	80800000
chrX	81200000	81600000	8.789	12.276	-7.533	81200000
chrX	81600000	82000000	8.952	11.653	-7.004	81600000
chrX	82000000	82400000	9.781	11.505	-7.47	82000000
chrX	82400000	82800000	9.465	10.788	-7.057	82400000
chrX	82800000	83200000	9.424	9.795	-6.939	82800000
chrX	83200000	83600000	9.655	8.862	-6.773	83200000
chrX	83600000	84000000	9.932	8.689	-5.912	83600000
chrX	84000000	84400000	9.733	9.085	-5.242	84000000
chrX	84400000	84800000	9.455	9.998	-5.856	84400000
chrX	84800000	85200000	9.752	11.128	-5.528	84800000
chrX	85200000	85600000	10.858	11.341	-5.996	85200000
chrX	85600000	86000000	11.317	10.561	-5.163	85600000
chrX	86000000	86400000	12.598	10.382	-4.63	86000000
chrX	86400000	86800000	13.093	11.175	-5.09	86400000
chrX	86800000	87200000	13.798	10.53	-4.899	86800000
chrX	87200000	87600000	13.779	9.693	-4.022	87200000
chrX	87600000	88000000	13.177	10.155	-3.334	87600000
chrX	88000000	88400000	12.558	9.192	-2.933	88000000
chrX	88400000	88800000	13.07	9.531	-2.776	88400000
chrX	88800000	89200000	12.537	10.779	-2.584	88800000
chrX	89200000	89600000	13.138	10.847	-1.531	89200000
chrX	89600000	90000000	13.241	9.836	-1.894	89600000
chrX	90000000	90400000	12.374	9.622	-1.188	90000000
chrX	90400000	90800000	12.861	8.952	-0.328	90400000
chrX	90800000	91200000	12.424	8.223	-1.194	90800000
chrX	91200000	91600000	13.206	7.561	-1.138	91200000
chrX	91600000	92000000	13.627	8.253	-1.966	91600000
chrX	92000000	92400000	13.437	7.635	-2.934	92000000
chrX	92400000	92800000	12.642	7.769	-2.981	92400000
chrX	92800000	93200000	11.879	7.72	-2.961	92800000
chrX	93200000	93600000	10.772	8.023	-2.231	93200000
chrX	93600000	94000000	9.608	7.752	-1.962	93600000
chrX	94000000	94400000	8.918	7.664	-2.386	94000000
chrX	94400000	94800000	9.401	8.048	-3.379	94400000
chrX	94800000	95200000	10.599	8.581	-3.77	94800000
chrX	95200000	95600000	11.899	9.094	-4.266	95200000
chrX	95600000	96000000	13.025	8.82	-4.711	95600000
chrX	96000000	96400000	12.732	8.414	-5.468	96000000
chrX	96400000	96800000	12.879	7.991	-6.218	96400000
chrX	96800000	97200000	12.546	6.864	-5.992	96800000
chrX	97200000	97600000	11.605	7.538	-6.147	97200000
chrX	97600000	98000000	11.261	8.027	-6.107	97600000
chrX	98000000	98400000	11.771	9.159	-5.798	98000000
chrX	98400000	98800000	12.407	9.333	-6.108	98400000
chrX	98800000	99200000	11.18	8.887	-6.611	98800000
chrX	99200000	99600000	10.736	8.24	-7.728	99200000
chrX	99600000	100000000	9.892	7.791	-8.154	99600000
chrX	100000000	100400000	9.294	7.992	-7.19	100000000
chrX	100400000	100800000	8.399	8.539	-6.433	100400000
chrX	100800000	101200000	7.518	9.548	-6.539	100800000
chrX	101200000	101600000	6.848	9.365	-5.778	101200000
chrX	101600000	102000000	6.289	8.79	-5.843	101600000
chrX	102000000	102400000	5.099	8.28	-5.804	102000000
chrX	102400000	102800000	4.015	8.583	-5.369	102400000
chrX	102800000	103200000	4.229	9.431	-4.976	102800000
chrX	103200000	103600000	4.486	10.322	-5.68	103200000
chrX	103600000	104000000	4.985	10.009	-5.749	103600000
chrX	104000000	104400000	5.519	10.173	-6.605	104000000
chrX	104400000	104800000	6.0	11.034	-7.825	104400000
chrX	104800000	105200000	6.104	11.383	-7.811	104800000
chrX	105200000	105600000	7.067	11.093	-7.114	105200000
chrX	105600000	106000000	7.91	10.461	-6.463	105600000
chrX	106000000	106400000	7.997	9.851	-5.129	106000000
chrX	106400000	106800000	10.952	8.945	-1.825	106400000
chrX	106800000	107200000	10.915	7.94	-0.914	106800000
chrX	107200000	107600000	10.633	6.787	-0.92	107200000
chrX	107600000	108000000	9.353	6.492	-0.81	107600000
chrX	108000000	108400000	8.538	7.197	-0.127	108000000
chrX	108400000	108800000	7.951	7.465	-0.199	108400000
chrX	108800000	109200000	8.131	8.158	0.375	108800000
chrX	109200000	109600000	8.228	8.431	1.381	109200000
chrX	109600000	110000000	7.294	8.961	1.087	109600000
chrX	110000000	110400000	8.068	9.755	1.407	110000000
chrX	110400000	110800000	8.85	10.376	1.64	110400000
chrX	110800000	111200000	8.695	9.801	2.76	110800000
chrX	111200000	111600000	9.141	9.212	1.868	111200000
chrX	111600000	112000000	9.888	9.052	1.39	111600000
chrX	112000000	112400000	10.319	9.761	0.468	112000000
chrX	112400000	112800000	9.814	10.285	-0.081	112400000
chrX	112800000	113200000	9.569	9.843	-0.684	112800000
chrX	113200000	113600000	10.752	10.161	-0.976	113200000
chrX	113600000	114000000	11.463	9.841	-1.077	113600000
chrX	114000000	114400000	11.345	10.333	-1.888	114000000
chrX	114400000	114800000	10.731	9.955	-2.368	114400000
chrX	114800000	115200000	10.811	10.843	-1.958	114800000
chrX	115200000	115600000	10.978	11.584	-2.54	115200000
chrX	115600000	116000000	10.953	12.498	-2.364	115600000
chrX	116000000	116400000	11.361	13.207	-2.187	116000000
chrX	116400000	116800000	11.886	12.745	-2.809	116400000
chrX	116800000	117200000	10.817	12.775	-3.379	116800000
chrX	117200000	117600000	10.305	12.979	-3.622	117200000
chrX	117600000	118000000	9.784	13.281	-2.542	117600000
chrX	118000000	118400000	10.179	14.004	-2.924	118000000
chrX	118400000	118800000	9.235	14.95	-2.838	118400000
chrX	118800000	119200000	9.817	15.83	-2.472	118800000
chrX	119200000	119600000	9.642	15.927	-3.504	119200000
chrX	119600000	120000000	9.902	15.207	-3.968	119600000
chrX	120000000	120400000	9.588	14.446	-4.315	120000000
chrX	120400000	120800000	8.642	13.757	-4.306	120400000
chrX	120800000	121200000	7.937	14.377	-3.553	120800000
chrX	121200000	121600000	6.995	14.79	-3.782	121200000
chrX	121600000	122000000	7.189	14.783	-5.059	121600000
chrX	122000000	122400000	8.192	14.595	-5.235	122000000
chrX	122400000	122800000	8.668	13.946	-4.069	122400000
chrX	122800000	123200000	8.751	14.538	-3.37	122800000
chrX	123200000	123600000	8.339	15.698	-3.705	123200000
chrX	123600000	124000000	7.888	16.418	-2.975	123600000
chrX	124000000	124400000	7.996	15.615	-2.193	124000000
chrX	124400000	124800000	7.231	14.681	-2.484	124400000
chrX	124800000	125200000	6.266	15.426	-2.143	124800000
chrX	125200000	125600000	6.359	16.425	-1.538	125200000
chrX	125600000	126000000	7.255	17.036	-1.149	125600000
chrX	126000000	126400000	8.408	17.112	-1.025	126000000
chrX	126400000	126800000	9.458	16.498	-0.822	126400000
chrX	126800000	127200000	9.377	15.886	0.151	126800000
chrX	127200000	127600000	9.275	15.729	0.824	127200000
chrX	127600000	128000000	9.244	14.957	-0.151	127600000
chrX	128000000	128400000	9.968	15.03	-0.687	128000000
chrX	128400000	128800000	10.135	14.8	-1.53	128400000
chrX	128800000	129200000	9.588	13.948	-1.364	128800000
chrX	129200000	129600000	8.981	14.643	-1.472	129200000
chrX	129600000	130000000	8.711	13.869	-1.587	129600000
chrX	130000000	130400000	9.11	13.323	-1.009	130000000
chrX	130400000	130800000	9.842	13.345	-1.031	130400000
chrX	130800000	131200000	10.676	13.22	-0.454	130800000
chrX	131200000	131600000	10.765	13.013	-0.073	131200000
chrX	131600000	132000000	10.993	12.511	0.415	131600000
chrX	132000000	132400000	11.591	11.965	1.237	132000000
chrX	132400000	132800000	11.056	11.483	0.401	132400000
chrX	132800000	133200000	11.506	11.891	-0.663	132800000
chrX	133200000	133600000	11.588	11.602	-0.811	133200000
chrX	133600000	134000000	11.165	11.333	-0.566	133600000
chrX	134000000	134400000	9.973	11.69	-0.34	134000000
chrX	134400000	134800000	10.183	11.998	-1.06	134400000
chrX	134800000	135200000	9.236	11.8	-1.883	134800000
chrX	135200000	135600000	9.1	11.472	-2.208	135200000
chrX	135600000	136000000	8.3	10.656	-1.851	135600000
chrX	136000000	136400000	9.221	10.196	-2.502	136000000
chrX	136400000	136800000	8.521	9.836	-3.207	136400000
chrX	136800000	137200000	9.202	10.737	-3.413	136800000
chrX	137200000	137600000	9.914	10.123	-4.096	137200000
chrX	137600000	138000000	10.837	9.788	-4.822	137600000
chrX	138000000	138400000	11.877	10.427	-5.153	138000000
chrX	138400000	138800000	12.216	11.498	-4.326	138400000
chrX	138800000	139200000	11.441	10.976	-3.458	138800000
chrX	139200000	139600000	10.605	11.458	-3.847	139200000
chrX	139600000	140000000	9.718	11.903	-3.058	139600000
chrX	140000000	140400000	8.682	12.551	-2.878	140000000
chrX	140400000	140800000	7.952	13.053	-2.508	140400000
chrX	140800000	141200000	6.513	12.928	-3.025	140800000
chrX	141200000	141600000	6.388	13.007	-2.632	141200000
chrX	141600000	142000000	5.782	13.49	-2.137	141600000
chrX	142000000	142400000	5.686	13.325	-0.981	142000000
chrX	142400000	142800000	6.297	12.694	-0.53	142400000
chrX	142800000	143200000	6.676	12.666	0.155	142800000
chrX	143200000	143600000	7.237	12.368	0.649	143200000
chrX	143600000	144000000	8.077	12.022	0.982	143600000
chrX	144000000	144400000	8.141	11.206	0.369	144000000
chrX	144400000	144800000	8.014	10.783	0.212	144400000
chrX	144800000	145200000	8.205	9.48	-0.339	144800000
chrX	145200000	145600000	8.771	8.788	-1.301	145200000
chrX	145600000	146000000	9.682	9.157	-1.85	145600000
chrX	146000000	146400000	9.609	8.671	-0.818	146000000
chrX	146400000	146800000	9.912	8.288	-0.42	146400000
chrX	146800000	147200000	9.936	7.737	-0.002	146800000
chrX	147200000	147600000	10.807	8.492	0.105	147200000
chrX	147600000	148000000	11.599	8.267	0.917	147600000
chrX	148000000	148400000	11.552	9.338	0.991	148000000
chrX	148400000	148800000	11.427	10.055	1.926	148400000
chrX	148800000	149200000	10.369	10.516	2.266	148800000
chrX	149200000	149600000	10.197	11.07	3.281	149200000
chrX	149600000	150000000	9.758	12.137	3.14	149600000
chrX	150000000	150400000	9.768	12.29	2.003	150000000
chrX	150400000	150800000	9.512	11.696	1.074	150400000
chrX	150800000	151200000	9.254	12.362	0.043	150800000
chrX	151200000	151600000	8.041	12.328	-0.501	151200000
chrX	151600000	152000000	8.218	12.793	-0.932	151600000
chrX	152000000	152400000	7.3	12.039	-0.994	152000000
chrX	152400000	152800000	6.934	11.435	0.004	152400000
chrX	152800000	153200000	6.896	11.149	1.179	152800000
chrX	153200000	153600000	6.328	11.227	1.405	153200000
chrX	153600000	154000000	5.895	11.611	2.404	153600000
chrX	154000000	154400000	6.286	13.065	2.015	154000000
chrX	154400000	154800000	7.572	13.75	1.98	154400000
chrX	154800000	155200000	7.063	14.04	1.662	154800000
chrX	155200000	155600000	6.633	14.415	1.493	155200000
chrX	155600000	156000000	6.58	13.853	0.549	155600000
chrX	156000000	156400000	7.083	13.922	0.155	156000000
chrX	156400000	156800000	6.6	14.102	-0.735	156400000
chrX	156800000	157200000	7.245	14.965	-0.586	156800000
chrX	157200000	157600000	8.06	14.397	0.163	157200000
chrX	157600000	158000000	8.377	13.865	0.508	157600000
chrX	158000000	158400000	9.544	13.729	0.632	158000000
chrX	158400000	158800000	10.191	13.749	0.721	158400000
chrX	158800000	159200000	9.232	13.945	1.1	158800000
chrX	159200000	159600000	8.246	13.195	1.255	159200000
chrX	159600000	160000000	7.331	12.44	1.429	159600000
chrX	160000000	160400000	7.325	12.292	2.65	160000000
chrX	160400000	160800000	6.577	12.443	2.948	160400000
chrX	160800000	161200000	6.251	12.905	3.778	160800000
chrX	161200000	161600000	5.344	13.11	2.96	161200000
chrX	161600000	162000000	4.475	12.753	3.513	161600000
chrX	162000000	162400000	3.593	12.799	3.335	162000000
chrX	162400000	162800000	4.033	12.929	2.281	162400000
chrX	162800000	163200000	4.621	13.314	1.812	162800000
chrX	163200000	163600000	4.752	14.374	1.62	163200000
chrX	163600000	164000000	5.286	13.954	1.182	163600000
chrX	164000000	164400000	5.154	13.723	0.395	164000000
chrX	164400000	164800000	5.099	12.814	0.673	164400000
chrX	164800000	165200000	5.059	12.333	0.148	164800000
chrX	165200000	165600000	4.217	12.555	0.356	165200000
chrX	165600000	166000000	3.376	13.356	0.028	165600000
chrX	166000000	166400000	3.404	13.844	0.435	166000000
chrX	166400000	166800000	3.224	12.751	1.185	166400000
chrX	166800000	167200000	2.516	13.003	1.147	166800000
chrX	167200000	167600000	2.587	13.934	2.108	167200000
chrX	167600000	168000000	2.217	14.78	2.629	167600000
chrX	168000000	168400000	2.682	14.648	3.375	168000000
chrX	168400000	168800000	3.495	14.424	3.469	168400000
chrX	168800000	169200000	4.11	14.545	4.376	168800000
chrX	169200000	169600000	3.565	14.068	4.841	169200000
chrX	169600000	170000000	2.961	13.341	4.257	169600000
chrX	170000000	170400000	2.136	13.587	4.604	170000000
