chr1	2800000	3200000	-3.489	-3.196	-7.31	2800000
chr1	3200000	3600000	-3.501	-2.651	-6.869	3200000
chr1	3600000	4000000	-2.872	-1.769	-6.333	3600000
chr1	4000000	4400000	-1.994	-1.323	-6.535	4000000
chr1	4400000	4800000	-2.113	-1.589	-5.364	4400000
chr1	4800000	5200000	-2.509	-1.86	-3.844	4800000
chr1	5200000	5600000	-3.682	-2.432	-3.498	5200000
chr1	5600000	6000000	-3.61	-1.616	-3.377	5600000
chr1	6000000	6400000	-2.791	-1.609	-2.962	6000000
chr1	6400000	6800000	-2.189	-2.31	-2.516	6400000
chr1	6800000	7200000	-2.321	-3.407	-2.836	6800000
chr1	7200000	7600000	-2.83	-3.286	-3.168	7200000
chr1	7600000	8000000	-2.453	-3.16	-3.674	7600000
chr1	8000000	8400000	-2.729	-3.321	-4.906	8000000
chr1	8400000	8800000	-3.248	-3.125	-5.206	8400000
chr1	8800000	9200000	-3.279	-3.676	-4.265	8800000
chr1	9200000	9600000	-4.126	-4.406	-4.744	9200000
chr1	9600000	10000000	-3.137	-4.635	-4.189	9600000
chr1	10000000	10400000	-3.531	-4.906	-3.289	10000000
chr1	10400000	10800000	-3.883	-4.507	-2.614	10400000
chr1	10800000	11200000	-4.334	-3.599	-3.111	10800000
chr1	11200000	11600000	-4.584	-3.132	-2.806	11200000
chr1	11600000	12000000	-4.346	-2.366	-2.241	11600000
chr1	12000000	12400000	-4.952	-2.019	-2.428	12000000
chr1	12400000	12800000	-5.348	-1.882	-2.469	12400000
chr1	12800000	13200000	-5.845	-2.267	-1.491	12800000
chr1	13200000	13600000	-5.329	-3.115	-0.975	13200000
chr1	13600000	14000000	-5.459	-2.758	-0.183	13600000
chr1	14000000	14400000	-4.635	-2.415	0.176	14000000
chr1	14400000	14800000	-4.618	-1.355	0.698	14400000
chr1	14800000	15200000	-4.334	-1.07	0.227	14800000
chr1	15200000	15600000	-4.01	-1.139	-0.451	15200000
chr1	15600000	16000000	-3.482	-0.104	-0.401	15600000
chr1	16000000	16400000	-4.103	0.158	-1.366	16000000
chr1	16400000	16800000	-4.012	-0.17	-2.049	16400000
chr1	16800000	17200000	-3.607	-1.286	-1.868	16800000
chr1	17200000	17600000	-3.434	-1.846	-1.768	17200000
chr1	17600000	18000000	-4.297	-1.699	-1.509	17600000
chr1	18000000	18400000	-3.1	-2.162	-1.069	18000000
chr1	18400000	18800000	-3.447	-3.231	-1.595	18400000
chr1	18800000	19200000	-3.657	-4.381	-1.944	18800000
chr1	19200000	19600000	-3.026	-3.982	-1.942	19200000
chr1	19600000	20000000	-0.79	-5.01	-1.431	19600000
chr1	20000000	20400000	-1.365	-4.694	-0.799	20000000
chr1	20400000	20800000	-1.178	-5.396	0.328	20400000
chr1	20800000	21200000	-0.804	-6.716	0.478	20800000
chr1	21200000	21600000	-1.013	-7.207	0.741	21200000
chr1	21600000	22000000	-1.639	-7.323	1.066	21600000
chr1	22000000	22400000	-2.289	-7.107	0.263	22000000
chr1	22400000	22800000	-2.212	-7.242	0.317	22400000
chr1	22800000	23200000	-3.29	-8.698	0.84	22800000
chr1	23200000	23600000	-3.624	-9.381	1.765	23200000
chr1	23600000	24000000	-3.24	-8.725	2.777	23600000
chr1	24000000	24400000	-2.952	-8.409	2.125	24000000
chr1	24400000	24800000	-3.908	-8.575	1.511	24400000
chr1	24800000	25200000	-4.227	-8.079	0.551	24800000
chr1	25200000	25600000	-4.022	-7.694	0.792	25200000
chr1	25600000	26000000	-4.431	-7.679	0.82	25600000
chr1	26000000	26400000	-4.727	-8.395	-0.144	26000000
chr1	26400000	26800000	-4.635	-8.841	-1.506	26400000
chr1	26800000	27200000	-5.08	-9.054	-2.016	26800000
chr1	27200000	27600000	-4.705	-9.706	-1.652	27200000
chr1	27600000	28000000	-4.694	-8.72	-0.886	27600000
chr1	28000000	28400000	-5.202	-9.595	-0.004	28000000
chr1	28400000	28800000	-4.49	-9.528	0.814	28400000
chr1	28800000	29200000	-3.931	-10.227	0.132	28800000
chr1	29200000	29600000	-1.819	-10.389	0.306	29200000
chr1	29600000	30000000	-1.151	-10.782	-0.566	29600000
chr1	30000000	30400000	-2.236	-11.422	0.006	30000000
chr1	30400000	30800000	-3.095	-11.023	0.726	30400000
chr1	30800000	31200000	-3.716	-10.584	0.97	30800000
chr1	31200000	31600000	-3.127	-10.029	1.821	31200000
chr1	31600000	32000000	-2.624	-10.697	2.705	31600000
chr1	32000000	32400000	-1.911	-10.631	3.684	32000000
chr1	32400000	32800000	-0.585	-10.462	3.504	32400000
chr1	32800000	33200000	-1.322	-10.452	4.123	32800000
chr1	33200000	33600000	-1.523	-9.982	2.881	33200000
chr1	33600000	34000000	-1.089	-10.016	1.75	33600000
chr1	34000000	34400000	-1.05	-8.934	1.61	34000000
chr1	34400000	34800000	-1.412	-8.509	0.963	34400000
chr1	34800000	35200000	-0.248	-8.487	0.853	34800000
chr1	35200000	35600000	0.39	-9.377	1.019	35200000
chr1	35600000	36000000	0.184	-9.621	0.609	35600000
chr1	36000000	36400000	-0.162	-8.466	1.342	36000000
chr1	36400000	36800000	-0.218	-8.099	2.269	36400000
chr1	36800000	37200000	-0.809	-7.306	3.073	36800000
chr1	37200000	37600000	-0.454	-7.154	2.624	37200000
chr1	37600000	38000000	0.457	-6.836	1.954	37600000
chr1	38000000	38400000	1.178	-6.931	2.388	38000000
chr1	38400000	38800000	0.853	-6.387	3.195	38400000
chr1	38800000	39200000	1.097	-7.287	3.502	38800000
chr1	39200000	39600000	0.697	-7.917	2.615	39200000
chr1	39600000	40000000	1.868	-8.069	2.478	39600000
chr1	40000000	40400000	1.579	-8.73	2.244	40000000
chr1	40400000	40800000	1.443	-9.438	2.991	40400000
chr1	40800000	41200000	1.36	-10.644	3.939	40800000
chr1	41200000	41600000	1.804	-10.056	3.956	41200000
chr1	41600000	42000000	1.597	-10.065	3.082	41600000
chr1	42000000	42400000	0.765	-9.602	2.847	42000000
chr1	42400000	42800000	1.214	-9.258	3.916	42400000
chr1	42800000	43200000	1.11	-9.771	2.78	42800000
chr1	43200000	43600000	0.024	-10.225	3.268	43200000
chr1	43600000	44000000	-0.323	-10.46	2.747	43600000
chr1	44000000	44400000	-1.783	-9.974	1.973	44000000
chr1	44400000	44800000	-2.129	-11.031	1.531	44400000
chr1	44800000	45200000	-2.482	-10.438	0.656	44800000
chr1	45200000	45600000	-2.383	-9.637	0.328	45200000
chr1	45600000	46000000	-3.354	-9.474	0.259	45600000
chr1	46000000	46400000	-3.613	-10.322	-0.829	46000000
chr1	46400000	46800000	-3.39	-11.36	-0.502	46400000
chr1	46800000	47200000	-4.506	-11.258	-0.017	46800000
chr1	47200000	47600000	-4.83	-10.782	-1.138	47200000
chr1	47600000	48000000	-5.026	-10.541	-2.089	47600000
chr1	48000000	48400000	-3.956	-10.576	-2.084	48000000
chr1	48400000	48800000	-3.532	-9.453	-2.372	48400000
chr1	48800000	49200000	-3.444	-8.539	-2.913	48800000
chr1	49200000	49600000	-3.743	-9.278	-3.033	49200000
chr1	49600000	50000000	-3.266	-9.694	-3.282	49600000
chr1	50000000	50400000	-2.776	-9.673	-4.571	50000000
chr1	50400000	50800000	-2.658	-10.168	-4.314	50400000
chr1	50800000	51200000	-1.986	-9.019	-3.953	50800000
chr1	51200000	51600000	-1.935	-8.63	-3.226	51200000
chr1	51600000	52000000	-1.641	-8.01	-3.141	51600000
chr1	52000000	52400000	-2.121	-9.087	-2.77	52000000
chr1	52400000	52800000	-2.827	-8.643	-3.803	52400000
chr1	52800000	53200000	-2.925	-7.854	-3.627	52800000
chr1	53200000	53600000	-2.586	-7.324	-3.429	53200000
chr1	53600000	54000000	-1.554	-7.497	-4.204	53600000
chr1	54000000	54400000	-2.297	-8.39	-4.953	54000000
chr1	54400000	54800000	-1.331	-8.844	-4.362	54400000
chr1	54800000	55200000	-0.6	-8.613	-3.525	54800000
chr1	55200000	55600000	-0.112	-8.575	-3.147	55200000
chr1	55600000	56000000	-0.358	-8.633	-2.882	55600000
chr1	56000000	56400000	-0.78	-9.143	-2.716	56000000
chr1	56400000	56800000	-0.235	-10.174	-3.099	56400000
chr1	56800000	57200000	-0.485	-9.668	-2.754	56800000
chr1	57200000	57600000	-1.237	-9.312	-2.128	57200000
chr1	57600000	58000000	-1.985	-9.137	-1.535	57600000
chr1	58000000	58400000	-1.845	-9.662	-1.236	58000000
chr1	58400000	58800000	-2.725	-9.825	-1.543	58400000
chr1	58800000	59200000	-3.316	-8.941	-1.2	58800000
chr1	59200000	59600000	-3.25	-8.284	-1.409	59200000
chr1	59600000	60000000	-2.791	-7.354	-1.563	59600000
chr1	60000000	60400000	-2.864	-6.839	-1.888	60000000
chr1	60400000	60800000	-2.395	-5.66	-2.289	60400000
chr1	60800000	61200000	-2.093	-4.491	-2.951	60800000
chr1	61200000	61600000	-1.942	-3.594	-1.577	61200000
chr1	61600000	62000000	-1.687	-3.389	-0.203	61600000
chr1	62000000	62400000	-1.656	-3.893	0.729	62000000
chr1	62400000	62800000	-1.398	-2.816	0.844	62400000
chr1	62800000	63200000	-1.764	-3.548	1.341	62800000
chr1	63200000	63600000	-1.74	-3.896	1.305	63200000
chr1	63600000	64000000	-1.264	-3.46	2.383	63600000
chr1	64000000	64400000	-0.317	-2.61	1.636	64000000
chr1	64400000	64800000	-0.313	-3.099	2.348	64400000
chr1	64800000	65200000	-0.295	-4.204	2.154	64800000
chr1	65200000	65600000	-0.45	-4.037	1.212	65200000
chr1	65600000	66000000	0.203	-4.367	0.891	65600000
chr1	66000000	66400000	-0.575	-4.682	0.889	66000000
chr1	66400000	66800000	-0.228	-4.623	-0.25	66400000
chr1	66800000	67200000	-0.046	-4.18	-0.616	66800000
chr1	67200000	67600000	0.569	-4.653	-1.501	67200000
chr1	67600000	68000000	0.952	-3.51	-1.693	67600000
chr1	68000000	68400000	1.111	-2.943	-2.692	68000000
chr1	68400000	68800000	0.528	-2.058	-2.29	68400000
chr1	68800000	69200000	0.471	-2.462	-1.356	68800000
chr1	69200000	69600000	-0.5	-2.569	-1.732	69200000
chr1	69600000	70000000	-1.177	-2.769	-1.111	69600000
chr1	70000000	70400000	-1.564	-3.392	-0.969	70000000
chr1	70400000	70800000	-0.794	-4.233	-1.036	70400000
chr1	70800000	71200000	-1.572	-5.177	-0.492	70800000
chr1	71200000	71600000	-2.185	-4.954	-0.789	71200000
chr1	71600000	72000000	-1.751	-5.951	-1.139	71600000
chr1	72000000	72400000	-0.742	-6.21	-1.197	72000000
chr1	72400000	72800000	-0.025	-6.186	-1.384	72400000
chr1	72800000	73200000	-0.125	-6.917	-1.621	72800000
chr1	73200000	73600000	-0.409	-6.725	-2.532	73200000
chr1	73600000	74000000	-0.19	-7.106	-2.45	73600000
chr1	74000000	74400000	0.894	-7.194	-2.734	74000000
chr1	74400000	74800000	1.216	-7.131	-1.913	74400000
chr1	74800000	75200000	1.122	-6.85	-0.959	74800000
chr1	75200000	75600000	1.004	-7.477	-0.624	75200000
chr1	75600000	76000000	0.665	-8.145	-0.138	75600000
chr1	76000000	76400000	-0.777	-9.942	0.682	76000000
chr1	76400000	76800000	-0.848	-11.011	1.065	76400000
chr1	76800000	77200000	-0.114	-11.41	0.847	76800000
chr1	77200000	77600000	0.089	-10.94	-0.15	77200000
chr1	77600000	78000000	-0.031	-9.662	-0.321	77600000
chr1	78000000	78400000	-0.539	-9.911	-0.024	78000000
chr1	78400000	78800000	-0.914	-9.756	1.584	78400000
chr1	78800000	79200000	-0.887	-9.164	2.52	78800000
chr1	79200000	79600000	-0.821	-11.524	2.763	79200000
chr1	79600000	80000000	-1.458	-11.391	3.22	79600000
chr1	80000000	80400000	-0.404	-9.271	3.402	80000000
chr1	80400000	80800000	0.01	-9.223	4.066	80400000
chr1	80800000	81200000	-0.306	-9.539	4.355	80800000
chr1	81200000	81600000	-0.841	-9.796	5.164	81200000
chr1	81600000	82000000	0.374	-10.363	4.686	81600000
chr1	82000000	82400000	0.555	-10.934	5.435	82000000
chr1	82400000	82800000	-0.092	-10.436	5.378	82400000
chr1	82800000	83200000	-1.205	-9.495	4.404	82800000
chr1	83200000	83600000	-1.72	-8.638	4.164	83200000
chr1	83600000	84000000	-2.75	-8.954	3.556	83600000
chr1	84000000	84400000	-2.601	-9.417	3.806	84000000
chr1	84400000	84800000	-1.847	-8.465	3.497	84400000
chr1	84800000	85200000	-2.422	-8.221	2.566	84800000
chr1	85200000	85600000	-2.551	-8.658	1.387	85200000
chr1	85600000	86000000	-1.995	-8.685	0.018	85600000
chr1	86000000	86400000	-0.96	-8.02	-0.876	86000000
chr1	86400000	86800000	-0.086	-8.204	-1.251	86400000
chr1	86800000	87200000	0.753	-8.566	-1.655	86800000
chr1	87200000	87600000	1.249	-8.576	-1.626	87200000
chr1	87600000	88000000	2.427	-8.577	-1.561	87600000
chr1	88000000	88400000	2.703	-7.849	-0.803	88000000
chr1	88400000	88800000	3.044	-7.657	0.187	88400000
chr1	88800000	89200000	1.956	-7.663	0.869	88800000
chr1	89200000	89600000	2.662	-7.647	0.896	89200000
chr1	89600000	90000000	2.733	-7.717	1.502	89600000
chr1	90000000	90400000	3.453	-8.369	1.705	90000000
chr1	90400000	90800000	3.093	-9.262	1.593	90400000
chr1	90800000	91200000	2.719	-10.109	1.533	90800000
chr1	91200000	91600000	2.358	-9.599	0.715	91200000
chr1	91600000	92000000	3.37	-9.125	0.543	91600000
chr1	92000000	92400000	3.492	-9.536	0.247	92000000
chr1	92400000	92800000	3.596	-10.954	0.638	92400000
chr1	92800000	93200000	3.953	-10.885	0.332	92800000
chr1	93200000	93600000	3.724	-11.055	-0.577	93200000
chr1	93600000	94000000	3.392	-10.314	-0.867	93600000
chr1	94000000	94400000	3.522	-10.466	-1.501	94000000
chr1	94400000	94800000	2.843	-10.783	-2.124	94400000
chr1	94800000	95200000	1.898	-11.914	-1.745	94800000
chr1	95200000	95600000	1.851	-12.189	-1.423	95200000
chr1	95600000	96000000	1.881	-11.527	-2.115	95600000
chr1	96000000	96400000	1.854	-11.378	-2.737	96000000
chr1	96400000	96800000	2.751	-12.117	-1.645	96400000
chr1	96800000	97200000	2.851	-12.014	-0.683	96800000
chr1	97200000	97600000	2.562	-11.944	-0.293	97200000
chr1	97600000	98000000	2.783	-11.29	-0.283	97600000
chr1	98000000	98400000	1.613	-11.962	0.459	98000000
chr1	98400000	98800000	1.882	-11.16	0.463	98400000
chr1	98800000	99200000	1.214	-10.847	-0.277	98800000
chr1	99200000	99600000	0.741	-10.718	-0.838	99200000
chr1	99600000	100000000	1.406	-10.363	-1.076	99600000
chr1	100000000	100400000	1.915	-10.927	-0.86	100000000
chr1	100400000	100800000	3.971	-11.85	1.686	100400000
chr1	100800000	101200000	4.846	-10.98	2.174	100800000
chr1	101200000	101600000	5.274	-11.823	1.362	101200000
chr1	101600000	102000000	5.085	-11.364	2.481	101600000
chr1	102000000	102400000	4.736	-12.078	3.027	102000000
chr1	102400000	102800000	4.247	-11.331	3.823	102400000
chr1	102800000	103200000	3.178	-12.003	3.47	102800000
chr1	103200000	103600000	3.897	-11.832	2.606	103200000
chr1	103600000	104000000	5.49	-11.289	1.508	103600000
chr1	104000000	104400000	5.76	-11.295	2.41	104000000
chr1	104400000	104800000	5.717	-10.839	3.271	104400000
chr1	104800000	105200000	6.903	-10.5	3.448	104800000
chr1	105200000	105600000	6.282	-10.759	2.472	105200000
chr1	105600000	106000000	6.284	-10.095	2.503	105600000
chr1	106000000	106400000	6.939	-9.143	2.09	106000000
chr1	106400000	106800000	8.012	-9.402	1.853	106400000
chr1	106800000	107200000	7.666	-9.87	2.05	106800000
chr1	107200000	107600000	7.827	-10.251	1.108	107200000
chr1	107600000	108000000	7.885	-10.488	-0.08	107600000
chr1	108000000	108400000	7.796	-11.027	-0.891	108000000
chr1	108400000	108800000	7.333	-11.327	-1.788	108400000
chr1	108800000	109200000	7.303	-12.282	-1.399	108800000
chr1	109200000	109600000	7.239	-11.765	-1.793	109200000
chr1	109600000	110000000	6.566	-11.615	-2.8	109600000
chr1	110000000	110400000	6.219	-12.722	-2.417	110000000
chr1	110400000	110800000	6.016	-12.52	-1.445	110400000
chr1	110800000	111200000	4.792	-12.34	-1.555	110800000
chr1	111200000	111600000	5.103	-12.629	-2.029	111200000
chr1	111600000	112000000	5.414	-12.163	-0.693	111600000
chr1	112000000	112400000	4.728	-12.325	-0.536	112000000
chr1	112400000	112800000	4.565	-12.74	0.103	112400000
chr1	112800000	113200000	3.86	-12.239	0.118	112800000
chr1	113200000	113600000	3.432	-11.917	1.199	113200000
chr1	113600000	114000000	2.529	-11.182	1.115	113600000
chr1	114000000	114400000	2.875	-10.611	1.568	114000000
chr1	114400000	114800000	2.238	-10.973	2.034	114400000
chr1	114800000	115200000	1.66	-11.873	1.669	114800000
chr1	115200000	115600000	2.044	-11.845	2.13	115200000
chr1	115600000	116000000	2.683	-11.406	2.554	115600000
chr1	116000000	116400000	1.51	-11.131	2.365	116000000
chr1	116400000	116800000	0.939	-11.016	2.485	116400000
chr1	116800000	117200000	0.637	-10.393	1.689	116800000
chr1	117200000	117600000	0.083	-10.677	1.313	117200000
chr1	117600000	118000000	0.965	-10.452	1.373	117600000
chr1	118000000	118400000	1.425	-9.494	1.01	118000000
chr1	118400000	118800000	1.28	-8.726	0.859	118400000
chr1	118800000	119200000	1.848	-8.495	0.397	118800000
chr1	119200000	119600000	1.374	-8.756	-0.426	119200000
chr1	119600000	120000000	2.382	-8.796	-0.562	119600000
chr1	120000000	120400000	2.162	-9.721	-1.035	120000000
chr1	120400000	120800000	1.181	-9.672	-1.792	120400000
chr1	120800000	121200000	0.984	-10.227	-2.347	120800000
chr1	121200000	121600000	0.651	-10.667	-3.005	121200000
chr1	121600000	122000000	0.094	-10.975	-2.494	121600000
chr1	122000000	122400000	-0.228	-10.9	-1.26	122000000
chr1	122400000	122800000	0.247	-11.062	-1.446	122400000
chr1	122800000	123200000	-1.052	-10.668	-1.607	122800000
chr1	123200000	123600000	-1.84	-10.635	-2.231	123200000
chr1	123600000	124000000	-1.671	-10.007	-3.573	123600000
chr1	124000000	124400000	-1.128	-9.652	-4.984	124000000
chr1	124400000	124800000	-0.818	-9.276	-4.674	124400000
chr1	124800000	125200000	0.007	-9.717	-4.62	124800000
chr1	125200000	125600000	0.867	-10.608	-4.279	125200000
chr1	125600000	126000000	0.546	-9.618	-3.966	125600000
chr1	126000000	126400000	1.055	-9.308	-5.122	126000000
chr1	126400000	126800000	0.976	-9.179	-4.218	126400000
chr1	126800000	127200000	1.42	-9.439	-3.227	126800000
chr1	127200000	127600000	1.804	-10.029	-3.991	127200000
chr1	127600000	128000000	1.939	-9.579	-5.027	127600000
chr1	128000000	128400000	1.911	-8.658	-5.713	128000000
chr1	128400000	128800000	2.32	-8.346	-6.826	128400000
chr1	128800000	129200000	2.596	-7.986	-8.066	128800000
chr1	129200000	129600000	3.151	-9.397	-7.203	129200000
chr1	129600000	130000000	4.02	-10.016	-6.796	129600000
chr1	130000000	130400000	4.507	-9.323	-7.631	130000000
chr1	130400000	130800000	4.408	-9.01	-7.606	130400000
chr1	130800000	131200000	4.263	-8.875	-6.826	130800000
chr1	131200000	131600000	5.268	-8.205	-6.419	131200000
chr1	131600000	132000000	5.03	-7.462	-5.635	131600000
chr1	132000000	132400000	4.462	-7.677	-5.028	132000000
chr1	132400000	132800000	4.535	-7.731	-3.947	132400000
chr1	132800000	133200000	5.074	-7.167	-3.615	132800000
chr1	133200000	133600000	4.846	-6.672	-3.186	133200000
chr1	133600000	134000000	5.422	-6.097	-2.214	133600000
chr1	134000000	134400000	6.351	-5.656	-1.737	134000000
chr1	134400000	134800000	7.339	-5.687	-1.171	134400000
chr1	134800000	135200000	7.25	-6.21	-0.127	134800000
chr1	135200000	135600000	6.067	-6.401	0.101	135200000
chr1	135600000	136000000	5.53	-6.303	-0.704	135600000
chr1	136000000	136400000	6.018	-6.942	-1.118	136000000
chr1	136400000	136800000	7.013	-7.265	-0.96	136400000
chr1	136800000	137200000	7.443	-7.359	-1.658	136800000
chr1	137200000	137600000	7.508	-8.422	-1.595	137200000
chr1	137600000	138000000	8.007	-9.479	-2.403	137600000
chr1	138000000	138400000	8.332	-10.309	-2.563	138000000
chr1	138400000	138800000	8.584	-9.734	-2.872	138400000
chr1	138800000	139200000	7.672	-9.921	-3.633	138800000
chr1	139200000	139600000	7.258	-10.511	-2.982	139200000
chr1	139600000	140000000	5.796	-10.437	-4.638	139600000
chr1	140000000	140400000	5.332	-11.262	-4.303	140000000
chr1	140400000	140800000	4.993	-11.431	-3.974	140400000
chr1	140800000	141200000	4.272	-11.108	-3.248	140800000
chr1	141200000	141600000	4.135	-11.542	-2.763	141200000
chr1	141600000	142000000	3.905	-12.046	-2.545	141600000
chr1	142000000	142400000	3.251	-12.337	-2.639	142000000
chr1	142400000	142800000	3.705	-11.851	-1.497	142400000
chr1	142800000	143200000	3.767	-11.221	-1.112	142800000
chr1	143200000	143600000	3.568	-10.762	-2.517	143200000
chr1	143600000	144000000	2.515	-10.868	-3.128	143600000
chr1	144000000	144400000	1.81	-10.12	-3.241	144000000
chr1	144400000	144800000	2.562	-10.45	-4.053	144400000
chr1	144800000	145200000	3.615	-10.69	-5.077	144800000
chr1	145200000	145600000	3.37	-11.042	-4.454	145200000
chr1	145600000	146000000	3.037	-11.151	-5.267	145600000
chr1	146000000	146400000	2.489	-11.328	-4.83	146000000
chr1	146400000	146800000	2.351	-11.219	-5.799	146400000
chr1	146800000	147200000	2.95	-10.268	-6.147	146800000
chr1	147200000	147600000	2.455	-10.021	-6.324	147200000
chr1	147600000	148000000	3.091	-10.179	-7.521	147600000
chr1	148000000	148400000	2.427	-10.709	-7.703	148000000
chr1	148400000	148800000	1.371	-10.552	-8.107	148400000
chr1	148800000	149200000	0.768	-10.571	-8.504	148800000
chr1	149200000	149600000	1.212	-10.651	-7.474	149200000
chr1	149600000	150000000	1.253	-9.933	-6.76	149600000
chr1	150000000	150400000	1.28	-10.754	-6.243	150000000
chr1	150400000	150800000	1.096	-10.969	-5.618	150400000
chr1	150800000	151200000	1.492	-10.059	-5.165	150800000
chr1	151200000	151600000	2.501	-10.113	-4.256	151200000
chr1	151600000	152000000	2.794	-9.398	-4.614	151600000
chr1	152000000	152400000	3.551	-9.816	-3.735	152000000
chr1	152400000	152800000	3.457	-9.534	-3.14	152400000
chr1	152800000	153200000	4.241	-9.343	-2.337	152800000
chr1	153200000	153600000	4.357	-8.841	-1.616	153200000
chr1	153600000	154000000	4.701	-9.464	-1.156	153600000
chr1	154000000	154400000	5.073	-9.933	-0.181	154000000
chr1	154400000	154800000	4.833	-10.847	0.66	154400000
chr1	154800000	155200000	5.358	-10.353	0.668	154800000
chr1	155200000	155600000	5.474	-9.029	1.762	155200000
chr1	155600000	156000000	5.012	-9.476	1.991	155600000
chr1	156000000	156400000	4.323	-10.044	1.912	156000000
chr1	156400000	156800000	4.088	-10.469	1.999	156400000
chr1	156800000	157200000	4.729	-9.891	1.219	156800000
chr1	157200000	157600000	5.279	-9.226	0.671	157200000
chr1	157600000	158000000	5.848	-9.804	1.081	157600000
chr1	158000000	158400000	6.78	-10.161	1.975	158000000
chr1	158400000	158800000	6.681	-10.707	0.825	158400000
chr1	158800000	159200000	6.44	-10.999	0.434	158800000
chr1	159200000	159600000	5.771	-11.039	-0.204	159200000
chr1	159600000	160000000	5.754	-10.852	-0.253	159600000
chr1	160000000	160400000	5.6	-11.268	-0.661	160000000
chr1	160400000	160800000	5.348	-11.084	-1.651	160400000
chr1	160800000	161200000	4.748	-10.932	-1.954	160800000
chr1	161200000	161600000	5.415	-10.396	-2.66	161200000
chr1	161600000	162000000	4.809	-10.034	-3.727	161600000
chr1	162000000	162400000	5.515	-10.186	-3.486	162000000
chr1	162400000	162800000	6.115	-11.148	-3.452	162400000
chr1	162800000	163200000	6.965	-11.051	-3.725	162800000
chr1	163200000	163600000	6.249	-10.33	-4.306	163200000
chr1	163600000	164000000	6.741	-9.257	-4.578	163600000
chr1	164000000	164400000	5.887	-9.067	-4.709	164000000
chr1	164400000	164800000	5.147	-8.78	-5.718	164400000
chr1	164800000	165200000	4.045	-8.228	-6.577	164800000
chr1	165200000	165600000	3.699	-8.387	-7.392	165200000
chr1	165600000	166000000	3.868	-7.462	-8.368	165600000
chr1	166000000	166400000	4.274	-6.529	-9.253	166000000
chr1	166400000	166800000	4.309	-6.4	-9.812	166400000
chr1	166800000	167200000	3.956	-7.282	-10.871	166800000
chr1	167200000	167600000	3.521	-6.641	-11.287	167200000
chr1	167600000	168000000	2.873	-6.691	-11.041	167600000
chr1	168000000	168400000	2.642	-6.217	-10.784	168000000
chr1	168400000	168800000	3.044	-7.009	-9.723	168400000
chr1	168800000	169200000	2.66	-7.886	-10.288	168800000
chr1	169200000	169600000	2.132	-8.168	-10.966	169200000
chr1	169600000	170000000	2.346	-7.419	-10.778	169600000
chr1	170000000	170400000	1.472	-7.319	-10.513	170000000
chr1	170400000	170800000	1.614	-6.876	-10.798	170400000
chr1	170800000	171200000	1.957	-6.033	-11.679	170800000
chr1	171200000	171600000	1.957	-5.114	-11.197	171200000
chr1	171600000	172000000	2.289	-4.856	-11.387	171600000
chr1	172000000	172400000	2.826	-4.732	-11.462	172000000
chr1	172400000	172800000	2.987	-4.755	-10.535	172400000
chr1	172800000	173200000	4.319	-5.527	-11.267	172800000
chr1	173200000	173600000	3.69	-5.885	-11.229	173200000
chr1	173600000	174000000	4.749	-6.303	-9.545	173600000
chr1	174000000	174400000	4.058	-6.596	-8.193	174000000
chr1	174400000	174800000	3.865	-7.006	-7.506	174400000
chr1	174800000	175200000	5.166	-7.51	-7.654	174800000
chr1	175200000	175600000	5.739	-7.966	-7.926	175200000
chr1	175600000	176000000	5.886	-7.424	-8.531	175600000
chr1	176000000	176400000	5.923	-6.898	-9.021	176000000
chr1	176400000	176800000	5.722	-7.247	-9.914	176400000
chr1	176800000	177200000	4.999	-7.185	-10.43	176800000
chr1	177200000	177600000	3.864	-7.864	-10.593	177200000
chr1	177600000	178000000	4.88	-8.457	-10.654	177600000
chr1	178000000	178400000	5.649	-7.963	-9.834	178000000
chr1	178400000	178800000	5.871	-7.093	-8.273	178400000
chr1	178800000	179200000	6.012	-7.439	-7.19	178800000
chr1	179200000	179600000	5.613	-7.724	-6.685	179200000
chr1	179600000	180000000	6.022	-6.572	-6.52	179600000
chr1	180000000	180400000	5.38	-6.383	-7.099	180000000
chr1	180400000	180800000	5.05	-5.802	-7.612	180400000
chr1	180800000	181200000	4.322	-5.002	-7.394	180800000
chr1	181200000	181600000	4.182	-4.361	-8.36	181200000
chr1	181600000	182000000	3.357	-4.035	-9.273	181600000
chr1	182000000	182400000	4.251	-4.882	-9.298	182000000
chr1	182400000	182800000	3.957	-4.569	-9.464	182400000
chr1	182800000	183200000	4.041	-4.22	-10.696	182800000
chr1	183200000	183600000	3.644	-4.359	-10.671	183200000
chr1	183600000	184000000	4.156	-4.568	-11.461	183600000
chr1	184000000	184400000	4.125	-5.377	-11.979	184000000
chr1	184400000	184800000	3.957	-5.16	-11.644	184400000
chr1	184800000	185200000	3.64	-5.651	-10.548	184800000
chr1	185200000	185600000	3.182	-5.963	-9.464	185200000
chr1	185600000	186000000	2.487	-6.352	-9.154	185600000
chr1	186000000	186400000	1.664	-7.073	-9.133	186000000
chr1	186400000	186800000	1.466	-7.76	-8.265	186400000
chr1	186800000	187200000	1.602	-7.968	-8.785	186800000
chr1	187200000	187600000	2.175	-7.533	-9.209	187200000
chr1	187600000	188000000	2.748	-7.454	-8.966	187600000
chr1	188000000	188400000	2.32	-8.024	-9.304	188000000
chr1	188400000	188800000	3.003	-8.046	-8.97	188400000
chr1	188800000	189200000	3.777	-7.731	-9.5	188800000
chr1	189200000	189600000	4.494	-7.153	-8.767	189200000
chr1	189600000	190000000	5.052	-6.297	-9.789	189600000
chr1	190000000	190400000	6.107	-6.702	-10.315	190000000
chr1	190400000	190800000	6.302	-5.495	-10.859	190400000
chr1	190800000	191200000	6.44	-5.606	-10.269	190800000
chr1	191200000	191600000	5.597	-4.856	-10.069	191200000
chr1	191600000	192000000	5.589	-5.027	-10.907	191600000
chr1	192000000	192400000	6.02	-4.389	-11.123	192000000
chr1	192400000	192800000	7.092	-3.118	-11.211	192400000
chr1	192800000	193200000	6.482	-2.787	-10.875	192800000
chr1	193200000	193600000	6.05	-3.551	-10.543	193200000
chr1	193600000	194000000	5.478	-5.656	-10.713	193600000
chr1	194000000	194400000	5.28	-6.47	-11.362	194000000
chr1	194400000	194800000	4.671	-6.781	-11.565	194400000
chr1	194800000	195200000	4.842	-7.566	-10.747	194800000
chr1	195200000	195600000	4.309	-8.141	-8.896	195200000
