chr9	3000000	4000000	-5.951	3.79	-0.202	3000000
chr9	4000000	5000000	-6.184	2.662	-0.593	4000000
chr9	5000000	6000000	-6.294	2.386	-1.182	5000000
chr9	6000000	7000000	-6.759	1.971	-1.073	6000000
chr9	7000000	8000000	-7.44	2.049	-0.586	7000000
chr9	8000000	9000000	-7.287	1.219	-0.345	8000000
chr9	9000000	10000000	-7.509	1.064	-0.025	9000000
chr9	10000000	11000000	-6.894	1.763	0.675	10000000
chr9	11000000	12000000	-6.495	2.412	1.131	11000000
chr9	12000000	13000000	-5.717	2.956	1.853	12000000
chr9	13000000	14000000	-6.509	3.045	2.033	13000000
chr9	14000000	15000000	-6.872	2.58	2.373	14000000
chr9	15000000	16000000	-7.652	1.884	1.774	15000000
chr9	16000000	17000000	-8.073	0.948	0.729	16000000
chr9	17000000	18000000	-8.459	-0.004	0.36	17000000
chr9	18000000	19000000	-9.086	0.133	0.67	18000000
chr9	19000000	20000000	-9.056	0.189	1.312	19000000
chr9	20000000	21000000	-8.848	0.946	1.175	20000000
chr9	21000000	22000000	-7.874	0.396	0.874	21000000
chr9	22000000	23000000	-7.221	0.002	1.241	22000000
chr9	23000000	24000000	-7.772	0.516	1.832	23000000
chr9	24000000	25000000	-7.938	1.699	2.195	24000000
chr9	25000000	26000000	-8.474	1.859	1.982	25000000
chr9	26000000	27000000	-7.438	2.186	1.548	26000000
chr9	27000000	28000000	-6.598	1.745	1.713	27000000
chr9	28000000	29000000	-6.145	1.243	2.328	28000000
chr9	29000000	30000000	-5.536	1.356	3.275	29000000
chr9	30000000	31000000	-5.496	0.514	2.922	30000000
chr9	31000000	32000000	-5.755	-0.227	2.457	31000000
chr9	32000000	33000000	-7.027	-0.251	2.324	32000000
chr9	33000000	34000000	-7.968	-0.798	2.096	33000000
chr9	34000000	35000000	-8.808	-0.868	1.688	34000000
chr9	35000000	36000000	-8.507	-1.371	1.45	35000000
chr9	36000000	37000000	-7.337	-0.985	1.253	36000000
chr9	37000000	38000000	-6.37	-0.484	1.33	37000000
chr9	38000000	39000000	-6.175	1.009	1.149	38000000
chr9	39000000	40000000	-5.46	1.649	0.648	39000000
chr9	40000000	41000000	-5.0	2.56	1.121	40000000
chr9	41000000	42000000	-5.067	2.163	1.677	41000000
chr9	42000000	43000000	-5.054	1.41	2.42	42000000
chr9	43000000	44000000	-5.466	1.725	2.744	43000000
chr9	44000000	45000000	-5.551	1.921	3.316	44000000
chr9	45000000	46000000	-5.466	1.164	3.572	45000000
chr9	46000000	47000000	-5.975	-0.136	3.614	46000000
chr9	47000000	48000000	-5.77	-0.835	3.948	47000000
chr9	48000000	49000000	-6.061	-0.399	2.869	48000000
chr9	49000000	50000000	-5.8	0.513	1.89	49000000
chr9	50000000	51000000	-5.588	0.795	0.434	50000000
chr9	51000000	52000000	-5.196	0.271	-0.155	51000000
chr9	52000000	53000000	-4.464	0.152	0.991	52000000
chr9	53000000	54000000	-4.465	-0.076	1.336	53000000
chr9	54000000	55000000	-5.042	-0.396	0.829	54000000
chr9	55000000	56000000	-5.681	-1.201	0.458	55000000
chr9	56000000	57000000	-5.699	-1.936	0.804	56000000
chr9	57000000	58000000	-5.532	-2.47	1.545	57000000
chr9	58000000	59000000	-5.685	-1.599	2.786	58000000
chr9	59000000	60000000	-6.062	-1.313	4.234	59000000
chr9	60000000	61000000	-7.496	0.439	5.3	60000000
chr9	61000000	62000000	-7.428	1.429	5.239	61000000
chr9	62000000	63000000	-6.347	1.562	4.736	62000000
chr9	63000000	64000000	-7.295	0.304	3.439	63000000
chr9	64000000	65000000	-6.979	-0.791	2.698	64000000
chr9	65000000	66000000	-6.27	-1.855	1.714	65000000
chr9	66000000	67000000	-5.712	-2.72	0.204	66000000
chr9	67000000	68000000	-5.676	-2.735	-0.631	67000000
chr9	68000000	69000000	-5.813	-2.669	-1.171	68000000
chr9	69000000	70000000	-5.31	-2.632	-1.989	69000000
chr9	70000000	71000000	-5.165	-1.864	-1.064	70000000
chr9	71000000	72000000	-5.477	-1.024	-0.112	71000000
chr9	72000000	73000000	-6.268	0.0	1.103	72000000
chr9	73000000	74000000	-6.885	0.755	1.882	73000000
chr9	74000000	75000000	-8.027	1.105	2.881	74000000
chr9	75000000	76000000	-8.579	0.503	2.798	75000000
chr9	76000000	77000000	-8.409	-0.051	3.391	76000000
chr9	77000000	78000000	-8.915	0.994	3.773	77000000
chr9	78000000	79000000	-8.173	1.048	3.972	78000000
chr9	79000000	80000000	-6.938	1.113	4.018	79000000
chr9	80000000	81000000	-5.946	1.635	4.556	80000000
chr9	81000000	82000000	-6.055	2.629	4.416	81000000
chr9	82000000	83000000	-5.245	2.921	4.551	82000000
chr9	83000000	84000000	-5.648	3.029	3.472	83000000
chr9	84000000	85000000	-6.656	2.825	3.349	84000000
chr9	85000000	86000000	-7.436	2.342	3.279	85000000
chr9	86000000	87000000	-7.945	2.177	3.689	86000000
chr9	87000000	88000000	-8.214	1.551	4.53	87000000
chr9	88000000	89000000	-8.507	0.74	5.702	88000000
chr9	89000000	90000000	-8.363	1.067	6.351	89000000
chr9	90000000	91000000	-8.907	0.295	6.608	90000000
chr9	91000000	92000000	-8.821	-0.51	6.095	91000000
chr9	92000000	93000000	-9.171	-0.478	5.446	92000000
chr9	93000000	94000000	-9.261	-0.482	4.356	93000000
chr9	94000000	95000000	-9.711	0.178	4.812	94000000
chr9	95000000	96000000	-9.485	0.812	4.814	95000000
chr9	96000000	97000000	-8.769	1.508	4.492	96000000
chr9	97000000	98000000	-6.741	2.159	5.302	97000000
chr9	98000000	99000000	-7.381	2.284	4.592	98000000
chr9	99000000	100000000	-6.894	1.676	4.162	99000000
chr9	100000000	101000000	-6.709	0.385	3.643	100000000
chr9	101000000	102000000	-6.85	0.422	4.297	101000000
chr9	102000000	103000000	-6.734	0.374	5.143	102000000
chr9	103000000	104000000	-6.625	-0.565	4.748	103000000
chr9	104000000	105000000	-7.109	-1.141	3.672	104000000
chr9	105000000	106000000	-7.695	-1.336	3.358	105000000
chr9	106000000	107000000	-7.654	-1.82	2.96	106000000
chr9	107000000	108000000	-6.756	-2.055	2.336	107000000
chr9	108000000	109000000	-6.612	-2.151	1.182	108000000
chr9	109000000	110000000	-7.088	-2.475	1.005	109000000
chr9	110000000	111000000	-7.709	-2.783	1.468	110000000
chr9	111000000	112000000	-7.529	-1.494	1.092	111000000
chr9	112000000	113000000	-8.362	-2.409	1.224	112000000
chr9	113000000	114000000	-9.103	-2.274	1.557	113000000
chr9	114000000	115000000	-8.702	-2.518	2.109	114000000
chr9	115000000	116000000	-8.27	-1.799	3.878	115000000
chr9	116000000	117000000	-8.576	-1.05	3.595	116000000
chr9	117000000	118000000	-9.138	-0.308	2.901	117000000
chr9	118000000	119000000	-9.396	-0.938	2.618	118000000
chr9	119000000	120000000	-8.549	-1.729	2.482	119000000
chr9	120000000	121000000	-7.426	-2.382	3.368	120000000
chr9	121000000	122000000	-7.287	-3.197	3.844	121000000
chr9	122000000	123000000	-7.313	-3.519	3.877	122000000
chr9	123000000	124000000	-7.763	-2.983	3.416	123000000
chr9	124000000	125000000	-6.718	-3.316	3.039	124000000
