chr1	2800000	3200000	-5.144	-6.977	0.062	2800000
chr1	3200000	3600000	-4.497	-6.27	0.79	3200000
chr1	3600000	4000000	-4.486	-5.837	0.313	3600000
chr1	4000000	4400000	-5.668	-5.43	0.475	4000000
chr1	4400000	4800000	-5.652	-4.632	-0.28	4400000
chr1	4800000	5200000	-6.277	-4.468	-1.496	4800000
chr1	5200000	5600000	-6.72	-4.474	-1.23	5200000
chr1	5600000	6000000	-6.823	-4.495	-0.019	5600000
chr1	6000000	6400000	-6.156	-5.362	-0.369	6000000
chr1	6400000	6800000	-5.107	-4.513	-0.258	6400000
chr1	6800000	7200000	-3.921	-4.676	0.186	6800000
chr1	7200000	7600000	-3.689	-4.373	1.009	7200000
chr1	7600000	8000000	-2.625	-3.547	0.973	7600000
chr1	8000000	8400000	-1.73	-3.268	0.122	8000000
chr1	8400000	8800000	-2.808	-3.415	-0.332	8400000
chr1	8800000	9200000	-2.189	-3.966	-0.359	8800000
chr1	9200000	9600000	-2.085	-3.215	-0.963	9200000
chr1	9600000	10000000	-3.178	-2.796	-0.108	9600000
chr1	10000000	10400000	-4.206	-2.328	-0.586	10000000
chr1	10400000	10800000	-3.739	-2.701	-0.385	10400000
chr1	10800000	11200000	-3.809	-2.248	-0.602	10800000
chr1	11200000	11600000	-4.414	-1.283	-0.167	11200000
chr1	11600000	12000000	-4.07	-1.368	-0.169	11600000
chr1	12000000	12400000	-3.683	-1.58	-1.267	12000000
chr1	12400000	12800000	-3.586	-1.288	-1.586	12400000
chr1	12800000	13200000	-3.628	-1.403	-1.924	12800000
chr1	13200000	13600000	-4.207	-0.697	-1.64	13200000
chr1	13600000	14000000	-3.629	0.12	-2.578	13600000
chr1	14000000	14400000	-2.72	-0.342	-2.817	14000000
chr1	14400000	14800000	-2.184	-0.259	-3.314	14400000
chr1	14800000	15200000	-2.815	0.809	-2.985	14800000
chr1	15200000	15600000	-1.621	0.033	-3.129	15200000
chr1	15600000	16000000	-1.541	0.114	-3.029	15600000
chr1	16000000	16400000	-2.284	1.347	-3.531	16000000
chr1	16400000	16800000	-1.736	0.96	-4.443	16400000
chr1	16800000	17200000	-0.438	0.76	-4.064	16800000
chr1	17200000	17600000	0.245	0.105	-3.036	17200000
chr1	17600000	18000000	0.167	0.054	-3.283	17600000
chr1	18000000	18400000	0.972	0.602	-3.441	18000000
chr1	18400000	18800000	2.681	1.817	-3.257	18400000
chr1	18800000	19200000	3.842	2.844	-2.708	18800000
chr1	19200000	19600000	3.681	2.488	-2.923	19200000
chr1	19600000	20000000	3.055	3.49	-3.79	19600000
chr1	20000000	20400000	1.919	3.447	-4.394	20000000
chr1	20400000	20800000	1.197	3.01	-3.912	20400000
chr1	20800000	21200000	0.544	2.594	-3.367	20800000
chr1	21200000	21600000	-1.708	2.25	-2.456	21200000
chr1	21600000	22000000	-1.905	1.865	-1.183	21600000
chr1	22000000	22400000	-1.207	0.964	-0.397	22000000
chr1	22400000	22800000	-0.826	1.496	-0.736	22400000
chr1	22800000	23200000	-0.522	0.882	-0.367	22800000
chr1	23200000	23600000	-1.298	0.052	-0.176	23200000
chr1	23600000	24000000	-0.748	-0.273	-0.336	23600000
chr1	24000000	24400000	-0.772	-0.954	-0.465	24000000
chr1	24400000	24800000	-1.629	-1.379	-0.139	24400000
chr1	24800000	25200000	-2.612	-1.983	0.136	24800000
chr1	25200000	25600000	-2.434	-2.216	1.162	25200000
chr1	25600000	26000000	-2.528	-2.366	1.365	25600000
chr1	26000000	26400000	-1.64	-1.617	2.224	26000000
chr1	26400000	26800000	-1.77	-1.211	2.392	26400000
chr1	26800000	27200000	-1.722	-1.672	2.396	26800000
chr1	27200000	27600000	-1.986	-2.944	2.342	27200000
chr1	27600000	28000000	-1.466	-3.565	1.977	27600000
chr1	28000000	28400000	-1.382	-3.551	1.544	28000000
chr1	28400000	28800000	-0.889	-2.671	1.586	28400000
chr1	28800000	29200000	-0.284	-2.232	1.807	28800000
chr1	29200000	29600000	-0.037	-1.435	1.625	29200000
chr1	29600000	30000000	0.13	-1.144	0.8	29600000
chr1	30000000	30400000	-0.598	-1.902	-0.32	30000000
chr1	30400000	30800000	-0.819	-2.374	-1.291	30400000
chr1	30800000	31200000	-1.44	-1.965	-1.815	30800000
chr1	31200000	31600000	-2.16	-1.24	-1.608	31200000
chr1	31600000	32000000	-2.502	-0.099	-1.38	31600000
chr1	32000000	32400000	-2.152	0.526	-1.744	32000000
chr1	32400000	32800000	-2.398	0.086	-1.542	32400000
chr1	32800000	33200000	-3.04	0.67	-2.063	32800000
chr1	33200000	33600000	-2.929	1.407	-1.543	33200000
chr1	33600000	34000000	-2.748	1.873	-1.752	33600000
chr1	34000000	34400000	-2.528	1.825	-1.462	34000000
chr1	34400000	34800000	-2.3	1.687	-2.34	34400000
chr1	34800000	35200000	-1.532	1.797	-3.671	34800000
chr1	35200000	35600000	-1.677	-0.348	-2.97	35200000
chr1	35600000	36000000	-2.014	0.488	-3.474	35600000
chr1	36000000	36400000	-1.442	1.4	-3.47	36000000
chr1	36400000	36800000	-2.327	2.59	-2.822	36400000
chr1	36800000	37200000	-2.257	3.599	-1.92	36800000
chr1	37200000	37600000	-2.052	4.094	-1.923	37200000
chr1	37600000	38000000	-2.598	3.869	-2.129	37600000
chr1	38000000	38400000	-2.547	4.164	-1.614	38000000
chr1	38400000	38800000	-2.204	3.948	-0.934	38400000
chr1	38800000	39200000	-2.25	4.139	-0.02	38800000
chr1	39200000	39600000	-2.092	3.327	-0.107	39200000
chr1	39600000	40000000	-2.136	2.44	-0.288	39600000
chr1	40000000	40400000	-2.521	2.159	0.0	40000000
chr1	40400000	40800000	-3.665	1.506	0.011	40400000
chr1	40800000	41200000	-3.528	1.148	1.294	40800000
chr1	41200000	41600000	-2.69	0.777	1.491	41200000
chr1	41600000	42000000	-2.639	0.198	1.613	41600000
chr1	42000000	42400000	-2.48	0.438	1.35	42000000
chr1	42400000	42800000	-2.885	0.154	1.567	42400000
chr1	42800000	43200000	-2.337	0.015	0.602	42800000
chr1	43200000	43600000	-3.584	0.053	0.268	43200000
chr1	43600000	44000000	-4.097	0.722	0.36	43600000
chr1	44000000	44400000	-4.139	-0.084	1.138	44000000
chr1	44400000	44800000	-2.91	-0.841	0.184	44400000
chr1	44800000	45200000	-1.8	-0.532	0.456	44800000
chr1	45200000	45600000	-1.312	-1.497	0.623	45200000
chr1	45600000	46000000	-1.573	-1.246	0.651	45600000
chr1	46000000	46400000	-2.504	-1.071	-0.199	46000000
chr1	46400000	46800000	-2.333	-1.416	-0.986	46400000
chr1	46800000	47200000	-2.281	-0.189	-1.309	46800000
chr1	47200000	47600000	-1.497	-0.048	-1.403	47200000
chr1	47600000	48000000	-0.823	-1.058	-2.122	47600000
chr1	48000000	48400000	-0.137	-0.427	-1.721	48000000
chr1	48400000	48800000	1.001	0.361	-1.946	48400000
chr1	48800000	49200000	-0.133	0.452	-1.719	48800000
chr1	49200000	49600000	-0.596	-0.713	-1.925	49200000
chr1	49600000	50000000	-0.169	0.234	-1.776	49600000
chr1	50000000	50400000	1.387	0.766	-1.842	50000000
chr1	50400000	50800000	2.776	2.067	-0.786	50400000
chr1	50800000	51200000	-0.14	0.741	-2.024	50800000
chr1	51200000	51600000	-1.193	0.833	-1.779	51200000
chr1	51600000	52000000	-0.969	2.304	-2.667	51600000
chr1	52000000	52400000	-1.12	2.521	-2.163	52000000
chr1	52400000	52800000	-1.385	2.044	-2.102	52400000
chr1	52800000	53200000	-1.298	1.245	-2.3	52800000
chr1	53200000	53600000	-0.414	1.466	-1.835	53200000
chr1	53600000	54000000	-0.231	1.345	-2.521	53600000
chr1	54000000	54400000	0.107	1.745	-3.084	54000000
chr1	54400000	54800000	-0.716	2.317	-3.266	54400000
chr1	54800000	55200000	-0.69	3.337	-3.213	54800000
chr1	55200000	55600000	-0.297	3.464	-3.242	55200000
chr1	55600000	56000000	-0.06	3.015	-3.186	55600000
chr1	56000000	56400000	0.673	2.742	-3.069	56000000
chr1	56400000	56800000	0.015	2.562	-2.303	56400000
chr1	56800000	57200000	0.047	3.725	-2.014	56800000
chr1	57200000	57600000	-0.805	3.47	-2.336	57200000
chr1	57600000	58000000	-0.317	3.391	-3.532	57600000
chr1	58000000	58400000	0.298	3.248	-3.275	58000000
chr1	58400000	58800000	-0.168	3.59	-4.631	58400000
chr1	58800000	59200000	-0.931	4.084	-5.944	58800000
chr1	59200000	59600000	-0.292	3.016	-5.18	59200000
chr1	59600000	60000000	0.812	2.781	-6.379	59600000
chr1	60000000	60400000	0.922	3.359	-7.17	60000000
chr1	60400000	60800000	-2.262	3.979	-7.081	60400000
chr1	60800000	61200000	-3.695	3.943	-6.439	60800000
chr1	61200000	61600000	-3.9	3.363	-6.026	61200000
chr1	61600000	62000000	-2.778	2.693	-6.404	61600000
chr1	62000000	62400000	-2.97	2.906	-7.187	62000000
chr1	62400000	62800000	-3.605	2.67	-7.277	62400000
chr1	62800000	63200000	-3.727	2.245	-6.545	62800000
chr1	63200000	63600000	-2.56	3.199	-6.441	63200000
chr1	63600000	64000000	0.479	3.663	-6.45	63600000
chr1	64000000	64400000	1.798	4.373	-6.066	64000000
chr1	64400000	64800000	2.111	3.768	-6.396	64400000
chr1	64800000	65200000	1.584	3.503	-6.489	64800000
chr1	65200000	65600000	1.48	3.134	-5.398	65200000
chr1	65600000	66000000	1.579	1.179	-4.139	65600000
chr1	66000000	66400000	0.673	0.996	-4.136	66000000
chr1	66400000	66800000	-0.235	-0.05	-3.213	66400000
chr1	66800000	67200000	0.649	1.792	-4.403	66800000
chr1	67200000	67600000	1.448	2.841	-4.348	67200000
chr1	67600000	68000000	1.926	4.347	-3.813	67600000
chr1	68000000	68400000	2.301	3.843	-3.257	68000000
chr1	68400000	68800000	1.987	3.577	-3.216	68400000
chr1	68800000	69200000	1.441	3.558	-3.03	68800000
chr1	69200000	69600000	1.917	3.913	-3.028	69200000
chr1	69600000	70000000	0.912	5.623	-3.259	69600000
chr1	70000000	70400000	0.636	5.771	-2.763	70000000
chr1	70400000	70800000	1.32	5.211	-1.82	70400000
chr1	70800000	71200000	1.617	5.278	-2.284	70800000
chr1	71200000	71600000	2.168	4.825	-1.757	71200000
chr1	71600000	72000000	2.168	5.986	-2.077	71600000
chr1	72000000	72400000	0.243	5.792	-2.311	72000000
chr1	72400000	72800000	0.334	5.015	-2.295	72400000
chr1	72800000	73200000	0.286	5.142	-2.926	72800000
chr1	73200000	73600000	-0.537	5.067	-4.054	73200000
chr1	73600000	74000000	-0.869	5.439	-4.565	73600000
chr1	74000000	74400000	0.091	6.047	-4.579	74000000
chr1	74400000	74800000	0.976	6.017	-6.401	74400000
chr1	74800000	75200000	1.685	5.272	-7.298	74800000
chr1	75200000	75600000	0.67	5.604	-6.866	75200000
chr1	75600000	76000000	0.084	6.135	-6.254	75600000
chr1	76000000	76400000	0.64	6.248	-5.38	76000000
chr1	76400000	76800000	1.163	7.509	-4.975	76400000
chr1	76800000	77200000	0.793	6.224	-4.597	76800000
chr1	77200000	77600000	0.072	6.69	-3.852	77200000
chr1	77600000	78000000	1.358	6.454	-4.043	77600000
chr1	78000000	78400000	1.55	5.494	-4.002	78000000
chr1	78400000	78800000	1.801	6.314	-3.735	78400000
chr1	78800000	79200000	1.253	7.123	-2.505	78800000
chr1	79200000	79600000	0.805	7.008	-2.14	79200000
chr1	79600000	80000000	0.067	6.734	-2.397	79600000
chr1	80000000	80400000	-0.369	7.947	-1.997	80000000
chr1	80400000	80800000	-1.383	7.998	-2.24	80400000
chr1	80800000	81200000	-0.524	7.516	-2.798	80800000
chr1	81200000	81600000	0.873	7.817	-3.278	81200000
chr1	81600000	82000000	1.01	8.069	-3.867	81600000
chr1	82000000	82400000	0.467	7.769	-3.899	82000000
chr1	82400000	82800000	0.752	7.33	-4.515	82400000
chr1	82800000	83200000	0.899	5.9	-5.126	82800000
chr1	83200000	83600000	2.274	5.969	-6.111	83200000
chr1	83600000	84000000	2.473	5.497	-4.888	83600000
chr1	84000000	84400000	1.218	4.699	-6.062	84000000
chr1	84400000	84800000	1.981	4.449	-5.905	84400000
chr1	84800000	85200000	2.558	4.323	-5.922	84800000
chr1	85200000	85600000	2.56	4.132	-6.462	85200000
chr1	85600000	86000000	4.456	4.335	-6.311	85600000
chr1	86000000	86400000	4.476	3.449	-6.388	86000000
chr1	86400000	86800000	3.998	2.462	-7.029	86400000
chr1	86800000	87200000	3.569	2.637	-8.003	86800000
chr1	87200000	87600000	3.48	3.57	-7.96	87200000
chr1	87600000	88000000	3.169	3.188	-7.945	87600000
chr1	88000000	88400000	3.149	3.726	-7.144	88000000
chr1	88400000	88800000	2.078	2.868	-6.476	88400000
chr1	88800000	89200000	1.149	2.799	-6.041	88800000
chr1	89200000	89600000	-1.28	3.618	-4.849	89200000
chr1	89600000	90000000	-0.167	3.589	-5.359	89600000
chr1	90000000	90400000	-0.09	3.633	-5.277	90000000
chr1	90400000	90800000	-0.827	3.41	-5.146	90400000
chr1	90800000	91200000	-1.231	2.998	-4.679	90800000
chr1	91200000	91600000	-1.757	3.596	-4.319	91200000
chr1	91600000	92000000	-1.385	4.149	-3.414	91600000
chr1	92000000	92400000	-2.151	4.248	-3.092	92000000
chr1	92400000	92800000	-1.535	4.163	-2.982	92400000
chr1	92800000	93200000	-1.123	4.279	-3.003	92800000
chr1	93200000	93600000	-1.225	5.494	-3.394	93200000
chr1	93600000	94000000	-0.293	4.793	-3.05	93600000
chr1	94000000	94400000	0.318	4.66	-4.038	94000000
chr1	94400000	94800000	0.793	4.036	-4.487	94400000
chr1	94800000	95200000	0.854	4.363	-3.319	94800000
chr1	95200000	95600000	1.236	4.527	-4.347	95200000
chr1	95600000	96000000	1.384	4.256	-4.719	95600000
chr1	96000000	96400000	1.637	5.132	-4.502	96000000
chr1	96400000	96800000	2.247	4.84	-4.474	96400000
chr1	96800000	97200000	1.62	4.463	-5.444	96800000
chr1	97200000	97600000	0.686	5.559	-5.199	97200000
chr1	97600000	98000000	0.164	6.903	-4.366	97600000
chr1	98000000	98400000	0.487	7.65	-5.281	98000000
chr1	98400000	98800000	1.591	8.77	-5.986	98400000
chr1	98800000	99200000	1.585	9.894	-6.615	98800000
chr1	99200000	99600000	1.182	9.574	-6.165	99200000
chr1	99600000	100000000	1.152	9.562	-7.401	99600000
chr1	100000000	100400000	1.997	8.71	-8.07	100000000
chr1	100400000	100800000	1.635	8.524	-9.16	100400000
chr1	100800000	101200000	1.322	9.244	-8.963	100800000
chr1	101200000	101600000	1.744	10.157	-8.521	101200000
chr1	101600000	102000000	0.962	9.828	-8.259	101600000
chr1	102000000	102400000	0.115	9.27	-9.117	102000000
chr1	102400000	102800000	0.136	10.013	-9.313	102400000
chr1	102800000	103200000	0.511	8.667	-9.521	102800000
chr1	103200000	103600000	-0.706	8.937	-9.779	103200000
chr1	103600000	104000000	-1.573	9.274	-9.15	103600000
chr1	104000000	104400000	-1.114	9.176	-8.462	104000000
chr1	104400000	104800000	-0.371	7.995	-9.051	104400000
chr1	104800000	105200000	-1.087	7.412	-9.081	104800000
chr1	105200000	105600000	-1.298	8.298	-8.568	105200000
chr1	105600000	106000000	-0.712	7.73	-9.283	105600000
chr1	106000000	106400000	0.391	7.433	-9.146	106000000
chr1	106400000	106800000	0.146	8.183	-8.39	106400000
chr1	106800000	107200000	0.463	8.113	-7.765	106800000
chr1	107200000	107600000	0.524	6.824	-7.341	107200000
chr1	107600000	108000000	0.705	6.851	-6.751	107600000
chr1	108000000	108400000	2.153	6.78	-5.55	108000000
chr1	108400000	108800000	1.799	6.134	-5.768	108400000
chr1	108800000	109200000	2.43	6.896	-5.408	108800000
chr1	109200000	109600000	1.827	7.924	-5.953	109200000
chr1	109600000	110000000	1.669	7.862	-6.782	109600000
chr1	110000000	110400000	1.182	7.648	-6.243	110000000
chr1	110400000	110800000	1.927	7.26	-6.287	110400000
chr1	110800000	111200000	2.951	6.327	-6.047	110800000
chr1	111200000	111600000	3.118	5.721	-7.027	111200000
chr1	111600000	112000000	2.347	5.995	-7.087	111600000
chr1	112000000	112400000	2.724	6.984	-8.065	112000000
chr1	112400000	112800000	1.995	6.595	-8.747	112400000
chr1	112800000	113200000	2.793	6.504	-8.102	112800000
chr1	113200000	113600000	2.277	5.129	-8.346	113200000
chr1	113600000	114000000	2.386	5.861	-8.272	113600000
chr1	114000000	114400000	1.87	6.25	-9.336	114000000
chr1	114400000	114800000	3.094	5.261	-8.424	114400000
chr1	114800000	115200000	3.289	3.672	-9.065	114800000
chr1	115200000	115600000	2.599	4.184	-9.017	115200000
chr1	115600000	116000000	3.038	4.11	-8.636	115600000
chr1	116000000	116400000	2.308	4.851	-8.439	116000000
chr1	116400000	116800000	2.029	5.085	-9.722	116400000
chr1	116800000	117200000	1.783	5.025	-10.112	116800000
chr1	117200000	117600000	0.9	4.155	-10.377	117200000
chr1	117600000	118000000	1.812	4.51	-10.635	117600000
chr1	118000000	118400000	0.813	4.426	-11.141	118000000
chr1	118400000	118800000	0.461	5.708	-10.54	118400000
chr1	118800000	119200000	0.825	5.068	-9.429	118800000
chr1	119200000	119600000	0.703	5.7	-8.341	119200000
chr1	119600000	120000000	0.324	5.331	-7.908	119600000
chr1	120000000	120400000	-0.754	5.969	-7.725	120000000
chr1	120400000	120800000	-1.617	5.752	-7.633	120400000
chr1	120800000	121200000	-1.745	5.321	-7.886	120800000
chr1	121200000	121600000	-1.413	5.271	-8.541	121200000
chr1	121600000	122000000	-1.694	4.438	-7.899	121600000
chr1	122000000	122400000	-1.143	4.522	-6.555	122000000
chr1	122400000	122800000	0.156	4.216	-6.212	122400000
chr1	122800000	123200000	1.12	4.219	-7.284	122800000
chr1	123200000	123600000	1.245	3.37	-9.72	123200000
chr1	123600000	124000000	0.162	4.279	-10.254	123600000
chr1	124000000	124400000	-0.712	3.995	-10.443	124000000
chr1	124400000	124800000	-0.736	4.633	-9.544	124400000
chr1	124800000	125200000	-0.69	5.426	-9.572	124800000
chr1	125200000	125600000	0.871	5.106	-9.182	125200000
chr1	125600000	126000000	-0.029	5.895	-9.048	125600000
chr1	126000000	126400000	-0.752	6.066	-9.758	126000000
chr1	126400000	126800000	0.13	6.289	-10.513	126400000
chr1	126800000	127200000	0.63	7.238	-9.754	126800000
chr1	127200000	127600000	1.161	6.767	-8.859	127200000
chr1	127600000	128000000	0.725	6.809	-8.142	127600000
chr1	128000000	128400000	-1.098	6.815	-6.51	128000000
chr1	128400000	128800000	-0.263	7.365	-5.368	128400000
chr1	128800000	129200000	-0.367	7.831	-4.807	128800000
chr1	129200000	129600000	-0.187	8.828	-4.096	129200000
chr1	129600000	130000000	-0.652	8.676	-3.09	129600000
chr1	130000000	130400000	0.322	8.5	-2.313	130000000
chr1	130400000	130800000	0.269	9.332	-3.196	130400000
chr1	130800000	131200000	0.528	8.236	-2.347	130800000
chr1	131200000	131600000	-0.444	7.399	-2.921	131200000
chr1	131600000	132000000	-0.637	6.653	-3.08	131600000
chr1	132000000	132400000	-0.863	6.686	-3.035	132000000
chr1	132400000	132800000	-1.106	5.878	-2.868	132400000
chr1	132800000	133200000	-1.406	5.024	-3.512	132800000
chr1	133200000	133600000	-1.865	5.188	-4.452	133200000
chr1	133600000	134000000	-2.443	4.652	-4.601	133600000
chr1	134000000	134400000	-0.878	4.945	-5.994	134000000
chr1	134400000	134800000	-0.887	5.161	-6.797	134400000
chr1	134800000	135200000	-0.394	5.132	-7.061	134800000
chr1	135200000	135600000	-1.377	5.61	-6.079	135200000
chr1	135600000	136000000	-2.199	4.601	-5.97	135600000
chr1	136000000	136400000	-2.491	5.067	-6.75	136000000
chr1	136400000	136800000	-3.081	4.451	-5.866	136400000
chr1	136800000	137200000	-3.417	4.929	-5.832	136800000
chr1	137200000	137600000	-4.22	4.05	-6.11	137200000
chr1	137600000	138000000	-4.369	3.836	-7.805	137600000
chr1	138000000	138400000	-4.159	3.862	-8.296	138000000
chr1	138400000	138800000	-3.686	3.813	-7.208	138400000
chr1	138800000	139200000	-3.61	3.958	-7.833	138800000
chr1	139200000	139600000	-3.125	4.158	-7.967	139200000
chr1	139600000	140000000	-3.102	4.09	-8.338	139600000
chr1	140000000	140400000	-2.922	3.799	-8.831	140000000
chr1	140400000	140800000	-2.543	3.319	-8.534	140400000
chr1	140800000	141200000	-1.922	3.181	-9.09	140800000
chr1	141200000	141600000	-1.829	2.503	-9.575	141200000
chr1	141600000	142000000	-0.751	1.85	-9.658	141600000
chr1	142000000	142400000	-0.74	1.159	-8.76	142000000
chr1	142400000	142800000	-0.715	0.88	-8.286	142400000
chr1	142800000	143200000	-0.656	1.921	-9.152	142800000
chr1	143200000	143600000	0.232	2.093	-7.99	143200000
chr1	143600000	144000000	1.448	2.291	-8.456	143600000
chr1	144000000	144400000	1.555	2.221	-9.453	144000000
chr1	144400000	144800000	2.759	0.776	-9.419	144400000
chr1	144800000	145200000	2.775	-0.781	-9.533	144800000
chr1	145200000	145600000	2.581	-1.686	-10.764	145200000
chr1	145600000	146000000	3.381	-1.163	-11.038	145600000
chr1	146000000	146400000	4.127	-0.695	-10.599	146000000
chr1	146400000	146800000	1.839	1.589	-10.666	146400000
chr1	146800000	147200000	2.626	2.58	-10.973	146800000
chr1	147200000	147600000	2.878	2.581	-9.752	147200000
chr1	147600000	148000000	2.55	1.818	-8.93	147600000
chr1	148000000	148400000	3.038	2.285	-8.86	148000000
chr1	148400000	148800000	2.672	3.102	-10.068	148400000
chr1	148800000	149200000	1.398	2.501	-10.391	148800000
chr1	149200000	149600000	0.281	2.69	-10.78	149200000
chr1	149600000	150000000	0.349	3.09	-9.897	149600000
chr1	150000000	150400000	1.277	3.368	-8.894	150000000
chr1	150400000	150800000	1.49	3.194	-7.738	150400000
chr1	150800000	151200000	2.526	2.191	-7.853	150800000
chr1	151200000	151600000	1.769	1.83	-8.186	151200000
chr1	151600000	152000000	2.453	0.914	-7.545	151600000
chr1	152000000	152400000	2.026	0.069	-6.898	152000000
chr1	152400000	152800000	1.774	0.501	-6.444	152400000
chr1	152800000	153200000	1.504	1.597	-7.145	152800000
chr1	153200000	153600000	1.081	2.495	-8.082	153200000
chr1	153600000	154000000	1.056	3.4	-9.138	153600000
chr1	154000000	154400000	-0.422	4.543	-7.772	154000000
chr1	154400000	154800000	-0.513	4.173	-7.767	154400000
chr1	154800000	155200000	-0.832	4.703	-8.399	154800000
chr1	155200000	155600000	-0.41	3.334	-6.862	155200000
chr1	155600000	156000000	-1.763	3.609	-6.622	155600000
chr1	156000000	156400000	-2.111	3.811	-6.18	156000000
chr1	156400000	156800000	-2.836	4.506	-6.934	156400000
chr1	156800000	157200000	-2.38	4.44	-6.315	156800000
chr1	157200000	157600000	-1.53	3.653	-6.793	157200000
chr1	157600000	158000000	-1.303	3.108	-8.594	157600000
chr1	158000000	158400000	-0.575	3.603	-8.357	158000000
chr1	158400000	158800000	-0.466	4.027	-8.298	158400000
chr1	158800000	159200000	0.485	4.021	-8.232	158800000
chr1	159200000	159600000	0.569	4.76	-7.933	159200000
chr1	159600000	160000000	1.224	3.863	-8.299	159600000
chr1	160000000	160400000	1.197	3.618	-7.494	160000000
chr1	160400000	160800000	1.38	3.471	-8.571	160400000
chr1	160800000	161200000	2.303	3.588	-10.15	160800000
chr1	161200000	161600000	2.563	3.185	-9.921	161200000
chr1	161600000	162000000	3.585	2.627	-9.98	161600000
chr1	162000000	162400000	2.638	-0.344	-9.483	162000000
chr1	162400000	162800000	1.675	-1.244	-10.147	162400000
chr1	162800000	163200000	2.246	-1.968	-8.287	162800000
chr1	163200000	163600000	2.769	-1.141	-8.767	163200000
chr1	163600000	164000000	3.919	-0.14	-9.708	163600000
chr1	164000000	164400000	4.823	0.989	-9.017	164000000
chr1	164400000	164800000	4.194	1.632	-8.964	164400000
chr1	164800000	165200000	3.801	0.716	-9.708	164800000
chr1	165200000	165600000	3.643	1.229	-10.243	165200000
chr1	165600000	166000000	4.052	1.094	-9.269	165600000
chr1	166000000	166400000	4.678	0.623	-8.226	166000000
chr1	166400000	166800000	4.629	0.244	-7.488	166400000
chr1	166800000	167200000	5.279	0.453	-8.482	166800000
chr1	167200000	167600000	3.434	0.38	-8.133	167200000
chr1	167600000	168000000	2.698	0.296	-8.024	167600000
chr1	168000000	168400000	3.168	0.156	-7.537	168000000
chr1	168400000	168800000	2.286	0.286	-7.217	168400000
chr1	168800000	169200000	2.047	0.503	-6.629	168800000
chr1	169200000	169600000	1.808	0.52	-7.59	169200000
chr1	169600000	170000000	2.212	-0.182	-8.509	169600000
chr1	170000000	170400000	3.315	-0.462	-7.597	170000000
chr1	170400000	170800000	2.36	-1.271	-6.719	170400000
chr1	170800000	171200000	3.307	-0.729	-5.874	170800000
chr1	171200000	171600000	4.905	-1.587	-7.045	171200000
chr1	171600000	172000000	4.279	-3.292	-6.515	171600000
chr1	172000000	172400000	4.587	-4.51	-5.66	172000000
chr1	172400000	172800000	3.304	-5.211	-5.377	172400000
chr1	172800000	173200000	2.457	-5.955	-5.386	172800000
chr1	173200000	173600000	2.5	-6.143	-6.074	173200000
chr1	173600000	174000000	1.648	-6.095	-5.867	173600000
chr1	174000000	174400000	2.873	-3.491	-9.971	174000000
chr1	174400000	174800000	2.733	-2.655	-10.3	174400000
chr1	174800000	175200000	2.42	-1.007	-9.968	174800000
chr1	175200000	175600000	1.649	0.038	-9.946	175200000
chr1	175600000	176000000	1.969	0.708	-9.692	175600000
chr1	176000000	176400000	2.527	1.18	-8.449	176000000
chr1	176400000	176800000	1.122	1.516	-8.653	176400000
chr1	176800000	177200000	1.263	1.331	-7.762	176800000
chr1	177200000	177600000	0.666	1.451	-8.614	177200000
chr1	177600000	178000000	0.138	2.018	-9.299	177600000
chr1	178000000	178400000	-0.139	2.088	-8.045	178000000
chr1	178400000	178800000	-1.193	2.27	-7.693	178400000
chr1	178800000	179200000	-1.082	2.498	-7.047	178800000
chr1	179200000	179600000	-0.898	2.794	-7.152	179200000
chr1	179600000	180000000	-1.44	2.777	-7.677	179600000
chr1	180000000	180400000	-0.486	2.277	-6.832	180000000
chr1	180400000	180800000	0.379	1.594	-6.599	180400000
chr1	180800000	181200000	3.289	0.593	-5.932	180800000
chr1	181200000	181600000	4.065	0.805	-5.598	181200000
chr1	181600000	182000000	3.005	-0.164	-5.483	181600000
chr1	182000000	182400000	3.283	-0.498	-5.815	182000000
chr1	182400000	182800000	4.992	-0.273	-5.717	182400000
chr1	182800000	183200000	5.633	-0.517	-7.549	182800000
chr1	183200000	183600000	5.021	-1.538	-7.783	183200000
chr1	183600000	184000000	4.78	-1.279	-8.746	183600000
chr1	184000000	184400000	4.992	-0.63	-9.419	184000000
chr1	184400000	184800000	4.154	-1.374	-9.165	184400000
chr1	184800000	185200000	3.543	-2.081	-9.571	184800000
chr1	185200000	185600000	3.576	-3.565	-7.809	185200000
chr1	185600000	186000000	3.376	-3.61	-8.088	185600000
chr1	186000000	186400000	3.026	-3.511	-8.32	186000000
chr1	186400000	186800000	3.442	-2.852	-8.587	186400000
chr1	186800000	187200000	3.747	-2.21	-7.842	186800000
chr1	187200000	187600000	3.632	-0.625	-8.195	187200000
chr1	187600000	188000000	3.727	0.432	-8.125	187600000
chr1	188000000	188400000	2.715	0.782	-8.071	188000000
chr1	188400000	188800000	1.246	0.723	-8.108	188400000
chr1	188800000	189200000	0.615	0.66	-9.053	188800000
chr1	189200000	189600000	0.368	0.429	-9.413	189200000
chr1	189600000	190000000	0.089	0.526	-7.969	189600000
chr1	190000000	190400000	0.292	0.693	-6.297	190000000
chr1	190400000	190800000	1.488	-0.162	-6.087	190400000
chr1	190800000	191200000	0.843	0.335	-6.959	190800000
chr1	191200000	191600000	0.529	-0.193	-7.376	191200000
chr1	191600000	192000000	1.495	-0.67	-7.923	191600000
chr1	192000000	192400000	1.87	-0.732	-7.085	192000000
chr1	192400000	192800000	3.207	-0.117	-6.202	192400000
chr1	192800000	193200000	4.488	-0.685	-6.876	192800000
chr1	193200000	193600000	4.179	-0.928	-7.499	193200000
chr1	193600000	194000000	4.89	-0.898	-8.369	193600000
chr1	194000000	194400000	4.648	-1.781	-8.895	194000000
chr1	194400000	194800000	4.51	-2.488	-9.745	194400000
chr1	194800000	195200000	4.657	-2.084	-9.995	194800000
chr1	195200000	195600000	4.514	-2.966	-8.607	195200000
