chr1	2800000	3200000	-7.019	-2.933	-10.359	2800000
chr1	3200000	3600000	-6.485	-3.872	-10.137	3200000
chr1	3600000	4000000	-6.324	-4.533	-9.398	3600000
chr1	4000000	4400000	-5.55	-4.03	-9.334	4000000
chr1	4400000	4800000	-5.213	-5.109	-9.498	4400000
chr1	4800000	5200000	-5.971	-5.76	-8.82	4800000
chr1	5200000	5600000	-6.309	-5.385	-8.008	5200000
chr1	5600000	6000000	-6.632	-4.267	-7.668	5600000
chr1	6000000	6400000	-7.154	-3.674	-8.29	6000000
chr1	6400000	6800000	-7.595	-2.638	-8.174	6400000
chr1	6800000	7200000	-7.794	-1.453	-8.539	6800000
chr1	7200000	7600000	-7.416	-0.767	-7.821	7200000
chr1	7600000	8000000	-7.86	0.434	-6.953	7600000
chr1	8000000	8400000	-8.193	1.512	-6.604	8000000
chr1	8400000	8800000	-7.487	2.226	-6.375	8400000
chr1	8800000	9200000	-7.142	1.59	-5.637	8800000
chr1	9200000	9600000	-6.658	1.937	-4.718	9200000
chr1	9600000	10000000	-6.09	1.439	-4.946	9600000
chr1	10000000	10400000	-6.126	0.259	-5.371	10000000
chr1	10400000	10800000	-6.465	-0.222	-5.813	10400000
chr1	10800000	11200000	-6.671	-0.635	-5.329	10800000
chr1	11200000	11600000	-7.818	-1.159	-5.141	11200000
chr1	11600000	12000000	-7.153	-1.935	-5.299	11600000
chr1	12000000	12400000	-6.753	-2.328	-6.454	12000000
chr1	12400000	12800000	-7.232	-3.103	-6.78	12400000
chr1	12800000	13200000	-6.691	-3.682	-5.526	12800000
chr1	13200000	13600000	-5.798	-3.793	-5.057	13200000
chr1	13600000	14000000	-5.171	-4.375	-5.378	13600000
chr1	14000000	14400000	-5.336	-3.632	-6.19	14000000
chr1	14400000	14800000	-5.208	-3.204	-6.724	14400000
chr1	14800000	15200000	-5.957	-3.356	-6.348	14800000
chr1	15200000	15600000	-6.098	-2.807	-6.059	15200000
chr1	15600000	16000000	-6.334	-2.319	-5.011	15600000
chr1	16000000	16400000	-6.064	-2.013	-4.669	16000000
chr1	16400000	16800000	-5.253	-2.193	-4.318	16400000
chr1	16800000	17200000	-5.928	-1.249	-3.981	16800000
chr1	17200000	17600000	-6.578	-1.144	-3.091	17200000
chr1	17600000	18000000	-7.509	-0.612	-3.305	17600000
chr1	18000000	18400000	-7.633	-0.775	-3.842	18000000
chr1	18400000	18800000	-7.452	0.395	-3.943	18400000
chr1	18800000	19200000	-8.193	0.864	-4.695	18800000
chr1	19200000	19600000	-8.359	0.722	-4.264	19200000
chr1	19600000	20000000	-7.665	1.102	-3.847	19600000
chr1	20000000	20400000	-7.624	1.301	-3.035	20000000
chr1	20400000	20800000	-7.997	1.029	-2.869	20400000
chr1	20800000	21200000	-6.243	-0.826	-4.49	20800000
chr1	21200000	21600000	-4.677	-2.819	-5.119	21200000
chr1	21600000	22000000	-4.086	-2.117	-5.672	21600000
chr1	22000000	22400000	-3.457	-0.943	-5.759	22000000
chr1	22400000	22800000	-3.201	-1.292	-6.149	22400000
chr1	22800000	23200000	-3.412	-2.191	-6.438	22800000
chr1	23200000	23600000	-3.788	-2.697	-7.453	23200000
chr1	23600000	24000000	-4.603	-2.793	-8.41	23600000
chr1	24000000	24400000	-4.97	-3.671	-7.641	24000000
chr1	24400000	24800000	-5.913	-3.014	-7.608	24400000
chr1	24800000	25200000	-6.803	-2.189	-7.329	24800000
chr1	25200000	25600000	-6.536	-2.358	-7.887	25200000
chr1	25600000	26000000	-6.743	-1.832	-8.147	25600000
chr1	26000000	26400000	-7.797	-2.325	-7.385	26000000
chr1	26400000	26800000	-8.368	-3.029	-6.789	26400000
chr1	26800000	27200000	-7.921	-2.997	-5.975	26800000
chr1	27200000	27600000	-7.901	-1.927	-5.83	27200000
chr1	27600000	28000000	-8.176	-2.004	-6.044	27600000
chr1	28000000	28400000	-8.28	-1.361	-6.834	28000000
chr1	28400000	28800000	-8.871	-1.614	-6.694	28400000
chr1	28800000	29200000	-9.917	-2.223	-6.471	28800000
chr1	29200000	29600000	-9.629	-2.653	-5.311	29200000
chr1	29600000	30000000	-7.782	-3.123	-5.029	29600000
chr1	30000000	30400000	-8.462	-4.16	-5.127	30000000
chr1	30400000	30800000	-8.655	-3.402	-5.036	30400000
chr1	30800000	31200000	-8.378	-2.71	-4.445	30800000
chr1	31200000	31600000	-9.368	-2.075	-4.253	31200000
chr1	31600000	32000000	-9.729	-1.282	-5.053	31600000
chr1	32000000	32400000	-8.91	-0.962	-5.138	32000000
chr1	32400000	32800000	-9.132	-0.468	-5.37	32400000
chr1	32800000	33200000	-8.852	-0.834	-4.605	32800000
chr1	33200000	33600000	-7.994	-1.58	-4.151	33200000
chr1	33600000	34000000	-8.01	-1.408	-4.1	33600000
chr1	34000000	34400000	-6.784	-2.162	-3.151	34000000
chr1	34400000	34800000	-5.726	-2.398	-2.838	34400000
chr1	34800000	35200000	-5.86	-1.387	-2.627	34800000
chr1	35200000	35600000	-5.117	-0.387	-3.093	35200000
chr1	35600000	36000000	-4.741	-0.209	-3.398	35600000
chr1	36000000	36400000	-4.247	-0.124	-3.614	36000000
chr1	36400000	36800000	-4.469	1.102	-4.112	36400000
chr1	36800000	37200000	-4.751	2.204	-4.66	36800000
chr1	37200000	37600000	-5.326	1.806	-3.843	37200000
chr1	37600000	38000000	-5.613	1.048	-3.465	37600000
chr1	38000000	38400000	-5.655	0.496	-3.581	38000000
chr1	38400000	38800000	-6.417	0.16	-3.536	38400000
chr1	38800000	39200000	-6.923	0.103	-3.955	38800000
chr1	39200000	39600000	-7.291	2.11	-3.828	39200000
chr1	39600000	40000000	-8.2	2.923	-3.816	39600000
chr1	40000000	40400000	-8.457	2.766	-3.395	40000000
chr1	40400000	40800000	-7.637	2.664	-2.959	40400000
chr1	40800000	41200000	-7.621	2.991	-2.639	40800000
chr1	41200000	41600000	-8.638	3.794	-1.833	41200000
chr1	41600000	42000000	-8.182	4.292	-1.418	41600000
chr1	42000000	42400000	-8.639	3.806	-1.862	42000000
chr1	42400000	42800000	-9.443	3.28	-1.843	42400000
chr1	42800000	43200000	-8.292	2.899	-1.421	42800000
chr1	43200000	43600000	-7.556	2.654	-1.978	43200000
chr1	43600000	44000000	-7.742	3.758	-2.614	43600000
chr1	44000000	44400000	-8.132	4.422	-3.321	44000000
chr1	44400000	44800000	-9.451	4.909	-3.137	44400000
chr1	44800000	45200000	-10.161	5.278	-3.79	44800000
chr1	45200000	45600000	-9.218	5.809	-3.192	45200000
chr1	45600000	46000000	-10.016	6.026	-3.533	45600000
chr1	46000000	46400000	-9.314	4.96	-3.883	46000000
chr1	46400000	46800000	-10.157	3.674	-3.244	46400000
chr1	46800000	47200000	-9.869	2.807	-2.171	46800000
chr1	47200000	47600000	-9.606	1.319	-2.609	47200000
chr1	47600000	48000000	-9.743	-0.039	-3.927	47600000
chr1	48000000	48400000	-10.654	-0.817	-4.357	48000000
chr1	48400000	48800000	-10.714	-0.084	-4.803	48400000
chr1	48800000	49200000	-10.423	0.623	-4.435	48800000
chr1	49200000	49600000	-10.22	-0.132	-3.495	49200000
chr1	49600000	50000000	-9.414	-0.211	-3.542	49600000
chr1	50000000	50400000	-8.95	-0.929	-3.051	50000000
chr1	50400000	50800000	-8.88	-0.548	-3.593	50400000
chr1	50800000	51200000	-9.009	0.723	-3.363	50800000
chr1	51200000	51600000	-9.528	1.61	-4.213	51200000
chr1	51600000	52000000	-9.63	1.707	-3.785	51600000
chr1	52000000	52400000	-9.302	2.068	-2.437	52000000
chr1	52400000	52800000	-9.303	2.131	-1.263	52400000
chr1	52800000	53200000	-9.135	1.729	-1.161	52800000
chr1	53200000	53600000	-8.727	2.674	-0.396	53200000
chr1	53600000	54000000	-8.181	2.547	0.609	53600000
chr1	54000000	54400000	-7.463	3.144	1.051	54000000
chr1	54400000	54800000	-6.493	2.651	1.561	54400000
chr1	54800000	55200000	-6.342	3.172	2.48	54800000
chr1	55200000	55600000	-5.901	3.04	3.645	55200000
chr1	55600000	56000000	-5.515	2.072	3.977	55600000
chr1	56000000	56400000	-5.096	2.696	3.919	56000000
chr1	56400000	56800000	-5.192	2.353	2.902	56400000
chr1	56800000	57200000	-4.396	1.441	2.756	56800000
chr1	57200000	57600000	-3.98	2.022	2.458	57200000
chr1	57600000	58000000	-3.977	2.927	1.909	57600000
chr1	58000000	58400000	-3.887	3.419	2.082	58000000
chr1	58400000	58800000	-3.415	4.304	2.27	58400000
chr1	58800000	59200000	-3.495	5.273	2.125	58800000
chr1	59200000	59600000	-3.855	6.078	1.986	59200000
chr1	59600000	60000000	-3.284	6.355	1.493	59600000
chr1	60000000	60400000	-3.714	5.831	1.092	60000000
chr1	60400000	60800000	-4.465	5.013	1.319	60400000
chr1	60800000	61200000	-4.9	4.202	1.287	60800000
chr1	61200000	61600000	-4.782	3.88	1.257	61200000
chr1	61600000	62000000	-5.609	2.655	1.077	61600000
chr1	62000000	62400000	-5.087	2.668	0.949	62000000
chr1	62400000	62800000	-5.693	3.171	0.483	62400000
chr1	62800000	63200000	-6.005	3.559	1.641	62800000
chr1	63200000	63600000	-6.224	3.964	0.981	63200000
chr1	63600000	64000000	-7.333	4.348	0.822	63600000
chr1	64000000	64400000	-8.259	4.329	0.508	64000000
chr1	64400000	64800000	-8.881	3.821	0.036	64400000
chr1	64800000	65200000	-9.281	3.273	0.053	64800000
chr1	65200000	65600000	-10.0	3.067	0.056	65200000
chr1	65600000	66000000	-10.477	2.571	-0.679	65600000
chr1	66000000	66400000	-10.152	3.101	-0.862	66000000
chr1	66400000	66800000	-10.766	3.118	-0.995	66400000
chr1	66800000	67200000	-11.16	3.236	-0.473	66800000
chr1	67200000	67600000	-11.144	2.653	-1.027	67200000
chr1	67600000	68000000	-10.452	2.283	-3.11	67600000
chr1	68000000	68400000	-10.347	1.896	-3.15	68000000
chr1	68400000	68800000	-11.203	2.029	-2.039	68400000
chr1	68800000	69200000	-10.827	2.087	-1.592	68800000
chr1	69200000	69600000	-11.229	2.427	-2.508	69200000
chr1	69600000	70000000	-11.33	3.593	-3.109	69600000
chr1	70000000	70400000	-11.354	4.033	-2.159	70000000
chr1	70400000	70800000	-11.604	3.555	-1.988	70400000
chr1	70800000	71200000	-11.936	3.77	-2.39	70800000
chr1	71200000	71600000	-11.853	4.83	-1.764	71200000
chr1	71600000	72000000	-10.792	4.734	-1.739	71600000
chr1	72000000	72400000	-10.523	4.734	-0.644	72000000
chr1	72400000	72800000	-9.786	5.572	-0.583	72400000
chr1	72800000	73200000	-9.355	6.319	-0.25	72800000
chr1	73200000	73600000	-8.251	6.877	0.007	73200000
chr1	73600000	74000000	-8.386	7.748	-0.211	73600000
chr1	74000000	74400000	-7.887	7.425	-0.187	74000000
chr1	74400000	74800000	-6.776	6.788	0.048	74400000
chr1	74800000	75200000	-6.893	5.802	0.092	74800000
chr1	75200000	75600000	-7.739	5.497	-0.133	75200000
chr1	75600000	76000000	-8.248	6.222	-0.83	75600000
chr1	76000000	76400000	-8.941	7.349	-1.348	76000000
chr1	76400000	76800000	-9.991	6.795	-1.638	76400000
chr1	76800000	77200000	-10.115	7.139	-2.091	76800000
chr1	77200000	77600000	-10.559	5.997	-1.985	77200000
chr1	77600000	78000000	-10.588	5.939	-1.586	77600000
chr1	78000000	78400000	-9.668	6.496	-2.391	78000000
chr1	78400000	78800000	-9.491	5.598	-1.923	78400000
chr1	78800000	79200000	-9.548	4.573	-2.125	78800000
chr1	79200000	79600000	-9.045	4.616	-2.291	79200000
chr1	79600000	80000000	-9.659	4.165	-3.233	79600000
chr1	80000000	80400000	-9.345	3.171	-3.519	80000000
chr1	80400000	80800000	-8.544	2.299	-4.226	80400000
chr1	80800000	81200000	-8.805	2.445	-3.975	80800000
chr1	81200000	81600000	-8.619	2.311	-2.765	81200000
chr1	81600000	82000000	-8.459	1.013	-2.57	81600000
chr1	82000000	82400000	-8.287	-0.135	-2.508	82000000
chr1	82400000	82800000	-7.377	-0.101	-2.608	82400000
chr1	82800000	83200000	-8.329	0.016	-1.778	82800000
chr1	83200000	83600000	-8.391	0.292	-0.98	83200000
chr1	83600000	84000000	-9.224	0.268	-0.383	83600000
chr1	84000000	84400000	-10.114	0.127	-1.303	84000000
chr1	84400000	84800000	-9.392	-0.501	-1.67	84400000
chr1	84800000	85200000	-9.726	-1.061	-1.9	84800000
chr1	85200000	85600000	-9.553	0.096	-2.048	85200000
chr1	85600000	86000000	-9.01	1.247	-0.692	85600000
chr1	86000000	86400000	-6.855	2.863	0.211	86000000
chr1	86400000	86800000	-6.381	3.905	0.179	86400000
chr1	86800000	87200000	-5.148	4.734	1.332	86800000
chr1	87200000	87600000	-4.488	4.663	2.136	87200000
chr1	87600000	88000000	-4.088	4.651	2.661	87600000
chr1	88000000	88400000	-3.985	3.871	3.011	88000000
chr1	88400000	88800000	-3.258	2.773	3.437	88400000
chr1	88800000	89200000	-3.456	2.182	4.603	88800000
chr1	89200000	89600000	-2.719	1.349	4.481	89200000
chr1	89600000	90000000	-2.756	1.633	3.829	89600000
chr1	90000000	90400000	-3.325	0.828	4.512	90000000
chr1	90400000	90800000	-3.038	-0.211	5.473	90400000
chr1	90800000	91200000	-2.786	-0.461	5.314	90800000
chr1	91200000	91600000	-3.699	-0.858	4.709	91200000
chr1	91600000	92000000	-4.367	-0.112	5.268	91600000
chr1	92000000	92400000	-4.697	0.895	4.622	92000000
chr1	92400000	92800000	-5.297	0.182	3.862	92400000
chr1	92800000	93200000	-5.401	0.945	4.412	92800000
chr1	93200000	93600000	-7.653	2.133	3.617	93200000
chr1	93600000	94000000	-8.946	2.504	3.469	93600000
chr1	94000000	94400000	-9.366	2.681	3.051	94000000
chr1	94400000	94800000	-10.455	2.901	4.053	94400000
chr1	94800000	95200000	-11.771	3.487	4.593	94800000
chr1	95200000	95600000	-12.892	3.014	4.773	95200000
chr1	95600000	96000000	-12.523	3.661	4.982	95600000
chr1	96000000	96400000	-11.656	4.17	4.837	96000000
chr1	96400000	96800000	-11.09	4.163	4.562	96400000
chr1	96800000	97200000	-10.426	3.116	3.977	96800000
chr1	97200000	97600000	-10.227	2.164	4.04	97200000
chr1	97600000	98000000	-10.19	1.555	3.315	97600000
chr1	98000000	98400000	-10.502	1.442	3.047	98000000
chr1	98400000	98800000	-10.666	1.308	2.545	98400000
chr1	98800000	99200000	-10.548	0.655	2.562	98800000
chr1	99200000	99600000	-9.629	1.161	1.566	99200000
chr1	99600000	100000000	-9.52	0.99	1.319	99600000
chr1	100000000	100400000	-10.538	0.349	2.063	100000000
chr1	100400000	100800000	-10.157	-0.008	1.12	100400000
chr1	100800000	101200000	-10.275	0.478	0.799	100800000
chr1	101200000	101600000	-11.258	0.86	1.13	101200000
chr1	101600000	102000000	-10.438	1.223	0.658	101600000
chr1	102000000	102400000	-10.813	1.181	-0.327	102000000
chr1	102400000	102800000	-11.53	0.766	-1.412	102400000
chr1	102800000	103200000	-11.2	0.536	-2.15	102800000
chr1	103200000	103600000	-10.15	0.382	-2.258	103200000
chr1	103600000	104000000	-11.222	0.896	-2.697	103600000
chr1	104000000	104400000	-11.826	1.079	-3.178	104000000
chr1	104400000	104800000	-12.142	1.529	-3.161	104400000
chr1	104800000	105200000	-11.282	2.596	-3.032	104800000
chr1	105200000	105600000	-12.428	2.398	-2.727	105200000
chr1	105600000	106000000	-12.578	2.015	-2.259	105600000
chr1	106000000	106400000	-12.385	1.637	-1.381	106000000
chr1	106400000	106800000	-11.905	2.083	-0.884	106400000
chr1	106800000	107200000	-12.583	2.645	-0.815	106800000
chr1	107200000	107600000	-13.433	2.703	-1.19	107200000
chr1	107600000	108000000	-12.939	3.306	-1.183	107600000
chr1	108000000	108400000	-12.829	4.13	-0.223	108000000
chr1	108400000	108800000	-13.384	4.483	-0.479	108400000
chr1	108800000	109200000	-12.25	3.963	-0.316	108800000
chr1	109200000	109600000	-13.185	3.097	-0.334	109200000
chr1	109600000	110000000	-14.273	3.604	0.075	109600000
chr1	110000000	110400000	-14.468	3.778	0.77	110000000
chr1	110400000	110800000	-14.507	2.375	0.377	110400000
chr1	110800000	111200000	-13.8	2.827	0.652	110800000
chr1	111200000	111600000	-12.962	2.617	0.463	111200000
chr1	111600000	112000000	-12.631	2.321	0.394	111600000
chr1	112000000	112400000	-13.103	3.283	1.042	112000000
chr1	112400000	112800000	-12.978	3.906	1.453	112400000
chr1	112800000	113200000	-12.068	5.023	1.16	112800000
chr1	113200000	113600000	-13.062	4.85	0.577	113200000
chr1	113600000	114000000	-11.853	5.24	0.205	113600000
chr1	114000000	114400000	-12.198	5.555	0.735	114000000
chr1	114400000	114800000	-12.365	5.848	0.179	114400000
chr1	114800000	115200000	-11.808	5.265	-0.937	114800000
chr1	115200000	115600000	-11.481	6.076	-0.675	115200000
chr1	115600000	116000000	-10.926	5.989	-0.102	115600000
chr1	116000000	116400000	-10.449	6.381	-0.099	116000000
chr1	116400000	116800000	-10.932	7.075	-0.794	116400000
chr1	116800000	117200000	-10.114	7.3	-0.713	116800000
chr1	117200000	117600000	-9.839	7.065	0.33	117200000
chr1	117600000	118000000	-9.956	7.222	1.139	117600000
chr1	118000000	118400000	-11.074	6.384	1.552	118000000
chr1	118400000	118800000	-10.331	5.555	1.559	118400000
chr1	118800000	119200000	-10.479	4.811	0.992	118800000
chr1	119200000	119600000	-9.55	4.351	1.486	119200000
chr1	119600000	120000000	-9.766	3.789	1.656	119600000
chr1	120000000	120400000	-10.36	2.947	1.504	120000000
chr1	120400000	120800000	-11.228	2.332	2.326	120400000
chr1	120800000	121200000	-11.429	2.468	3.647	120800000
chr1	121200000	121600000	-11.67	2.0	4.875	121200000
chr1	121600000	122000000	-11.129	2.322	4.859	121600000
chr1	122000000	122400000	-11.807	3.357	3.872	122000000
chr1	122400000	122800000	-12.604	3.937	4.076	122400000
chr1	122800000	123200000	-12.43	3.951	3.174	122800000
chr1	123200000	123600000	-11.603	4.03	2.996	123200000
chr1	123600000	124000000	-10.845	4.241	2.83	123600000
chr1	124000000	124400000	-11.589	4.798	2.815	124000000
chr1	124400000	124800000	-10.944	5.871	3.441	124400000
chr1	124800000	125200000	-10.212	5.267	3.5	124800000
chr1	125200000	125600000	-9.743	5.182	2.944	125200000
chr1	125600000	126000000	-10.179	5.207	2.204	125600000
chr1	126000000	126400000	-10.972	4.427	1.59	126000000
chr1	126400000	126800000	-11.412	3.892	1.162	126400000
chr1	126800000	127200000	-11.392	3.637	1.071	126800000
chr1	127200000	127600000	-12.004	3.334	2.01	127200000
chr1	127600000	128000000	-11.844	2.573	2.07	127600000
chr1	128000000	128400000	-12.376	2.227	1.13	128000000
chr1	128400000	128800000	-12.617	1.171	0.222	128400000
chr1	128800000	129200000	-12.751	0.089	0.276	128800000
chr1	129200000	129600000	-13.93	0.488	-0.008	129200000
chr1	129600000	130000000	-14.656	0.964	0.081	129600000
chr1	130000000	130400000	-13.789	1.258	-0.746	130000000
chr1	130400000	130800000	-14.383	0.197	-0.665	130400000
chr1	130800000	131200000	-14.526	-0.162	0.46	130800000
chr1	131200000	131600000	-14.293	-1.296	0.596	131200000
chr1	131600000	132000000	-14.358	-2.279	0.918	131600000
chr1	132000000	132400000	-13.836	-2.495	1.552	132000000
chr1	132400000	132800000	-13.327	-3.514	0.955	132400000
chr1	132800000	133200000	-13.024	-4.613	1.476	132800000
chr1	133200000	133600000	-12.461	-5.372	1.841	133200000
chr1	133600000	134000000	-12.048	-5.744	2.655	133600000
chr1	134000000	134400000	-11.049	-5.037	2.779	134000000
chr1	134400000	134800000	-11.347	-4.812	2.213	134400000
chr1	134800000	135200000	-11.792	-3.926	1.55	134800000
chr1	135200000	135600000	-11.754	-3.124	1.067	135200000
chr1	135600000	136000000	-12.472	-3.017	0.42	135600000
chr1	136000000	136400000	-12.833	-2.384	0.111	136000000
chr1	136400000	136800000	-13.258	-1.472	0.154	136400000
chr1	136800000	137200000	-13.265	-1.246	-0.411	136800000
chr1	137200000	137600000	-12.945	-0.105	-0.686	137200000
chr1	137600000	138000000	-13.379	0.468	-1.449	137600000
chr1	138000000	138400000	-13.091	0.583	-1.558	138000000
chr1	138400000	138800000	-12.875	1.278	0.115	138400000
chr1	138800000	139200000	-14.002	1.238	0.795	138800000
chr1	139200000	139600000	-13.098	1.205	1.186	139200000
chr1	139600000	140000000	-13.541	1.204	1.648	139600000
chr1	140000000	140400000	-13.907	0.271	1.618	140000000
chr1	140400000	140800000	-14.04	-0.56	1.646	140400000
chr1	140800000	141200000	-14.279	-1.207	2.187	140800000
chr1	141200000	141600000	-14.426	-0.961	2.532	141200000
chr1	141600000	142000000	-14.856	-0.219	3.229	141600000
chr1	142000000	142400000	-13.919	0.105	3.075	142000000
chr1	142400000	142800000	-13.788	0.277	3.458	142400000
chr1	142800000	143200000	-13.761	0.362	4.412	142800000
chr1	143200000	143600000	-14.488	-1.452	3.491	143200000
chr1	143600000	144000000	-13.873	-1.63	3.971	143600000
chr1	144000000	144400000	-13.48	-1.305	3.49	144000000
chr1	144400000	144800000	-13.478	-1.043	4.549	144400000
chr1	144800000	145200000	-12.711	-1.141	5.333	144800000
chr1	145200000	145600000	-11.85	-0.587	4.624	145200000
chr1	145600000	146000000	-12.661	-0.322	4.74	145600000
chr1	146000000	146400000	-12.391	-0.55	4.583	146000000
chr1	146400000	146800000	-12.631	0.033	5.399	146400000
chr1	146800000	147200000	-12.898	0.792	5.627	146800000
chr1	147200000	147600000	-12.795	1.444	5.026	147200000
chr1	147600000	148000000	-12.082	1.199	3.902	147600000
chr1	148000000	148400000	-12.636	2.202	3.796	148000000
chr1	148400000	148800000	-12.353	1.353	3.817	148400000
chr1	148800000	149200000	-12.133	1.864	3.66	148800000
chr1	149200000	149600000	-12.948	1.32	4.159	149200000
chr1	149600000	150000000	-13.384	1.065	3.546	149600000
chr1	150000000	150400000	-13.439	1.94	3.888	150000000
chr1	150400000	150800000	-13.257	2.306	2.514	150400000
chr1	150800000	151200000	-13.003	1.594	2.465	150800000
chr1	151200000	151600000	-13.77	1.52	2.867	151200000
chr1	151600000	152000000	-13.098	0.427	2.461	151600000
chr1	152000000	152400000	-13.051	-0.004	2.073	152000000
chr1	152400000	152800000	-12.974	-0.698	1.628	152400000
chr1	152800000	153200000	-12.785	-1.008	1.934	152800000
chr1	153200000	153600000	-12.571	-1.642	2.04	153200000
chr1	153600000	154000000	-11.994	-0.513	1.928	153600000
chr1	154000000	154400000	-11.735	0.554	2.455	154000000
chr1	154400000	154800000	-10.972	0.38	3.546	154400000
chr1	154800000	155200000	-11.254	0.062	3.331	154800000
chr1	155200000	155600000	-12.211	0.048	3.509	155200000
chr1	155600000	156000000	-11.894	0.881	4.657	155600000
chr1	156000000	156400000	-11.906	0.993	5.723	156000000
chr1	156400000	156800000	-11.519	0.959	6.199	156400000
chr1	156800000	157200000	-10.613	0.534	6.711	156800000
chr1	157200000	157600000	-10.18	0.369	6.527	157200000
chr1	157600000	158000000	-10.987	1.558	6.342	157600000
chr1	158000000	158400000	-12.233	2.143	6.588	158000000
chr1	158400000	158800000	-11.962	2.676	6.657	158400000
chr1	158800000	159200000	-11.484	2.238	7.252	158800000
chr1	159200000	159600000	-11.433	3.098	6.466	159200000
chr1	159600000	160000000	-12.07	2.297	6.385	159600000
chr1	160000000	160400000	-11.431	2.399	5.58	160000000
chr1	160400000	160800000	-10.291	1.945	6.313	160400000
chr1	160800000	161200000	-10.47	1.065	5.512	160800000
chr1	161200000	161600000	-9.518	1.237	5.737	161200000
chr1	161600000	162000000	-9.67	2.588	5.803	161600000
chr1	162000000	162400000	-9.415	1.744	6.024	162000000
chr1	162400000	162800000	-10.063	0.418	5.513	162400000
chr1	162800000	163200000	-10.443	-0.249	5.335	162800000
chr1	163200000	163600000	-10.812	-0.753	5.782	163200000
chr1	163600000	164000000	-11.149	-1.191	6.071	163600000
chr1	164000000	164400000	-10.517	-2.129	5.966	164000000
chr1	164400000	164800000	-9.772	-1.077	5.328	164400000
chr1	164800000	165200000	-9.92	-0.605	4.608	164800000
chr1	165200000	165600000	-9.955	0.234	4.204	165200000
chr1	165600000	166000000	-7.926	0.763	3.536	165600000
chr1	166000000	166400000	-7.08	1.033	3.981	166000000
chr1	166400000	166800000	-6.917	1.99	3.385	166400000
chr1	166800000	167200000	-7.039	1.91	2.401	166800000
chr1	167200000	167600000	-8.11	2.094	2.287	167200000
chr1	167600000	168000000	-8.564	2.132	2.788	167600000
chr1	168000000	168400000	-8.659	1.468	3.39	168000000
chr1	168400000	168800000	-8.442	1.274	4.264	168400000
chr1	168800000	169200000	-8.896	0.83	4.371	168800000
chr1	169200000	169600000	-9.679	0.887	3.763	169200000
chr1	169600000	170000000	-9.7	1.185	3.823	169600000
chr1	170000000	170400000	-9.35	2.074	4.661	170000000
chr1	170400000	170800000	-9.132	2.135	4.769	170400000
chr1	170800000	171200000	-8.54	2.103	5.618	170800000
chr1	171200000	171600000	-7.893	1.44	6.926	171200000
chr1	171600000	172000000	-8.289	0.603	7.592	171600000
chr1	172000000	172400000	-8.987	-0.841	7.84	172000000
chr1	172400000	172800000	-8.526	-1.571	8.495	172400000
chr1	172800000	173200000	-8.727	-0.657	8.272	172800000
chr1	173200000	173600000	-8.985	-0.494	7.713	173200000
chr1	173600000	174000000	-9.872	-0.608	8.675	173600000
chr1	174000000	174400000	-10.266	0.062	8.964	174000000
chr1	174400000	174800000	-11.172	0.469	8.034	174400000
chr1	174800000	175200000	-11.606	-0.564	7.197	174800000
chr1	175200000	175600000	-12.086	-0.659	7.188	175200000
chr1	175600000	176000000	-12.071	0.475	7.031	175600000
chr1	176000000	176400000	-12.184	-0.513	6.433	176000000
chr1	176400000	176800000	-11.316	-1.741	6.703	176400000
chr1	176800000	177200000	-10.568	-0.8	6.759	176800000
chr1	177200000	177600000	-10.025	-1.403	7.451	177200000
chr1	177600000	178000000	-10.415	-0.981	7.454	177600000
chr1	178000000	178400000	-9.778	-1.422	6.56	178000000
chr1	178400000	178800000	-9.579	-1.837	6.402	178400000
chr1	178800000	179200000	-8.653	-2.192	7.291	178800000
chr1	179200000	179600000	-7.985	-1.671	7.135	179200000
chr1	179600000	180000000	-7.51	-0.783	6.706	179600000
chr1	180000000	180400000	-8.219	-0.617	6.091	180000000
chr1	180400000	180800000	-7.398	0.462	6.16	180400000
chr1	180800000	181200000	-7.29	0.85	6.417	180800000
chr1	181200000	181600000	-7.092	2.379	6.068	181200000
chr1	181600000	182000000	-7.24	2.671	6.884	181600000
chr1	182000000	182400000	-6.531	3.378	7.338	182000000
chr1	182400000	182800000	-6.56	3.906	6.68	182400000
chr1	182800000	183200000	-7.571	3.435	6.794	182800000
chr1	183200000	183600000	-8.836	2.786	6.773	183200000
chr1	183600000	184000000	-9.601	2.794	7.68	183600000
chr1	184000000	184400000	-10.644	2.525	8.042	184000000
chr1	184400000	184800000	-10.559	2.283	7.476	184400000
chr1	184800000	185200000	-10.125	3.589	7.75	184800000
chr1	185200000	185600000	-9.188	3.96	7.042	185200000
chr1	185600000	186000000	-9.333	4.388	6.38	185600000
chr1	186000000	186400000	-9.832	5.119	5.621	186000000
chr1	186400000	186800000	-10.411	5.345	5.62	186400000
chr1	186800000	187200000	-10.698	5.166	5.995	186800000
chr1	187200000	187600000	-11.109	5.853	5.053	187200000
chr1	187600000	188000000	-10.669	6.474	4.536	187600000
chr1	188000000	188400000	-10.388	6.947	4.3	188000000
chr1	188400000	188800000	-9.315	6.483	3.815	188400000
chr1	188800000	189200000	-9.983	6.609	2.837	188800000
chr1	189200000	189600000	-9.453	7.035	3.179	189200000
chr1	189600000	190000000	-8.976	6.255	3.466	189600000
chr1	190000000	190400000	-8.607	5.739	4.356	190000000
chr1	190400000	190800000	-9.118	5.99	5.449	190400000
chr1	190800000	191200000	-9.044	5.433	5.265	190800000
chr1	191200000	191600000	-8.535	4.628	4.392	191200000
chr1	191600000	192000000	-8.498	3.764	3.431	191600000
chr1	192000000	192400000	-7.709	3.568	3.643	192000000
chr1	192400000	192800000	-8.618	3.241	4.039	192400000
chr1	192800000	193200000	-8.353	2.945	5.085	192800000
chr1	193200000	193600000	-8.526	3.601	5.507	193200000
chr1	193600000	194000000	-9.405	3.376	5.21	193600000
chr1	194000000	194400000	-9.946	3.485	5.315	194000000
chr1	194400000	194800000	-10.828	3.466	5.838	194400000
chr1	194800000	195200000	-10.734	3.773	6.328	194800000
chr1	195200000	195600000	-10.294	3.835	6.432	195200000
