chr1	3000000	4000000	-6.23	4.203	2.454	3000000
chr1	4000000	5000000	-4.949	3.934	2.259	4000000
chr1	5000000	6000000	-4.792	4.043	1.71	5000000
chr1	6000000	7000000	-4.683	5.105	1.624	6000000
chr1	7000000	8000000	-4.879	5.806	2.2	7000000
chr1	8000000	9000000	-4.565	4.972	2.167	8000000
chr1	9000000	10000000	-4.268	4.411	1.679	9000000
chr1	10000000	11000000	-3.836	4.231	1.539	10000000
chr1	11000000	12000000	-3.688	3.448	1.223	11000000
chr1	12000000	13000000	-3.235	2.009	0.852	12000000
chr1	13000000	14000000	-3.363	1.798	0.193	13000000
chr1	14000000	15000000	5.027	-2.633	-1.447	14000000
chr1	15000000	16000000	5.817	-2.945	-1.421	15000000
chr1	16000000	17000000	6.243	-2.36	-1.217	16000000
chr1	17000000	18000000	6.229	-2.519	-2.427	17000000
chr1	18000000	19000000	6.057	-2.071	-2.685	18000000
chr1	19000000	20000000	6.784	-2.821	-2.858	19000000
chr1	20000000	21000000	6.646	-3.712	-2.362	20000000
chr1	21000000	22000000	5.597	-3.518	-2.172	21000000
chr1	22000000	23000000	5.667	-3.287	-1.986	22000000
chr1	23000000	24000000	6.039	-3.187	-3.055	23000000
chr1	24000000	25000000	6.061	-3.184	-3.438	24000000
chr1	25000000	26000000	7.286	-3.292	-3.393	25000000
chr1	26000000	27000000	7.185	-3.177	-2.867	26000000
chr1	27000000	28000000	7.462	-2.532	-2.407	27000000
chr1	28000000	29000000	6.948	-2.473	-3.655	28000000
chr1	29000000	30000000	6.057	-2.351	-4.529	29000000
chr1	30000000	31000000	5.929	-2.272	-5.071	30000000
chr1	31000000	32000000	6.211	-2.8	-5.224	31000000
chr1	32000000	33000000	6.443	-2.742	-4.068	32000000
chr1	33000000	34000000	6.965	-3.61	-4.333	33000000
chr1	34000000	35000000	6.726	-3.746	-4.038	34000000
chr1	35000000	36000000	4.231	-3.539	-3.721	35000000
chr1	36000000	37000000	3.577	-3.239	-3.284	36000000
chr1	37000000	38000000	4.353	-2.978	-3.789	37000000
chr1	38000000	39000000	4.783	-2.565	-3.202	38000000
chr1	39000000	40000000	4.687	-1.677	-2.524	39000000
chr1	40000000	41000000	4.632	-1.454	-2.316	40000000
chr1	41000000	42000000	4.806	-1.798	-3.448	41000000
chr1	42000000	43000000	5.369	-3.375	-5.191	42000000
chr1	43000000	44000000	5.503	-3.612	-6.202	43000000
chr1	44000000	45000000	5.486	-4.67	-6.352	44000000
chr1	45000000	46000000	5.316	-5.375	-6.831	45000000
chr1	46000000	47000000	5.745	-5.346	-6.797	46000000
chr1	47000000	48000000	6.669	-5.121	-6.184	47000000
chr1	48000000	49000000	6.64	-4.804	-5.587	48000000
chr1	49000000	50000000	6.256	-5.291	-5.203	49000000
chr1	50000000	51000000	6.779	-5.384	-5.153	50000000
chr1	51000000	52000000	5.945	-5.658	-5.428	51000000
chr1	52000000	53000000	6.27	-4.283	-5.095	52000000
chr1	53000000	54000000	5.458	-3.538	-4.859	53000000
chr1	54000000	55000000	5.347	-4.131	-5.003	54000000
chr1	55000000	56000000	5.896	-4.059	-4.792	55000000
chr1	56000000	57000000	5.55	-3.575	-3.865	56000000
chr1	57000000	58000000	5.544	-2.529	-2.605	57000000
chr1	58000000	59000000	5.644	-3.413	-2.648	58000000
chr1	59000000	60000000	5.074	-4.131	-2.066	59000000
chr1	60000000	61000000	5.481	-4.131	-2.446	60000000
chr1	61000000	62000000	6.615	-3.416	-1.879	61000000
chr1	62000000	63000000	7.368	-2.542	-1.286	62000000
chr1	63000000	64000000	7.148	-2.551	-0.946	63000000
chr1	64000000	65000000	6.372	-3.05	-0.921	64000000
chr1	65000000	66000000	6.719	-3.856	-1.121	65000000
chr1	66000000	67000000	6.867	-4.122	-1.541	66000000
chr1	67000000	68000000	7.55	-3.482	-1.246	67000000
chr1	68000000	69000000	8.335	-3.813	-1.451	68000000
chr1	69000000	70000000	8.348	-4.452	-2.187	69000000
chr1	70000000	71000000	8.098	-4.833	-3.269	70000000
chr1	71000000	72000000	7.95	-4.936	-3.97	71000000
chr1	72000000	73000000	7.71	-4.932	-3.553	72000000
chr1	73000000	74000000	6.418	-5.067	-3.575	73000000
chr1	74000000	75000000	5.468	-5.091	-3.603	74000000
chr1	75000000	76000000	4.674	-4.819	-2.88	75000000
chr1	76000000	77000000	4.791	-5.839	-2.806	76000000
chr1	77000000	78000000	5.084	-5.889	-2.952	77000000
chr1	78000000	79000000	5.697	-6.013	-3.059	78000000
chr1	79000000	80000000	6.183	-5.28	-2.515	79000000
chr1	80000000	81000000	6.34	-4.384	-2.214	80000000
chr1	81000000	82000000	6.375	-4.701	-1.289	81000000
chr1	82000000	83000000	5.909	-4.464	-1.499	82000000
chr1	83000000	84000000	5.48	-4.317	-1.381	83000000
chr1	84000000	85000000	7.19	-4.972	-2.385	84000000
chr1	85000000	86000000	7.973	-5.191	-2.307	85000000
chr1	86000000	87000000	8.23	-4.996	-0.686	86000000
chr1	87000000	88000000	7.22	-4.427	-0.122	87000000
chr1	88000000	89000000	6.523	-4.852	-0.259	88000000
chr1	89000000	90000000	5.709	-6.238	-2.051	89000000
chr1	90000000	91000000	5.334	-7.276	-2.22	90000000
chr1	91000000	92000000	6.467	-6.907	-2.099	91000000
chr1	92000000	93000000	7.064	-6.933	-2.746	92000000
chr1	93000000	94000000	6.496	-7.42	-3.275	93000000
chr1	94000000	95000000	6.187	-7.012	-3.549	94000000
chr1	95000000	96000000	7.26	-6.645	-3.423	95000000
chr1	96000000	97000000	7.425	-7.443	-3.656	96000000
chr1	97000000	98000000	8.19	-7.615	-3.127	97000000
chr1	98000000	99000000	7.953	-8.146	-3.257	98000000
chr1	99000000	100000000	8.337	-7.201	-3.256	99000000
chr1	100000000	101000000	8.125	-7.051	-1.744	100000000
chr1	101000000	102000000	7.604	-7.446	-1.019	101000000
chr1	102000000	103000000	8.3	-7.327	-0.707	102000000
chr1	103000000	104000000	8.856	-6.807	-1.263	103000000
chr1	104000000	105000000	8.994	-6.361	-2.166	104000000
chr1	105000000	106000000	8.772	-5.857	-1.155	105000000
chr1	106000000	107000000	7.751	-6.238	-1.772	106000000
chr1	107000000	108000000	6.789	-6.745	-3.159	107000000
chr1	108000000	109000000	5.984	-6.811	-4.58	108000000
chr1	109000000	110000000	6.3	-7.14	-4.552	109000000
chr1	110000000	111000000	5.86	-6.718	-5.022	110000000
chr1	111000000	112000000	7.509	-5.732	-4.642	111000000
chr1	112000000	113000000	7.081	-6.319	-4.957	112000000
chr1	113000000	114000000	7.153	-7.233	-4.987	113000000
chr1	114000000	115000000	7.215	-7.369	-4.444	114000000
chr1	115000000	116000000	7.952	-6.787	-4.104	115000000
chr1	116000000	117000000	7.908	-7.097	-4.286	116000000
chr1	117000000	118000000	8.366	-6.491	-3.508	117000000
chr1	118000000	119000000	7.953	-6.078	-3.35	118000000
chr1	119000000	120000000	7.423	-5.774	-3.169	119000000
chr1	120000000	121000000	6.254	-5.122	-1.68	120000000
chr1	121000000	122000000	5.424	-5.465	-2.35	121000000
chr1	122000000	123000000	5.846	-4.937	-1.963	122000000
chr1	123000000	124000000	6.377	-5.945	-2.723	123000000
chr1	124000000	125000000	6.168	-5.598	-2.621	124000000
chr1	125000000	126000000	6.868	-5.615	-1.727	125000000
chr1	126000000	127000000	7.971	-5.515	-0.726	126000000
chr1	127000000	128000000	8.594	-4.935	-0.482	127000000
chr1	128000000	129000000	8.27	-4.994	-1.087	128000000
chr1	129000000	130000000	7.308	-6.03	-1.054	129000000
chr1	130000000	131000000	7.228	-5.955	-1.327	130000000
chr1	131000000	132000000	6.996	-6.113	-2.129	131000000
chr1	132000000	133000000	6.344	-5.701	-3.188	132000000
chr1	133000000	134000000	6.627	-4.759	-2.403	133000000
chr1	134000000	135000000	6.289	-5.193	-3.624	134000000
chr1	135000000	136000000	5.197	-5.465	-3.645	135000000
chr1	136000000	137000000	5.051	-5.988	-1.752	136000000
chr1	137000000	138000000	6.216	-6.584	-0.614	137000000
chr1	138000000	139000000	7.124	-6.477	-0.076	138000000
chr1	139000000	140000000	6.977	-6.985	-0.222	139000000
chr1	140000000	141000000	6.988	-5.788	-0.747	140000000
chr1	141000000	142000000	7.812	-4.835	-2.246	141000000
chr1	142000000	143000000	9.001	-5.016	-2.015	142000000
chr1	143000000	144000000	9.228	-6.015	-1.363	143000000
chr1	144000000	145000000	8.374	-6.133	-1.826	144000000
chr1	145000000	146000000	8.222	-7.568	-1.913	145000000
chr1	146000000	147000000	8.504	-7.583	-1.822	146000000
chr1	147000000	148000000	7.702	-8.404	-2.217	147000000
chr1	148000000	149000000	7.407	-7.287	-2.203	148000000
chr1	149000000	150000000	7.067	-8.526	-2.896	149000000
chr1	150000000	151000000	7.02	-8.255	-3.787	150000000
chr1	151000000	152000000	6.771	-8.537	-2.579	151000000
chr1	152000000	153000000	6.645	-7.7	-2.38	152000000
chr1	153000000	154000000	6.353	-7.997	-2.084	153000000
chr1	154000000	155000000	6.179	-7.526	-1.265	154000000
chr1	155000000	156000000	7.089	-7.869	-0.517	155000000
chr1	156000000	157000000	6.72	-7.728	-1.43	156000000
chr1	157000000	158000000	6.136	-7.693	-2.556	157000000
chr1	158000000	159000000	5.042	-7.637	-2.58	158000000
chr1	159000000	160000000	4.928	-7.797	-2.315	159000000
chr1	160000000	161000000	4.856	-8.546	-2.696	160000000
chr1	161000000	162000000	5.055	-9.091	-1.763	161000000
chr1	162000000	163000000	5.501	-8.642	-0.977	162000000
chr1	163000000	164000000	5.586	-8.484	-0.265	163000000
chr1	164000000	165000000	6.39	-7.748	0.311	164000000
chr1	165000000	166000000	6.356	-8.536	0.544	165000000
chr1	166000000	167000000	5.908	-7.861	1.487	166000000
chr1	167000000	168000000	6.073	-8.404	1.626	167000000
chr1	168000000	169000000	5.391	-8.831	1.339	168000000
chr1	169000000	170000000	4.892	-9.271	2.005	169000000
chr1	170000000	171000000	5.057	-9.58	1.314	170000000
chr1	171000000	172000000	5.128	-9.357	0.204	171000000
chr1	172000000	173000000	5.94	-9.056	-1.298	172000000
chr1	173000000	174000000	5.72	-9.329	-1.753	173000000
chr1	174000000	175000000	4.686	-9.104	-1.672	174000000
chr1	175000000	176000000	4.245	-9.603	-1.028	175000000
chr1	176000000	177000000	4.127	-8.737	-0.853	176000000
chr1	177000000	178000000	5.223	-9.03	-0.533	177000000
chr1	178000000	179000000	6.302	-8.892	-0.273	178000000
chr1	179000000	180000000	5.936	-9.091	-0.721	179000000
chr1	180000000	181000000	5.572	-8.049	-0.371	180000000
chr1	181000000	182000000	5.082	-7.233	0.008	181000000
chr1	182000000	183000000	4.167	-7.227	1.024	182000000
chr1	183000000	184000000	4.267	-7.775	0.667	183000000
chr1	184000000	185000000	4.209	-8.643	0.145	184000000
chr1	185000000	186000000	4.52	-8.901	0.895	185000000
chr1	186000000	187000000	3.606	-8.593	1.571	186000000
chr1	187000000	188000000	2.719	-8.556	1.38	187000000
chr1	188000000	189000000	2.435	-8.742	0.412	188000000
chr1	189000000	190000000	2.609	-8.858	0.481	189000000
chr1	190000000	191000000	3.053	-9.711	0.087	190000000
chr1	191000000	192000000	3.77	-9.604	0.903	191000000
chr1	192000000	193000000	3.463	-6.96	2.661	192000000
chr1	193000000	194000000	3.394	-7.586	3.622	193000000
chr1	194000000	195000000	3.839	-7.206	3.115	194000000
chr1	195000000	196000000	4.046	-8.336	2.674	195000000
