chrX	2800000	3200000	9.422	2.305	-7.504	2800000
chrX	3200000	3600000	9.99	1.496	-6.936	3200000
chrX	3600000	4000000	9.86	0.457	-7.487	3600000
chrX	4000000	4400000	10.404	-0.5	-7.744	4000000
chrX	4400000	4800000	11.273	-1.176	-7.346	4400000
chrX	4800000	5200000	11.976	-1.248	-6.447	4800000
chrX	5200000	5600000	12.592	-0.499	-5.665	5200000
chrX	5600000	6000000	13.26	-1.261	-4.759	5600000
chrX	6000000	6400000	14.338	-1.624	-3.915	6000000
chrX	6400000	6800000	14.27	-2.733	-3.22	6400000
chrX	6800000	7200000	14.616	-2.855	-2.131	6800000
chrX	7200000	7600000	14.475	-2.451	-1.644	7200000
chrX	7600000	8000000	15.286	-2.113	-0.805	7600000
chrX	8000000	8400000	13.927	-1.676	-0.583	8000000
chrX	8400000	8800000	13.899	-1.372	-1.95	8400000
chrX	8800000	9200000	13.493	-1.091	-2.329	8800000
chrX	9200000	9600000	15.01	0.825	-2.727	9200000
chrX	9600000	10000000	16.139	1.782	-3.092	9600000
chrX	10000000	10400000	16.053	1.76	-2.917	10000000
chrX	10400000	10800000	15.867	1.983	-1.772	10400000
chrX	10800000	11200000	14.432	2.614	-3.292	10800000
chrX	11200000	11600000	12.272	2.7	-2.759	11200000
chrX	11600000	12000000	11.756	3.054	-2.771	11600000
chrX	12000000	12400000	10.808	3.526	-2.39	12000000
chrX	12400000	12800000	11.799	3.476	-2.564	12400000
chrX	12800000	13200000	10.978	2.815	-1.709	12800000
chrX	13200000	13600000	10.723	2.242	-2.187	13200000
chrX	13600000	14000000	10.518	2.797	-3.64	13600000
chrX	14000000	14400000	10.864	3.63	-4.274	14000000
chrX	14400000	14800000	11.599	2.763	-4.585	14400000
chrX	14800000	15200000	12.432	1.605	-5.155	14800000
chrX	15200000	15600000	12.722	1.368	-6.054	15200000
chrX	15600000	16000000	12.115	1.904	-5.129	15600000
chrX	16000000	16400000	12.593	1.954	-4.572	16000000
chrX	16400000	16800000	12.061	1.225	-5.428	16400000
chrX	16800000	17200000	12.737	0.65	-4.097	16800000
chrX	17200000	17600000	10.771	0.22	-3.928	17200000
chrX	17600000	18000000	10.323	1.268	-4.402	17600000
chrX	18000000	18400000	11.169	1.068	-4.712	18000000
chrX	18400000	18800000	11.411	1.866	-3.868	18400000
chrX	18800000	19200000	12.792	2.7	-4.614	18800000
chrX	19200000	19600000	14.147	3.053	-4.887	19200000
chrX	19600000	20000000	13.248	2.789	-5.451	19600000
chrX	20000000	20400000	13.239	3.436	-5.48	20000000
chrX	20400000	20800000	12.723	3.373	-5.284	20400000
chrX	20800000	21200000	13.85	3.482	-4.48	20800000
chrX	21200000	21600000	14.243	3.003	-4.513	21200000
chrX	21600000	22000000	14.417	1.779	-4.216	21600000
chrX	22000000	22400000	14.043	0.586	-4.792	22000000
chrX	22400000	22800000	13.777	0.905	-5.226	22400000
chrX	22800000	23200000	14.296	1.715	-4.622	22800000
chrX	23200000	23600000	14.345	1.87	-5.464	23200000
chrX	23600000	24000000	13.956	1.029	-4.275	23600000
chrX	24000000	24400000	14.524	-0.078	-4.802	24000000
chrX	24400000	24800000	14.173	-0.544	-3.889	24400000
chrX	24800000	25200000	14.512	-0.83	-5.509	24800000
chrX	25200000	25600000	15.347	-0.794	-6.36	25200000
chrX	25600000	26000000	16.26	-0.339	-5.739	25600000
chrX	26000000	26400000	15.881	-0.648	-4.643	26000000
chrX	26400000	26800000	15.68	-1.662	-4.541	26400000
chrX	26800000	27200000	16.045	-2.517	-3.971	26800000
chrX	27200000	27600000	15.778	-3.571	-4.262	27200000
chrX	27600000	28000000	14.936	-3.759	-4.944	27600000
chrX	28000000	28400000	14.002	-3.194	-5.113	28000000
chrX	28400000	28800000	13.32	-2.207	-5.176	28400000
chrX	28800000	29200000	13.563	-2.132	-6.464	28800000
chrX	29200000	29600000	13.742	-1.315	-7.263	29200000
chrX	29600000	30000000	13.756	-0.146	-7.414	29600000
chrX	30000000	30400000	13.727	0.981	-7.71	30000000
chrX	30400000	30800000	13.627	2.173	-7.57	30400000
chrX	30800000	31200000	13.376	3.312	-7.448	30800000
chrX	31200000	31600000	12.933	4.314	-7.099	31200000
chrX	31600000	32000000	11.855	4.424	-6.563	31600000
chrX	32000000	32400000	11.297	3.845	-7.572	32000000
chrX	32400000	32800000	11.481	2.639	-7.768	32400000
chrX	32800000	33200000	11.717	1.476	-7.538	32800000
chrX	33200000	33600000	11.552	0.627	-6.609	33200000
chrX	33600000	34000000	10.849	-0.044	-5.851	33600000
chrX	34000000	34400000	11.49	-0.378	-4.68	34000000
chrX	34400000	34800000	11.845	-0.752	-3.353	34400000
chrX	34800000	35200000	11.669	-0.537	-1.963	34800000
chrX	35200000	35600000	11.418	0.22	-0.996	35200000
chrX	35600000	36000000	12.29	1.166	-0.497	35600000
chrX	36000000	36400000	13.503	1.376	-0.329	36000000
chrX	36400000	36800000	14.903	1.55	0.448	36400000
chrX	36800000	37200000	15.406	2.308	1.139	36800000
chrX	37200000	37600000	14.731	2.746	1.684	37200000
chrX	37600000	38000000	15.317	2.873	1.59	37600000
chrX	38000000	38400000	16.588	2.959	1.49	38000000
chrX	38400000	38800000	16.438	3.346	1.919	38400000
chrX	38800000	39200000	15.115	3.147	1.385	38800000
chrX	39200000	39600000	16.058	2.992	-0.722	39200000
chrX	39600000	40000000	16.089	2.054	-0.478	39600000
chrX	40000000	40400000	15.351	1.775	-1.446	40000000
chrX	40400000	40800000	16.372	1.696	-1.044	40400000
chrX	40800000	41200000	16.337	1.26	-1.79	40800000
chrX	41200000	41600000	16.749	0.329	-1.075	41200000
chrX	41600000	42000000	15.985	-0.511	-0.659	41600000
chrX	42000000	42400000	15.22	-0.691	-1.678	42000000
chrX	42400000	42800000	15.338	-0.707	-2.123	42400000
chrX	42800000	43200000	15.771	-0.087	-2.379	42800000
chrX	43200000	43600000	16.11	0.108	-1.665	43200000
chrX	43600000	44000000	15.344	0.309	-0.833	43600000
chrX	44000000	44400000	14.676	0.842	-0.204	44000000
chrX	44400000	44800000	14.483	1.469	-0.825	44400000
chrX	44800000	45200000	14.744	0.914	-1.504	44800000
chrX	45200000	45600000	15.189	2.124	-1.552	45200000
chrX	45600000	46000000	16.567	2.699	-2.086	45600000
chrX	46000000	46400000	16.765	2.838	-1.533	46000000
chrX	46400000	46800000	16.342	3.353	-1.979	46400000
chrX	46800000	47200000	16.481	4.574	-2.357	46800000
chrX	47200000	47600000	15.519	4.555	-2.76	47200000
chrX	47600000	48000000	15.668	4.478	-2.019	47600000
chrX	48000000	48400000	16.257	4.389	-1.03	48000000
chrX	48400000	48800000	17.167	4.576	-0.713	48400000
chrX	48800000	49200000	16.995	5.008	-0.748	48800000
chrX	49200000	49600000	15.86	5.268	-2.148	49200000
chrX	49600000	50000000	15.951	6.034	-2.021	49600000
chrX	50000000	50400000	15.39	6.293	-1.731	50000000
chrX	50400000	50800000	15.494	5.589	-0.947	50400000
chrX	50800000	51200000	15.679	6.113	-0.864	50800000
chrX	51200000	51600000	14.895	5.766	-0.742	51200000
chrX	51600000	52000000	15.033	4.692	-1.307	51600000
chrX	52000000	52400000	14.729	3.707	-1.772	52000000
chrX	52400000	52800000	14.878	3.757	-2.263	52400000
chrX	52800000	53200000	13.679	1.648	-2.101	52800000
chrX	53200000	53600000	12.354	0.914	-2.622	53200000
chrX	53600000	54000000	13.115	0.941	-2.649	53600000
chrX	54000000	54400000	14.231	0.398	-2.996	54000000
chrX	54400000	54800000	15.393	0.423	-3.711	54400000
chrX	54800000	55200000	16.83	0.224	-3.962	54800000
chrX	55200000	55600000	17.379	0.072	-3.135	55200000
chrX	55600000	56000000	16.405	0.074	-2.324	55600000
chrX	56000000	56400000	14.706	0.846	-2.726	56000000
chrX	56400000	56800000	14.584	0.805	-2.578	56400000
chrX	56800000	57200000	13.956	1.377	-3.55	56800000
chrX	57200000	57600000	13.024	2.125	-3.488	57200000
chrX	57600000	58000000	13.129	3.734	-3.762	57600000
chrX	58000000	58400000	13.181	5.223	-3.345	58000000
chrX	58400000	58800000	12.315	5.543	-4.184	58400000
chrX	58800000	59200000	11.498	5.79	-4.584	58800000
chrX	59200000	59600000	10.905	5.059	-4.621	59200000
chrX	59600000	60000000	11.978	4.784	-4.297	59600000
chrX	60000000	60400000	12.097	4.821	-5.211	60000000
chrX	60400000	60800000	10.87	4.724	-4.817	60400000
chrX	60800000	61200000	11.485	3.99	-4.297	60800000
chrX	61200000	61600000	12.052	3.775	-4.526	61200000
chrX	61600000	62000000	12.164	3.815	-5.068	61600000
chrX	62000000	62400000	12.655	4.153	-4.88	62000000
chrX	62400000	62800000	13.411	3.981	-4.195	62400000
chrX	62800000	63200000	13.859	3.663	-3.473	62800000
chrX	63200000	63600000	14.552	4.27	-4.211	63200000
chrX	63600000	64000000	14.415	4.178	-3.682	63600000
chrX	64000000	64400000	15.284	4.129	-3.755	64000000
chrX	64400000	64800000	15.151	2.702	-1.085	64400000
chrX	64800000	65200000	15.093	0.73	-0.882	64800000
chrX	65200000	65600000	15.319	0.265	-0.931	65200000
chrX	65600000	66000000	16.263	0.698	-0.385	65600000
chrX	66000000	66400000	14.567	2.011	-0.753	66000000
chrX	66400000	66800000	13.88	1.195	-1.113	66400000
chrX	66800000	67200000	13.908	1.632	-1.705	66800000
chrX	67200000	67600000	13.56	2.491	-0.839	67200000
chrX	67600000	68000000	13.866	3.303	-1.022	67600000
chrX	68000000	68400000	13.511	2.691	-0.338	68000000
chrX	68400000	68800000	12.941	2.444	-0.794	68400000
chrX	68800000	69200000	13.177	2.124	-1.101	68800000
chrX	69200000	69600000	13.404	1.791	-2.555	69200000
chrX	69600000	70000000	12.609	1.969	-2.005	69600000
chrX	70000000	70400000	12.082	2.409	-1.325	70000000
chrX	70400000	70800000	12.086	1.776	-2.257	70400000
chrX	70800000	71200000	12.331	1.308	-1.371	70800000
chrX	71200000	71600000	13.135	0.181	-1.384	71200000
chrX	71600000	72000000	13.848	-0.518	-1.564	71600000
chrX	72000000	72400000	15.325	-1.884	-2.957	72000000
chrX	72400000	72800000	15.857	-1.616	-2.511	72400000
chrX	72800000	73200000	15.104	-2.735	-2.593	72800000
chrX	73200000	73600000	13.61	-2.442	-3.004	73200000
chrX	73600000	74000000	12.807	-1.888	-3.21	73600000
chrX	74000000	74400000	12.839	-0.919	-3.168	74000000
chrX	74400000	74800000	11.786	1.092	-2.938	74400000
chrX	74800000	75200000	12.041	1.17	-3.547	74800000
chrX	75200000	75600000	12.646	2.39	-3.583	75200000
chrX	75600000	76000000	13.626	3.612	-2.87	75600000
chrX	76000000	76400000	13.645	3.413	-1.513	76000000
chrX	76400000	76800000	12.599	3.432	-1.314	76400000
chrX	76800000	77200000	12.888	2.559	-1.625	76800000
chrX	77200000	77600000	13.157	3.102	-2.569	77200000
chrX	77600000	78000000	12.944	3.136	-2.682	77600000
chrX	78000000	78400000	12.68	3.329	-2.542	78000000
chrX	78400000	78800000	13.592	4.038	-2.205	78400000
chrX	78800000	79200000	13.938	3.165	-3.437	78800000
chrX	79200000	79600000	14.395	2.602	-2.836	79200000
chrX	79600000	80000000	14.677	2.08	-2.752	79600000
chrX	80000000	80400000	14.809	2.01	-2.686	80000000
chrX	80400000	80800000	15.602	2.268	-3.888	80400000
chrX	80800000	81200000	15.41	1.432	-4.353	80800000
chrX	81200000	81600000	15.694	1.258	-4.168	81200000
chrX	81600000	82000000	15.581	3.248	-3.38	81600000
chrX	82000000	82400000	15.98	3.022	-3.379	82000000
chrX	82400000	82800000	15.921	2.053	-3.096	82400000
chrX	82800000	83200000	14.873	2.434	-2.041	82800000
chrX	83200000	83600000	15.21	3.33	-1.639	83200000
chrX	83600000	84000000	15.531	1.201	-1.722	83600000
chrX	84000000	84400000	16.645	-0.042	-1.452	84000000
chrX	84400000	84800000	16.955	-1.139	-0.933	84400000
chrX	84800000	85200000	17.405	-0.595	-0.177	84800000
chrX	85200000	85600000	16.505	-0.386	0.1	85200000
chrX	85600000	86000000	16.726	-1.039	0.28	85600000
chrX	86000000	86400000	16.342	-1.329	-0.627	86000000
chrX	86400000	86800000	15.621	-0.666	-0.038	86400000
chrX	86800000	87200000	16.057	-0.019	0.584	86800000
chrX	87200000	87600000	16.0	1.172	0.384	87200000
chrX	87600000	88000000	15.984	1.746	0.247	87600000
chrX	88000000	88400000	16.32	2.2	0.098	88000000
chrX	88400000	88800000	16.783	2.138	0.603	88400000
chrX	88800000	89200000	17.286	3.078	0.754	88800000
chrX	89200000	89600000	17.531	4.384	0.862	89200000
chrX	89600000	90000000	17.124	3.952	0.564	89600000
chrX	90000000	90400000	16.091	4.649	0.409	90000000
chrX	90400000	90800000	16.439	4.782	1.009	90400000
chrX	90800000	91200000	16.721	3.583	0.273	90800000
chrX	91200000	91600000	16.13	3.758	0.539	91200000
chrX	91600000	92000000	15.659	3.572	1.325	91600000
chrX	92000000	92400000	16.091	4.195	1.365	92000000
chrX	92400000	92800000	15.507	4.372	0.1	92400000
chrX	92800000	93200000	15.417	3.154	-0.032	92800000
chrX	93200000	93600000	15.04	3.902	0.007	93200000
chrX	93600000	94000000	13.979	4.366	0.869	93600000
chrX	94000000	94400000	13.141	3.473	1.448	94000000
chrX	94400000	94800000	13.658	2.535	1.022	94400000
chrX	94800000	95200000	14.253	1.255	1.008	94800000
chrX	95200000	95600000	14.283	1.727	0.244	95200000
chrX	95600000	96000000	14.705	2.857	0.006	95600000
chrX	96000000	96400000	14.675	2.745	0.397	96000000
chrX	96400000	96800000	14.484	1.268	0.744	96400000
chrX	96800000	97200000	15.748	0.435	0.634	96800000
chrX	97200000	97600000	17.099	0.09	1.055	97200000
chrX	97600000	98000000	16.307	0.996	1.197	97600000
chrX	98000000	98400000	15.231	0.169	1.526	98000000
chrX	98400000	98800000	14.964	-1.337	1.625	98400000
chrX	98800000	99200000	14.396	-1.886	1.977	98800000
chrX	99200000	99600000	14.282	-1.12	1.621	99200000
chrX	99600000	100000000	14.355	-0.356	1.286	99600000
chrX	100000000	100400000	13.788	-0.491	0.945	100000000
chrX	100400000	100800000	12.73	-1.012	0.571	100400000
chrX	100800000	101200000	12.957	-0.119	0.593	100800000
chrX	101200000	101600000	12.053	0.318	0.763	101200000
chrX	101600000	102000000	12.289	0.803	1.011	101600000
chrX	102000000	102400000	12.988	0.765	1.12	102000000
chrX	102400000	102800000	13.443	0.228	2.01	102400000
chrX	102800000	103200000	13.027	0.056	2.626	102800000
chrX	103200000	103600000	12.977	0.455	3.688	103200000
chrX	103600000	104000000	12.882	-0.634	3.02	103600000
chrX	104000000	104400000	12.771	-0.657	3.715	104000000
chrX	104400000	104800000	12.45	-0.323	4.73	104400000
chrX	104800000	105200000	11.691	-0.32	4.298	104800000
chrX	105200000	105600000	11.905	-0.618	4.68	105200000
chrX	105600000	106000000	12.686	-1.147	5.627	105600000
chrX	106000000	106400000	12.527	-0.954	4.981	106000000
chrX	106400000	106800000	11.496	-0.287	3.993	106400000
chrX	106800000	107200000	11.49	0.721	3.353	106800000
chrX	107200000	107600000	12.1	0.916	3.89	107200000
chrX	107600000	108000000	12.754	0.321	3.081	107600000
chrX	108000000	108400000	14.744	-0.308	3.263	108000000
chrX	108400000	108800000	15.843	-0.238	2.526	108400000
chrX	108800000	109200000	15.015	-0.348	2.227	108800000
chrX	109200000	109600000	14.663	-0.558	2.826	109200000
chrX	109600000	110000000	15.512	-0.924	4.611	109600000
chrX	110000000	110400000	15.952	-0.415	5.367	110000000
chrX	110400000	110800000	15.281	-0.634	6.326	110400000
chrX	110800000	111200000	15.637	-0.916	6.28	110800000
chrX	111200000	111600000	16.729	-0.947	5.53	111200000
chrX	111600000	112000000	17.135	-0.503	4.369	111600000
chrX	112000000	112400000	17.554	0.283	3.747	112000000
chrX	112400000	112800000	18.034	1.2	3.216	112400000
chrX	112800000	113200000	17.694	1.653	2.189	112800000
chrX	113200000	113600000	17.134	2.149	2.864	113200000
chrX	113600000	114000000	16.538	1.521	1.982	113600000
chrX	114000000	114400000	16.651	1.758	2.809	114000000
chrX	114400000	114800000	15.86	3.22	3.106	114400000
chrX	114800000	115200000	15.592	3.407	3.266	114800000
chrX	115200000	115600000	15.752	4.184	3.399	115200000
chrX	115600000	116000000	16.539	4.976	2.608	115600000
chrX	116000000	116400000	16.363	5.137	3.185	116000000
chrX	116400000	116800000	15.801	4.907	2.843	116400000
chrX	116800000	117200000	15.127	4.526	3.927	116800000
chrX	117200000	117600000	15.266	5.071	3.533	117200000
chrX	117600000	118000000	14.95	4.242	2.793	117600000
chrX	118000000	118400000	14.718	4.983	1.675	118000000
chrX	118400000	118800000	15.338	4.535	2.118	118400000
chrX	118800000	119200000	15.841	5.503	2.333	118800000
chrX	119200000	119600000	15.539	6.21	2.939	119200000
chrX	119600000	120000000	15.434	6.53	2.001	119600000
chrX	120000000	120400000	15.026	5.98	2.574	120000000
chrX	120400000	120800000	14.703	5.542	3.858	120400000
chrX	120800000	121200000	14.0	5.554	2.969	120800000
chrX	121200000	121600000	13.198	4.842	2.787	121200000
chrX	121600000	122000000	13.38	5.164	2.882	121600000
chrX	122000000	122400000	13.502	4.803	3.916	122000000
chrX	122400000	122800000	12.541	3.908	4.146	122400000
chrX	122800000	123200000	13.07	3.546	5.507	122800000
chrX	123200000	123600000	14.374	3.925	5.578	123200000
chrX	123600000	124000000	15.056	4.672	6.11	123600000
chrX	124000000	124400000	15.668	5.628	6.252	124000000
chrX	124400000	124800000	16.715	5.773	5.954	124400000
chrX	124800000	125200000	17.611	5.666	5.539	124800000
chrX	125200000	125600000	18.371	5.207	4.839	125200000
chrX	125600000	126000000	18.65	4.181	4.707	125600000
chrX	126000000	126400000	18.138	3.244	4.433	126000000
chrX	126400000	126800000	17.581	2.495	4.772	126400000
chrX	126800000	127200000	16.928	1.589	4.729	126800000
chrX	127200000	127600000	16.256	0.925	5.602	127200000
chrX	127600000	128000000	15.75	0.414	5.083	127600000
chrX	128000000	128400000	16.029	-0.15	5.44	128000000
chrX	128400000	128800000	15.378	0.733	5.843	128400000
chrX	128800000	129200000	14.946	0.135	5.542	128800000
chrX	129200000	129600000	14.896	-0.982	5.723	129200000
chrX	129600000	130000000	14.109	-1.285	5.244	129600000
chrX	130000000	130400000	13.822	-0.705	5.031	130000000
chrX	130400000	130800000	13.978	-1.625	5.54	130400000
chrX	130800000	131200000	13.85	-2.375	4.335	130800000
chrX	131200000	131600000	14.888	-2.182	4.844	131200000
chrX	131600000	132000000	14.241	-1.65	6.215	131600000
chrX	132000000	132400000	13.852	-0.863	6.87	132000000
chrX	132400000	132800000	12.877	-0.654	7.146	132400000
chrX	132800000	133200000	12.699	-1.36	6.471	132800000
chrX	133200000	133600000	13.324	-1.016	6.651	133200000
chrX	133600000	134000000	14.013	-0.055	6.715	133600000
chrX	134000000	134400000	13.796	0.227	6.816	134000000
chrX	134400000	134800000	13.819	1.128	7.625	134400000
chrX	134800000	135200000	13.42	1.892	7.768	134800000
chrX	135200000	135600000	13.204	2.621	8.437	135200000
chrX	135600000	136000000	12.331	3.436	8.606	135600000
chrX	136000000	136400000	12.995	4.432	7.906	136000000
chrX	136400000	136800000	13.952	4.112	7.937	136400000
chrX	136800000	137200000	13.149	3.526	7.564	136800000
chrX	137200000	137600000	13.103	2.863	6.902	137200000
chrX	137600000	138000000	12.545	2.824	7.231	137600000
chrX	138000000	138400000	14.306	3.278	4.66	138000000
chrX	138400000	138800000	13.953	3.69	3.96	138400000
chrX	138800000	139200000	13.5	3.907	3.933	138800000
chrX	139200000	139600000	14.276	3.742	4.586	139200000
chrX	139600000	140000000	15.194	2.461	4.736	139600000
chrX	140000000	140400000	15.349	2.005	5.392	140000000
chrX	140400000	140800000	15.757	1.697	5.45	140400000
chrX	140800000	141200000	15.766	-0.442	3.506	140800000
chrX	141200000	141600000	15.951	-1.431	3.075	141200000
chrX	141600000	142000000	15.814	-1.566	3.966	141600000
chrX	142000000	142400000	15.61	-1.539	4.633	142000000
chrX	142400000	142800000	14.911	-0.561	4.443	142400000
chrX	142800000	143200000	14.568	0.604	4.499	142800000
chrX	143200000	143600000	14.618	1.797	5.246	143200000
chrX	143600000	144000000	14.134	1.925	5.806	143600000
chrX	144000000	144400000	13.553	3.082	6.292	144000000
chrX	144400000	144800000	12.829	3.552	5.961	144400000
chrX	144800000	145200000	13.08	2.857	4.769	144800000
chrX	145200000	145600000	12.176	3.692	4.514	145200000
chrX	145600000	146000000	13.261	3.627	5.12	145600000
chrX	146000000	146400000	14.112	2.667	5.2	146000000
chrX	146400000	146800000	14.241	2.837	6.436	146400000
chrX	146800000	147200000	14.567	2.479	7.013	146800000
chrX	147200000	147600000	15.421	2.527	6.492	147200000
chrX	147600000	148000000	15.023	1.459	6.782	147600000
chrX	148000000	148400000	16.341	0.369	6.567	148000000
chrX	148400000	148800000	17.6	0.449	6.486	148400000
chrX	148800000	149200000	17.494	0.608	5.291	148800000
chrX	149200000	149600000	15.964	0.758	3.815	149200000
chrX	149600000	150000000	16.01	0.92	3.965	149600000
chrX	150000000	150400000	15.709	0.858	3.924	150000000
chrX	150400000	150800000	14.319	1.133	4.004	150400000
chrX	150800000	151200000	13.891	1.73	3.629	150800000
chrX	151200000	151600000	14.474	1.353	3.093	151200000
chrX	151600000	152000000	13.715	1.983	3.203	151600000
chrX	152000000	152400000	12.736	2.002	2.499	152000000
chrX	152400000	152800000	13.194	2.077	2.56	152400000
chrX	152800000	153200000	13.789	1.157	2.365	152800000
chrX	153200000	153600000	14.692	1.628	2.562	153200000
chrX	153600000	154000000	14.715	0.974	3.085	153600000
chrX	154000000	154400000	14.883	-0.324	2.908	154000000
chrX	154400000	154800000	16.978	-0.54	2.233	154400000
chrX	154800000	155200000	17.083	-0.04	2.442	154800000
chrX	155200000	155600000	16.282	-1.227	2.102	155200000
chrX	155600000	156000000	15.27	-1.523	2.323	155600000
chrX	156000000	156400000	14.413	-1.743	3.507	156000000
chrX	156400000	156800000	13.986	-1.029	3.594	156400000
chrX	156800000	157200000	14.128	-0.011	3.189	156800000
chrX	157200000	157600000	14.313	-0.501	4.134	157200000
chrX	157600000	158000000	13.981	-0.76	4.521	157600000
chrX	158000000	158400000	13.073	-1.844	4.514	158000000
chrX	158400000	158800000	12.329	-2.266	5.447	158400000
chrX	158800000	159200000	12.016	-2.094	6.092	158800000
chrX	159200000	159600000	11.075	-2.0	6.73	159200000
chrX	159600000	160000000	11.568	-0.881	6.598	159600000
chrX	160000000	160400000	11.747	-0.346	6.763	160000000
chrX	160400000	160800000	11.606	-0.309	7.414	160400000
chrX	160800000	161200000	12.445	-0.082	8.149	160800000
chrX	161200000	161600000	12.39	0.873	8.939	161200000
chrX	161600000	162000000	12.879	1.202	8.768	161600000
chrX	162000000	162400000	12.557	2.196	8.248	162000000
chrX	162400000	162800000	12.203	1.879	6.811	162400000
chrX	162800000	163200000	13.044	1.453	6.204	162800000
chrX	163200000	163600000	12.767	0.781	4.878	163200000
chrX	163600000	164000000	12.698	0.456	4.493	163600000
chrX	164000000	164400000	12.321	1.0	5.018	164000000
chrX	164400000	164800000	13.394	0.464	5.326	164400000
chrX	164800000	165200000	13.5	0.393	5.91	164800000
chrX	165200000	165600000	12.583	-0.307	6.154	165200000
chrX	165600000	166000000	12.398	-0.073	6.109	165600000
chrX	166000000	166400000	12.643	0.577	6.992	166000000
chrX	166400000	166800000	11.948	0.374	6.604	166400000
chrX	166800000	167200000	12.158	1.095	6.698	166800000
chrX	167200000	167600000	13.268	1.212	7.083	167200000
chrX	167600000	168000000	12.179	0.802	7.727	167600000
chrX	168000000	168400000	12.199	0.371	7.892	168000000
chrX	168400000	168800000	11.344	1.325	7.639	168400000
chrX	168800000	169200000	11.478	2.149	8.129	168800000
chrX	169200000	169600000	11.324	1.795	8.611	169200000
chrX	169600000	170000000	10.979	0.588	9.256	169600000
chrX	170000000	170400000	11.015	-0.1	9.044	170000000
