chr19	3000000	4000000	0.32	-0.926	1.666	3000000
chr19	4000000	5000000	0.655	-1.132	1.608	4000000
chr19	5000000	6000000	0.009	-1.244	0.913	5000000
chr19	6000000	7000000	1.124	-1.322	0.66	6000000
chr19	7000000	8000000	0.6	-2.132	1.419	7000000
chr19	8000000	9000000	-0.339	-1.758	2.072	8000000
chr19	9000000	10000000	-0.728	-1.797	3.335	9000000
chr19	10000000	11000000	-1.33	-2.032	4.306	10000000
chr19	11000000	12000000	-1.832	-2.332	5.608	11000000
chr19	12000000	13000000	-2.604	-2.531	6.903	12000000
chr19	13000000	14000000	-2.987	-3.161	7.368	13000000
chr19	14000000	15000000	-2.716	-2.87	7.352	14000000
chr19	15000000	16000000	-2.534	-3.299	8.121	15000000
chr19	16000000	17000000	-2.199	-3.177	7.571	16000000
chr19	17000000	18000000	-1.759	-2.963	6.453	17000000
chr19	18000000	19000000	-0.704	-2.62	6.009	18000000
chr19	19000000	20000000	-1.394	-2.212	6.379	19000000
chr19	20000000	21000000	-1.15	-2.227	5.246	20000000
chr19	21000000	22000000	-1.418	-1.839	4.416	21000000
chr19	22000000	23000000	-1.246	-1.348	3.51	22000000
chr19	23000000	24000000	-1.13	-1.314	2.232	23000000
chr19	24000000	25000000	-0.79	-1.54	1.294	24000000
chr19	25000000	26000000	-0.945	-0.883	0.945	25000000
chr19	26000000	27000000	-1.715	-0.753	1.698	26000000
chr19	27000000	28000000	-1.696	-0.896	2.238	27000000
chr19	28000000	29000000	-2.066	-0.407	2.587	28000000
chr19	29000000	30000000	-2.36	-1.1	2.528	29000000
chr19	30000000	31000000	-2.491	-0.522	3.292	30000000
chr19	31000000	32000000	-1.688	-1.338	3.482	31000000
chr19	32000000	33000000	-1.923	-0.815	3.294	32000000
chr19	33000000	34000000	-1.535	0.112	3.356	33000000
chr19	34000000	35000000	-0.984	0.47	2.93	34000000
chr19	35000000	36000000	-1.151	1.479	2.484	35000000
chr19	36000000	37000000	-1.524	1.311	3.144	36000000
chr19	37000000	38000000	-2.194	0.295	3.435	37000000
chr19	38000000	39000000	-2.866	0.498	4.13	38000000
chr19	39000000	40000000	-3.139	1.345	4.719	39000000
chr19	40000000	41000000	-2.216	1.895	3.989	40000000
chr19	41000000	42000000	-1.981	2.147	3.51	41000000
chr19	42000000	43000000	-3.024	1.542	3.54	42000000
chr19	43000000	44000000	-3.388	2.084	3.971	43000000
chr19	44000000	45000000	-3.275	1.371	3.791	44000000
chr19	45000000	46000000	-3.603	1.332	4.09	45000000
chr19	46000000	47000000	-4.111	0.776	3.552	46000000
chr19	47000000	48000000	-3.833	1.03	2.882	47000000
chr19	48000000	49000000	-2.911	0.346	3.591	48000000
chr19	49000000	50000000	-1.826	0.449	3.901	49000000
chr19	50000000	51000000	-2.168	0.044	3.919	50000000
chr19	51000000	52000000	-1.897	-0.13	4.672	51000000
chr19	52000000	53000000	-2.195	0.783	4.035	52000000
chr19	53000000	54000000	-2.019	1.374	4.017	53000000
chr19	54000000	55000000	-1.198	1.112	3.524	54000000
chr19	55000000	56000000	-0.488	0.786	2.966	55000000
chr19	56000000	57000000	0.198	0.86	2.587	56000000
chr19	57000000	58000000	0.376	1.124	1.789	57000000
chr19	58000000	59000000	0.675	1.085	2.607	58000000
chr19	59000000	60000000	0.759	0.441	1.953	59000000
chr19	60000000	61000000	-0.225	0.091	2.993	60000000
chr19	61000000	62000000	-1.22	-0.08	3.935	61000000
