chrX	3200000	3600000	-2.225	-1.168	-9.923	3200000
chrX	3600000	4000000	-3.178	-1.77	-10.175	3600000
chrX	4000000	4400000	-3.327	-1.792	-11.345	4000000
chrX	4400000	4800000	-4.178	-2.181	-11.899	4400000
chrX	4800000	5200000	-5.205	-2.284	-11.347	4800000
chrX	5200000	5600000	-4.971	-2.13	-10.222	5200000
chrX	5600000	6000000	-4.631	-1.441	-9.224	5600000
chrX	6000000	6400000	-4.334	-1.835	-8.126	6000000
chrX	6400000	6800000	-4.911	-1.865	-7.316	6400000
chrX	6800000	7200000	-5.016	-1.607	-6.615	6800000
chrX	7200000	7600000	-4.995	-0.244	-6.278	7200000
chrX	7600000	8000000	-4.682	0.781	-5.22	7600000
chrX	8000000	8400000	-4.46	2.528	-3.568	8000000
chrX	8400000	8800000	-3.306	4.533	-2.13	8400000
chrX	8800000	9200000	-2.91	4.592	-2.014	8800000
chrX	9200000	9600000	-1.654	4.727	-1.14	9200000
chrX	9600000	10000000	-2.366	4.939	-0.306	9600000
chrX	10000000	10400000	-1.375	4.263	-0.825	10000000
chrX	10400000	10800000	-0.095	4.944	-1.592	10400000
chrX	10800000	11200000	0.36	5.052	-2.128	10800000
chrX	11200000	11600000	-0.384	5.327	-2.493	11200000
chrX	11600000	12000000	0.988	5.31	-2.365	11600000
chrX	12000000	12400000	0.919	5.943	-2.697	12000000
chrX	12400000	12800000	0.392	6.665	-2.211	12400000
chrX	12800000	13200000	0.32	6.234	-1.625	12800000
chrX	13200000	13600000	-0.29	6.823	-1.658	13200000
chrX	13600000	14000000	-0.721	6.917	-0.704	13600000
chrX	14000000	14400000	-0.431	5.966	-0.582	14000000
chrX	14400000	14800000	-1.091	5.089	-0.071	14400000
chrX	14800000	15200000	-1.087	5.459	0.431	14800000
chrX	15200000	15600000	-0.921	4.184	0.744	15200000
chrX	15600000	16000000	-1.112	3.253	1.049	15600000
chrX	16000000	16400000	-1.477	2.951	0.992	16000000
chrX	16400000	16800000	-1.607	3.771	0.097	16400000
chrX	16800000	17200000	-2.589	3.214	0.667	16800000
chrX	17200000	17600000	-2.82	4.115	1.347	17200000
chrX	17600000	18000000	-3.496	4.019	0.684	17600000
chrX	18000000	18400000	-4.16	3.854	0.46	18000000
chrX	18400000	18800000	-4.556	4.213	-0.059	18400000
chrX	18800000	19200000	-4.579	4.057	-1.288	18800000
chrX	19200000	19600000	-5.303	2.126	-5.056	19200000
chrX	19600000	20000000	-5.247	1.553	-5.992	19600000
chrX	20000000	20400000	-5.534	1.891	-6.447	20000000
chrX	20400000	20800000	-5.305	0.641	-6.637	20400000
chrX	20800000	21200000	-3.997	-1.745	-7.361	20800000
chrX	21200000	21600000	-3.651	-3.098	-8.178	21200000
chrX	21600000	22000000	-3.245	-3.275	-9.696	21600000
chrX	22000000	22400000	-2.455	-3.336	-10.575	22000000
chrX	22400000	22800000	-3.121	-3.598	-10.682	22400000
chrX	22800000	23200000	-3.374	-4.22	-11.182	22800000
chrX	23200000	23600000	-3.855	-4.061	-10.098	23200000
chrX	23600000	24000000	-4.224	-3.872	-10.749	23600000
chrX	24000000	24400000	-4.679	-4.159	-11.706	24000000
chrX	24400000	24800000	-5.507	-4.525	-12.049	24400000
chrX	24800000	25200000	-6.667	-4.477	-12.048	24800000
chrX	25200000	25600000	-7.15	-5.311	-12.744	25200000
chrX	25600000	26000000	-6.354	-5.916	-13.243	25600000
chrX	26000000	26400000	-5.309	-5.699	-12.821	26000000
chrX	26400000	26800000	-4.388	-5.656	-13.41	26400000
chrX	26800000	27200000	-4.069	-5.6	-14.496	26800000
chrX	27200000	27600000	-4.43	-5.05	-15.275	27200000
chrX	27600000	28000000	-4.762	-4.14	-15.777	27600000
chrX	28000000	28400000	-4.656	-3.061	-15.466	28000000
chrX	28400000	28800000	-4.85	-2.088	-15.311	28400000
chrX	28800000	29200000	-4.36	-1.282	-14.766	28800000
chrX	29200000	29600000	-3.321	-0.935	-14.659	29200000
chrX	29600000	30000000	-2.964	-0.248	-13.847	29600000
chrX	30000000	30400000	-3.353	0.441	-13.03	30000000
chrX	30400000	30800000	-3.655	0.84	-12.196	30400000
chrX	30800000	31200000	-3.524	1.221	-11.129	30800000
chrX	31200000	31600000	-3.947	0.868	-10.111	31200000
chrX	31600000	32000000	-4.005	-0.431	-10.138	31600000
chrX	32000000	32400000	-4.676	-0.419	-11.106	32000000
chrX	32400000	32800000	-5.737	-0.266	-11.116	32400000
chrX	32800000	33200000	-6.38	0.667	-10.968	32800000
chrX	33200000	33600000	-6.6	1.729	-10.749	33200000
chrX	33600000	34000000	-6.024	2.409	-10.153	33600000
chrX	34000000	34400000	-4.93	2.513	-10.105	34000000
chrX	34400000	34800000	-4.11	2.295	-9.574	34400000
chrX	34800000	35200000	-3.789	2.928	-8.551	34800000
chrX	35200000	35600000	-3.321	2.958	-7.402	35200000
chrX	35600000	36000000	-2.179	7.072	-1.773	35600000
chrX	36000000	36400000	-1.132	6.214	1.652	36000000
chrX	36400000	36800000	-0.515	5.228	1.923	36400000
chrX	36800000	37200000	0.785	5.214	1.762	36800000
chrX	37200000	37600000	1.068	5.535	0.714	37200000
chrX	37600000	38000000	0.997	4.77	-0.067	37600000
chrX	38000000	38400000	0.544	5.1	-0.243	38000000
chrX	38400000	38800000	-0.562	5.356	-0.364	38400000
chrX	38800000	39200000	-3.234	4.742	-0.817	38800000
chrX	39200000	39600000	-2.614	4.29	-0.882	39200000
chrX	39600000	40000000	-3.015	3.513	-0.756	39600000
chrX	40000000	40400000	-2.847	3.093	-0.438	40000000
chrX	40400000	40800000	-3.172	3.056	-0.866	40400000
chrX	40800000	41200000	-3.353	3.281	-1.236	40800000
chrX	41200000	41600000	-3.3	2.642	-1.83	41200000
chrX	41600000	42000000	-3.488	1.846	-2.636	41600000
chrX	42000000	42400000	-3.677	1.361	-3.658	42000000
chrX	42400000	42800000	-4.303	0.65	-4.551	42400000
chrX	42800000	43200000	-5.233	-0.132	-5.157	42800000
chrX	43200000	43600000	-6.228	-0.305	-5.844	43200000
chrX	43600000	44000000	-6.826	0.409	-6.349	43600000
chrX	44000000	44400000	-6.967	-0.68	-6.658	44000000
chrX	44400000	44800000	-6.523	-0.495	-7.728	44400000
chrX	44800000	45200000	-6.403	-0.775	-7.666	44800000
chrX	45200000	45600000	-6.779	-0.762	-6.829	45200000
chrX	45600000	46000000	-5.989	0.201	-6.834	45600000
chrX	46000000	46400000	-4.997	-0.138	-6.491	46000000
chrX	46400000	46800000	-4.158	0.846	-6.066	46400000
chrX	46800000	47200000	-4.025	-0.156	-5.718	46800000
chrX	47200000	47600000	-3.262	0.021	-5.293	47200000
chrX	47600000	48000000	-2.949	0.027	-5.594	47600000
chrX	48000000	48400000	-2.259	0.145	-4.998	48000000
chrX	48400000	48800000	-2.544	0.167	-4.592	48400000
chrX	48800000	49200000	-2.905	1.018	-4.719	48800000
chrX	49200000	49600000	-3.724	2.215	-5.185	49200000
chrX	49600000	50000000	-3.362	3.15	-5.831	49600000
chrX	50000000	50400000	-3.24	3.39	-5.422	50000000
chrX	50400000	50800000	-3.871	2.9	-5.864	50400000
chrX	50800000	51200000	-4.14	3.517	-4.996	50800000
chrX	51200000	51600000	-4.018	3.963	-4.492	51200000
chrX	51600000	52000000	-4.084	4.907	-4.312	51600000
chrX	52000000	52400000	-4.117	5.337	-3.635	52000000
chrX	52400000	52800000	-4.611	6.215	-3.444	52400000
chrX	52800000	53200000	-5.399	6.861	-3.662	52800000
chrX	53200000	53600000	-6.26	7.742	-2.692	53200000
chrX	53600000	54000000	-5.671	8.189	-2.369	53600000
chrX	54000000	54400000	-6.263	9.102	-2.355	54000000
chrX	54400000	54800000	-6.663	9.796	-2.558	54400000
chrX	54800000	55200000	-7.113	10.814	-2.083	54800000
chrX	55200000	55600000	-6.75	10.515	-1.074	55200000
chrX	55600000	56000000	-4.505	9.142	-0.873	55600000
chrX	56000000	56400000	-4.895	9.385	0.006	56000000
chrX	56400000	56800000	-4.112	9.098	-0.202	56400000
chrX	56800000	57200000	-3.291	8.572	-1.224	56800000
chrX	57200000	57600000	-2.828	8.834	-2.17	57200000
chrX	57600000	58000000	-3.569	8.385	-2.495	57600000
chrX	58000000	58400000	-3.88	8.671	-1.992	58000000
chrX	58400000	58800000	-3.859	8.766	-2.671	58400000
chrX	58800000	59200000	-4.053	7.466	-2.848	58800000
chrX	59200000	59600000	-3.803	5.518	-3.415	59200000
chrX	59600000	60000000	-2.711	4.858	-3.313	59600000
chrX	60000000	60400000	-3.079	4.144	-4.61	60000000
chrX	60400000	60800000	-3.684	2.148	-4.324	60400000
chrX	60800000	61200000	-4.382	-0.601	-4.462	60800000
chrX	61200000	61600000	-4.668	-1.28	-5.041	61200000
chrX	61600000	62000000	-5.157	-1.357	-6.18	61600000
chrX	62000000	62400000	-5.393	-1.371	-5.943	62000000
chrX	62400000	62800000	-5.289	-1.176	-7.046	62400000
chrX	62800000	63200000	-5.379	-0.564	-7.837	62800000
chrX	63200000	63600000	-5.977	-1.776	-8.888	63200000
chrX	63600000	64000000	-5.917	-1.375	-8.735	63600000
chrX	64000000	64400000	-5.392	-1.025	-8.174	64000000
chrX	64400000	64800000	-4.844	0.015	-8.441	64400000
chrX	64800000	65200000	-4.945	0.606	-7.761	64800000
chrX	65200000	65600000	-5.516	1.535	-8.312	65200000
chrX	65600000	66000000	-4.675	1.616	-7.549	65600000
chrX	66000000	66400000	-3.732	1.089	-8.258	66000000
chrX	66400000	66800000	-2.73	1.144	-8.735	66400000
chrX	66800000	67200000	-2.842	0.131	-8.599	66800000
chrX	67200000	67600000	-3.288	-0.171	-7.572	67200000
chrX	67600000	68000000	-3.749	-0.315	-7.499	67600000
chrX	68000000	68400000	-3.42	-0.51	-7.243	68000000
chrX	68400000	68800000	-3.382	0.561	-6.652	68400000
chrX	68800000	69200000	-3.788	1.227	-5.613	68800000
chrX	69200000	69600000	-3.065	2.065	-4.619	69200000
chrX	69600000	70000000	-2.992	2.587	-4.153	69600000
chrX	70000000	70400000	-3.018	1.694	-4.621	70000000
chrX	70400000	70800000	-2.523	2.504	-3.962	70400000
chrX	70800000	71200000	-1.841	5.03	-2.417	70800000
chrX	71200000	71600000	-1.671	5.783	-2.084	71200000
chrX	71600000	72000000	-1.179	6.082	-2.402	71600000
chrX	72000000	72400000	-0.623	6.148	-2.651	72000000
chrX	72400000	72800000	-1.584	6.406	-3.578	72400000
chrX	72800000	73200000	-0.874	6.544	-3.389	72800000
chrX	73200000	73600000	-0.86	7.013	-3.723	73200000
chrX	73600000	74000000	-2.064	7.46	-4.456	73600000
chrX	74000000	74400000	-3.004	7.86	-3.558	74000000
chrX	74400000	74800000	-3.966	7.27	-4.083	74400000
chrX	74800000	75200000	-3.542	6.485	-4.345	74800000
chrX	75200000	75600000	-2.485	5.594	-4.908	75200000
chrX	75600000	76000000	-2.301	4.439	-5.241	75600000
chrX	76000000	76400000	-2.102	3.161	-5.353	76000000
chrX	76400000	76800000	-2.242	2.105	-5.74	76400000
chrX	76800000	77200000	-1.952	2.696	-5.796	76800000
chrX	77200000	77600000	-1.295	2.704	-5.387	77200000
chrX	77600000	78000000	-1.97	2.803	-5.87	77600000
chrX	78000000	78400000	-1.662	2.383	-5.42	78000000
chrX	78400000	78800000	-0.992	3.307	-4.811	78400000
chrX	78800000	79200000	-1.196	4.242	-4.949	78800000
chrX	79200000	79600000	-0.935	4.69	-4.243	79200000
chrX	79600000	80000000	-0.569	5.373	-4.743	79600000
chrX	80000000	80400000	0.036	5.802	-3.911	80000000
chrX	80400000	80800000	-0.298	4.871	-3.561	80400000
chrX	80800000	81200000	0.209	4.439	-3.278	80800000
chrX	81200000	81600000	-0.954	4.706	-3.304	81200000
chrX	81600000	82000000	-1.305	4.897	-2.915	81600000
chrX	82000000	82400000	-1.723	5.074	-3.861	82000000
chrX	82400000	82800000	-2.091	3.876	-4.271	82400000
chrX	82800000	83200000	-2.577	4.431	-4.037	82800000
chrX	83200000	83600000	-2.813	5.348	-3.794	83200000
chrX	83600000	84000000	-2.469	5.978	-4.412	83600000
chrX	84000000	84400000	-2.077	7.195	-4.569	84000000
chrX	84400000	84800000	-1.271	8.479	-4.854	84400000
chrX	84800000	85200000	-1.819	8.685	-4.777	84800000
chrX	85200000	85600000	-1.767	8.311	-3.646	85200000
chrX	85600000	86000000	-2.584	9.004	-4.139	85600000
chrX	86000000	86400000	-2.565	9.905	-3.655	86000000
chrX	86400000	86800000	-3.047	9.811	-3.885	86400000
chrX	86800000	87200000	-2.97	10.253	-4.709	86800000
chrX	87200000	87600000	-2.817	10.493	-4.324	87200000
chrX	87600000	88000000	-3.5	11.36	-4.772	87600000
chrX	88000000	88400000	-2.076	10.022	-5.373	88000000
chrX	88400000	88800000	-2.956	10.519	-6.192	88400000
chrX	88800000	89200000	-3.189	11.132	-5.998	88800000
chrX	89200000	89600000	-2.55	11.571	-6.47	89200000
chrX	89600000	90000000	-2.116	11.811	-5.653	89600000
chrX	90000000	90400000	-2.277	11.295	-4.563	90000000
chrX	90400000	90800000	-2.078	10.705	-5.431	90400000
chrX	90800000	91200000	-1.302	9.873	-6.241	90800000
chrX	91200000	91600000	-0.923	9.736	-6.264	91200000
chrX	91600000	92000000	-1.909	10.609	-7.073	91600000
chrX	92000000	92400000	-2.453	10.719	-8.074	92000000
chrX	92400000	92800000	-2.439	9.929	-7.319	92400000
chrX	92800000	93200000	-2.373	9.314	-6.634	92800000
chrX	93200000	93600000	-1.066	9.013	-5.928	93200000
chrX	93600000	94000000	-0.5	8.329	-5.242	93600000
chrX	94000000	94400000	0.034	7.449	-5.34	94000000
chrX	94400000	94800000	0.66	7.604	-5.901	94400000
chrX	94800000	95200000	-0.109	7.622	-6.918	94800000
chrX	95200000	95600000	-0.103	8.142	-7.056	95200000
chrX	95600000	96000000	-0.524	8.277	-7.58	95600000
chrX	96000000	96400000	-1.359	8.086	-7.697	96000000
chrX	96400000	96800000	-0.864	8.733	-8.47	96400000
chrX	96800000	97200000	-0.764	9.93	-8.003	96800000
chrX	97200000	97600000	-1.216	9.538	-8.762	97200000
chrX	97600000	98000000	-1.434	9.064	-7.668	97600000
chrX	98000000	98400000	-1.578	10.281	-7.738	98000000
chrX	98400000	98800000	-1.998	9.527	-7.84	98400000
chrX	98800000	99200000	-1.936	8.901	-6.481	98800000
chrX	99200000	99600000	-2.963	8.587	-6.391	99200000
chrX	99600000	100000000	-3.398	8.025	-6.222	99600000
chrX	100000000	100400000	-2.928	8.236	-5.24	100000000
chrX	100400000	100800000	-2.746	7.851	-5.505	100400000
chrX	100800000	101200000	-2.241	7.529	-5.822	100800000
chrX	101200000	101600000	-1.113	7.124	-5.792	101200000
chrX	101600000	102000000	-0.188	6.356	-5.853	101600000
chrX	102000000	102400000	-0.215	6.09	-6.423	102000000
chrX	102400000	102800000	-1.35	6.686	-7.259	102400000
chrX	102800000	103200000	-1.577	6.375	-7.069	102800000
chrX	103200000	103600000	-1.021	5.935	-7.152	103200000
chrX	103600000	104000000	-0.633	6.559	-6.436	103600000
chrX	104000000	104400000	-1.081	6.817	-5.313	104000000
chrX	104400000	104800000	-0.933	6.037	-4.999	104400000
chrX	104800000	105200000	-1.596	5.611	-4.824	104800000
chrX	105200000	105600000	-2.108	6.33	-3.7	105200000
chrX	105600000	106000000	-3.2	6.104	-3.148	105600000
chrX	106000000	106400000	-3.526	6.432	-2.746	106000000
chrX	106400000	106800000	-4.774	6.149	-3.392	106400000
chrX	106800000	107200000	-5.581	5.75	-2.224	106800000
chrX	107200000	107600000	-6.218	5.087	-1.522	107200000
chrX	107600000	108000000	-7.009	4.895	-1.683	107600000
chrX	108000000	108400000	-6.751	3.96	-1.375	108000000
chrX	108400000	108800000	-6.058	3.788	-1.275	108400000
chrX	108800000	109200000	-6.782	4.243	-1.727	108800000
chrX	109200000	109600000	-7.122	3.795	-2.792	109200000
chrX	109600000	110000000	-7.901	4.702	-3.43	109600000
chrX	110000000	110400000	-7.878	6.063	-3.446	110000000
chrX	110400000	110800000	-7.851	5.84	-2.535	110400000
chrX	110800000	111200000	-7.933	5.242	-2.259	110800000
chrX	111200000	111600000	-8.005	5.271	-2.923	111200000
chrX	111600000	112000000	-6.45	5.68	-3.434	111600000
chrX	112000000	112400000	-7.035	6.21	-3.42	112000000
chrX	112400000	112800000	-8.168	6.427	-3.678	112400000
chrX	112800000	113200000	-7.644	7.697	-3.437	112800000
chrX	113200000	113600000	-7.289	7.81	-3.957	113200000
chrX	113600000	114000000	-6.59	8.311	-3.976	113600000
chrX	114000000	114400000	-7.434	8.319	-4.543	114000000
chrX	114400000	114800000	-6.904	7.396	-4.636	114400000
chrX	114800000	115200000	-6.988	6.471	-4.7	114800000
chrX	115200000	115600000	-7.18	6.117	-4.808	115200000
chrX	115600000	116000000	-7.444	7.173	-4.617	115600000
chrX	116000000	116400000	-7.675	8.11	-5.244	116000000
chrX	116400000	116800000	-7.97	7.961	-5.537	116400000
chrX	116800000	117200000	-6.889	7.465	-5.654	116800000
chrX	117200000	117600000	-6.677	6.91	-6.491	117200000
chrX	117600000	118000000	-6.714	7.234	-6.683	117600000
chrX	118000000	118400000	-7.032	6.506	-6.497	118000000
chrX	118400000	118800000	-6.755	5.71	-5.667	118400000
chrX	118800000	119200000	-8.05	5.936	-5.816	118800000
chrX	119200000	119600000	-8.424	6.746	-6.461	119200000
chrX	119600000	120000000	-7.939	5.621	-6.58	119600000
chrX	120000000	120400000	-7.75	5.123	-6.659	120000000
chrX	120400000	120800000	-8.525	5.535	-6.157	120400000
chrX	120800000	121200000	-8.466	6.278	-5.118	120800000
chrX	121200000	121600000	-9.748	7.486	-2.826	121200000
chrX	121600000	122000000	-9.665	7.795	-3.23	121600000
chrX	122000000	122400000	-8.658	8.683	-3.489	122000000
chrX	122400000	122800000	-8.611	7.712	-3.76	122400000
chrX	122800000	123200000	-9.185	6.564	-3.778	122800000
chrX	123200000	123600000	-9.171	7.121	-4.374	123200000
chrX	123600000	124000000	-9.901	7.628	-5.21	123600000
chrX	124000000	124400000	-10.3	6.701	-5.79	124000000
chrX	124400000	124800000	-9.664	5.76	-5.61	124400000
chrX	124800000	125200000	-10.363	4.834	-5.809	124800000
chrX	125200000	125600000	-10.367	3.864	-6.351	125200000
chrX	125600000	126000000	-9.338	3.35	-6.45	125600000
chrX	126000000	126400000	-8.608	3.68	-5.628	126000000
chrX	126400000	126800000	-7.598	3.812	-5.33	126400000
chrX	126800000	127200000	-6.915	3.604	-4.502	126800000
chrX	127200000	127600000	-5.97	3.635	-3.446	127200000
chrX	127600000	128000000	-5.365	4.115	-3.05	127600000
chrX	128000000	128400000	-5.233	4.242	-3.644	128000000
chrX	128400000	128800000	-5.215	3.555	-3.153	128400000
chrX	128800000	129200000	-5.071	3.264	-1.942	128800000
chrX	129200000	129600000	-5.197	2.952	-1.706	129200000
chrX	129600000	130000000	-5.917	3.827	-2.098	129600000
chrX	130000000	130400000	-6.199	3.834	-3.167	130000000
chrX	130400000	130800000	-6.049	4.592	-4.58	130400000
chrX	130800000	131200000	-5.701	4.656	-4.899	130800000
chrX	131200000	131600000	-5.158	3.701	-4.325	131200000
chrX	131600000	132000000	-5.371	3.594	-5.677	131600000
chrX	132000000	132400000	-5.657	3.454	-5.424	132000000
chrX	132400000	132800000	-5.752	3.913	-6.019	132400000
chrX	132800000	133200000	-5.482	4.597	-7.217	132800000
chrX	133200000	133600000	-4.732	4.159	-7.081	133200000
chrX	133600000	134000000	-4.573	4.002	-6.726	133600000
chrX	134000000	134400000	-4.629	4.818	-5.983	134000000
chrX	134400000	134800000	-4.772	5.341	-5.078	134400000
chrX	134800000	135200000	-5.539	5.969	-4.8	134800000
chrX	135200000	135600000	-5.654	6.863	-4.75	135200000
chrX	135600000	136000000	-6.019	7.294	-3.807	135600000
chrX	136000000	136400000	-6.952	6.917	-1.87	136000000
chrX	136400000	136800000	-7.256	6.54	-1.638	136400000
chrX	136800000	137200000	-8.072	7.028	-2.036	136800000
chrX	137200000	137600000	-8.404	7.175	-1.877	137200000
chrX	137600000	138000000	-8.488	8.202	-1.557	137600000
chrX	138000000	138400000	-7.962	9.052	-1.569	138000000
chrX	138400000	138800000	-8.329	8.826	-2.406	138400000
chrX	138800000	139200000	-7.788	8.568	-2.278	138800000
chrX	139200000	139600000	-7.432	7.713	-2.648	139200000
chrX	139600000	140000000	-6.575	7.019	-2.285	139600000
chrX	140000000	140400000	-5.635	6.293	-2.649	140000000
chrX	140400000	140800000	-6.474	5.512	-3.135	140400000
chrX	140800000	141200000	-6.746	4.831	-2.971	140800000
chrX	141200000	141600000	-4.908	4.495	-2.512	141200000
chrX	141600000	142000000	-4.016	3.626	-3.036	141600000
chrX	142000000	142400000	-4.499	3.542	-3.406	142000000
chrX	142400000	142800000	-3.698	3.83	-2.642	142400000
chrX	142800000	143200000	-3.527	3.569	-3.54	142800000
chrX	143200000	143600000	-2.249	3.376	-3.511	143200000
chrX	143600000	144000000	-2.712	3.426	-3.28	143600000
chrX	144000000	144400000	-2.775	4.539	-5.659	144000000
chrX	144400000	144800000	-2.461	5.263	-6.483	144400000
chrX	144800000	145200000	-2.563	5.402	-7.649	144800000
chrX	145200000	145600000	-1.626	5.852	-8.328	145200000
chrX	145600000	146000000	-1.054	6.095	-8.448	145600000
chrX	146000000	146400000	-1.934	5.3	-8.38	146000000
chrX	146400000	146800000	-2.702	6.394	-8.752	146400000
chrX	146800000	147200000	-2.72	6.091	-8.52	146800000
chrX	147200000	147600000	-3.237	5.472	-8.921	147200000
chrX	147600000	148000000	-2.409	5.494	-9.691	147600000
chrX	148000000	148400000	-3.048	4.558	-9.365	148000000
chrX	148400000	148800000	-2.633	3.563	-10.0	148400000
chrX	148800000	149200000	-1.884	2.641	-9.637	148800000
chrX	149200000	149600000	-1.469	2.518	-8.31	149200000
chrX	149600000	150000000	-1.837	2.785	-8.357	149600000
chrX	150000000	150400000	-1.839	4.026	-8.421	150000000
chrX	150400000	150800000	-2.585	4.258	-7.624	150400000
chrX	150800000	151200000	-2.335	4.37	-7.125	150800000
chrX	151200000	151600000	-1.523	3.936	-6.988	151200000
chrX	151600000	152000000	-1.229	4.377	-6.682	151600000
chrX	152000000	152400000	-0.902	4.364	-6.169	152000000
chrX	152400000	152800000	-1.686	4.533	-5.949	152400000
chrX	152800000	153200000	-2.548	4.085	-5.161	152800000
chrX	153200000	153600000	-4.632	4.821	-5.426	153200000
chrX	153600000	154000000	-5.318	5.409	-5.873	153600000
chrX	154000000	154400000	-6.214	5.208	-6.446	154000000
chrX	154400000	154800000	-6.205	5.626	-7.687	154400000
chrX	154800000	155200000	-5.882	5.651	-7.349	154800000
chrX	155200000	155600000	-5.563	6.389	-6.822	155200000
chrX	155600000	156000000	-5.123	7.405	-6.148	155600000
chrX	156000000	156400000	-5.063	7.36	-5.842	156000000
chrX	156400000	156800000	-5.9	7.913	-5.635	156400000
chrX	156800000	157200000	-5.561	8.235	-6.892	156800000
chrX	157200000	157600000	-5.843	8.917	-6.289	157200000
chrX	157600000	158000000	-4.972	8.839	-5.934	157600000
chrX	158000000	158400000	-4.881	9.446	-5.362	158000000
chrX	158400000	158800000	-4.853	10.08	-4.291	158400000
chrX	158800000	159200000	-5.103	10.502	-4.509	158800000
chrX	159200000	159600000	-5.602	9.646	-4.151	159200000
chrX	159600000	160000000	-5.175	8.369	-4.218	159600000
chrX	160000000	160400000	-4.877	8.216	-4.903	160000000
chrX	160400000	160800000	-4.044	8.149	-5.011	160400000
chrX	160800000	161200000	-3.488	8.662	-4.471	160800000
chrX	161200000	161600000	-3.805	9.407	-5.228	161200000
chrX	161600000	162000000	-4.186	9.606	-6.103	161600000
chrX	162000000	162400000	-4.804	9.143	-6.944	162000000
chrX	162400000	162800000	-4.557	9.052	-7.698	162400000
chrX	162800000	163200000	-3.696	8.395	-7.409	162800000
chrX	163200000	163600000	-3.459	8.888	-7.597	163200000
chrX	163600000	164000000	-2.919	8.941	-8.212	163600000
chrX	164000000	164400000	-2.356	8.007	-8.244	164000000
chrX	164400000	164800000	-2.007	7.425	-7.756	164400000
chrX	164800000	165200000	-2.859	7.134	-7.632	164800000
chrX	165200000	165600000	-3.212	6.847	-7.333	165200000
chrX	165600000	166000000	-3.501	6.973	-7.183	165600000
chrX	166000000	166400000	-3.318	6.163	-6.201	166000000
chrX	166400000	166800000	-3.298	5.733	-7.068	166400000
chrX	166800000	167200000	-3.996	5.447	-7.149	166800000
chrX	167200000	167600000	-4.15	5.127	-7.2	167200000
chrX	167600000	168000000	-4.345	6.13	-7.675	167600000
chrX	168000000	168400000	-4.943	5.621	-8.203	168000000
chrX	168400000	168800000	-5.017	6.211	-8.248	168400000
chrX	168800000	169200000	-5.427	7.462	-8.35	168800000
chrX	169200000	169600000	-4.655	7.43	-8.015	169200000
chrX	169600000	170000000	-4.964	8.071	-7.412	169600000
chrX	170000000	170400000	-5.108	6.796	-7.351	170000000
