chr9	2800000	3200000	3.101	5.111	11.137	2800000
chr9	3200000	3600000	3.523	5.079	10.171	3200000
chr9	3600000	4000000	2.479	5.067	8.495	3600000
chr9	4000000	4400000	2.085	4.776	8.099	4000000
chr9	4400000	4800000	2.95	4.882	8.23	4400000
chr9	4800000	5200000	3.888	4.682	9.236	4800000
chr9	5200000	5600000	4.324	4.11	8.639	5200000
chr9	5600000	6000000	3.306	3.614	7.623	5600000
chr9	6000000	6400000	3.301	3.391	7.021	6000000
chr9	6400000	6800000	3.412	2.708	7.102	6400000
chr9	6800000	7200000	3.063	1.664	7.155	6800000
chr9	7200000	7600000	2.563	1.525	6.293	7200000
chr9	7600000	8000000	3.418	1.355	7.12	7600000
chr9	8000000	8400000	3.086	1.559	6.803	8000000
chr9	8400000	8800000	2.078	2.037	6.047	8400000
chr9	8800000	9200000	1.682	2.794	6.725	8800000
chr9	9200000	9600000	1.578	2.811	7.084	9200000
chr9	9600000	10000000	2.69	3.011	6.011	9600000
chr9	10000000	10400000	2.768	3.094	4.808	10000000
chr9	10400000	10800000	3.291	2.14	4.161	10400000
chr9	10800000	11200000	3.231	2.171	4.715	10800000
chr9	11200000	11600000	2.643	3.062	5.607	11200000
chr9	11600000	12000000	2.596	3.358	5.268	11600000
chr9	12000000	12400000	3.997	3.728	4.972	12000000
chr9	12400000	12800000	3.902	3.626	4.243	12400000
chr9	12800000	13200000	4.191	3.27	5.489	12800000
chr9	13200000	13600000	3.838	2.43	5.616	13200000
chr9	13600000	14000000	4.996	1.366	4.67	13600000
chr9	14000000	14400000	4.113	1.378	4.934	14000000
chr9	14400000	14800000	4.012	1.264	4.852	14400000
chr9	14800000	15200000	4.781	0.342	5.217	14800000
chr9	15200000	15600000	5.127	-0.248	6.137	15200000
chr9	15600000	16000000	4.775	0.447	6.845	15600000
chr9	16000000	16400000	5.038	1.322	6.624	16000000
chr9	16400000	16800000	5.003	0.957	6.931	16400000
chr9	16800000	17200000	6.196	1.136	6.771	16800000
chr9	17200000	17600000	4.573	1.017	6.936	17200000
chr9	17600000	18000000	5.245	0.369	7.877	17600000
chr9	18000000	18400000	5.574	1.163	7.951	18000000
chr9	18400000	18800000	5.877	1.583	7.41	18400000
chr9	18800000	19200000	6.027	2.387	7.55	18800000
chr9	19200000	19600000	5.584	3.189	7.384	19200000
chr9	19600000	20000000	6.56	3.625	7.422	19600000
chr9	20000000	20400000	5.943	3.438	8.606	20000000
chr9	20400000	20800000	6.019	3.69	7.925	20400000
chr9	20800000	21200000	5.306	2.286	8.059	20800000
chr9	21200000	21600000	4.883	0.868	8.449	21200000
chr9	21600000	22000000	4.482	-0.33	8.07	21600000
chr9	22000000	22400000	5.429	-0.267	9.062	22000000
chr9	22400000	22800000	5.904	-0.247	9.454	22400000
chr9	22800000	23200000	5.787	0.467	9.751	22800000
chr9	23200000	23600000	4.708	1.279	10.566	23200000
chr9	23600000	24000000	4.062	2.566	10.897	23600000
chr9	24000000	24400000	4.393	3.131	10.841	24000000
chr9	24400000	24800000	3.935	2.219	10.892	24400000
chr9	24800000	25200000	4.6	2.421	10.193	24800000
chr9	25200000	25600000	5.386	3.161	10.519	25200000
chr9	25600000	26000000	5.66	1.797	10.369	25600000
chr9	26000000	26400000	6.559	2.262	11.229	26000000
chr9	26400000	26800000	6.032	2.338	10.847	26400000
chr9	26800000	27200000	6.262	3.138	11.355	26800000
chr9	27200000	27600000	6.104	1.825	10.18	27200000
chr9	27600000	28000000	5.171	2.909	9.45	27600000
chr9	28000000	28400000	5.279	3.574	9.211	28000000
chr9	28400000	28800000	4.431	3.183	8.912	28400000
chr9	28800000	29200000	3.538	2.836	9.512	28800000
chr9	29200000	29600000	4.03	1.57	9.211	29200000
chr9	29600000	30000000	4.319	1.68	9.615	29600000
chr9	30000000	30400000	4.335	2.789	8.767	30000000
chr9	30400000	30800000	4.267	2.34	8.723	30400000
chr9	30800000	31200000	4.884	1.811	8.544	30800000
chr9	31200000	31600000	4.769	1.645	8.53	31200000
chr9	31600000	32000000	3.982	1.247	8.928	31600000
chr9	32000000	32400000	2.54	3.023	8.689	32000000
chr9	32400000	32800000	0.792	3.555	9.483	32400000
chr9	32800000	33200000	-0.389	3.64	9.906	32800000
chr9	33200000	33600000	0.403	4.527	10.313	33200000
chr9	33600000	34000000	1.187	3.954	11.137	33600000
chr9	34000000	34400000	1.28	3.643	10.042	34000000
chr9	34400000	34800000	1.861	3.808	10.056	34400000
chr9	34800000	35200000	1.773	4.276	9.9	34800000
chr9	35200000	35600000	1.687	3.078	9.687	35200000
chr9	35600000	36000000	1.682	3.412	8.614	35600000
chr9	36000000	36400000	3.334	3.645	9.582	36000000
chr9	36400000	36800000	2.733	2.73	8.763	36400000
chr9	36800000	37200000	3.104	2.512	9.128	36800000
chr9	37200000	37600000	2.646	2.248	8.444	37200000
chr9	37600000	38000000	3.491	2.275	7.554	37600000
chr9	38000000	38400000	4.358	2.867	7.388	38000000
chr9	38400000	38800000	4.631	3.841	7.382	38400000
chr9	38800000	39200000	3.342	4.148	6.871	38800000
chr9	39200000	39600000	2.209	4.114	7.11	39200000
chr9	39600000	40000000	1.58	3.304	7.56	39600000
chr9	40000000	40400000	1.599	2.78	7.065	40000000
chr9	40400000	40800000	1.968	2.047	7.328	40400000
chr9	40800000	41200000	1.979	1.569	7.949	40800000
chr9	41200000	41600000	2.57	0.909	8.698	41200000
chr9	41600000	42000000	2.733	0.599	9.065	41600000
chr9	42000000	42400000	3.125	0.56	9.216	42000000
chr9	42400000	42800000	4.209	0.256	9.683	42400000
chr9	42800000	43200000	4.623	-0.16	9.672	42800000
chr9	43200000	43600000	4.228	0.027	8.863	43200000
chr9	43600000	44000000	3.894	-0.274	8.327	43600000
chr9	44000000	44400000	4.347	-0.861	8.55	44000000
chr9	44400000	44800000	5.052	-1.609	8.104	44400000
chr9	44800000	45200000	5.216	-1.607	8.298	44800000
chr9	45200000	45600000	5.171	-1.24	7.207	45200000
chr9	45600000	46000000	5.292	-1.685	6.236	45600000
chr9	46000000	46400000	5.731	-2.225	6.671	46000000
chr9	46400000	46800000	5.426	-2.684	6.594	46400000
chr9	46800000	47200000	4.95	-1.63	5.828	46800000
chr9	47200000	47600000	4.782	-1.428	5.135	47200000
chr9	47600000	48000000	4.074	-0.642	4.287	47600000
chr9	48000000	48400000	3.858	-0.628	4.687	48000000
chr9	48400000	48800000	4.575	-0.524	4.91	48400000
chr9	48800000	49200000	4.391	-0.127	3.666	48800000
chr9	49200000	49600000	4.839	-1.013	3.322	49200000
chr9	49600000	50000000	4.89	-0.582	3.244	49600000
chr9	50000000	50400000	3.977	0.056	3.483	50000000
chr9	50400000	50800000	3.817	0.081	3.858	50400000
chr9	50800000	51200000	3.212	1.293	4.438	50800000
chr9	51200000	51600000	1.758	1.751	4.808	51200000
chr9	51600000	52000000	0.87	2.242	5.694	51600000
chr9	52000000	52400000	1.097	1.839	6.344	52000000
chr9	52400000	52800000	1.151	1.591	7.535	52400000
chr9	52800000	53200000	0.885	1.488	8.071	52800000
chr9	53200000	53600000	1.051	1.719	8.089	53200000
chr9	53600000	54000000	2.616	1.008	8.571	53600000
chr9	54000000	54400000	1.907	0.299	8.951	54000000
chr9	54400000	54800000	1.379	0.225	8.434	54400000
chr9	54800000	55200000	1.012	0.245	7.345	54800000
chr9	55200000	55600000	0.727	1.028	7.31	55200000
chr9	55600000	56000000	1.043	0.589	6.359	55600000
chr9	56000000	56400000	1.682	0.969	5.735	56000000
chr9	56400000	56800000	1.199	1.73	5.612	56400000
chr9	56800000	57200000	2.537	0.969	5.709	56800000
chr9	57200000	57600000	3.231	0.514	5.569	57200000
chr9	57600000	58000000	2.217	1.337	4.744	57600000
chr9	58000000	58400000	-0.637	2.736	2.293	58000000
chr9	58400000	58800000	0.184	3.579	1.656	58400000
chr9	58800000	59200000	-0.215	4.05	0.91	58800000
chr9	59200000	59600000	-1.088	3.466	1.041	59200000
chr9	59600000	60000000	-1.338	3.051	1.142	59600000
chr9	60000000	60400000	-2.245	2.453	1.351	60000000
chr9	60400000	60800000	-2.954	2.2	1.24	60400000
chr9	60800000	61200000	-3.701	2.0	1.369	60800000
chr9	61200000	61600000	-2.53	2.376	1.265	61200000
chr9	61600000	62000000	-1.854	2.941	1.163	61600000
chr9	62000000	62400000	-0.862	2.603	1.299	62000000
chr9	62400000	62800000	-0.069	1.688	1.98	62400000
chr9	62800000	63200000	-0.195	1.856	2.302	62800000
chr9	63200000	63600000	-0.248	1.101	3.268	63200000
chr9	63600000	64000000	-0.763	1.755	4.45	63600000
chr9	64000000	64400000	-1.473	2.484	3.762	64000000
chr9	64400000	64800000	-1.035	1.482	4.139	64400000
chr9	64800000	65200000	0.233	0.606	4.777	64800000
chr9	65200000	65600000	0.004	1.307	6.639	65200000
chr9	65600000	66000000	2.306	-0.334	7.475	65600000
chr9	66000000	66400000	3.066	0.128	7.186	66000000
chr9	66400000	66800000	2.107	-0.005	7.071	66400000
chr9	66800000	67200000	2.131	0.514	6.671	66800000
chr9	67200000	67600000	-1.709	1.535	5.895	67200000
chr9	67600000	68000000	-0.19	1.379	6.617	67600000
chr9	68000000	68400000	0.166	1.559	7.199	68000000
chr9	68400000	68800000	0.346	1.474	7.121	68400000
chr9	68800000	69200000	-0.822	1.72	6.331	68800000
chr9	69200000	69600000	-1.442	1.866	5.363	69200000
chr9	69600000	70000000	-1.287	2.393	3.996	69600000
chr9	70000000	70400000	-1.727	2.177	2.855	70000000
chr9	70400000	70800000	-1.588	3.17	1.57	70400000
chr9	70800000	71200000	-0.207	3.659	0.637	70800000
chr9	71200000	71600000	-0.065	3.537	0.154	71200000
chr9	71600000	72000000	-0.428	2.946	-0.127	71600000
chr9	72000000	72400000	0.078	3.3	-0.054	72000000
chr9	72400000	72800000	1.144	4.063	0.711	72400000
chr9	72800000	73200000	0.735	3.267	0.598	72800000
chr9	73200000	73600000	0.385	3.093	-0.246	73200000
chr9	73600000	74000000	0.899	4.175	-1.005	73600000
chr9	74000000	74400000	0.731	4.684	-0.554	74000000
chr9	74400000	74800000	2.099	4.648	-0.72	74400000
chr9	74800000	75200000	1.676	4.917	-0.45	74800000
chr9	75200000	75600000	-0.364	4.722	-0.675	75200000
chr9	75600000	76000000	0.542	4.306	-1.139	75600000
chr9	76000000	76400000	0.902	3.872	-1.66	76000000
chr9	76400000	76800000	2.356	3.807	-1.793	76400000
chr9	76800000	77200000	2.83	3.586	-1.434	76800000
chr9	77200000	77600000	2.457	3.056	-1.526	77200000
chr9	77600000	78000000	1.813	3.078	-0.775	77600000
chr9	78000000	78400000	1.821	3.149	0.009	78000000
chr9	78400000	78800000	1.403	1.992	0.707	78400000
chr9	78800000	79200000	0.471	0.927	3.08	78800000
chr9	79200000	79600000	-0.94	-1.47	3.966	79200000
chr9	79600000	80000000	-0.818	-1.122	4.305	79600000
chr9	80000000	80400000	-0.219	-0.043	3.739	80000000
chr9	80400000	80800000	0.281	-0.544	3.735	80400000
chr9	80800000	81200000	-0.806	-1.025	3.881	80800000
chr9	81200000	81600000	-1.267	-1.421	4.589	81200000
chr9	81600000	82000000	-0.581	-1.382	4.851	81600000
chr9	82000000	82400000	-0.979	-2.36	5.359	82000000
chr9	82400000	82800000	-2.03	-2.21	4.966	82400000
chr9	82800000	83200000	-2.111	-2.268	4.067	82800000
chr9	83200000	83600000	-1.652	-1.688	2.653	83200000
chr9	83600000	84000000	-0.758	-0.664	1.998	83600000
chr9	84000000	84400000	0.039	-1.161	2.048	84000000
chr9	84400000	84800000	-0.306	-0.65	1.117	84400000
chr9	84800000	85200000	0.212	0.371	0.726	84800000
chr9	85200000	85600000	0.817	1.658	0.895	85200000
chr9	85600000	86000000	0.571	0.691	1.208	85600000
chr9	86000000	86400000	0.473	0.097	0.603	86000000
chr9	86400000	86800000	1.149	0.777	-0.168	86400000
chr9	86800000	87200000	1.065	0.234	0.87	86800000
chr9	87200000	87600000	1.596	-1.041	1.198	87200000
chr9	87600000	88000000	1.492	-1.654	0.575	87600000
chr9	88000000	88400000	1.243	-1.684	0.414	88000000
chr9	88400000	88800000	1.706	-1.458	0.399	88400000
chr9	88800000	89200000	2.511	-2.326	0.486	88800000
chr9	89200000	89600000	1.439	-0.994	-0.4	89200000
chr9	89600000	90000000	1.393	0.698	-0.446	89600000
chr9	90000000	90400000	1.075	2.232	-0.809	90000000
chr9	90400000	90800000	0.672	2.393	-1.466	90400000
chr9	90800000	91200000	1.936	2.657	-2.045	90800000
chr9	91200000	91600000	1.348	2.276	-1.433	91200000
chr9	91600000	92000000	0.929	2.025	-0.794	91600000
chr9	92000000	92400000	1.439	1.369	-1.045	92000000
chr9	92400000	92800000	2.395	1.02	-0.263	92400000
chr9	92800000	93200000	2.999	0.663	0.104	92800000
chr9	93200000	93600000	2.034	0.062	-0.301	93200000
chr9	93600000	94000000	1.123	0.701	-0.471	93600000
chr9	94000000	94400000	0.272	0.762	-0.532	94000000
chr9	94400000	94800000	1.535	1.126	-0.648	94400000
chr9	94800000	95200000	0.819	1.622	-0.501	94800000
chr9	95200000	95600000	0.044	1.689	0.878	95200000
chr9	95600000	96000000	-0.157	0.249	0.305	95600000
chr9	96000000	96400000	2.597	0.855	0.593	96000000
chr9	96400000	96800000	3.515	-0.556	1.514	96400000
chr9	96800000	97200000	5.049	-2.256	2.201	96800000
chr9	97200000	97600000	5.001	-3.33	2.418	97200000
chr9	97600000	98000000	5.823	-3.936	4.225	97600000
chr9	98000000	98400000	5.706	-3.752	3.989	98000000
chr9	98400000	98800000	5.109	-2.698	3.475	98400000
chr9	98800000	99200000	5.493	-2.694	4.438	98800000
chr9	99200000	99600000	5.38	-2.613	4.526	99200000
chr9	99600000	100000000	4.73	-2.025	3.726	99600000
chr9	100000000	100400000	4.668	-1.815	3.077	100000000
chr9	100400000	100800000	5.507	-2.242	2.9	100400000
chr9	100800000	101200000	5.04	-3.227	3.737	100800000
chr9	101200000	101600000	4.629	-3.216	3.638	101200000
chr9	101600000	102000000	5.582	-2.793	3.823	101600000
chr9	102000000	102400000	5.88	-3.122	5.182	102000000
chr9	102400000	102800000	5.791	-3.359	5.875	102400000
chr9	102800000	103200000	6.615	-3.818	4.973	102800000
chr9	103200000	103600000	7.225	-3.809	4.552	103200000
chr9	103600000	104000000	6.743	-4.956	4.893	103600000
chr9	104000000	104400000	6.679	-4.74	5.158	104000000
chr9	104400000	104800000	6.342	-4.498	5.491	104400000
chr9	104800000	105200000	7.303	-3.681	5.249	104800000
chr9	105200000	105600000	7.2	-3.274	5.808	105200000
chr9	105600000	106000000	7.35	-3.398	6.575	105600000
chr9	106000000	106400000	7.854	-4.078	6.444	106000000
chr9	106400000	106800000	8.237	-3.573	5.779	106400000
chr9	106800000	107200000	8.477	-3.771	5.66	106800000
chr9	107200000	107600000	7.682	-4.434	6.232	107200000
chr9	107600000	108000000	7.391	-4.74	6.92	107600000
chr9	108000000	108400000	6.829	-5.264	6.852	108000000
chr9	108400000	108800000	6.006	-4.885	6.07	108400000
chr9	108800000	109200000	5.648	-4.221	5.217	108800000
chr9	109200000	109600000	3.814	-3.948	4.72	109200000
chr9	109600000	110000000	2.969	-3.466	3.726	109600000
chr9	110000000	110400000	1.952	-1.925	3.85	110000000
chr9	110400000	110800000	0.861	-0.873	3.16	110400000
chr9	110800000	111200000	1.486	-0.361	2.95	110800000
chr9	111200000	111600000	0.873	-1.117	3.161	111200000
chr9	111600000	112000000	1.079	-1.902	4.168	111600000
chr9	112000000	112400000	0.68	-1.811	4.815	112000000
chr9	112400000	112800000	-0.562	-1.959	5.715	112400000
chr9	112800000	113200000	-0.631	-2.713	6.853	112800000
chr9	113200000	113600000	-0.803	-1.787	5.879	113200000
chr9	113600000	114000000	-0.099	-1.609	5.127	113600000
chr9	114000000	114400000	0.861	-2.276	5.33	114000000
chr9	114400000	114800000	1.412	-2.094	4.708	114400000
chr9	114800000	115200000	2.302	-0.911	4.33	114800000
chr9	115200000	115600000	2.144	-0.166	3.178	115200000
chr9	115600000	116000000	2.33	-0.451	3.196	115600000
chr9	116000000	116400000	2.74	-0.882	2.897	116000000
chr9	116400000	116800000	2.538	-1.326	3.053	116400000
chr9	116800000	117200000	2.651	-1.785	3.149	116800000
chr9	117200000	117600000	2.224	-1.682	3.794	117200000
chr9	117600000	118000000	2.55	-2.583	3.39	117600000
chr9	118000000	118400000	3.645	-2.169	3.712	118000000
chr9	118400000	118800000	2.704	-1.73	4.607	118400000
chr9	118800000	119200000	3.304	-2.106	4.892	118800000
chr9	119200000	119600000	4.275	-2.981	4.986	119200000
chr9	119600000	120000000	4.906	-2.276	5.675	119600000
chr9	120000000	120400000	4.314	-2.102	5.071	120000000
chr9	120400000	120800000	3.795	-1.167	5.941	120400000
chr9	120800000	121200000	2.802	-0.484	6.374	120800000
chr9	121200000	121600000	2.397	0.004	5.585	121200000
chr9	121600000	122000000	3.82	-0.531	5.747	121600000
chr9	122000000	122400000	2.708	-0.12	5.525	122000000
chr9	122400000	122800000	2.445	0.742	3.932	122400000
chr9	122800000	123200000	-0.138	2.649	1.855	122800000
chr9	123200000	123600000	0.977	2.48	1.474	123200000
chr9	123600000	124000000	1.975	1.708	1.446	123600000
chr9	124000000	124400000	2.908	2.54	0.906	124000000
