chrX	3000000	4000000	3.693	5.126	-6.668	3000000
chrX	4000000	5000000	3.067	5.71	-6.587	4000000
chrX	5000000	6000000	2.108	6.363	-7.084	5000000
chrX	6000000	7000000	0.508	6.947	-6.638	6000000
chrX	7000000	8000000	-0.707	7.498	-6.756	7000000
chrX	8000000	9000000	-1.201	7.949	-5.903	8000000
chrX	9000000	10000000	-0.456	7.547	-5.464	9000000
chrX	10000000	11000000	0.209	8.337	-4.315	10000000
chrX	11000000	12000000	1.465	8.703	-4.177	11000000
chrX	12000000	13000000	3.212	8.68	-5.332	12000000
chrX	13000000	14000000	3.297	8.359	-5.041	13000000
chrX	14000000	15000000	3.746	7.738	-4.87	14000000
chrX	15000000	16000000	3.036	7.142	-4.884	15000000
chrX	16000000	17000000	2.316	6.969	-5.337	16000000
chrX	17000000	18000000	1.981	6.932	-5.192	17000000
chrX	18000000	19000000	2.224	6.181	-4.855	18000000
chrX	19000000	20000000	2.216	7.238	-4.436	19000000
chrX	20000000	21000000	2.181	6.99	-4.004	20000000
chrX	21000000	22000000	2.428	7.513	-4.032	21000000
chrX	22000000	23000000	1.195	7.532	-4.179	22000000
chrX	23000000	24000000	0.809	6.952	-4.539	23000000
chrX	24000000	25000000	0.817	7.093	-4.869	24000000
chrX	25000000	26000000	0.645	6.974	-5.487	25000000
chrX	26000000	27000000	0.961	7.604	-6.399	26000000
chrX	27000000	28000000	0.88	8.178	-7.405	27000000
chrX	28000000	29000000	1.472	7.896	-8.367	28000000
chrX	29000000	30000000	2.237	7.174	-7.996	29000000
chrX	30000000	31000000	3.582	6.969	-8.001	30000000
chrX	31000000	32000000	4.447	6.954	-6.915	31000000
chrX	32000000	33000000	4.286	7.161	-5.487	32000000
chrX	33000000	34000000	3.417	7.519	-6.478	33000000
chrX	34000000	35000000	2.747	8.371	-6.967	34000000
chrX	35000000	36000000	2.013	9.688	-7.142	35000000
chrX	36000000	37000000	0.989	10.409	-5.801	36000000
chrX	37000000	38000000	-0.006	10.836	-4.759	37000000
chrX	38000000	39000000	-0.012	11.53	-4.445	38000000
chrX	39000000	40000000	-0.171	10.676	-3.606	39000000
chrX	40000000	41000000	0.421	9.538	-3.957	40000000
chrX	41000000	42000000	-0.122	9.404	-4.505	41000000
chrX	42000000	43000000	-0.516	9.043	-5.532	42000000
chrX	43000000	44000000	-0.275	8.518	-5.053	43000000
chrX	44000000	45000000	-0.134	9.5	-5.044	44000000
chrX	45000000	46000000	0.78	9.695	-5.187	45000000
chrX	46000000	47000000	0.769	9.389	-3.675	46000000
chrX	47000000	48000000	1.256	9.661	-3.235	47000000
chrX	48000000	49000000	1.636	10.0	-3.338	48000000
chrX	49000000	50000000	1.738	10.741	-3.431	49000000
chrX	50000000	51000000	2.778	10.621	-3.486	50000000
chrX	51000000	52000000	2.231	10.763	-3.112	51000000
chrX	52000000	53000000	1.848	9.967	-3.689	52000000
chrX	53000000	54000000	1.637	9.285	-4.436	53000000
chrX	54000000	55000000	1.522	8.334	-5.199	54000000
chrX	55000000	56000000	0.487	7.812	-4.681	55000000
chrX	56000000	57000000	0.557	8.651	-5.606	56000000
chrX	57000000	58000000	1.557	8.295	-4.735	57000000
chrX	58000000	59000000	2.683	8.519	-3.724	58000000
chrX	59000000	60000000	3.908	8.158	-3.285	59000000
chrX	60000000	61000000	3.805	7.68	-3.64	60000000
chrX	61000000	62000000	3.819	7.199	-3.764	61000000
chrX	62000000	63000000	3.091	7.32	-3.824	62000000
chrX	63000000	64000000	2.321	8.23	-3.64	63000000
chrX	64000000	65000000	1.835	8.374	-3.356	64000000
chrX	65000000	66000000	0.701	9.75	-4.191	65000000
chrX	66000000	67000000	0.454	9.838	-5.011	66000000
chrX	67000000	68000000	1.212	9.535	-5.661	67000000
chrX	68000000	69000000	1.626	10.15	-5.029	68000000
chrX	69000000	70000000	1.809	9.712	-5.502	69000000
chrX	70000000	71000000	2.433	9.272	-5.313	70000000
chrX	71000000	72000000	2.149	8.733	-5.866	71000000
chrX	72000000	73000000	0.287	8.277	-6.338	72000000
chrX	73000000	74000000	-0.045	7.632	-6.373	73000000
chrX	74000000	75000000	1.067	7.231	-6.694	74000000
chrX	75000000	76000000	2.055	7.873	-5.868	75000000
chrX	76000000	77000000	2.173	8.55	-4.86	76000000
chrX	77000000	78000000	2.574	9.453	-4.958	77000000
chrX	78000000	79000000	2.853	9.051	-4.563	78000000
chrX	79000000	80000000	2.246	8.767	-4.051	79000000
chrX	80000000	81000000	1.244	8.672	-4.851	80000000
chrX	81000000	82000000	0.592	7.977	-3.838	81000000
chrX	82000000	83000000	0.892	8.444	-3.496	82000000
chrX	83000000	84000000	0.83	8.929	-4.318	83000000
chrX	84000000	85000000	0.363	9.171	-5.32	84000000
chrX	85000000	86000000	-0.823	9.495	-5.642	85000000
chrX	86000000	87000000	-0.958	9.55	-6.25	86000000
chrX	87000000	88000000	-0.949	9.917	-5.606	87000000
chrX	88000000	89000000	-0.405	10.494	-4.307	88000000
chrX	89000000	90000000	-0.114	11.168	-3.734	89000000
chrX	90000000	91000000	0.92	11.632	-3.418	90000000
chrX	91000000	92000000	0.636	11.751	-3.374	91000000
chrX	92000000	93000000	0.582	11.397	-3.556	92000000
chrX	93000000	94000000	0.837	10.833	-3.867	93000000
chrX	94000000	95000000	0.577	10.271	-2.464	94000000
chrX	95000000	96000000	-0.15	10.138	-3.653	95000000
chrX	96000000	97000000	0.627	10.81	-4.739	96000000
chrX	97000000	98000000	-0.502	10.457	-5.333	97000000
chrX	98000000	99000000	-1.284	10.158	-4.509	98000000
chrX	99000000	100000000	-1.976	9.205	-4.633	99000000
chrX	100000000	101000000	-1.16	9.204	-3.667	100000000
chrX	101000000	102000000	-0.541	9.166	-2.918	101000000
chrX	102000000	103000000	-0.577	9.397	-2.568	102000000
chrX	103000000	104000000	-1.708	8.8	-2.386	103000000
chrX	104000000	105000000	-1.785	8.685	-1.989	104000000
chrX	105000000	106000000	-2.144	8.542	-1.722	105000000
chrX	106000000	107000000	-3.153	8.1	-2.169	106000000
chrX	107000000	108000000	-1.811	7.953	-2.074	107000000
chrX	108000000	109000000	-1.662	8.686	-2.702	108000000
chrX	109000000	110000000	-1.766	9.56	-3.492	109000000
chrX	110000000	111000000	-3.16	9.546	-3.235	110000000
chrX	111000000	112000000	-4.04	9.727	-3.194	111000000
chrX	112000000	113000000	-3.314	10.605	-3.824	112000000
chrX	113000000	114000000	-2.277	11.329	-4.029	113000000
chrX	114000000	115000000	-1.503	11.214	-3.821	114000000
chrX	115000000	116000000	-1.051	11.386	-2.625	115000000
chrX	116000000	117000000	-0.526	11.943	-2.224	116000000
chrX	117000000	118000000	-0.752	11.256	-1.981	117000000
chrX	118000000	119000000	-0.147	11.245	-2.064	118000000
chrX	119000000	120000000	0.087	11.473	-2.092	119000000
chrX	120000000	121000000	0.515	11.599	-1.634	120000000
chrX	121000000	122000000	-0.151	10.811	-1.08	121000000
chrX	122000000	123000000	-0.646	10.547	-0.944	122000000
chrX	123000000	124000000	-1.777	10.766	-0.776	123000000
chrX	124000000	125000000	-2.066	11.923	-0.75	124000000
chrX	125000000	126000000	-2.599	12.413	-1.516	125000000
chrX	126000000	127000000	-2.997	12.102	-2.479	126000000
chrX	127000000	128000000	-3.233	11.033	-2.859	127000000
chrX	128000000	129000000	-3.43	10.207	-2.783	128000000
chrX	129000000	130000000	-3.265	9.705	-2.704	129000000
chrX	130000000	131000000	-3.589	8.517	-2.786	130000000
chrX	131000000	132000000	-3.928	8.275	-3.254	131000000
chrX	132000000	133000000	-4.479	8.816	-2.452	132000000
chrX	133000000	134000000	-4.038	8.395	-1.83	133000000
chrX	134000000	135000000	-4.387	9.234	-1.581	134000000
chrX	135000000	136000000	-4.039	9.768	-0.396	135000000
chrX	136000000	137000000	-3.211	9.926	0.511	136000000
chrX	137000000	138000000	-3.08	10.337	-0.38	137000000
chrX	138000000	139000000	-2.649	9.948	-0.459	138000000
chrX	139000000	140000000	-1.484	10.409	-1.422	139000000
chrX	140000000	141000000	-2.047	10.408	-2.137	140000000
chrX	141000000	142000000	-2.426	10.031	-3.228	141000000
chrX	142000000	143000000	-3.211	9.669	-3.85	142000000
chrX	143000000	144000000	-2.72	9.375	-2.798	143000000
chrX	144000000	145000000	-2.564	10.296	-1.571	144000000
chrX	145000000	146000000	-1.734	10.104	-0.583	145000000
chrX	146000000	147000000	-2.084	10.333	-0.999	146000000
chrX	147000000	148000000	-3.137	10.442	-1.179	147000000
chrX	148000000	149000000	-3.408	10.218	-2.149	148000000
chrX	149000000	150000000	-3.601	9.311	-4.115	149000000
chrX	150000000	151000000	-3.674	8.88	-4.281	150000000
chrX	151000000	152000000	-2.48	8.111	-3.891	151000000
chrX	152000000	153000000	-1.252	7.573	-3.917	152000000
chrX	153000000	154000000	-1.397	7.855	-3.865	153000000
chrX	154000000	155000000	-1.891	8.439	-4.069	154000000
chrX	155000000	156000000	-2.208	10.01	-4.489	155000000
chrX	156000000	157000000	-2.159	9.31	-3.808	156000000
chrX	157000000	158000000	-2.459	8.565	-3.312	157000000
chrX	158000000	159000000	-3.137	8.251	-2.79	158000000
chrX	159000000	160000000	-3.813	7.327	-2.167	159000000
chrX	160000000	161000000	-4.284	7.627	-1.074	160000000
chrX	161000000	162000000	-4.529	8.184	-0.435	161000000
chrX	162000000	163000000	-3.975	9.201	-0.122	162000000
chrX	163000000	164000000	-3.108	8.769	-0.873	163000000
chrX	164000000	165000000	-2.228	8.57	-1.392	164000000
chrX	165000000	166000000	-3.079	8.513	-1.434	165000000
chrX	166000000	167000000	-3.386	8.693	-1.495	166000000
chrX	167000000	168000000	-3.87	8.982	-1.158	167000000
chrX	168000000	169000000	-4.254	8.851	-0.726	168000000
chrX	169000000	170000000	-3.855	8.886	0.221	169000000
chrX	170000000	171000000	-4.701	8.194	0.342	170000000
