chr1	3000000	4000000	-7.347	-2.418	2.672	3000000
chr1	4000000	5000000	-6.183	-1.704	2.333	4000000
chr1	5000000	6000000	-5.939	-1.08	1.44	5000000
chr1	6000000	7000000	-6.257	-1.146	2.055	6000000
chr1	7000000	8000000	-5.959	-0.447	1.656	7000000
chr1	8000000	9000000	-5.471	-1.232	1.834	8000000
chr1	9000000	10000000	-5.55	-1.644	1.472	9000000
chr1	10000000	11000000	-4.542	-1.869	0.891	10000000
chr1	11000000	12000000	-4.921	-2.288	0.694	11000000
chr1	12000000	13000000	-5.449	-1.6	1.293	12000000
chr1	13000000	14000000	-6.036	-1.014	1.805	13000000
chr1	14000000	15000000	-5.813	-0.712	1.548	14000000
chr1	15000000	16000000	-5.652	-0.15	2.651	15000000
chr1	16000000	17000000	-6.65	-0.01	2.878	16000000
chr1	17000000	18000000	-6.187	-0.004	3.791	17000000
chr1	18000000	19000000	-5.733	0.109	3.285	18000000
chr1	19000000	20000000	-5.57	-0.648	3.295	19000000
chr1	20000000	21000000	-5.667	-1.121	3.867	20000000
chr1	21000000	22000000	-5.946	-1.824	3.595	21000000
chr1	22000000	23000000	-5.972	-0.928	3.649	22000000
chr1	23000000	24000000	-6.139	-0.989	4.05	23000000
chr1	24000000	25000000	-6.466	-1.142	3.298	24000000
chr1	25000000	26000000	-6.568	-1.284	3.589	25000000
chr1	26000000	27000000	-6.629	-1.005	3.222	26000000
chr1	27000000	28000000	-7.32	-1.68	3.173	27000000
chr1	28000000	29000000	-7.073	-1.568	2.985	28000000
chr1	29000000	30000000	-6.234	-1.813	3.483	29000000
chr1	30000000	31000000	-6.871	-0.891	3.603	30000000
chr1	31000000	32000000	-6.252	-1.099	3.177	31000000
chr1	32000000	33000000	-6.331	-0.74	4.184	32000000
chr1	33000000	34000000	-6.085	-0.558	4.319	33000000
chr1	34000000	35000000	-5.469	-0.575	3.991	34000000
chr1	35000000	36000000	-5.401	-1.194	4.656	35000000
chr1	36000000	37000000	-5.512	-1.15	3.915	36000000
chr1	37000000	38000000	-5.566	-0.53	3.164	37000000
chr1	38000000	39000000	-5.192	-0.567	2.6	38000000
chr1	39000000	40000000	-5.606	-0.666	2.453	39000000
chr1	40000000	41000000	-6.048	-0.453	2.438	40000000
chr1	41000000	42000000	-5.738	-0.587	2.32	41000000
chr1	42000000	43000000	-6.312	-0.633	2.701	42000000
chr1	43000000	44000000	-5.788	-0.377	2.954	43000000
chr1	44000000	45000000	-5.611	-1.002	2.737	44000000
chr1	45000000	46000000	-5.929	-1.625	2.235	45000000
chr1	46000000	47000000	-6.555	-1.858	3.067	46000000
chr1	47000000	48000000	-7.465	-1.815	3.446	47000000
chr1	48000000	49000000	-8.288	-1.194	3.898	48000000
chr1	49000000	50000000	-7.582	-0.749	3.349	49000000
chr1	50000000	51000000	-7.952	-0.935	3.869	50000000
chr1	51000000	52000000	-7.678	-1.154	3.531	51000000
chr1	52000000	53000000	-7.109	-1.622	3.556	52000000
chr1	53000000	54000000	-6.417	-1.315	2.574	53000000
chr1	54000000	55000000	-6.716	-0.932	2.643	54000000
chr1	55000000	56000000	-6.111	-1.296	2.636	55000000
chr1	56000000	57000000	-5.45	-1.174	3.399	56000000
chr1	57000000	58000000	-6.219	-0.457	3.776	57000000
chr1	58000000	59000000	-5.559	-0.47	4.375	58000000
chr1	59000000	60000000	-5.07	0.376	3.802	59000000
chr1	60000000	61000000	-4.911	0.963	3.362	60000000
chr1	61000000	62000000	-4.492	0.397	3.239	61000000
chr1	62000000	63000000	-3.869	-0.395	2.979	62000000
chr1	63000000	64000000	-3.555	0.15	2.668	63000000
chr1	64000000	65000000	-3.891	-0.112	3.084	64000000
chr1	65000000	66000000	-3.335	-0.107	3.61	65000000
chr1	66000000	67000000	-2.961	0.937	3.786	66000000
chr1	67000000	68000000	-3.684	1.587	4.397	67000000
chr1	68000000	69000000	-3.499	1.556	4.935	68000000
chr1	69000000	70000000	-3.032	1.07	4.853	69000000
chr1	70000000	71000000	-3.215	0.595	5.726	70000000
chr1	71000000	72000000	-2.547	0.684	5.383	71000000
chr1	72000000	73000000	-2.27	0.033	5.173	72000000
chr1	73000000	74000000	-2.579	0.488	4.765	73000000
chr1	74000000	75000000	-2.353	0.203	4.664	74000000
chr1	75000000	76000000	-3.335	0.333	4.978	75000000
chr1	76000000	77000000	-4.398	-0.132	4.806	76000000
chr1	77000000	78000000	-4.51	-0.94	5.064	77000000
chr1	78000000	79000000	-4.577	-1.0	5.526	78000000
chr1	79000000	80000000	-3.449	-1.046	5.516	79000000
chr1	80000000	81000000	-4.465	-1.125	4.887	80000000
chr1	81000000	82000000	-4.388	-0.584	3.968	81000000
chr1	82000000	83000000	-4.894	-0.86	2.947	82000000
chr1	83000000	84000000	-4.687	-0.212	3.166	83000000
chr1	84000000	85000000	-5.152	-0.658	3.402	84000000
chr1	85000000	86000000	-4.84	-0.393	4.08	85000000
chr1	86000000	87000000	-4.883	-0.376	4.245	86000000
chr1	87000000	88000000	-5.032	-0.219	5.039	87000000
chr1	88000000	89000000	-4.428	-0.238	4.241	88000000
chr1	89000000	90000000	-4.578	-0.716	4.713	89000000
chr1	90000000	91000000	-3.913	-0.422	5.146	90000000
chr1	91000000	92000000	-3.609	-0.347	5.701	91000000
chr1	92000000	93000000	-3.748	-0.906	6.235	92000000
chr1	93000000	94000000	-4.06	-1.232	5.489	93000000
chr1	94000000	95000000	-4.521	-1.855	5.844	94000000
chr1	95000000	96000000	-4.714	-2.011	5.244	95000000
chr1	96000000	97000000	-4.582	-1.299	5.073	96000000
chr1	97000000	98000000	-4.059	-1.646	5.862	97000000
chr1	98000000	99000000	-3.575	-1.191	5.875	98000000
chr1	99000000	100000000	-3.528	-0.997	4.738	99000000
chr1	100000000	101000000	-3.411	-0.554	5.259	100000000
chr1	101000000	102000000	-2.512	-0.098	4.989	101000000
chr1	102000000	103000000	-2.569	0.807	4.858	102000000
chr1	103000000	104000000	-2.697	1.187	4.172	103000000
chr1	104000000	105000000	-2.896	1.05	5.154	104000000
chr1	105000000	106000000	-3.714	0.567	4.845	105000000
chr1	106000000	107000000	-3.219	0.011	4.394	106000000
chr1	107000000	108000000	-3.914	0.595	5.021	107000000
chr1	108000000	109000000	-4.571	-0.166	5.567	108000000
chr1	109000000	110000000	-4.794	0.441	5.418	109000000
chr1	110000000	111000000	-4.065	0.4	5.423	110000000
chr1	111000000	112000000	-4.222	0.452	4.99	111000000
chr1	112000000	113000000	-5.016	0.448	4.807	112000000
chr1	113000000	114000000	-5.176	0.252	5.628	113000000
chr1	114000000	115000000	-4.462	0.697	6.343	114000000
chr1	115000000	116000000	-4.318	0.716	7.331	115000000
chr1	116000000	117000000	-4.295	0.379	6.967	116000000
chr1	117000000	118000000	-3.735	0.527	7.592	117000000
chr1	118000000	119000000	-3.673	0.59	6.865	118000000
chr1	119000000	120000000	-3.305	0.258	6.294	119000000
chr1	120000000	121000000	-3.958	0.765	6.002	120000000
chr1	121000000	122000000	-4.104	1.514	5.204	121000000
chr1	122000000	123000000	-4.057	2.44	4.733	122000000
chr1	123000000	124000000	-4.312	2.786	5.396	123000000
chr1	124000000	125000000	-4.745	3.25	5.104	124000000
chr1	125000000	126000000	-4.342	2.959	4.489	125000000
chr1	126000000	127000000	-3.939	2.242	4.143	126000000
chr1	127000000	128000000	-3.811	1.563	4.793	127000000
chr1	128000000	129000000	-4.016	1.157	4.391	128000000
chr1	129000000	130000000	-3.668	0.317	4.462	129000000
chr1	130000000	131000000	-3.793	-0.648	4.347	130000000
chr1	131000000	132000000	-3.743	0.336	3.717	131000000
chr1	132000000	133000000	-3.893	0.405	4.817	132000000
chr1	133000000	134000000	-4.408	0.107	5.434	133000000
chr1	134000000	135000000	-5.009	0.364	6.181	134000000
chr1	135000000	136000000	-5.723	0.679	6.536	135000000
chr1	136000000	137000000	-5.6	0.014	6.363	136000000
chr1	137000000	138000000	-5.525	0.558	6.446	137000000
chr1	138000000	139000000	-5.347	-0.21	7.105	138000000
chr1	139000000	140000000	-4.292	-0.549	7.476	139000000
chr1	140000000	141000000	-4.27	0.246	7.347	140000000
chr1	141000000	142000000	-4.757	0.123	7.632	141000000
chr1	142000000	143000000	-4.589	0.339	7.177	142000000
chr1	143000000	144000000	-5.051	0.149	6.784	143000000
chr1	144000000	145000000	-4.747	1.209	6.887	144000000
chr1	145000000	146000000	-5.193	1.513	6.285	145000000
chr1	146000000	147000000	-5.048	1.958	6.359	146000000
chr1	147000000	148000000	-5.834	1.528	6.225	147000000
chr1	148000000	149000000	-5.779	2.034	5.58	148000000
chr1	149000000	150000000	-5.409	1.932	5.562	149000000
chr1	150000000	151000000	-5.609	1.306	5.492	150000000
chr1	151000000	152000000	-5.551	1.385	4.971	151000000
chr1	152000000	153000000	-5.889	2.371	5.138	152000000
chr1	153000000	154000000	-6.498	2.608	5.608	153000000
chr1	154000000	155000000	-5.951	2.207	5.121	154000000
chr1	155000000	156000000	-5.431	2.732	5.047	155000000
chr1	156000000	157000000	-5.075	1.884	4.77	156000000
chr1	157000000	158000000	-4.436	1.674	4.223	157000000
chr1	158000000	159000000	-4.151	0.941	4.747	158000000
chr1	159000000	160000000	-3.974	0.146	4.607	159000000
chr1	160000000	161000000	-4.193	0.551	4.624	160000000
chr1	161000000	162000000	-4.349	1.291	4.95	161000000
chr1	162000000	163000000	-4.887	1.336	5.146	162000000
chr1	163000000	164000000	-4.995	0.645	4.639	163000000
chr1	164000000	165000000	-4.483	0.798	5.088	164000000
chr1	165000000	166000000	-4.207	1.152	5.429	165000000
chr1	166000000	167000000	-4.415	1.571	5.679	166000000
chr1	167000000	168000000	-4.002	2.05	5.591	167000000
chr1	168000000	169000000	-4.053	2.722	5.427	168000000
chr1	169000000	170000000	-4.152	2.067	4.838	169000000
chr1	170000000	171000000	-4.554	1.954	5.232	170000000
chr1	171000000	172000000	-4.51	2.251	5.921	171000000
chr1	172000000	173000000	-4.212	2.705	6.806	172000000
chr1	173000000	174000000	-4.695	2.866	7.477	173000000
chr1	174000000	175000000	-4.526	2.065	7.233	174000000
chr1	175000000	176000000	-5.369	1.611	7.278	175000000
chr1	176000000	177000000	-5.241	1.417	6.79	176000000
chr1	177000000	178000000	-5.909	1.054	6.366	177000000
chr1	178000000	179000000	-6.192	0.493	6.132	178000000
chr1	179000000	180000000	-5.664	0.916	5.151	179000000
chr1	180000000	181000000	-5.883	1.184	5.561	180000000
chr1	181000000	182000000	-5.932	1.851	4.883	181000000
chr1	182000000	183000000	-6.502	2.245	5.29	182000000
chr1	183000000	184000000	-6.224	2.381	5.609	183000000
chr1	184000000	185000000	-6.323	2.428	5.033	184000000
chr1	185000000	186000000	-6.665	2.509	5.04	185000000
chr1	186000000	187000000	-6.363	1.465	5.401	186000000
chr1	187000000	188000000	-6.56	1.154	6.117	187000000
chr1	188000000	189000000	-5.769	1.499	6.092	188000000
chr1	189000000	190000000	-5.533	1.044	5.895	189000000
chr1	190000000	191000000	-6.316	1.691	6.134	190000000
chr1	191000000	192000000	-5.732	1.063	6.254	191000000
chr1	192000000	193000000	-5.623	0.54	7.087	192000000
chr1	193000000	194000000	-5.037	0.525	6.817	193000000
chr1	194000000	195000000	-5.518	-0.0	6.384	194000000
chr1	195000000	196000000	-5.229	0.395	6.314	195000000
