chr19	2800000	3200000	9.149	1.744	-1.2	2800000
chr19	3200000	3600000	8.491	1.996	-1.144	3200000
chr19	3600000	4000000	7.903	2.438	-1.142	3600000
chr19	4000000	4400000	7.88	2.988	-2.077	4000000
chr19	4400000	4800000	7.37	3.612	-2.917	4400000
chr19	4800000	5200000	6.533	3.298	-5.35	4800000
chr19	5200000	5600000	6.737	2.842	-6.428	5200000
chr19	5600000	6000000	6.816	2.592	-6.899	5600000
chr19	6000000	6400000	7.394	2.157	-6.609	6000000
chr19	6400000	6800000	7.546	2.659	-6.947	6400000
chr19	6800000	7200000	7.234	2.986	-8.233	6800000
chr19	7200000	7600000	7.728	2.778	-7.818	7200000
chr19	7600000	8000000	8.864	2.128	-7.996	7600000
chr19	8000000	8400000	9.642	1.748	-8.196	8000000
chr19	8400000	8800000	10.259	2.35	-8.956	8400000
chr19	8800000	9200000	10.548	1.84	-8.4	8800000
chr19	9200000	9600000	10.474	0.819	-8.463	9200000
chr19	9600000	10000000	10.002	0.829	-8.927	9600000
chr19	10000000	10400000	9.371	0.526	-8.345	10000000
chr19	10400000	10800000	8.342	1.022	-7.624	10400000
chr19	10800000	11200000	7.743	0.841	-8.017	10800000
chr19	11200000	11600000	8.778	0.074	-8.239	11200000
chr19	11600000	12000000	8.138	0.356	-9.16	11600000
chr19	12000000	12400000	7.526	-0.543	-9.139	12000000
chr19	12400000	12800000	6.773	-0.814	-8.105	12400000
chr19	12800000	13200000	6.679	0.062	-7.422	12800000
chr19	13200000	13600000	5.976	1.247	-7.387	13200000
chr19	13600000	14000000	6.012	1.604	-8.374	13600000
chr19	14000000	14400000	5.273	2.529	-8.036	14000000
chr19	14400000	14800000	5.197	2.641	-6.909	14400000
chr19	14800000	15200000	5.286	2.907	-5.927	14800000
chr19	15200000	15600000	4.822	2.038	-6.02	15200000
chr19	15600000	16000000	4.818	2.526	-5.59	15600000
chr19	16000000	16400000	4.819	2.964	-5.555	16000000
chr19	16400000	16800000	5.328	4.235	-3.511	16400000
chr19	16800000	17200000	5.627	4.591	-2.482	16800000
chr19	17200000	17600000	4.97	4.576	-1.417	17200000
chr19	17600000	18000000	4.275	4.36	-0.922	17600000
chr19	18000000	18400000	3.993	3.808	-0.159	18000000
chr19	18400000	18800000	3.785	4.204	-0.734	18400000
chr19	18800000	19200000	3.769	4.987	-1.585	18800000
chr19	19200000	19600000	4.21	4.778	-2.687	19200000
chr19	19600000	20000000	4.552	5.002	-2.816	19600000
chr19	20000000	20400000	4.199	4.953	-2.985	20000000
chr19	20400000	20800000	3.588	4.705	-4.042	20400000
chr19	20800000	21200000	3.118	4.833	-5.32	20800000
chr19	21200000	21600000	3.724	3.952	-6.166	21200000
chr19	21600000	22000000	4.263	2.785	-6.837	21600000
chr19	22000000	22400000	4.11	2.358	-7.208	22000000
chr19	22400000	22800000	4.081	1.844	-8.023	22400000
chr19	22800000	23200000	4.295	1.15	-8.103	22800000
chr19	23200000	23600000	5.024	0.939	-6.821	23200000
chr19	23600000	24000000	5.644	0.325	-6.643	23600000
chr19	24000000	24400000	6.202	-0.225	-6.986	24000000
chr19	24400000	24800000	6.971	-0.471	-7.809	24400000
chr19	24800000	25200000	7.429	-0.363	-8.354	24800000
chr19	25200000	25600000	8.01	-0.855	-9.399	25200000
chr19	25600000	26000000	8.663	-0.662	-9.678	25600000
chr19	26000000	26400000	9.323	-0.794	-9.769	26000000
chr19	26400000	26800000	9.807	-0.51	-9.83	26400000
chr19	26800000	27200000	9.816	-0.813	-9.025	26800000
chr19	27200000	27600000	10.233	-0.449	-8.194	27200000
chr19	27600000	28000000	9.993	-0.871	-8.057	27600000
chr19	28000000	28400000	10.439	-1.037	-7.199	28000000
chr19	28400000	28800000	10.51	-1.186	-7.035	28400000
chr19	28800000	29200000	9.522	-0.621	-6.901	28800000
chr19	29200000	29600000	9.634	0.692	-7.016	29200000
chr19	29600000	30000000	9.478	1.09	-7.282	29600000
chr19	30000000	30400000	9.882	2.04	-7.078	30000000
chr19	30400000	30800000	10.4	1.906	-6.943	30400000
chr19	30800000	31200000	11.851	0.449	-5.183	30800000
chr19	31200000	31600000	11.275	-0.346	-4.695	31200000
chr19	31600000	32000000	11.288	-0.876	-4.121	31600000
chr19	32000000	32400000	11.949	-0.566	-4.947	32000000
chr19	32400000	32800000	11.0	0.331	-6.31	32400000
chr19	32800000	33200000	11.674	-0.5	-6.267	32800000
chr19	33200000	33600000	11.685	-1.319	-5.963	33200000
chr19	33600000	34000000	12.475	-0.772	-5.871	33600000
chr19	34000000	34400000	12.678	-0.416	-6.455	34000000
chr19	34400000	34800000	11.257	2.087	-7.884	34400000
chr19	34800000	35200000	11.609	1.817	-7.683	34800000
chr19	35200000	35600000	11.967	1.769	-8.366	35200000
chr19	35600000	36000000	12.305	0.832	-8.634	35600000
chr19	36000000	36400000	11.88	0.597	-9.313	36000000
chr19	36400000	36800000	11.602	0.292	-8.155	36400000
chr19	36800000	37200000	10.743	0.346	-8.036	36800000
chr19	37200000	37600000	9.483	0.423	-7.442	37200000
chr19	37600000	38000000	9.443	1.058	-6.533	37600000
chr19	38000000	38400000	8.232	1.305	-6.13	38000000
chr19	38400000	38800000	8.055	0.914	-5.462	38400000
chr19	38800000	39200000	7.286	1.743	-5.255	38800000
chr19	39200000	39600000	7.73	0.193	-5.781	39200000
chr19	39600000	40000000	7.383	-0.807	-5.569	39600000
chr19	40000000	40400000	6.859	-0.981	-5.815	40000000
chr19	40400000	40800000	7.261	0.342	-6.109	40400000
chr19	40800000	41200000	6.882	0.259	-6.802	40800000
chr19	41200000	41600000	6.927	0.736	-6.83	41200000
chr19	41600000	42000000	6.131	0.506	-6.04	41600000
chr19	42000000	42400000	5.689	1.203	-5.695	42000000
chr19	42400000	42800000	6.514	1.995	-5.426	42400000
chr19	42800000	43200000	5.866	1.897	-4.678	42800000
chr19	43200000	43600000	6.132	2.158	-3.73	43200000
chr19	43600000	44000000	5.883	1.782	-3.883	43600000
chr19	44000000	44400000	4.964	0.995	-4.701	44000000
chr19	44400000	44800000	4.041	1.172	-5.114	44400000
chr19	44800000	45200000	4.002	0.707	-4.458	44800000
chr19	45200000	45600000	3.605	0.07	-4.732	45200000
chr19	45600000	46000000	3.708	-1.059	-4.782	45600000
chr19	46000000	46400000	3.875	-1.822	-4.464	46000000
chr19	46400000	46800000	3.211	-1.304	-4.012	46400000
chr19	46800000	47200000	3.35	-0.687	-3.355	46800000
chr19	47200000	47600000	4.386	-0.828	-2.825	47200000
chr19	47600000	48000000	5.09	-1.239	-1.916	47600000
chr19	48000000	48400000	5.21	-0.4	-1.666	48000000
chr19	48400000	48800000	5.625	0.386	-0.925	48400000
chr19	48800000	49200000	6.171	0.853	-0.326	48800000
chr19	49200000	49600000	6.06	-0.273	-0.626	49200000
chr19	49600000	50000000	6.057	-0.879	-0.257	49600000
chr19	50000000	50400000	6.832	-1.165	0.155	50000000
chr19	50400000	50800000	7.372	-0.341	-0.367	50400000
chr19	50800000	51200000	7.181	0.805	-0.794	50800000
chr19	51200000	51600000	7.017	-0.178	-1.284	51200000
chr19	51600000	52000000	7.247	0.335	-1.648	51600000
chr19	52000000	52400000	7.878	-0.346	-1.243	52000000
chr19	52400000	52800000	7.696	-0.158	-2.357	52400000
chr19	52800000	53200000	7.227	0.159	-3.002	52800000
chr19	53200000	53600000	7.231	-0.61	-2.895	53200000
chr19	53600000	54000000	6.235	-1.254	-2.567	53600000
chr19	54000000	54400000	6.83	-1.198	-1.725	54000000
chr19	54400000	54800000	6.776	-1.356	-1.007	54400000
chr19	54800000	55200000	6.97	-0.686	-0.84	54800000
chr19	55200000	55600000	6.117	-0.419	-1.853	55200000
chr19	55600000	56000000	6.285	0.086	-2.582	55600000
chr19	56000000	56400000	6.708	0.56	-2.44	56000000
chr19	56400000	56800000	6.129	1.361	-2.783	56400000
chr19	56800000	57200000	5.357	0.41	-2.637	56800000
chr19	57200000	57600000	5.493	0.897	-3.402	57200000
chr19	57600000	58000000	6.298	0.941	-3.915	57600000
chr19	58000000	58400000	6.568	2.024	-4.49	58000000
chr19	58400000	58800000	6.787	3.033	-3.809	58400000
chr19	58800000	59200000	7.35	3.077	-4.084	58800000
chr19	59200000	59600000	7.084	3.847	-5.373	59200000
chr19	59600000	60000000	7.856	3.885	-5.342	59600000
chr19	60000000	60400000	8.074	4.244	-4.622	60000000
chr19	60400000	60800000	8.302	4.435	-5.342	60400000
chr19	60800000	61200000	7.415	4.795	-5.934	60800000
chr19	61200000	61600000	6.985	4.558	-6.79	61200000
