chrX	3000000	4000000	-7.755	7.114	1.598	3000000
chrX	4000000	5000000	-7.981	6.154	1.291	4000000
chrX	5000000	6000000	-8.739	5.578	0.608	5000000
chrX	6000000	7000000	-9.136	4.478	0.863	6000000
chrX	7000000	8000000	-9.409	3.39	0.795	7000000
chrX	8000000	9000000	-9.58	3.673	1.322	8000000
chrX	9000000	10000000	-10.024	4.206	1.027	9000000
chrX	10000000	11000000	-11.023	4.098	1.225	10000000
chrX	11000000	12000000	-10.946	3.292	0.642	11000000
chrX	12000000	13000000	-10.197	2.573	0.433	12000000
chrX	13000000	14000000	-9.939	2.09	1.003	13000000
chrX	14000000	15000000	-10.025	1.186	1.765	14000000
chrX	15000000	16000000	-9.48	0.923	2.433	15000000
chrX	16000000	17000000	-9.446	0.737	2.098	16000000
chrX	17000000	18000000	-10.142	0.48	2.203	17000000
chrX	18000000	19000000	-10.769	-0.21	2.998	18000000
chrX	19000000	20000000	-10.32	-0.871	2.496	19000000
chrX	20000000	21000000	-10.339	-0.793	1.873	20000000
chrX	21000000	22000000	-10.685	0.699	3.116	21000000
chrX	22000000	23000000	-11.079	1.405	4.076	22000000
chrX	23000000	24000000	-10.835	2.1	4.471	23000000
chrX	24000000	25000000	-10.614	1.777	4.658	24000000
chrX	25000000	26000000	-11.48	2.54	3.925	25000000
chrX	26000000	27000000	-12.627	2.279	3.981	26000000
chrX	27000000	28000000	-12.091	1.581	4.785	27000000
chrX	28000000	29000000	-12.231	2.061	5.828	28000000
chrX	29000000	30000000	-12.472	3.188	5.727	29000000
chrX	30000000	31000000	-12.691	4.031	4.98	30000000
chrX	31000000	32000000	-12.527	4.55	4.027	31000000
chrX	32000000	33000000	-12.575	5.245	3.14	32000000
chrX	33000000	34000000	-12.346	5.82	2.22	33000000
chrX	34000000	35000000	-11.261	5.65	1.711	34000000
chrX	35000000	36000000	-10.659	5.017	2.647	35000000
chrX	36000000	37000000	-10.199	3.801	2.973	36000000
chrX	37000000	38000000	-10.02	3.482	3.52	37000000
chrX	38000000	39000000	-10.758	2.95	4.462	38000000
chrX	39000000	40000000	-9.678	2.909	4.404	39000000
chrX	40000000	41000000	-8.67	3.44	4.124	40000000
chrX	41000000	42000000	-8.563	2.995	4.519	41000000
chrX	42000000	43000000	-9.252	4.028	4.396	42000000
chrX	43000000	44000000	-8.567	4.488	4.117	43000000
chrX	44000000	45000000	-7.691	5.067	3.893	44000000
chrX	45000000	46000000	-8.307	5.021	2.913	45000000
chrX	46000000	47000000	-7.846	4.981	2.902	46000000
chrX	47000000	48000000	-7.445	5.221	2.044	47000000
chrX	48000000	49000000	-7.724	4.625	1.903	48000000
chrX	49000000	50000000	-8.086	3.982	1.995	49000000
chrX	50000000	51000000	-8.322	3.588	1.704	50000000
chrX	51000000	52000000	-8.792	3.973	2.438	51000000
chrX	52000000	53000000	-9.416	3.685	2.74	52000000
chrX	53000000	54000000	-9.67	3.067	2.065	53000000
chrX	54000000	55000000	-10.582	2.372	1.94	54000000
chrX	55000000	56000000	-11.635	2.045	1.965	55000000
chrX	56000000	57000000	-11.227	2.071	2.284	56000000
chrX	57000000	58000000	-10.407	2.351	3.22	57000000
chrX	58000000	59000000	-9.512	2.086	3.95	58000000
chrX	59000000	60000000	-9.504	1.194	4.361	59000000
chrX	60000000	61000000	-9.465	0.176	4.53	60000000
chrX	61000000	62000000	-10.018	0.078	4.094	61000000
chrX	62000000	63000000	-9.984	-1.142	4.294	62000000
chrX	63000000	64000000	-10.248	-2.17	4.655	63000000
chrX	64000000	65000000	-9.949	-2.199	4.9	64000000
chrX	65000000	66000000	-10.242	-1.577	5.828	65000000
chrX	66000000	67000000	-10.036	-1.472	6.667	66000000
chrX	67000000	68000000	-9.565	-1.55	6.652	67000000
chrX	68000000	69000000	-9.173	-1.78	5.674	68000000
chrX	69000000	70000000	-9.651	-2.407	4.702	69000000
chrX	70000000	71000000	-9.653	-3.49	4.958	70000000
chrX	71000000	72000000	-10.083	-3.709	4.484	71000000
chrX	72000000	73000000	-9.948	-4.227	3.947	72000000
chrX	73000000	74000000	-9.106	-3.568	3.719	73000000
chrX	74000000	75000000	-9.244	-2.778	3.126	74000000
chrX	75000000	76000000	-8.791	-1.858	3.427	75000000
chrX	76000000	77000000	-9.517	-1.136	3.267	76000000
chrX	77000000	78000000	-10.656	-1.65	3.313	77000000
chrX	78000000	79000000	-10.921	-1.735	3.629	78000000
chrX	79000000	80000000	-11.293	-2.193	4.765	79000000
chrX	80000000	81000000	-11.381	-2.717	4.577	80000000
chrX	81000000	82000000	-11.619	-1.918	4.085	81000000
chrX	82000000	83000000	-11.19	-2.772	3.479	82000000
chrX	83000000	84000000	-10.514	-3.508	3.539	83000000
chrX	84000000	85000000	-10.818	-3.597	4.22	84000000
chrX	85000000	86000000	-10.139	-3.472	5.527	85000000
chrX	86000000	87000000	-9.696	-2.622	6.036	86000000
chrX	87000000	88000000	-9.768	-1.622	5.912	87000000
chrX	88000000	89000000	-10.266	-0.268	6.092	88000000
chrX	89000000	90000000	-10.36	-0.648	6.526	89000000
chrX	90000000	91000000	-9.785	-0.115	6.337	90000000
chrX	91000000	92000000	-9.039	-0.629	6.172	91000000
chrX	92000000	93000000	-8.721	-0.182	5.497	92000000
chrX	93000000	94000000	-8.791	-0.492	5.323	93000000
chrX	94000000	95000000	-7.6	0.093	4.961	94000000
chrX	95000000	96000000	-7.174	-0.081	4.59	95000000
chrX	96000000	97000000	-7.851	-1.03	4.651	96000000
chrX	97000000	98000000	-8.751	-1.165	4.133	97000000
chrX	98000000	99000000	-8.067	-1.525	4.209	98000000
chrX	99000000	100000000	-7.472	-1.89	4.108	99000000
chrX	100000000	101000000	-7.172	-3.144	3.705	100000000
chrX	101000000	102000000	-7.738	-3.48	3.003	101000000
chrX	102000000	103000000	-8.387	-2.983	2.819	102000000
chrX	103000000	104000000	-8.121	-2.432	3.371	103000000
chrX	104000000	105000000	-6.99	-2.102	6.042	104000000
chrX	105000000	106000000	-6.427	-1.849	6.719	105000000
chrX	106000000	107000000	-5.765	-2.148	6.073	106000000
chrX	107000000	108000000	-5.276	-1.491	5.607	107000000
chrX	108000000	109000000	-5.901	-1.124	5.39	108000000
chrX	109000000	110000000	-6.259	-1.077	6.41	109000000
chrX	110000000	111000000	-7.069	-0.428	6.828	110000000
chrX	111000000	112000000	-7.814	-0.545	7.187	111000000
chrX	112000000	113000000	-8.856	0.01	7.188	112000000
chrX	113000000	114000000	-8.33	-0.266	7.594	113000000
chrX	114000000	115000000	-8.129	-1.283	8.269	114000000
chrX	115000000	116000000	-7.792	-1.698	7.286	115000000
chrX	116000000	117000000	-8.142	-2.472	7.493	116000000
chrX	117000000	118000000	-8.113	-2.787	6.974	117000000
chrX	118000000	119000000	-7.759	-3.249	7.004	118000000
chrX	119000000	120000000	-6.897	-2.866	7.399	119000000
chrX	120000000	121000000	-7.341	-3.255	6.891	120000000
chrX	121000000	122000000	-8.385	-3.336	6.486	121000000
chrX	122000000	123000000	-8.374	-3.73	5.933	122000000
chrX	123000000	124000000	-9.428	-3.496	6.381	123000000
chrX	124000000	125000000	-9.978	-3.328	7.385	124000000
chrX	125000000	126000000	-11.075	-3.171	7.322	125000000
chrX	126000000	127000000	-11.782	-3.207	6.627	126000000
chrX	127000000	128000000	-10.955	-2.731	5.997	127000000
chrX	128000000	129000000	-11.697	-1.887	5.249	128000000
chrX	129000000	130000000	-11.438	-1.366	4.811	129000000
chrX	130000000	131000000	-11.866	-0.484	4.169	130000000
chrX	131000000	132000000	-12.569	-0.738	4.523	131000000
chrX	132000000	133000000	-11.821	-0.137	3.882	132000000
chrX	133000000	134000000	-11.268	-0.481	4.84	133000000
chrX	134000000	135000000	-10.567	-0.3	4.726	134000000
chrX	135000000	136000000	-9.568	0.322	5.739	135000000
chrX	136000000	137000000	-9.21	-1.098	5.284	136000000
chrX	137000000	138000000	-8.712	-1.934	5.161	137000000
chrX	138000000	139000000	-8.34	-3.104	4.832	138000000
chrX	139000000	140000000	-8.586	-2.718	5.155	139000000
chrX	140000000	141000000	-8.586	-2.018	5.759	140000000
chrX	141000000	142000000	-8.523	-3.31	5.563	141000000
chrX	142000000	143000000	-7.041	-4.659	5.766	142000000
chrX	143000000	144000000	-6.451	-5.557	5.273	143000000
chrX	144000000	145000000	-6.606	-5.491	5.619	144000000
chrX	145000000	146000000	-7.119	-5.467	5.05	145000000
chrX	146000000	147000000	-6.97	-4.545	4.376	146000000
chrX	147000000	148000000	-7.372	-4.314	3.922	147000000
chrX	148000000	149000000	-8.047	-4.671	3.626	148000000
chrX	149000000	150000000	-8.785	-5.413	4.308	149000000
chrX	150000000	151000000	-8.698	-4.719	5.188	150000000
chrX	151000000	152000000	-8.4	-3.629	4.777	151000000
chrX	152000000	153000000	-7.765	-2.659	5.622	152000000
chrX	153000000	154000000	-7.425	-1.916	5.102	153000000
chrX	154000000	155000000	-7.082	-3.205	4.947	154000000
chrX	155000000	156000000	-6.621	-3.694	5.359	155000000
chrX	156000000	157000000	-6.751	-3.48	5.156	156000000
chrX	157000000	158000000	-5.971	-2.845	4.97	157000000
chrX	158000000	159000000	-6.029	-3.017	4.625	158000000
chrX	159000000	160000000	-5.301	-2.636	5.307	159000000
chrX	160000000	161000000	-5.066	-3.045	4.895	160000000
chrX	161000000	162000000	-5.162	-3.913	4.344	161000000
chrX	162000000	163000000	-4.516	-4.24	5.005	162000000
chrX	163000000	164000000	-4.067	-4.508	5.21	163000000
chrX	164000000	165000000	-4.438	-4.913	6.04	164000000
chrX	165000000	166000000	-4.825	-3.774	5.98	165000000
chrX	166000000	167000000	-4.817	-3.322	6.061	166000000
chrX	167000000	168000000	-5.138	-3.349	6.707	167000000
chrX	168000000	169000000	-4.701	-3.526	7.526	168000000
chrX	169000000	170000000	-3.976	-4.505	7.434	169000000
chrX	170000000	171000000	-3.412	-4.68	6.865	170000000
