chr19	3000000	4000000	2.897	4.714	-5.564	3000000
chr19	4000000	5000000	2.326	3.912	-4.764	4000000
chr19	5000000	6000000	2.414	2.759	-4.272	5000000
chr19	6000000	7000000	2.409	2.343	-4.869	6000000
chr19	7000000	8000000	0.498	1.587	-4.752	7000000
chr19	8000000	9000000	-0.561	1.751	-4.309	8000000
chr19	9000000	10000000	0.342	2.382	-3.566	9000000
chr19	10000000	11000000	0.532	2.836	-3.325	10000000
chr19	11000000	12000000	1.039	3.509	-4.291	11000000
chr19	12000000	13000000	1.687	3.611	-5.335	12000000
chr19	13000000	14000000	1.853	2.502	-5.612	13000000
chr19	14000000	15000000	1.667	2.235	-6.551	14000000
chr19	15000000	16000000	1.218	2.043	-6.845	15000000
chr19	16000000	17000000	0.455	2.446	-6.924	16000000
chr19	17000000	18000000	0.314	2.863	-6.619	17000000
chr19	18000000	19000000	0.046	2.969	-5.746	18000000
chr19	19000000	20000000	0.239	2.689	-5.878	19000000
chr19	20000000	21000000	-0.632	2.544	-5.043	20000000
chr19	21000000	22000000	-1.126	3.038	-4.249	21000000
chr19	22000000	23000000	-1.321	2.105	-3.571	22000000
chr19	23000000	24000000	-0.751	1.2	-3.182	23000000
chr19	24000000	25000000	-0.445	1.239	-3.967	24000000
chr19	25000000	26000000	-0.046	0.738	-4.889	25000000
chr19	26000000	27000000	0.283	1.009	-4.493	26000000
chr19	27000000	28000000	0.813	0.353	-4.939	27000000
chr19	28000000	29000000	1.186	0.927	-5.121	28000000
chr19	29000000	30000000	1.743	0.981	-5.221	29000000
chr19	30000000	31000000	2.409	1.163	-5.641	30000000
chr19	31000000	32000000	2.795	1.702	-6.343	31000000
chr19	32000000	33000000	2.171	2.099	-6.276	32000000
chr19	33000000	34000000	1.909	2.941	-6.128	33000000
chr19	34000000	35000000	2.107	2.726	-6.85	34000000
chr19	35000000	36000000	1.98	1.634	-7.101	35000000
chr19	36000000	37000000	1.794	0.96	-6.582	36000000
chr19	37000000	38000000	1.288	1.061	-6.435	37000000
chr19	38000000	39000000	0.54	1.084	-5.48	38000000
chr19	39000000	40000000	0.802	1.692	-5.349	39000000
chr19	40000000	41000000	1.276	3.305	-6.426	40000000
chr19	41000000	42000000	1.205	3.649	-5.482	41000000
chr19	42000000	43000000	0.279	3.44	-5.065	42000000
chr19	43000000	44000000	0.817	2.621	-4.537	43000000
chr19	44000000	45000000	1.818	2.12	-4.376	44000000
chr19	45000000	46000000	1.773	2.291	-5.023	45000000
chr19	46000000	47000000	0.877	2.813	-4.914	46000000
chr19	47000000	48000000	0.105	2.612	-5.063	47000000
chr19	48000000	49000000	-0.735	1.286	-6.158	48000000
chr19	49000000	50000000	-1.016	0.555	-6.869	49000000
chr19	50000000	51000000	-1.186	-0.381	-7.308	50000000
chr19	51000000	52000000	-0.831	0.662	-7.185	51000000
chr19	52000000	53000000	-0.571	1.761	-6.779	52000000
chr19	53000000	54000000	-0.314	1.226	-7.168	53000000
chr19	54000000	55000000	0.141	1.724	-6.384	54000000
chr19	55000000	56000000	0.868	1.284	-7.057	55000000
chr19	56000000	57000000	0.27	0.762	-6.451	56000000
chr19	57000000	58000000	-0.756	0.618	-5.772	57000000
chr19	58000000	59000000	-0.524	0.223	-6.133	58000000
chr19	59000000	60000000	-0.02	-0.377	-6.976	59000000
chr19	60000000	61000000	0.094	-0.076	-6.094	60000000
chr19	61000000	62000000	-0.282	-0.151	-6.31	61000000
