chr1	3000000	4000000	-2.686	7.304	6.474	3000000
chr1	4000000	5000000	-2.047	6.625	5.88	4000000
chr1	5000000	6000000	-1.671	6.0	5.49	5000000
chr1	6000000	7000000	-1.217	5.257	4.961	6000000
chr1	7000000	8000000	-0.867	4.859	5.982	7000000
chr1	8000000	9000000	-1.032	4.119	6.599	8000000
chr1	9000000	10000000	-1.388	5.051	7.028	9000000
chr1	10000000	11000000	-0.909	4.795	7.911	10000000
chr1	11000000	12000000	-0.418	5.029	8.845	11000000
chr1	12000000	13000000	-1.125	4.623	8.881	12000000
chr1	13000000	14000000	-1.523	4.049	8.992	13000000
chr1	14000000	15000000	-0.994	3.489	8.137	14000000
chr1	15000000	16000000	-1.407	2.945	8.15	15000000
chr1	16000000	17000000	-1.594	3.165	7.326	16000000
chr1	17000000	18000000	-2.155	3.313	6.571	17000000
chr1	18000000	19000000	-2.569	3.487	5.752	18000000
chr1	19000000	20000000	-3.418	3.693	5.574	19000000
chr1	20000000	21000000	-3.989	4.1	4.93	20000000
chr1	21000000	22000000	-3.241	3.373	4.487	21000000
chr1	22000000	23000000	-2.224	2.988	3.921	22000000
chr1	23000000	24000000	-2.111	3.471	4.279	23000000
chr1	24000000	25000000	-1.853	3.787	3.991	24000000
chr1	25000000	26000000	-2.789	3.792	3.171	25000000
chr1	26000000	27000000	-3.803	4.172	3.599	26000000
chr1	27000000	28000000	-4.128	4.995	3.192	27000000
chr1	28000000	29000000	-3.535	4.465	2.595	28000000
chr1	29000000	30000000	-3.382	5.353	2.001	29000000
chr1	30000000	31000000	-3.011	5.679	2.971	30000000
chr1	31000000	32000000	-3.005	5.099	3.824	31000000
chr1	32000000	33000000	-2.713	4.706	4.517	32000000
chr1	33000000	34000000	-2.034	4.645	5.411	33000000
chr1	34000000	35000000	-1.491	3.229	5.76	34000000
chr1	35000000	36000000	-1.055	2.41	5.651	35000000
chr1	36000000	37000000	-1.746	1.312	5.623	36000000
chr1	37000000	38000000	-1.948	0.7	6.581	37000000
chr1	38000000	39000000	-2.12	-0.127	6.695	38000000
chr1	39000000	40000000	-3.171	0.8	6.501	39000000
chr1	40000000	41000000	-4.101	1.576	6.365	40000000
chr1	41000000	42000000	-3.679	1.91	6.85	41000000
chr1	42000000	43000000	-3.306	2.303	7.789	42000000
chr1	43000000	44000000	-3.009	1.749	7.564	43000000
chr1	44000000	45000000	-2.562	1.531	7.317	44000000
chr1	45000000	46000000	-2.77	2.194	8.113	45000000
chr1	46000000	47000000	-2.528	1.702	9.301	46000000
chr1	47000000	48000000	-2.656	2.342	9.694	47000000
chr1	48000000	49000000	-1.746	3.095	9.267	48000000
chr1	49000000	50000000	-1.339	3.025	9.987	49000000
chr1	50000000	51000000	-0.712	2.484	9.901	50000000
chr1	51000000	52000000	-0.219	1.35	10.289	51000000
chr1	52000000	53000000	-0.059	1.622	11.129	52000000
chr1	53000000	54000000	0.439	1.846	10.836	53000000
chr1	54000000	55000000	0.084	2.418	10.671	54000000
chr1	55000000	56000000	-0.887	1.706	10.439	55000000
chr1	56000000	57000000	-1.626	0.709	9.762	56000000
chr1	57000000	58000000	-2.162	0.222	9.041	57000000
chr1	58000000	59000000	-2.051	-0.612	9.285	58000000
chr1	59000000	60000000	-1.881	-0.402	7.853	59000000
chr1	60000000	61000000	-2.94	-2.697	7.362	60000000
chr1	61000000	62000000	-3.251	-1.66	7.373	61000000
chr1	62000000	63000000	-2.652	-0.492	7.783	62000000
chr1	63000000	64000000	-2.613	0.335	8.047	63000000
chr1	64000000	65000000	-3.419	0.533	7.046	64000000
chr1	65000000	66000000	-3.9	0.436	6.364	65000000
chr1	66000000	67000000	-4.051	-0.591	7.01	66000000
chr1	67000000	68000000	-4.849	-0.828	7.792	67000000
chr1	68000000	69000000	-4.428	-0.149	8.121	68000000
chr1	69000000	70000000	-4.517	0.759	8.03	69000000
chr1	70000000	71000000	-4.158	-0.036	7.053	70000000
chr1	71000000	72000000	-3.844	-0.99	6.703	71000000
chr1	72000000	73000000	-3.262	-0.211	5.913	72000000
chr1	73000000	74000000	-2.786	-1.225	5.253	73000000
chr1	74000000	75000000	-2.54	-1.47	5.103	74000000
chr1	75000000	76000000	-2.195	-1.017	5.657	75000000
chr1	76000000	77000000	-1.383	-1.048	6.524	76000000
chr1	77000000	78000000	-0.743	-0.69	6.946	77000000
chr1	78000000	79000000	-0.682	-0.809	7.555	78000000
chr1	79000000	80000000	-1.679	-1.389	7.968	79000000
chr1	80000000	81000000	-2.961	-1.058	8.311	80000000
chr1	81000000	82000000	-3.251	-1.243	8.363	81000000
chr1	82000000	83000000	-2.497	-1.41	7.677	82000000
chr1	83000000	84000000	-1.953	-1.509	7.497	83000000
chr1	84000000	85000000	-1.965	-1.568	6.792	84000000
chr1	85000000	86000000	-2.052	-2.012	5.804	85000000
chr1	86000000	87000000	-1.821	-2.701	6.013	86000000
chr1	87000000	88000000	-1.004	-2.42	7.003	87000000
chr1	88000000	89000000	-0.745	-2.547	7.835	88000000
chr1	89000000	90000000	-1.179	-2.156	8.84	89000000
chr1	90000000	91000000	-1.868	-2.152	9.315	90000000
chr1	91000000	92000000	-2.444	-2.909	9.014	91000000
chr1	92000000	93000000	-2.65	-2.396	8.672	92000000
chr1	93000000	94000000	-3.631	-1.932	8.539	93000000
chr1	94000000	95000000	-4.078	-2.534	7.546	94000000
chr1	95000000	96000000	-5.009	-2.308	7.311	95000000
chr1	96000000	97000000	-5.183	-2.771	7.851	96000000
chr1	97000000	98000000	-5.128	-2.748	8.582	97000000
chr1	98000000	99000000	-4.017	-2.038	9.434	98000000
chr1	99000000	100000000	-2.858	-2.041	9.806	99000000
chr1	100000000	101000000	-3.208	-1.868	9.952	100000000
chr1	101000000	102000000	-3.601	-2.9	9.862	101000000
chr1	102000000	103000000	-2.909	-3.867	9.717	102000000
chr1	103000000	104000000	-3.131	-3.569	9.242	103000000
chr1	104000000	105000000	-3.489	-3.198	9.174	104000000
chr1	105000000	106000000	-3.751	-4.155	8.76	105000000
chr1	106000000	107000000	-3.572	-3.894	8.125	106000000
chr1	107000000	108000000	-2.71	-3.841	7.544	107000000
chr1	108000000	109000000	-1.968	-4.031	7.878	108000000
chr1	109000000	110000000	-1.888	-3.577	9.049	109000000
chr1	110000000	111000000	-1.193	-3.131	9.154	110000000
chr1	111000000	112000000	-2.165	-3.172	10.214	111000000
chr1	112000000	113000000	-2.462	-2.572	10.491	112000000
chr1	113000000	114000000	-1.343	-2.196	10.327	113000000
chr1	114000000	115000000	-0.848	-1.71	10.519	114000000
chr1	115000000	116000000	-0.665	-2.175	11.105	115000000
chr1	116000000	117000000	-0.719	-0.978	11.33	116000000
chr1	117000000	118000000	-1.033	-1.018	11.019	117000000
chr1	118000000	119000000	-1.527	0.335	11.159	118000000
chr1	119000000	120000000	-1.059	-0.192	10.185	119000000
chr1	120000000	121000000	-0.468	-0.205	10.663	120000000
chr1	121000000	122000000	0.433	0.422	11.116	121000000
chr1	122000000	123000000	0.786	0.189	11.05	122000000
chr1	123000000	124000000	0.89	0.06	10.408	123000000
chr1	124000000	125000000	1.845	-0.319	10.379	124000000
chr1	125000000	126000000	1.731	0.402	11.003	125000000
chr1	126000000	127000000	2.054	0.862	10.487	126000000
chr1	127000000	128000000	2.605	1.099	9.973	127000000
chr1	128000000	129000000	3.217	1.394	10.269	128000000
chr1	129000000	130000000	3.108	0.779	10.994	129000000
chr1	130000000	131000000	3.271	0.003	10.664	130000000
chr1	131000000	132000000	3.352	0.038	9.861	131000000
chr1	132000000	133000000	2.801	0.437	8.88	132000000
chr1	133000000	134000000	1.847	0.008	8.732	133000000
chr1	134000000	135000000	0.67	-0.062	8.617	134000000
chr1	135000000	136000000	0.027	0.757	8.68	135000000
chr1	136000000	137000000	-0.302	0.047	9.056	136000000
chr1	137000000	138000000	-0.145	-0.84	9.57	137000000
chr1	138000000	139000000	0.406	-1.691	10.5	138000000
chr1	139000000	140000000	0.941	-2.515	10.151	139000000
chr1	140000000	141000000	0.449	-2.875	9.94	140000000
chr1	141000000	142000000	-0.236	-3.512	9.884	141000000
chr1	142000000	143000000	-0.582	-5.067	9.63	142000000
chr1	143000000	144000000	0.053	-5.056	9.656	143000000
chr1	144000000	145000000	0.057	-5.437	8.843	144000000
chr1	145000000	146000000	-0.865	-6.13	9.05	145000000
chr1	146000000	147000000	-1.505	-5.849	8.495	146000000
chr1	147000000	148000000	-1.725	-6.985	8.395	147000000
chr1	148000000	149000000	-0.964	-7.185	8.162	148000000
chr1	149000000	150000000	-1.462	-7.366	7.309	149000000
chr1	150000000	151000000	-0.774	-6.729	7.725	150000000
chr1	151000000	152000000	0.19	-5.657	7.8	151000000
chr1	152000000	153000000	-0.345	-4.93	7.029	152000000
chr1	153000000	154000000	-0.208	-4.088	6.462	153000000
chr1	154000000	155000000	0.771	-4.725	6.154	154000000
chr1	155000000	156000000	1.124	-4.527	6.363	155000000
chr1	156000000	157000000	-0.037	-5.565	6.38	156000000
chr1	157000000	158000000	-0.262	-6.328	5.93	157000000
chr1	158000000	159000000	0.026	-6.964	6.794	158000000
chr1	159000000	160000000	0.447	-7.084	7.025	159000000
chr1	160000000	161000000	-0.4	-6.104	7.852	160000000
chr1	161000000	162000000	-1.025	-5.59	7.181	161000000
chr1	162000000	163000000	-1.834	-6.3	6.677	162000000
chr1	163000000	164000000	-2.639	-6.893	6.77	163000000
chr1	164000000	165000000	-2.445	-6.53	7.732	164000000
chr1	165000000	166000000	-2.812	-5.776	7.889	165000000
chr1	166000000	167000000	-2.261	-5.685	8.154	166000000
chr1	167000000	168000000	-1.883	-4.587	8.18	167000000
chr1	168000000	169000000	-1.406	-4.841	8.535	168000000
chr1	169000000	170000000	-0.913	-4.389	8.591	169000000
chr1	170000000	171000000	-0.621	-4.017	9.518	170000000
chr1	171000000	172000000	0.061	-3.29	9.173	171000000
chr1	172000000	173000000	0.807	-2.145	9.057	172000000
chr1	173000000	174000000	1.109	-1.38	9.919	173000000
chr1	174000000	175000000	1.414	-1.682	9.137	174000000
chr1	175000000	176000000	1.918	-1.687	8.397	175000000
chr1	176000000	177000000	2.04	-2.086	8.607	176000000
chr1	177000000	178000000	2.224	-3.079	8.331	177000000
chr1	178000000	179000000	1.929	-3.119	7.921	178000000
chr1	179000000	180000000	1.753	-3.597	7.701	179000000
chr1	180000000	181000000	1.008	-3.013	7.594	180000000
chr1	181000000	182000000	0.813	-2.074	7.054	181000000
chr1	182000000	183000000	-0.572	-2.085	7.625	182000000
chr1	183000000	184000000	-0.472	-2.855	8.397	183000000
chr1	184000000	185000000	-0.145	-3.739	8.406	184000000
chr1	185000000	186000000	0.532	-4.021	8.117	185000000
chr1	186000000	187000000	0.909	-3.744	8.806	186000000
chr1	187000000	188000000	1.396	-3.839	9.018	187000000
chr1	188000000	189000000	1.758	-4.488	9.367	188000000
chr1	189000000	190000000	2.639	-4.791	8.842	189000000
chr1	190000000	191000000	3.441	-5.326	8.062	190000000
chr1	191000000	192000000	2.856	-5.373	7.576	191000000
chr1	192000000	193000000	1.962	-5.189	7.033	192000000
chr1	193000000	194000000	1.968	-5.357	6.13	193000000
chr1	194000000	195000000	1.445	-6.132	6.853	194000000
chr1	195000000	196000000	1.648	-6.175	7.673	195000000
