chrX	3000000	4000000	10.798	0.94	-4.592	3000000
chrX	4000000	5000000	9.813	0.982	-5.174	4000000
chrX	5000000	6000000	8.802	1.257	-5.857	5000000
chrX	6000000	7000000	7.628	1.449	-5.293	6000000
chrX	7000000	8000000	7.246	0.76	-5.625	7000000
chrX	8000000	9000000	6.586	1.132	-5.033	8000000
chrX	9000000	10000000	6.153	1.404	-5.199	9000000
chrX	10000000	11000000	5.324	1.174	-5.564	10000000
chrX	11000000	12000000	5.325	0.294	-5.214	11000000
chrX	12000000	13000000	5.211	-0.402	-4.768	12000000
chrX	13000000	14000000	5.226	-0.84	-4.157	13000000
chrX	14000000	15000000	5.024	-0.983	-3.741	14000000
chrX	15000000	16000000	4.719	-1.466	-3.765	15000000
chrX	16000000	17000000	4.938	-1.348	-4.739	16000000
chrX	17000000	18000000	5.528	-0.839	-4.956	17000000
chrX	18000000	19000000	4.856	-0.77	-5.013	18000000
chrX	19000000	20000000	4.566	-0.318	-4.801	19000000
chrX	20000000	21000000	4.181	-0.803	-4.695	20000000
chrX	21000000	22000000	4.463	-0.74	-4.335	21000000
chrX	22000000	23000000	5.496	-0.502	-4.145	22000000
chrX	23000000	24000000	6.27	-0.202	-4.217	23000000
chrX	24000000	25000000	6.849	-0.687	-3.848	24000000
chrX	25000000	26000000	7.784	-1.033	-3.758	25000000
chrX	26000000	27000000	9.294	-0.826	-3.849	26000000
chrX	27000000	28000000	10.628	-0.851	-3.822	27000000
chrX	28000000	29000000	11.888	-0.474	-4.354	28000000
chrX	29000000	30000000	13.202	-0.216	-4.213	29000000
chrX	30000000	31000000	13.904	0.068	-4.825	30000000
chrX	31000000	32000000	12.909	0.394	-4.899	31000000
chrX	32000000	33000000	11.715	0.595	-5.268	32000000
chrX	33000000	34000000	10.489	0.311	-4.836	33000000
chrX	34000000	35000000	9.256	0.045	-4.641	34000000
chrX	35000000	36000000	8.145	-0.278	-4.929	35000000
chrX	36000000	37000000	6.968	-0.027	-4.893	36000000
chrX	37000000	38000000	5.85	0.722	-4.951	37000000
chrX	38000000	39000000	5.912	0.465	-5.659	38000000
chrX	39000000	40000000	5.131	-0.275	-5.292	39000000
chrX	40000000	41000000	5.086	0.467	-5.284	40000000
chrX	41000000	42000000	5.325	1.006	-5.292	41000000
chrX	42000000	43000000	5.389	0.099	-4.529	42000000
chrX	43000000	44000000	5.82	-0.86	-4.544	43000000
chrX	44000000	45000000	6.357	-1.354	-5.075	44000000
chrX	45000000	46000000	6.78	-0.893	-5.441	45000000
chrX	46000000	47000000	6.72	-0.732	-4.685	46000000
chrX	47000000	48000000	6.012	0.003	-4.584	47000000
chrX	48000000	49000000	6.342	-0.82	-4.428	48000000
chrX	49000000	50000000	5.826	-0.984	-3.75	49000000
chrX	50000000	51000000	5.727	-1.363	-3.864	50000000
chrX	51000000	52000000	5.413	-1.351	-4.152	51000000
chrX	52000000	53000000	4.904	-1.029	-3.684	52000000
chrX	53000000	54000000	5.353	-1.443	-3.935	53000000
chrX	54000000	55000000	5.778	-0.644	-4.675	54000000
chrX	55000000	56000000	6.44	-0.479	-4.832	55000000
chrX	56000000	57000000	6.616	-0.65	-5.092	56000000
chrX	57000000	58000000	6.275	-0.203	-4.957	57000000
chrX	58000000	59000000	5.901	0.026	-4.435	58000000
chrX	59000000	60000000	5.473	-0.304	-4.859	59000000
chrX	60000000	61000000	5.922	-0.663	-5.034	60000000
chrX	61000000	62000000	6.0	-1.23	-4.642	61000000
chrX	62000000	63000000	6.432	-1.143	-5.061	62000000
chrX	63000000	64000000	6.061	-0.083	-4.536	63000000
chrX	64000000	65000000	6.637	0.641	-4.873	64000000
chrX	65000000	66000000	6.147	0.295	-4.337	65000000
chrX	66000000	67000000	6.49	-0.333	-4.429	66000000
chrX	67000000	68000000	6.443	0.015	-4.645	67000000
chrX	68000000	69000000	6.734	0.178	-3.617	68000000
chrX	69000000	70000000	6.613	0.482	-4.406	69000000
chrX	70000000	71000000	6.633	1.374	-4.935	70000000
chrX	71000000	72000000	6.549	1.967	-5.208	71000000
chrX	72000000	73000000	6.125	2.029	-4.678	72000000
chrX	73000000	74000000	5.717	1.578	-4.55	73000000
chrX	74000000	75000000	5.779	0.517	-4.045	74000000
chrX	75000000	76000000	6.004	-0.531	-3.548	75000000
chrX	76000000	77000000	5.786	-1.53	-3.044	76000000
chrX	77000000	78000000	6.133	-2.303	-3.075	77000000
chrX	78000000	79000000	6.356	-1.838	-2.799	78000000
chrX	79000000	80000000	6.921	-1.192	-2.792	79000000
chrX	80000000	81000000	6.623	-1.186	-3.697	80000000
chrX	81000000	82000000	6.782	-1.281	-3.522	81000000
chrX	82000000	83000000	6.992	-0.756	-2.591	82000000
chrX	83000000	84000000	6.649	-0.956	-3.086	83000000
chrX	84000000	85000000	6.887	-0.726	-3.955	84000000
chrX	85000000	86000000	6.468	-1.294	-3.939	85000000
chrX	86000000	87000000	6.892	-1.224	-2.914	86000000
chrX	87000000	88000000	7.623	-0.785	-2.245	87000000
chrX	88000000	89000000	7.164	-0.674	-2.451	88000000
chrX	89000000	90000000	7.214	-1.17	-2.377	89000000
chrX	90000000	91000000	7.042	-1.035	-1.665	90000000
chrX	91000000	92000000	6.749	-1.101	-1.342	91000000
chrX	92000000	93000000	6.371	-0.472	-1.93	92000000
chrX	93000000	94000000	6.362	-0.117	-2.347	93000000
chrX	94000000	95000000	5.416	-0.564	-1.566	94000000
chrX	95000000	96000000	5.824	-0.688	-2.341	95000000
chrX	96000000	97000000	6.834	-0.383	-3.015	96000000
chrX	97000000	98000000	7.366	0.042	-3.452	97000000
chrX	98000000	99000000	7.555	-0.373	-3.088	98000000
chrX	99000000	100000000	7.044	-0.207	-3.605	99000000
chrX	100000000	101000000	5.984	-0.368	-3.604	100000000
chrX	101000000	102000000	5.361	-1.136	-3.314	101000000
chrX	102000000	103000000	4.672	-1.341	-3.073	102000000
chrX	103000000	104000000	4.29	-1.842	-2.617	103000000
chrX	104000000	105000000	4.791	-1.269	-3.14	104000000
chrX	105000000	106000000	5.738	-1.146	-3.33	105000000
chrX	106000000	107000000	5.896	-0.758	-2.939	106000000
chrX	107000000	108000000	5.741	-0.944	-1.739	107000000
chrX	108000000	109000000	5.077	-0.351	-1.305	108000000
chrX	109000000	110000000	4.804	-0.455	-0.486	109000000
chrX	110000000	111000000	5.045	-1.068	0.186	110000000
chrX	111000000	112000000	5.445	-1.741	0.454	111000000
chrX	112000000	113000000	5.484	-1.338	-0.219	112000000
chrX	113000000	114000000	5.946	-1.376	-0.956	113000000
chrX	114000000	115000000	6.303	-1.404	-1.784	114000000
chrX	115000000	116000000	6.668	-1.216	-1.644	115000000
chrX	116000000	117000000	7.583	-2.117	-1.685	116000000
chrX	117000000	118000000	7.163	-1.697	-1.796	117000000
chrX	118000000	119000000	6.928	-2.35	-1.862	118000000
chrX	119000000	120000000	7.195	-2.751	-1.705	119000000
chrX	120000000	121000000	6.777	-2.107	-1.845	120000000
chrX	121000000	122000000	7.094	-1.986	-2.453	121000000
chrX	122000000	123000000	6.807	-2.34	-2.836	122000000
chrX	123000000	124000000	7.317	-2.36	-1.958	123000000
chrX	124000000	125000000	7.612	-1.75	-1.979	124000000
chrX	125000000	126000000	6.975	-1.499	-2.265	125000000
chrX	126000000	127000000	8.05	-1.631	-2.3	126000000
chrX	127000000	128000000	6.9	-1.814	-2.458	127000000
chrX	128000000	129000000	6.202	-1.95	-1.824	128000000
chrX	129000000	130000000	6.79	-2.202	-1.061	129000000
chrX	130000000	131000000	6.411	-2.338	-1.135	130000000
chrX	131000000	132000000	6.01	-2.807	-1.138	131000000
chrX	132000000	133000000	6.487	-2.836	-1.681	132000000
chrX	133000000	134000000	6.559	-2.238	-0.835	133000000
chrX	134000000	135000000	5.875	-2.573	-1.182	134000000
chrX	135000000	136000000	6.145	-2.049	-1.756	135000000
chrX	136000000	137000000	6.507	-1.714	-2.371	136000000
chrX	137000000	138000000	7.343	-1.759	-2.5	137000000
chrX	138000000	139000000	7.233	-0.936	-2.957	138000000
chrX	139000000	140000000	6.881	-1.779	-2.295	139000000
chrX	140000000	141000000	6.441	-1.598	-1.967	140000000
chrX	141000000	142000000	5.929	-1.91	-1.711	141000000
chrX	142000000	143000000	6.048	-2.677	-1.294	142000000
chrX	143000000	144000000	5.836	-2.116	-0.919	143000000
chrX	144000000	145000000	5.452	-1.921	-0.432	144000000
chrX	145000000	146000000	5.374	-1.386	-0.686	145000000
chrX	146000000	147000000	6.063	-0.624	-1.217	146000000
chrX	147000000	148000000	5.665	-1.291	-0.966	147000000
chrX	148000000	149000000	6.465	-1.679	-0.669	148000000
chrX	149000000	150000000	6.097	-2.599	-0.113	149000000
chrX	150000000	151000000	6.113	-2.831	-1.018	150000000
chrX	151000000	152000000	5.618	-2.538	-0.453	151000000
chrX	152000000	153000000	5.073	-1.93	-1.123	152000000
chrX	153000000	154000000	4.869	-2.391	-0.291	153000000
chrX	154000000	155000000	5.395	-2.405	0.382	154000000
chrX	155000000	156000000	6.005	-1.867	-0.329	155000000
chrX	156000000	157000000	6.386	-2.581	-0.459	156000000
chrX	157000000	158000000	6.601	-2.59	-1.004	157000000
chrX	158000000	159000000	6.035	-2.739	-1.353	158000000
chrX	159000000	160000000	6.033	-2.308	-0.744	159000000
chrX	160000000	161000000	5.489	-2.693	-0.562	160000000
chrX	161000000	162000000	5.883	-3.023	-0.082	161000000
chrX	162000000	163000000	4.919	-3.454	0.809	162000000
chrX	163000000	164000000	5.297	-3.054	0.475	163000000
chrX	164000000	165000000	5.707	-2.762	-0.154	164000000
chrX	165000000	166000000	5.798	-3.093	-0.424	165000000
chrX	166000000	167000000	5.624	-3.577	0.091	166000000
chrX	167000000	168000000	4.902	-3.106	0.039	167000000
chrX	168000000	169000000	4.653	-3.936	0.517	168000000
chrX	169000000	170000000	3.954	-3.998	0.787	169000000
chrX	170000000	171000000	4.139	-3.697	1.445	170000000
