chr9	2800000	3200000	-8.583	-2.137	-8.804	2800000
chr9	3200000	3600000	-8.064	-1.504	-8.805	3200000
chr9	3600000	4000000	-7.224	-0.619	-8.65	3600000
chr9	4000000	4400000	-6.816	0.462	-8.664	4000000
chr9	4400000	4800000	-6.125	0.345	-9.158	4400000
chr9	4800000	5200000	-7.079	1.178	-9.177	4800000
chr9	5200000	5600000	-6.945	1.781	-8.689	5200000
chr9	5600000	6000000	-7.844	1.193	-8.235	5600000
chr9	6000000	6400000	-8.824	1.027	-7.616	6000000
chr9	6400000	6800000	-8.966	0.223	-7.856	6400000
chr9	6800000	7200000	-8.55	0.856	-7.935	6800000
chr9	7200000	7600000	-7.927	0.242	-8.836	7200000
chr9	7600000	8000000	-7.518	-0.272	-10.176	7600000
chr9	8000000	8400000	-6.571	-0.522	-10.353	8000000
chr9	8400000	8800000	-6.384	-1.121	-10.081	8400000
chr9	8800000	9200000	-6.465	-2.205	-9.443	8800000
chr9	9200000	9600000	-6.707	-2.462	-9.951	9200000
chr9	9600000	10000000	-6.54	-1.828	-11.117	9600000
chr9	10000000	10400000	-7.231	-1.733	-11.322	10000000
chr9	10400000	10800000	-6.225	-1.672	-11.999	10400000
chr9	10800000	11200000	-5.891	-1.083	-12.038	10800000
chr9	11200000	11600000	-5.288	-0.236	-11.954	11200000
chr9	11600000	12000000	-4.746	0.374	-12.256	11600000
chr9	12000000	12400000	-5.09	-0.484	-13.119	12000000
chr9	12400000	12800000	-5.586	0.495	-13.438	12400000
chr9	12800000	13200000	-6.297	0.144	-12.569	12800000
chr9	13200000	13600000	-5.751	0.793	-12.571	13200000
chr9	13600000	14000000	-6.472	0.77	-11.685	13600000
chr9	14000000	14400000	-5.81	0.563	-10.906	14000000
chr9	14400000	14800000	-5.467	0.385	-10.153	14400000
chr9	14800000	15200000	-4.369	0.52	-10.601	14800000
chr9	15200000	15600000	-3.958	0.025	-9.545	15200000
chr9	15600000	16000000	-3.549	-0.373	-8.497	15600000
chr9	16000000	16400000	-3.421	-1.104	-7.268	16000000
chr9	16400000	16800000	-2.351	-1.611	-6.944	16400000
chr9	16800000	17200000	-1.645	-2.207	-6.811	16800000
chr9	17200000	17600000	-2.192	-2.683	-7.314	17200000
chr9	17600000	18000000	-3.152	-2.567	-7.96	17600000
chr9	18000000	18400000	-4.065	-2.343	-8.4	18000000
chr9	18400000	18800000	-3.651	-1.502	-8.484	18400000
chr9	18800000	19200000	-2.177	1.007	-5.888	18800000
chr9	19200000	19600000	-2.055	-0.177	-5.721	19200000
chr9	19600000	20000000	-1.948	-0.749	-5.275	19600000
chr9	20000000	20400000	-1.823	0.424	-5.022	20000000
chr9	20400000	20800000	-1.284	1.084	-4.941	20400000
chr9	20800000	21200000	-0.445	1.221	-5.662	20800000
chr9	21200000	21600000	1.119	1.401	-6.064	21200000
chr9	21600000	22000000	2.422	1.691	-6.328	21600000
chr9	22000000	22400000	2.963	1.054	-6.346	22000000
chr9	22400000	22800000	2.823	-0.073	-5.999	22400000
chr9	22800000	23200000	1.792	-0.426	-6.089	22800000
chr9	23200000	23600000	0.998	-0.467	-5.831	23200000
chr9	23600000	24000000	-0.065	-0.291	-5.392	23600000
chr9	24000000	24400000	-0.251	-1.394	-5.219	24000000
chr9	24400000	24800000	0.482	-1.709	-5.903	24400000
chr9	24800000	25200000	0.696	-0.465	-6.481	24800000
chr9	25200000	25600000	0.232	0.604	-6.755	25200000
chr9	25600000	26000000	-0.046	1.633	-6.451	25600000
chr9	26000000	26400000	-0.286	1.67	-7.208	26000000
chr9	26400000	26800000	-0.371	1.811	-8.08	26400000
chr9	26800000	27200000	0.374	2.223	-7.727	26800000
chr9	27200000	27600000	0.731	1.182	-7.342	27200000
chr9	27600000	28000000	1.544	0.644	-7.587	27600000
chr9	28000000	28400000	2.16	0.15	-7.791	28000000
chr9	28400000	28800000	2.285	0.082	-8.312	28400000
chr9	28800000	29200000	1.502	-0.084	-9.257	28800000
chr9	29200000	29600000	1.37	-0.073	-9.873	29200000
chr9	29600000	30000000	0.53	-0.06	-8.969	29600000
chr9	30000000	30400000	0.278	-0.138	-8.281	30000000
chr9	30400000	30800000	-0.328	-0.754	-7.452	30400000
chr9	30800000	31200000	-0.969	0.215	-7.19	30800000
chr9	31200000	31600000	-1.428	0.373	-7.496	31200000
chr9	31600000	32000000	-2.038	1.214	-6.797	31600000
chr9	32000000	32400000	-3.254	0.91	-6.463	32000000
chr9	32400000	32800000	-3.469	0.467	-6.683	32400000
chr9	32800000	33200000	-3.772	-0.455	-6.612	32800000
chr9	33200000	33600000	-3.479	-1.592	-6.299	33200000
chr9	33600000	34000000	-3.906	-2.22	-6.495	33600000
chr9	34000000	34400000	-4.544	-3.16	-6.633	34000000
chr9	34400000	34800000	-5.171	-2.574	-6.138	34400000
chr9	34800000	35200000	-5.754	-1.676	-6.687	34800000
chr9	35200000	35600000	-5.987	-1.769	-7.618	35200000
chr9	35600000	36000000	-5.342	-1.217	-7.488	35600000
chr9	36000000	36400000	-5.345	-0.658	-8.116	36000000
chr9	36400000	36800000	-6.246	-0.307	-7.926	36400000
chr9	36800000	37200000	-6.772	0.523	-7.401	36800000
chr9	37200000	37600000	-5.104	0.894	-6.949	37200000
chr9	37600000	38000000	-5.566	1.253	-7.91	37600000
chr9	38000000	38400000	-5.599	1.542	-8.291	38000000
chr9	38400000	38800000	-5.22	1.591	-9.365	38400000
chr9	38800000	39200000	-5.594	1.976	-10.115	38800000
chr9	39200000	39600000	-5.284	2.234	-10.665	39200000
chr9	39600000	40000000	-5.262	1.981	-11.33	39600000
chr9	40000000	40400000	-4.183	1.744	-11.073	40000000
chr9	40400000	40800000	-3.301	1.878	-11.348	40400000
chr9	40800000	41200000	-3.267	2.093	-10.55	40800000
chr9	41200000	41600000	-2.443	2.343	-9.608	41200000
chr9	41600000	42000000	-1.682	2.871	-8.972	41600000
chr9	42000000	42400000	-1.017	3.468	-8.213	42000000
chr9	42400000	42800000	-1.104	3.397	-7.197	42400000
chr9	42800000	43200000	-0.846	3.771	-6.092	42800000
chr9	43200000	43600000	-1.287	4.676	-5.959	43200000
chr9	43600000	44000000	-2.117	4.626	-6.158	43600000
chr9	44000000	44400000	-2.415	3.732	-5.993	44000000
chr9	44400000	44800000	-2.52	3.815	-5.048	44400000
chr9	44800000	45200000	-2.369	4.325	-4.306	44800000
chr9	45200000	45600000	-2.551	3.869	-3.27	45200000
chr9	45600000	46000000	-1.915	3.223	-2.207	45600000
chr9	46000000	46400000	-1.132	2.772	-1.919	46000000
chr9	46400000	46800000	-0.048	2.169	-2.424	46400000
chr9	46800000	47200000	0.273	2.446	-3.383	46800000
chr9	47200000	47600000	-0.371	2.532	-3.834	47200000
chr9	47600000	48000000	-1.335	1.779	-3.67	47600000
chr9	48000000	48400000	-1.615	2.386	-3.695	48000000
chr9	48400000	48800000	-1.783	2.267	-4.907	48400000
chr9	48800000	49200000	-1.394	2.8	-6.088	48800000
chr9	49200000	49600000	-2.267	2.771	-6.773	49200000
chr9	49600000	50000000	-2.926	3.057	-7.088	49600000
chr9	50000000	50400000	-4.408	3.737	-9.022	50000000
chr9	50400000	50800000	-4.755	3.339	-9.574	50400000
chr9	50800000	51200000	-4.068	3.104	-10.248	50800000
chr9	51200000	51600000	-4.059	3.214	-10.332	51200000
chr9	51600000	52000000	-3.523	4.252	-9.858	51600000
chr9	52000000	52400000	-3.459	4.519	-10.688	52000000
chr9	52400000	52800000	-3.064	4.478	-11.522	52400000
chr9	52800000	53200000	-2.058	4.332	-12.616	52800000
chr9	53200000	53600000	-0.829	4.484	-13.181	53200000
chr9	53600000	54000000	-0.342	4.358	-12.848	53600000
chr9	54000000	54400000	1.344	5.742	-11.568	54000000
chr9	54400000	54800000	2.094	4.844	-11.522	54400000
chr9	54800000	55200000	2.436	5.9	-11.256	54800000
chr9	55200000	55600000	3.468	5.306	-10.868	55200000
chr9	55600000	56000000	4.168	6.157	-11.567	55600000
chr9	56000000	56400000	3.298	6.842	-12.077	56000000
chr9	56400000	56800000	3.583	6.509	-10.923	56400000
chr9	56800000	57200000	4.406	6.594	-10.638	56800000
chr9	57200000	57600000	4.247	6.73	-9.484	57200000
chr9	57600000	58000000	4.897	6.319	-8.252	57600000
chr9	58000000	58400000	5.496	5.849	-7.655	58000000
chr9	58400000	58800000	6.054	5.803	-7.239	58400000
chr9	58800000	59200000	6.357	6.35	-6.439	58800000
chr9	59200000	59600000	6.055	7.283	-7.031	59200000
chr9	59600000	60000000	6.492	7.52	-7.325	59600000
chr9	60000000	60400000	6.893	7.041	-8.12	60000000
chr9	60400000	60800000	7.454	6.659	-7.35	60400000
chr9	60800000	61200000	7.468	5.618	-7.375	60800000
chr9	61200000	61600000	6.74	5.182	-8.153	61200000
chr9	61600000	62000000	6.165	4.372	-8.281	61600000
chr9	62000000	62400000	5.958	4.609	-8.876	62000000
chr9	62400000	62800000	6.117	5.197	-9.368	62400000
chr9	62800000	63200000	6.86	6.036	-9.041	62800000
chr9	63200000	63600000	6.025	6.644	-9.025	63200000
chr9	63600000	64000000	5.551	7.127	-10.044	63600000
chr9	64000000	64400000	4.876	6.431	-9.843	64000000
chr9	64400000	64800000	4.564	5.072	-9.69	64400000
chr9	64800000	65200000	5.221	4.932	-10.367	64800000
chr9	65200000	65600000	5.318	5.879	-10.091	65200000
chr9	65600000	66000000	4.643	6.313	-8.846	65600000
chr9	66000000	66400000	4.326	6.698	-7.342	66000000
chr9	66400000	66800000	3.421	6.676	-6.66	66400000
chr9	66800000	67200000	2.854	6.179	-6.286	66800000
chr9	67200000	67600000	2.184	5.511	-6.373	67200000
chr9	67600000	68000000	1.861	4.875	-6.421	67600000
chr9	68000000	68400000	1.749	4.7	-5.459	68000000
chr9	68400000	68800000	0.615	4.396	-5.767	68400000
chr9	68800000	69200000	-0.435	4.576	-5.608	68800000
chr9	69200000	69600000	-3.337	2.734	-5.172	69200000
chr9	69600000	70000000	-3.556	2.283	-5.998	69600000
chr9	70000000	70400000	-4.264	2.372	-6.107	70000000
chr9	70400000	70800000	-4.615	1.833	-5.546	70400000
chr9	70800000	71200000	-5.64	2.725	-5.229	70800000
chr9	71200000	71600000	-6.171	2.335	-5.357	71200000
chr9	71600000	72000000	-5.668	2.102	-6.167	71600000
chr9	72000000	72400000	-5.968	2.302	-7.159	72000000
chr9	72400000	72800000	-6.033	2.557	-7.302	72400000
chr9	72800000	73200000	-4.922	2.785	-7.026	72800000
chr9	73200000	73600000	-4.196	2.461	-7.3	73200000
chr9	73600000	74000000	-4.046	2.641	-8.086	73600000
chr9	74000000	74400000	-3.104	2.704	-8.747	74000000
chr9	74400000	74800000	-3.391	2.204	-8.991	74400000
chr9	74800000	75200000	-2.512	2.13	-8.147	74800000
chr9	75200000	75600000	-2.989	1.364	-8.277	75200000
chr9	75600000	76000000	-2.374	1.122	-8.267	75600000
chr9	76000000	76400000	-1.645	0.517	-8.883	76000000
chr9	76400000	76800000	-2.138	0.099	-7.544	76400000
chr9	76800000	77200000	-1.566	-0.658	-8.4	76800000
chr9	77200000	77600000	-1.939	-1.17	-8.415	77200000
chr9	77600000	78000000	-2.152	-0.42	-9.185	77600000
chr9	78000000	78400000	-2.957	0.571	-9.231	78000000
chr9	78400000	78800000	-2.061	1.042	-9.849	78400000
chr9	78800000	79200000	-1.294	0.891	-10.693	78800000
chr9	79200000	79600000	-1.093	1.911	-11.278	79200000
chr9	79600000	80000000	-0.839	2.6	-10.775	79600000
chr9	80000000	80400000	-1.502	2.08	-11.737	80000000
chr9	80400000	80800000	-2.064	1.849	-11.828	80400000
chr9	80800000	81200000	-2.74	2.263	-12.532	80800000
chr9	81200000	81600000	-2.199	2.32	-13.218	81200000
chr9	81600000	82000000	-2.482	2.225	-13.365	81600000
chr9	82000000	82400000	-3.49	2.758	-13.216	82000000
chr9	82400000	82800000	-3.551	3.329	-12.151	82400000
chr9	82800000	83200000	-2.503	3.138	-11.616	82800000
chr9	83200000	83600000	-2.013	3.458	-12.033	83200000
chr9	83600000	84000000	-1.334	3.944	-12.083	83600000
chr9	84000000	84400000	-0.389	4.152	-11.544	84000000
chr9	84400000	84800000	-0.207	4.829	-11.14	84400000
chr9	84800000	85200000	-0.538	6.134	-11.269	84800000
chr9	85200000	85600000	-0.586	7.464	-11.38	85200000
chr9	85600000	86000000	-1.62	7.485	-11.212	85600000
chr9	86000000	86400000	-1.917	6.329	-10.933	86000000
chr9	86400000	86800000	-2.252	5.744	-10.867	86400000
chr9	86800000	87200000	-1.806	5.321	-11.696	86800000
chr9	87200000	87600000	-1.743	5.392	-12.096	87200000
chr9	87600000	88000000	-1.159	6.133	-13.007	87600000
chr9	88000000	88400000	-0.743	5.606	-13.208	88000000
chr9	88400000	88800000	-0.045	5.763	-12.237	88400000
chr9	88800000	89200000	-0.496	6.074	-11.476	88800000
chr9	89200000	89600000	-1.016	7.15	-12.606	89200000
chr9	89600000	90000000	-0.09	7.888	-12.422	89600000
chr9	90000000	90400000	0.925	7.44	-12.009	90000000
chr9	90400000	90800000	0.771	6.778	-12.231	90400000
chr9	90800000	91200000	1.826	6.862	-12.64	90800000
chr9	91200000	91600000	2.349	7.779	-13.372	91200000
chr9	91600000	92000000	1.716	8.041	-13.148	91600000
chr9	92000000	92400000	2.509	7.166	-13.324	92000000
chr9	92400000	92800000	2.074	6.862	-14.091	92400000
chr9	92800000	93200000	1.39	6.439	-14.905	92800000
chr9	93200000	93600000	0.912	7.285	-14.471	93200000
chr9	93600000	94000000	0.579	7.051	-13.579	93600000
chr9	94000000	94400000	0.847	6.235	-14.034	94000000
chr9	94400000	94800000	0.341	5.752	-14.107	94400000
chr9	94800000	95200000	1.117	4.859	-14.076	94800000
chr9	95200000	95600000	0.819	4.897	-13.245	95200000
chr9	95600000	96000000	1.002	4.129	-12.436	95600000
chr9	96000000	96400000	1.384	3.231	-12.213	96000000
chr9	96400000	96800000	1.004	2.083	-12.147	96400000
chr9	96800000	97200000	0.326	1.779	-12.044	96800000
chr9	97200000	97600000	-0.383	2.598	-12.818	97200000
chr9	97600000	98000000	-0.644	3.477	-13.713	97600000
chr9	98000000	98400000	-0.066	4.291	-14.148	98000000
chr9	98400000	98800000	-0.122	3.574	-14.327	98400000
chr9	98800000	99200000	0.622	3.144	-13.243	98800000
chr9	99200000	99600000	0.792	2.86	-12.94	99200000
chr9	99600000	100000000	1.327	2.99	-13.686	99600000
chr9	100000000	100400000	1.731	3.094	-14.149	100000000
chr9	100400000	100800000	1.796	3.793	-14.597	100400000
chr9	100800000	101200000	2.243	3.682	-13.146	100800000
chr9	101200000	101600000	3.158	3.395	-13.614	101200000
chr9	101600000	102000000	2.653	4.829	-13.978	101600000
chr9	102000000	102400000	3.205	4.452	-15.025	102000000
chr9	102400000	102800000	3.786	4.703	-14.884	102400000
chr9	102800000	103200000	3.005	5.296	-12.497	102800000
chr9	103200000	103600000	3.286	5.308	-11.035	103200000
chr9	103600000	104000000	3.512	5.655	-9.682	103600000
chr9	104000000	104400000	3.077	6.858	-9.546	104000000
chr9	104400000	104800000	2.931	8.021	-8.866	104400000
chr9	104800000	105200000	2.176	8.111	-9.414	104800000
chr9	105200000	105600000	1.293	8.229	-10.061	105200000
chr9	105600000	106000000	1.442	8.816	-9.003	105600000
chr9	106000000	106400000	1.766	9.049	-7.88	106000000
chr9	106400000	106800000	1.56	8.205	-7.858	106400000
chr9	106800000	107200000	1.798	7.258	-7.733	106800000
chr9	107200000	107600000	2.798	7.669	-7.724	107200000
chr9	107600000	108000000	2.577	6.341	-8.046	107600000
chr9	108000000	108400000	2.313	5.099	-7.98	108000000
chr9	108400000	108800000	2.72	4.333	-8.824	108400000
chr9	108800000	109200000	3.404	3.692	-9.91	108800000
chr9	109200000	109600000	3.259	3.429	-10.995	109200000
chr9	109600000	110000000	2.321	4.012	-10.931	109600000
chr9	110000000	110400000	1.483	3.815	-10.072	110000000
chr9	110400000	110800000	1.008	3.74	-9.765	110400000
chr9	110800000	111200000	1.586	4.639	-9.31	110800000
chr9	111200000	111600000	1.713	5.619	-9.931	111200000
chr9	111600000	112000000	0.916	6.307	-9.056	111600000
chr9	112000000	112400000	1.397	6.898	-10.116	112000000
chr9	112400000	112800000	0.15	6.993	-10.29	112400000
chr9	112800000	113200000	0.029	5.731	-10.245	112800000
chr9	113200000	113600000	-0.527	5.541	-10.145	113200000
chr9	113600000	114000000	-1.196	6.447	-9.508	113600000
chr9	114000000	114400000	-0.464	6.256	-8.577	114000000
chr9	114400000	114800000	0.033	7.087	-8.337	114400000
chr9	114800000	115200000	-0.675	7.233	-7.666	114800000
chr9	115200000	115600000	-1.266	6.879	-6.799	115200000
chr9	115600000	116000000	-2.157	6.374	-7.431	115600000
chr9	116000000	116400000	-2.448	7.311	-8.081	116000000
chr9	116400000	116800000	-3.591	6.88	-8.339	116400000
chr9	116800000	117200000	-4.328	7.633	-8.777	116800000
chr9	117200000	117600000	-3.405	8.069	-9.481	117200000
chr9	117600000	118000000	-2.475	7.859	-9.835	117600000
chr9	118000000	118400000	-1.791	7.123	-9.16	118000000
chr9	118400000	118800000	-0.918	6.08	-8.511	118400000
chr9	118800000	119200000	-0.477	5.389	-7.575	118800000
chr9	119200000	119600000	0.227	5.636	-6.97	119200000
chr9	119600000	120000000	0.204	5.934	-5.75	119600000
chr9	120000000	120400000	-0.034	5.348	-5.203	120000000
chr9	120400000	120800000	0.182	4.23	-4.437	120400000
chr9	120800000	121200000	0.811	3.099	-4.89	120800000
chr9	121200000	121600000	1.464	3.369	-5.175	121200000
chr9	121600000	122000000	1.528	2.909	-6.08	121600000
chr9	122000000	122400000	1.213	3.139	-6.594	122000000
chr9	122400000	122800000	0.702	4.125	-7.42	122400000
chr9	122800000	123200000	0.037	4.66	-8.067	122800000
chr9	123200000	123600000	-0.461	4.578	-7.11	123200000
chr9	123600000	124000000	-1.301	4.373	-7.884	123600000
chr9	124000000	124400000	-1.738	4.873	-8.637	124000000
chr9	124400000	124800000	-2.241	5.019	-10.015	124400000
