chr9	3000000	4000000	2.15	6.204	-2.693	3000000
chr9	4000000	5000000	3.071	5.642	-1.934	4000000
chr9	5000000	6000000	3.412	5.984	-1.172	5000000
chr9	6000000	7000000	3.64	6.583	-1.468	6000000
chr9	7000000	8000000	3.873	6.248	-2.139	7000000
chr9	8000000	9000000	4.657	5.392	-2.02	8000000
chr9	9000000	10000000	4.979	4.902	-1.316	9000000
chr9	10000000	11000000	5.318	5.617	-1.475	10000000
chr9	11000000	12000000	5.028	4.88	-2.386	11000000
chr9	12000000	13000000	4.286	4.553	-2.529	12000000
chr9	13000000	14000000	3.263	4.339	-2.007	13000000
chr9	14000000	15000000	3.669	4.815	-1.049	14000000
chr9	15000000	16000000	3.774	5.323	-0.151	15000000
chr9	16000000	17000000	3.762	3.761	-1.028	16000000
chr9	17000000	18000000	2.757	3.244	-1.173	17000000
chr9	18000000	19000000	2.191	3.984	-0.696	18000000
chr9	19000000	20000000	1.986	4.62	-1.142	19000000
chr9	20000000	21000000	3.125	5.214	-1.025	20000000
chr9	21000000	22000000	3.063	5.217	-1.63	21000000
chr9	22000000	23000000	3.339	4.076	-1.957	22000000
chr9	23000000	24000000	3.807	3.12	-2.471	23000000
chr9	24000000	25000000	3.592	2.378	-1.911	24000000
chr9	25000000	26000000	3.31	2.697	-1.369	25000000
chr9	26000000	27000000	4.635	2.979	-1.909	26000000
chr9	27000000	28000000	5.311	3.045	-2.015	27000000
chr9	28000000	29000000	5.893	4.256	-1.681	28000000
chr9	29000000	30000000	5.548	4.251	-1.585	29000000
chr9	30000000	31000000	4.976	4.043	-1.282	30000000
chr9	31000000	32000000	5.072	4.431	-1.413	31000000
chr9	32000000	33000000	4.322	4.661	-0.381	32000000
chr9	33000000	34000000	4.961	4.819	0.424	33000000
chr9	34000000	35000000	6.113	5.056	0.194	34000000
chr9	35000000	36000000	5.665	5.257	0.198	35000000
chr9	36000000	37000000	4.701	5.452	-0.596	36000000
chr9	37000000	38000000	5.182	5.988	-1.28	37000000
chr9	38000000	39000000	6.001	4.939	-1.003	38000000
chr9	39000000	40000000	5.44	4.786	-0.213	39000000
chr9	40000000	41000000	5.235	5.625	-0.057	40000000
chr9	41000000	42000000	4.87	5.074	-0.063	41000000
chr9	42000000	43000000	3.765	3.932	-0.283	42000000
chr9	43000000	44000000	3.434	3.388	0.164	43000000
chr9	44000000	45000000	3.572	4.45	-0.098	44000000
chr9	45000000	46000000	4.081	4.02	0.606	45000000
chr9	46000000	47000000	4.303	2.677	1.01	46000000
chr9	47000000	48000000	4.419	2.156	0.131	47000000
chr9	48000000	49000000	4.524	3.02	-1.054	48000000
chr9	49000000	50000000	4.831	2.755	-0.932	49000000
chr9	50000000	51000000	4.176	2.282	-0.559	50000000
chr9	51000000	52000000	3.457	2.4	-0.256	51000000
chr9	52000000	53000000	3.21	2.505	-0.348	52000000
chr9	53000000	54000000	3.996	3.483	-0.331	53000000
chr9	54000000	55000000	4.868	3.199	0.612	54000000
chr9	55000000	56000000	3.607	3.052	1.144	55000000
chr9	56000000	57000000	2.595	3.557	1.039	56000000
chr9	57000000	58000000	2.219	3.544	0.831	57000000
chr9	58000000	59000000	4.204	2.842	-0.372	58000000
chr9	59000000	60000000	5.378	2.83	-0.63	59000000
chr9	60000000	61000000	5.604	3.634	-0.672	60000000
chr9	61000000	62000000	5.746	4.34	-0.108	61000000
chr9	62000000	63000000	5.02	3.914	-0.117	62000000
chr9	63000000	64000000	4.518	3.542	0.154	63000000
chr9	64000000	65000000	4.406	3.613	0.721	64000000
chr9	65000000	66000000	3.227	2.927	1.35	65000000
chr9	66000000	67000000	3.313	2.944	2.153	66000000
chr9	67000000	68000000	3.474	2.637	3.066	67000000
chr9	68000000	69000000	3.035	2.66	2.935	68000000
chr9	69000000	70000000	3.588	2.399	2.04	69000000
chr9	70000000	71000000	4.347	1.874	1.434	70000000
chr9	71000000	72000000	5.229	1.336	1.862	71000000
chr9	72000000	73000000	5.474	1.381	2.401	72000000
chr9	73000000	74000000	4.608	1.873	3.306	73000000
chr9	74000000	75000000	4.845	2.195	4.371	74000000
chr9	75000000	76000000	6.037	1.626	4.396	75000000
chr9	76000000	77000000	4.934	1.608	2.243	76000000
chr9	77000000	78000000	4.124	0.874	1.673	77000000
chr9	78000000	79000000	3.458	0.574	2.732	78000000
chr9	79000000	80000000	4.589	0.716	3.564	79000000
chr9	80000000	81000000	5.717	0.833	3.295	80000000
chr9	81000000	82000000	6.73	1.416	2.855	81000000
chr9	82000000	83000000	6.564	3.719	1.063	82000000
chr9	83000000	84000000	6.72	4.284	0.79	83000000
chr9	84000000	85000000	6.579	3.178	1.473	84000000
chr9	85000000	86000000	7.264	3.233	2.445	85000000
chr9	86000000	87000000	7.086	2.708	2.577	86000000
chr9	87000000	88000000	6.545	2.697	1.816	87000000
chr9	88000000	89000000	6.122	3.903	1.04	88000000
chr9	89000000	90000000	6.471	4.092	1.411	89000000
chr9	90000000	91000000	6.287	3.41	2.472	90000000
chr9	91000000	92000000	6.306	3.73	2.532	91000000
chr9	92000000	93000000	5.928	4.637	2.353	92000000
chr9	93000000	94000000	6.241	4.758	2.23	93000000
chr9	94000000	95000000	5.421	4.616	3.053	94000000
chr9	95000000	96000000	6.016	5.458	3.139	95000000
chr9	96000000	97000000	5.693	5.941	2.538	96000000
chr9	97000000	98000000	5.217	5.831	1.692	97000000
chr9	98000000	99000000	5.013	5.316	1.376	98000000
chr9	99000000	100000000	4.3	4.997	1.301	99000000
chr9	100000000	101000000	4.543	4.595	1.47	100000000
chr9	101000000	102000000	4.835	4.915	1.992	101000000
chr9	102000000	103000000	5.134	4.31	1.675	102000000
chr9	103000000	104000000	4.753	4.0	1.395	103000000
chr9	104000000	105000000	4.655	3.187	1.673	104000000
chr9	105000000	106000000	3.868	2.269	1.532	105000000
chr9	106000000	107000000	3.56	1.963	1.656	106000000
chr9	107000000	108000000	4.456	2.091	2.34	107000000
chr9	108000000	109000000	5.691	1.302	2.918	108000000
chr9	109000000	110000000	6.361	0.513	2.405	109000000
chr9	110000000	111000000	7.408	0.699	2.763	110000000
chr9	111000000	112000000	6.681	2.053	2.609	111000000
chr9	112000000	113000000	6.59	3.138	3.247	112000000
chr9	113000000	114000000	6.654	2.41	3.905	113000000
chr9	114000000	115000000	6.882	1.513	3.871	114000000
chr9	115000000	116000000	5.647	1.249	3.991	115000000
chr9	116000000	117000000	5.417	2.129	3.879	116000000
chr9	117000000	118000000	5.244	2.679	3.591	117000000
chr9	118000000	119000000	4.953	3.367	3.9	118000000
chr9	119000000	120000000	3.978	3.826	3.186	119000000
chr9	120000000	121000000	2.773	3.943	2.53	120000000
chr9	121000000	122000000	2.831	3.918	1.824	121000000
chr9	122000000	123000000	3.567	4.736	1.367	122000000
chr9	123000000	124000000	3.942	5.217	2.015	123000000
chr9	124000000	125000000	5.182	5.293	2.854	124000000
