chr19	2800000	3200000	-4.902	0.975	4.424	2800000
chr19	3200000	3600000	-4.784	0.674	3.349	3200000
chr19	3600000	4000000	-5.191	1.653	2.849	3600000
chr19	4000000	4400000	-5.673	2.803	3.803	4000000
chr19	4400000	4800000	-6.158	3.067	4.703	4400000
chr19	4800000	5200000	-6.968	3.692	4.355	4800000
chr19	5200000	5600000	-6.815	3.942	3.128	5200000
chr19	5600000	6000000	-8.344	3.978	2.683	5600000
chr19	6000000	6400000	-8.351	3.894	1.461	6000000
chr19	6400000	6800000	-6.707	3.842	1.517	6400000
chr19	6800000	7200000	-5.621	3.866	2.378	6800000
chr19	7200000	7600000	-5.299	3.833	3.251	7200000
chr19	7600000	8000000	-4.68	2.475	3.249	7600000
chr19	8000000	8400000	-3.519	1.954	3.849	8000000
chr19	8400000	8800000	-2.766	2.686	3.809	8400000
chr19	8800000	9200000	-2.449	2.688	2.53	8800000
chr19	9200000	9600000	-1.893	1.604	2.342	9200000
chr19	9600000	10000000	-2.586	0.674	1.677	9600000
chr19	10000000	10400000	-4.02	1.291	1.435	10000000
chr19	10400000	10800000	-5.145	2.607	1.254	10400000
chr19	10800000	11200000	-5.261	3.703	1.305	10800000
chr19	11200000	11600000	-5.149	3.424	0.692	11200000
chr19	11600000	12000000	-5.206	2.905	0.075	11600000
chr19	12000000	12400000	-4.268	2.949	0.338	12000000
chr19	12400000	12800000	-5.568	1.79	-0.948	12400000
chr19	12800000	13200000	-5.402	1.993	-0.715	12800000
chr19	13200000	13600000	-4.601	2.547	-0.723	13200000
chr19	13600000	14000000	-5.472	2.953	-0.953	13600000
chr19	14000000	14400000	-5.087	2.354	-0.915	14000000
chr19	14400000	14800000	-4.301	1.533	0.028	14400000
chr19	14800000	15200000	-4.476	1.516	0.872	14800000
chr19	15200000	15600000	-4.114	1.623	-0.42	15200000
chr19	15600000	16000000	-5.201	1.433	0.175	15600000
chr19	16000000	16400000	-5.155	1.178	0.953	16000000
chr19	16400000	16800000	-5.617	1.215	1.81	16400000
chr19	16800000	17200000	-6.005	-0.024	2.168	16800000
chr19	17200000	17600000	-6.752	0.59	1.451	17200000
chr19	17600000	18000000	-6.355	0.9	1.781	17600000
chr19	18000000	18400000	-5.733	1.237	1.625	18000000
chr19	18400000	18800000	-4.877	0.566	1.402	18400000
chr19	18800000	19200000	-5.15	1.601	0.553	18800000
chr19	19200000	19600000	-4.159	1.708	0.502	19200000
chr19	19600000	20000000	-4.006	1.224	1.364	19600000
chr19	20000000	20400000	-2.79	1.566	1.003	20000000
chr19	20400000	20800000	-3.117	2.107	1.066	20400000
chr19	20800000	21200000	-2.792	2.761	0.714	20800000
chr19	21200000	21600000	-1.332	2.791	1.114	21200000
chr19	21600000	22000000	-0.912	3.239	1.755	21600000
chr19	22000000	22400000	-1.306	3.614	1.739	22000000
chr19	22400000	22800000	-2.022	3.61	0.68	22400000
chr19	22800000	23200000	-2.805	3.006	-0.122	22800000
chr19	23200000	23600000	-2.9	2.134	-0.816	23200000
chr19	23600000	24000000	-3.616	1.14	-1.598	23600000
chr19	24000000	24400000	-3.458	1.943	-2.004	24000000
chr19	24400000	24800000	-4.303	1.324	-1.584	24400000
chr19	24800000	25200000	-4.358	0.284	-2.038	24800000
chr19	25200000	25600000	-4.379	0.014	-1.809	25200000
chr19	25600000	26000000	-5.364	-1.318	-1.83	25600000
chr19	26000000	26400000	-4.354	-1.068	-2.327	26000000
chr19	26400000	26800000	-3.649	-1.46	-2.57	26400000
chr19	26800000	27200000	-3.378	-1.513	-2.867	26800000
chr19	27200000	27600000	-2.798	0.23	-3.132	27200000
chr19	27600000	28000000	-2.82	-0.365	-2.581	27600000
chr19	28000000	28400000	-2.942	-1.227	-1.583	28000000
chr19	28400000	28800000	-3.292	-0.361	-1.505	28400000
chr19	28800000	29200000	-3.956	-0.9	-1.654	28800000
chr19	29200000	29600000	-4.453	-1.657	-0.994	29200000
chr19	29600000	30000000	-5.718	-1.469	-0.633	29600000
chr19	30000000	30400000	-6.381	0.586	0.481	30000000
chr19	30400000	30800000	-6.121	0.942	0.565	30400000
chr19	30800000	31200000	-5.951	0.037	1.22	30800000
chr19	31200000	31600000	-5.786	-0.75	2.304	31200000
chr19	31600000	32000000	-5.884	-1.615	1.177	31600000
chr19	32000000	32400000	-5.52	-1.535	0.992	32000000
chr19	32400000	32800000	-6.474	-1.506	0.328	32400000
chr19	32800000	33200000	-6.754	-1.16	0.029	32800000
chr19	33200000	33600000	-6.416	-1.302	1.083	33200000
chr19	33600000	34000000	-6.442	-0.671	0.709	33600000
chr19	34000000	34400000	-5.833	-0.359	1.606	34000000
chr19	34400000	34800000	-5.437	-0.582	0.58	34400000
chr19	34800000	35200000	-5.986	-0.114	-0.252	34800000
chr19	35200000	35600000	-6.012	0.429	-0.467	35200000
chr19	35600000	36000000	-4.971	-0.205	0.333	35600000
chr19	36000000	36400000	-4.87	-0.428	-0.178	36000000
chr19	36400000	36800000	-5.006	0.19	-0.414	36400000
chr19	36800000	37200000	-5.946	-0.27	-0.565	36800000
chr19	37200000	37600000	-5.418	-0.043	-1.407	37200000
chr19	37600000	38000000	-4.51	0.595	-0.862	37600000
chr19	38000000	38400000	-3.42	0.931	-0.012	38000000
chr19	38400000	38800000	-4.273	0.12	2.158	38400000
chr19	38800000	39200000	-4.969	0.878	2.496	38800000
chr19	39200000	39600000	-3.917	1.113	2.471	39200000
chr19	39600000	40000000	-3.382	0.592	2.343	39600000
chr19	40000000	40400000	-3.406	1.708	2.356	40000000
chr19	40400000	40800000	-2.98	1.385	3.0	40400000
chr19	40800000	41200000	-2.995	2.41	2.426	40800000
chr19	41200000	41600000	-4.72	2.526	1.522	41200000
chr19	41600000	42000000	-5.696	2.043	0.688	41600000
chr19	42000000	42400000	-5.903	1.443	0.085	42000000
chr19	42400000	42800000	-7.448	0.52	0.265	42400000
chr19	42800000	43200000	-8.324	0.762	0.871	42800000
chr19	43200000	43600000	-9.721	0.076	0.585	43200000
chr19	43600000	44000000	-9.945	-0.886	0.833	43600000
chr19	44000000	44400000	-11.034	-0.992	1.35	44000000
chr19	44400000	44800000	-9.823	-1.109	1.305	44400000
chr19	44800000	45200000	-8.79	-1.563	0.922	44800000
chr19	45200000	45600000	-8.306	-0.507	1.058	45200000
chr19	45600000	46000000	-7.913	-0.432	0.982	45600000
chr19	46000000	46400000	-7.162	-1.223	0.455	46000000
chr19	46400000	46800000	-7.896	-0.225	-0.229	46400000
chr19	46800000	47200000	-7.574	0.021	-1.266	46800000
chr19	47200000	47600000	-6.99	-0.666	-1.646	47200000
chr19	47600000	48000000	-5.853	-1.208	-1.438	47600000
chr19	48000000	48400000	-4.584	-1.077	-0.677	48000000
chr19	48400000	48800000	-3.934	-0.233	-0.974	48400000
chr19	48800000	49200000	-3.717	-0.538	-0.226	48800000
chr19	49200000	49600000	-3.606	-0.039	-0.109	49200000
chr19	49600000	50000000	-4.476	-0.072	0.905	49600000
chr19	50000000	50400000	-5.274	-0.01	0.756	50000000
chr19	50400000	50800000	-7.519	-0.622	1.636	50400000
chr19	50800000	51200000	-9.577	-2.663	1.017	50800000
chr19	51200000	51600000	-9.95	-2.252	2.243	51200000
chr19	51600000	52000000	-10.827	-1.712	2.883	51600000
chr19	52000000	52400000	-10.975	-0.845	3.183	52000000
chr19	52400000	52800000	-10.243	-0.44	2.265	52400000
chr19	52800000	53200000	-9.122	-0.541	2.478	52800000
chr19	53200000	53600000	-7.816	-0.863	2.302	53200000
chr19	53600000	54000000	-6.928	-0.083	2.495	53600000
chr19	54000000	54400000	-4.304	2.988	2.829	54000000
chr19	54400000	54800000	-2.907	3.377	3.158	54400000
chr19	54800000	55200000	-3.197	3.694	3.146	54800000
chr19	55200000	55600000	-3.337	3.864	2.839	55200000
chr19	55600000	56000000	-2.235	4.323	2.793	55600000
chr19	56000000	56400000	-1.495	4.14	3.328	56000000
chr19	56400000	56800000	-1.621	4.227	2.422	56400000
chr19	56800000	57200000	-2.397	4.539	1.784	56800000
chr19	57200000	57600000	-2.812	4.204	1.046	57200000
chr19	57600000	58000000	-3.049	3.435	1.372	57600000
chr19	58000000	58400000	-4.14	3.156	1.285	58000000
chr19	58400000	58800000	-3.753	3.186	0.904	58400000
chr19	58800000	59200000	-3.891	3.439	1.532	58800000
chr19	59200000	59600000	-4.127	4.288	1.159	59200000
chr19	59600000	60000000	-3.769	3.88	1.6	59600000
chr19	60000000	60400000	-4.942	4.024	1.363	60000000
chr19	60400000	60800000	-4.038	2.974	0.3	60400000
chr19	60800000	61200000	-4.319	3.774	-0.368	60800000
chr19	61200000	61600000	-4.455	2.749	0.332	61200000
