chr1	3000000	4000000	7.283	-1.96	0.553	3000000
chr1	4000000	5000000	6.395	-1.359	0.914	4000000
chr1	5000000	6000000	6.339	-0.076	1.022	5000000
chr1	6000000	7000000	6.814	-0.12	1.059	6000000
chr1	7000000	8000000	5.64	-0.868	0.778	7000000
chr1	8000000	9000000	4.296	-1.288	0.771	8000000
chr1	9000000	10000000	4.055	-0.912	-0.063	9000000
chr1	10000000	11000000	3.989	-0.241	0.521	10000000
chr1	11000000	12000000	4.107	0.456	1.035	11000000
chr1	12000000	13000000	3.635	0.654	0.764	12000000
chr1	13000000	14000000	3.191	1.076	0.36	13000000
chr1	14000000	15000000	2.427	1.854	-0.276	14000000
chr1	15000000	16000000	1.526	1.965	-1.069	15000000
chr1	16000000	17000000	1.119	2.079	-1.371	16000000
chr1	17000000	18000000	0.226	1.549	-1.94	17000000
chr1	18000000	19000000	-0.346	1.078	-1.967	18000000
chr1	19000000	20000000	-1.567	1.292	-1.943	19000000
chr1	20000000	21000000	-1.996	1.668	-2.282	20000000
chr1	21000000	22000000	-1.14	2.078	-1.52	21000000
chr1	22000000	23000000	0.132	1.203	0.046	22000000
chr1	23000000	24000000	-0.418	0.542	0.112	23000000
chr1	24000000	25000000	1.228	-0.532	0.24	24000000
chr1	25000000	26000000	2.772	-0.798	0.549	25000000
chr1	26000000	27000000	3.345	-1.654	0.923	26000000
chr1	27000000	28000000	2.835	-1.652	1.432	27000000
chr1	28000000	29000000	3.969	-2.713	1.06	28000000
chr1	29000000	30000000	3.384	-2.625	1.067	29000000
chr1	30000000	31000000	3.088	-2.028	-0.032	30000000
chr1	31000000	32000000	2.472	-0.1	-0.655	31000000
chr1	32000000	33000000	1.828	0.965	-0.334	32000000
chr1	33000000	34000000	1.579	1.545	-0.24	33000000
chr1	34000000	35000000	0.978	1.962	0.184	34000000
chr1	35000000	36000000	0.721	2.44	-0.874	35000000
chr1	36000000	37000000	0.83	2.508	-1.726	36000000
chr1	37000000	38000000	-0.077	2.79	0.094	37000000
chr1	38000000	39000000	-0.6	3.186	0.933	38000000
chr1	39000000	40000000	-0.379	2.434	1.368	39000000
chr1	40000000	41000000	0.083	1.149	1.488	40000000
chr1	41000000	42000000	1.357	0.482	2.073	41000000
chr1	42000000	43000000	1.333	-0.163	1.868	42000000
chr1	43000000	44000000	2.323	-0.073	1.746	43000000
chr1	44000000	45000000	2.623	-0.058	1.854	44000000
chr1	45000000	46000000	2.142	-0.507	0.824	45000000
chr1	46000000	47000000	2.249	-0.484	0.569	46000000
chr1	47000000	48000000	1.904	0.515	0.038	47000000
chr1	48000000	49000000	0.963	0.24	-0.643	48000000
chr1	49000000	50000000	0.309	0.343	-0.959	49000000
chr1	50000000	51000000	0.277	0.378	-1.062	50000000
chr1	51000000	52000000	0.324	0.523	-1.114	51000000
chr1	52000000	53000000	-0.297	2.077	-0.86	52000000
chr1	53000000	54000000	-0.04	1.765	-0.432	53000000
chr1	54000000	55000000	-0.252	1.582	-1.043	54000000
chr1	55000000	56000000	-0.377	2.691	-1.087	55000000
chr1	56000000	57000000	-0.994	2.709	-1.132	56000000
chr1	57000000	58000000	-1.055	2.188	-0.3	57000000
chr1	58000000	59000000	-1.365	2.979	-1.329	58000000
chr1	59000000	60000000	-1.103	3.987	-2.408	59000000
chr1	60000000	61000000	-0.998	3.761	-3.775	60000000
chr1	61000000	62000000	0.245	4.788	-2.676	61000000
chr1	62000000	63000000	1.347	4.652	-2.718	62000000
chr1	63000000	64000000	1.594	4.599	-2.398	63000000
chr1	64000000	65000000	-1.209	3.864	-2.949	64000000
chr1	65000000	66000000	-1.636	3.25	-3.644	65000000
chr1	66000000	67000000	-0.938	2.175	-2.806	66000000
chr1	67000000	68000000	0.19	1.872	-2.37	67000000
chr1	68000000	69000000	-2.252	2.421	-2.341	68000000
chr1	69000000	70000000	-2.58	2.437	-1.814	69000000
chr1	70000000	71000000	-2.747	2.997	-1.162	70000000
chr1	71000000	72000000	-3.278	2.579	-0.701	71000000
chr1	72000000	73000000	-3.029	3.14	-0.149	72000000
chr1	73000000	74000000	-2.164	3.657	-0.962	73000000
chr1	74000000	75000000	-2.321	4.59	-1.553	74000000
chr1	75000000	76000000	-2.778	4.994	-2.955	75000000
chr1	76000000	77000000	-2.355	5.083	-2.416	76000000
chr1	77000000	78000000	-2.981	4.59	-1.451	77000000
chr1	78000000	79000000	-3.091	4.036	-1.602	78000000
chr1	79000000	80000000	-3.797	3.636	-0.779	79000000
chr1	80000000	81000000	-3.622	4.091	0.149	80000000
chr1	81000000	82000000	-3.829	4.684	-0.007	81000000
chr1	82000000	83000000	-4.162	4.799	-0.941	82000000
chr1	83000000	84000000	-3.512	4.544	-1.739	83000000
chr1	84000000	85000000	-2.548	4.1	-2.76	84000000
chr1	85000000	86000000	-2.513	3.837	-3.407	85000000
chr1	86000000	87000000	-3.335	2.998	-3.895	86000000
chr1	87000000	88000000	-2.872	3.397	-5.011	87000000
chr1	88000000	89000000	-2.465	3.635	-4.447	88000000
chr1	89000000	90000000	-1.039	3.277	-3.701	89000000
chr1	90000000	91000000	-0.808	3.515	-2.455	90000000
chr1	91000000	92000000	-0.481	3.536	-1.823	91000000
chr1	92000000	93000000	-0.781	3.785	-0.897	92000000
chr1	93000000	94000000	-1.16	3.703	-0.212	93000000
chr1	94000000	95000000	-1.864	3.628	-0.623	94000000
chr1	95000000	96000000	-2.348	3.022	-1.659	95000000
chr1	96000000	97000000	-2.568	3.41	-2.301	96000000
chr1	97000000	98000000	-3.003	3.598	-2.735	97000000
chr1	98000000	99000000	-3.536	5.126	-1.964	98000000
chr1	99000000	100000000	-4.662	6.576	-2.597	99000000
chr1	100000000	101000000	-4.602	7.236	-2.932	100000000
chr1	101000000	102000000	-4.198	7.77	-3.646	101000000
chr1	102000000	103000000	-4.026	8.207	-3.232	102000000
chr1	103000000	104000000	-3.337	8.417	-3.479	103000000
chr1	104000000	105000000	-2.968	8.141	-2.544	104000000
chr1	105000000	106000000	-2.443	7.887	-3.118	105000000
chr1	106000000	107000000	-3.036	7.215	-3.475	106000000
chr1	107000000	108000000	-3.402	6.852	-3.263	107000000
chr1	108000000	109000000	-3.156	5.512	-3.231	108000000
chr1	109000000	110000000	-3.392	4.938	-3.119	109000000
chr1	110000000	111000000	-4.123	5.685	-2.653	110000000
chr1	111000000	112000000	-4.006	5.083	-2.76	111000000
chr1	112000000	113000000	-3.574	5.302	-3.853	112000000
chr1	113000000	114000000	-3.015	5.752	-4.13	113000000
chr1	114000000	115000000	-3.069	5.996	-4.364	114000000
chr1	115000000	116000000	-3.287	4.91	-5.08	115000000
chr1	116000000	117000000	-3.169	4.538	-5.033	116000000
chr1	117000000	118000000	-2.597	5.807	-5.439	117000000
chr1	118000000	119000000	-2.118	5.944	-5.729	118000000
chr1	119000000	120000000	-2.035	5.981	-4.483	119000000
chr1	120000000	121000000	-1.567	5.746	-3.452	120000000
chr1	121000000	122000000	-1.137	6.055	-3.045	121000000
chr1	122000000	123000000	-0.95	5.471	-3.1	122000000
chr1	123000000	124000000	-1.936	4.548	-4.516	123000000
chr1	124000000	125000000	-1.548	5.601	-5.521	124000000
chr1	125000000	126000000	-1.483	6.038	-4.42	125000000
chr1	126000000	127000000	-1.434	6.612	-4.11	126000000
chr1	127000000	128000000	-2.369	7.197	-3.971	127000000
chr1	128000000	129000000	-2.315	6.414	-2.795	128000000
chr1	129000000	130000000	-3.346	5.464	-1.149	129000000
chr1	130000000	131000000	-4.262	5.058	0.002	130000000
chr1	131000000	132000000	-3.218	4.982	0.107	131000000
chr1	132000000	133000000	-2.65	4.57	-0.044	132000000
chr1	133000000	134000000	-1.869	4.277	-0.277	133000000
chr1	134000000	135000000	-1.124	4.795	-1.492	134000000
chr1	135000000	136000000	-1.665	5.112	-2.728	135000000
chr1	136000000	137000000	-0.47	5.35	-2.068	136000000
chr1	137000000	138000000	0.524	5.663	-1.59	137000000
chr1	138000000	139000000	1.118	6.266	-2.514	138000000
chr1	139000000	140000000	0.67	6.03	-3.028	139000000
chr1	140000000	141000000	0.671	5.853	-3.61	140000000
chr1	141000000	142000000	0.41	5.21	-4.386	141000000
chr1	142000000	143000000	0.56	4.58	-5.415	142000000
chr1	143000000	144000000	0.196	3.743	-5.139	143000000
chr1	144000000	145000000	-1.145	3.8	-5.343	144000000
chr1	145000000	146000000	-3.024	3.206	-6.648	145000000
chr1	146000000	147000000	-3.549	2.635	-7.003	146000000
chr1	147000000	148000000	-2.991	3.918	-6.463	147000000
chr1	148000000	149000000	-2.574	4.06	-5.832	148000000
chr1	149000000	150000000	-2.368	4.812	-5.999	149000000
chr1	150000000	151000000	-1.338	4.676	-5.698	150000000
chr1	151000000	152000000	-1.722	3.671	-5.227	151000000
chr1	152000000	153000000	-0.934	2.609	-5.792	152000000
chr1	153000000	154000000	-0.72	2.812	-5.143	153000000
chr1	154000000	155000000	-1.394	4.236	-4.448	154000000
chr1	155000000	156000000	-1.016	4.977	-3.852	155000000
chr1	156000000	157000000	-0.409	4.711	-3.258	156000000
chr1	157000000	158000000	-0.059	5.537	-2.563	157000000
chr1	158000000	159000000	-0.657	5.094	-3.895	158000000
chr1	159000000	160000000	-1.529	4.916	-4.243	159000000
chr1	160000000	161000000	-1.922	4.307	-4.349	160000000
chr1	161000000	162000000	-2.542	4.363	-5.221	161000000
chr1	162000000	163000000	-3.649	3.549	-5.711	162000000
chr1	163000000	164000000	-4.51	2.317	-5.851	163000000
chr1	164000000	165000000	-3.848	2.618	-5.971	164000000
chr1	165000000	166000000	-2.779	2.922	-6.168	165000000
chr1	166000000	167000000	-2.645	2.585	-5.982	166000000
chr1	167000000	168000000	-1.849	1.871	-5.995	167000000
chr1	168000000	169000000	-1.052	2.659	-6.826	168000000
chr1	169000000	170000000	-0.601	2.601	-6.629	169000000
chr1	170000000	171000000	-0.699	2.287	-6.824	170000000
chr1	171000000	172000000	-0.258	1.465	-6.506	171000000
chr1	172000000	173000000	-2.623	-0.033	-7.28	172000000
chr1	173000000	174000000	-3.681	-0.25	-6.971	173000000
chr1	174000000	175000000	-4.566	0.731	-7.426	174000000
chr1	175000000	176000000	-4.001	2.329	-6.997	175000000
chr1	176000000	177000000	-1.795	3.165	-6.528	176000000
chr1	177000000	178000000	-0.798	3.732	-5.79	177000000
chr1	178000000	179000000	-0.219	3.931	-5.327	178000000
chr1	179000000	180000000	-0.011	4.833	-4.563	179000000
chr1	180000000	181000000	0.069	3.957	-4.018	180000000
chr1	181000000	182000000	-0.642	2.104	-4.891	181000000
chr1	182000000	183000000	-1.35	1.098	-5.507	182000000
chr1	183000000	184000000	-1.503	0.89	-6.09	183000000
chr1	184000000	185000000	-2.361	1.49	-6.813	184000000
chr1	185000000	186000000	-3.416	1.271	-6.925	185000000
chr1	186000000	187000000	-3.467	1.051	-6.799	186000000
chr1	187000000	188000000	-3.139	1.433	-6.273	187000000
chr1	188000000	189000000	-1.951	2.333	-5.903	188000000
chr1	189000000	190000000	-0.527	3.133	-5.808	189000000
chr1	190000000	191000000	0.567	3.124	-5.803	190000000
chr1	191000000	192000000	0.461	2.134	-5.305	191000000
chr1	192000000	193000000	0.255	2.053	-5.871	192000000
chr1	193000000	194000000	-0.516	1.321	-6.754	193000000
chr1	194000000	195000000	-1.756	1.371	-7.119	194000000
chr1	195000000	196000000	-2.741	1.642	-7.591	195000000
