chrX	3200000	3600000	-4.559	13.119	2.985	3200000
chrX	3600000	4000000	-4.782	12.053	2.998	3600000
chrX	4000000	4400000	-5.751	11.8	3.75	4000000
chrX	4400000	4800000	-5.925	10.674	4.057	4400000
chrX	4800000	5200000	-4.849	10.621	3.612	4800000
chrX	5200000	5600000	-4.755	10.45	3.536	5200000
chrX	5600000	6000000	-4.326	9.615	3.516	5600000
chrX	6000000	6400000	-3.466	8.908	2.962	6000000
chrX	6400000	6800000	-3.515	9.237	2.649	6400000
chrX	6800000	7200000	-2.438	9.443	3.057	6800000
chrX	7200000	7600000	-2.088	9.973	2.554	7200000
chrX	7600000	8000000	-1.391	10.349	3.472	7600000
chrX	8000000	8400000	-0.688	10.289	3.609	8000000
chrX	8400000	8800000	-0.418	9.776	3.399	8400000
chrX	8800000	9200000	0.026	9.321	3.653	8800000
chrX	9200000	9600000	0.696	9.514	4.349	9200000
chrX	9600000	10000000	0.67	8.955	4.366	9600000
chrX	10000000	10400000	0.05	8.366	4.567	10000000
chrX	10400000	10800000	-0.658	7.701	4.471	10400000
chrX	10800000	11200000	-1.643	8.397	3.923	10800000
chrX	11200000	11600000	-1.712	8.771	4.278	11200000
chrX	11600000	12000000	-2.468	8.799	4.352	11600000
chrX	12000000	12400000	-2.573	7.922	4.769	12000000
chrX	12400000	12800000	-2.366	8.014	4.033	12400000
chrX	12800000	13200000	-1.572	8.095	3.644	12800000
chrX	13200000	13600000	-0.72	7.261	3.124	13200000
chrX	13600000	14000000	-1.615	7.088	2.748	13600000
chrX	14000000	14400000	-1.175	6.777	2.872	14000000
chrX	14400000	14800000	-2.229	6.627	2.869	14400000
chrX	14800000	15200000	-3.156	7.433	3.144	14800000
chrX	15200000	15600000	-3.602	6.283	3.374	15200000
chrX	15600000	16000000	-4.459	5.901	3.733	15600000
chrX	16000000	16400000	-4.32	6.624	3.829	16000000
chrX	16400000	16800000	-3.537	6.77	3.979	16400000
chrX	16800000	17200000	-2.277	6.368	4.32	16800000
chrX	17200000	17600000	-2.112	6.817	4.17	17200000
chrX	17600000	18000000	-1.687	8.505	5.328	17600000
chrX	18000000	18400000	-0.826	9.183	5.293	18000000
chrX	18400000	18800000	-0.893	9.855	4.618	18400000
chrX	18800000	19200000	-0.937	10.038	5.148	18800000
chrX	19200000	19600000	-0.45	9.632	5.857	19200000
chrX	19600000	20000000	0.049	8.629	6.214	19600000
chrX	20000000	20400000	0.592	8.337	5.922	20000000
chrX	20400000	20800000	-0.14	7.932	5.047	20400000
chrX	20800000	21200000	-1.368	8.205	5.379	20800000
chrX	21200000	21600000	-2.656	8.512	5.759	21200000
chrX	21600000	22000000	-3.409	8.448	5.12	21600000
chrX	22000000	22400000	-3.597	8.817	5.114	22000000
chrX	22400000	22800000	-2.853	9.664	4.654	22400000
chrX	22800000	23200000	-4.207	8.827	3.913	22800000
chrX	23200000	23600000	-5.107	8.833	3.759	23200000
chrX	23600000	24000000	-4.292	8.37	4.36	23600000
chrX	24000000	24400000	-5.613	9.098	4.593	24000000
chrX	24400000	24800000	-5.25	9.208	4.784	24400000
chrX	24800000	25200000	-4.788	9.742	5.435	24800000
chrX	25200000	25600000	-5.353	10.846	5.455	25200000
chrX	25600000	26000000	-5.07	10.877	5.718	25600000
chrX	26000000	26400000	-4.141	9.953	6.112	26000000
chrX	26400000	26800000	-4.746	10.79	7.09	26400000
chrX	26800000	27200000	-4.954	11.576	7.858	26800000
chrX	27200000	27600000	-5.462	11.865	8.644	27200000
chrX	27600000	28000000	-5.946	11.5	9.586	27600000
chrX	28000000	28400000	-6.615	11.0	10.116	28000000
chrX	28400000	28800000	-7.56	10.922	10.646	28400000
chrX	28800000	29200000	-8.54	11.246	10.844	28800000
chrX	29200000	29600000	-9.533	11.077	10.339	29200000
chrX	29600000	30000000	-9.923	10.744	9.318	29600000
chrX	30000000	30400000	-9.534	10.655	8.349	30000000
chrX	30400000	30800000	-9.81	10.463	7.355	30400000
chrX	30800000	31200000	-9.343	10.574	6.355	30800000
chrX	31200000	31600000	-8.328	10.909	6.104	31200000
chrX	31600000	32000000	-7.371	10.828	5.361	31600000
chrX	32000000	32400000	-7.562	11.659	4.55	32000000
chrX	32400000	32800000	-8.041	10.907	4.116	32400000
chrX	32800000	33200000	-7.775	9.786	3.995	32800000
chrX	33200000	33600000	-6.922	9.497	4.773	33200000
chrX	33600000	34000000	-7.003	9.505	5.768	33600000
chrX	34000000	34400000	-6.071	9.567	6.502	34000000
chrX	34400000	34800000	-6.552	10.747	6.979	34400000
chrX	34800000	35200000	-6.586	11.784	6.165	34800000
chrX	35200000	35600000	-5.68	12.586	5.566	35200000
chrX	35600000	36000000	-4.529	12.434	4.883	35600000
chrX	36000000	36400000	-3.832	11.559	4.08	36000000
chrX	36400000	36800000	-3.063	10.821	3.363	36400000
chrX	36800000	37200000	-3.34	11.173	2.946	36800000
chrX	37200000	37600000	-2.483	10.602	2.421	37200000
chrX	37600000	38000000	-1.085	9.889	1.624	37600000
chrX	38000000	38400000	-1.021	9.523	0.879	38000000
chrX	38400000	38800000	-0.794	8.557	1.156	38400000
chrX	38800000	39200000	-0.645	8.887	2.518	38800000
chrX	39200000	39600000	-1.79	10.712	6.009	39200000
chrX	39600000	40000000	-1.81	11.276	7.018	39600000
chrX	40000000	40400000	-2.283	12.123	6.428	40000000
chrX	40400000	40800000	-2.16	12.915	5.695	40400000
chrX	40800000	41200000	-1.724	11.997	5.784	40800000
chrX	41200000	41600000	-2.54	11.442	5.844	41200000
chrX	41600000	42000000	-3.056	11.192	4.85	41600000
chrX	42000000	42400000	-2.986	11.13	3.602	42000000
chrX	42400000	42800000	-2.208	11.145	3.063	42400000
chrX	42800000	43200000	-2.845	12.193	3.22	42800000
chrX	43200000	43600000	-2.068	12.461	3.562	43200000
chrX	43600000	44000000	-2.649	13.065	4.026	43600000
chrX	44000000	44400000	-2.688	12.79	4.489	44000000
chrX	44400000	44800000	-2.786	11.242	5.424	44400000
chrX	44800000	45200000	-1.659	10.138	4.062	44800000
chrX	45200000	45600000	-2.7	9.904	4.255	45200000
chrX	45600000	46000000	-3.053	10.227	5.454	45600000
chrX	46000000	46400000	-3.842	10.253	5.083	46000000
chrX	46400000	46800000	-3.568	11.104	6.36	46400000
chrX	46800000	47200000	-3.007	11.479	7.594	46800000
chrX	47200000	47600000	-2.818	10.517	7.405	47200000
chrX	47600000	48000000	-3.235	10.383	7.579	47600000
chrX	48000000	48400000	-3.335	9.633	7.519	48000000
chrX	48400000	48800000	-2.353	9.093	7.071	48400000
chrX	48800000	49200000	-1.508	9.376	6.876	48800000
chrX	49200000	49600000	-0.26	9.595	7.528	49200000
chrX	49600000	50000000	-0.718	10.203	8.68	49600000
chrX	50000000	50400000	-1.823	10.45	8.013	50000000
chrX	50400000	50800000	-1.413	9.856	8.501	50400000
chrX	50800000	51200000	-0.652	10.057	8.102	50800000
chrX	51200000	51600000	-0.13	10.53	7.493	51200000
chrX	51600000	52000000	0.152	10.721	7.539	51600000
chrX	52000000	52400000	0.206	11.49	6.442	52000000
chrX	52400000	52800000	0.696	12.407	6.632	52400000
chrX	52800000	53200000	0.732	11.47	6.853	52800000
chrX	53200000	53600000	0.496	11.134	6.591	53200000
chrX	53600000	54000000	0.744	11.662	5.47	53600000
chrX	54000000	54400000	1.215	12.357	4.275	54000000
chrX	54400000	54800000	1.114	11.81	3.724	54400000
chrX	54800000	55200000	2.089	11.863	2.744	54800000
chrX	55200000	55600000	2.529	13.115	2.078	55200000
chrX	55600000	56000000	2.013	13.932	2.812	55600000
chrX	56000000	56400000	1.786	13.327	2.063	56000000
chrX	56400000	56800000	1.311	12.447	1.014	56400000
chrX	56800000	57200000	1.028	12.025	1.653	56800000
chrX	57200000	57600000	0.377	12.335	2.389	57200000
chrX	57600000	58000000	0.95	12.283	3.076	57600000
chrX	58000000	58400000	0.672	11.767	4.179	58000000
chrX	58400000	58800000	0.233	11.975	4.099	58400000
chrX	58800000	59200000	0.737	10.931	4.67	58800000
chrX	59200000	59600000	1.422	10.675	4.821	59200000
chrX	59600000	60000000	2.106	11.259	4.512	59600000
chrX	60000000	60400000	2.705	11.438	4.6	60000000
chrX	60400000	60800000	2.466	11.164	4.247	60400000
chrX	60800000	61200000	3.417	11.885	4.532	60800000
chrX	61200000	61600000	2.881	12.079	4.577	61200000
chrX	61600000	62000000	1.537	13.355	6.044	61600000
chrX	62000000	62400000	1.432	13.509	5.472	62000000
chrX	62400000	62800000	0.28	13.497	5.796	62400000
chrX	62800000	63200000	-0.22	12.964	5.292	62800000
chrX	63200000	63600000	-0.842	13.494	4.645	63200000
chrX	63600000	64000000	-1.099	13.242	5.022	63600000
chrX	64000000	64400000	-0.785	12.248	6.139	64000000
chrX	64400000	64800000	0.479	10.453	5.846	64400000
chrX	64800000	65200000	1.087	9.926	6.144	64800000
chrX	65200000	65600000	0.625	9.608	6.195	65200000
chrX	65600000	66000000	-0.002	9.373	6.041	65600000
chrX	66000000	66400000	0.023	10.032	5.954	66000000
chrX	66400000	66800000	-0.283	10.598	5.085	66400000
chrX	66800000	67200000	-1.2	10.272	5.737	66800000
chrX	67200000	67600000	-2.166	9.592	6.119	67200000
chrX	67600000	68000000	-2.214	10.34	5.759	67600000
chrX	68000000	68400000	-2.37	9.948	5.806	68000000
chrX	68400000	68800000	-2.859	10.303	4.831	68400000
chrX	68800000	69200000	-2.407	11.325	5.313	68800000
chrX	69200000	69600000	-0.607	12.66	5.867	69200000
chrX	69600000	70000000	-0.477	12.86	6.743	69600000
chrX	70000000	70400000	-1.265	12.063	6.569	70000000
chrX	70400000	70800000	-0.871	11.468	6.465	70400000
chrX	70800000	71200000	-1.132	11.459	5.231	70800000
chrX	71200000	71600000	-1.545	11.716	4.663	71200000
chrX	71600000	72000000	-2.007	11.709	4.675	71600000
chrX	72000000	72400000	-1.922	11.372	4.244	72000000
chrX	72400000	72800000	-1.264	11.94	4.563	72400000
chrX	72800000	73200000	-0.429	12.218	3.717	72800000
chrX	73200000	73600000	-0.346	12.554	2.579	73200000
chrX	73600000	74000000	-0.622	11.989	1.576	73600000
chrX	74000000	74400000	-0.828	11.442	2.15	74000000
chrX	74400000	74800000	-0.284	11.392	3.155	74400000
chrX	74800000	75200000	0.376	10.561	3.024	74800000
chrX	75200000	75600000	1.451	10.772	3.081	75200000
chrX	75600000	76000000	1.818	9.788	2.58	75600000
chrX	76000000	76400000	1.858	8.677	3.62	76000000
chrX	76400000	76800000	2.068	8.428	4.489	76400000
chrX	76800000	77200000	3.148	8.566	5.027	76800000
chrX	77200000	77600000	3.554	9.111	5.443	77200000
chrX	77600000	78000000	2.642	8.782	4.906	77600000
chrX	78000000	78400000	3.246	9.313	4.177	78000000
chrX	78400000	78800000	4.581	9.238	4.071	78400000
chrX	78800000	79200000	4.188	8.492	4.02	78800000
chrX	79200000	79600000	3.365	8.751	3.4	79200000
chrX	79600000	80000000	2.73	9.709	3.181	79600000
chrX	80000000	80400000	1.847	10.059	3.571	80000000
chrX	80400000	80800000	1.918	9.587	4.913	80400000
chrX	80800000	81200000	2.167	9.652	5.49	80800000
chrX	81200000	81600000	2.847	10.256	6.206	81200000
chrX	81600000	82000000	2.935	10.852	7.14	81600000
chrX	82000000	82400000	2.386	10.302	6.392	82000000
chrX	82400000	82800000	2.23	10.908	5.889	82400000
chrX	82800000	83200000	2.24	11.556	5.759	82800000
chrX	83200000	83600000	2.966	12.609	6.185	83200000
chrX	83600000	84000000	3.284	13.016	6.298	83600000
chrX	84000000	84400000	3.558	12.37	7.241	84000000
chrX	84400000	84800000	2.499	11.943	7.084	84400000
chrX	84800000	85200000	1.843	11.429	5.836	84800000
chrX	85200000	85600000	2.309	11.69	5.896	85200000
chrX	85600000	86000000	3.632	12.076	5.893	85600000
chrX	86000000	86400000	3.551	12.739	5.519	86000000
chrX	86400000	86800000	2.581	12.814	5.501	86400000
chrX	86800000	87200000	1.36	12.791	6.314	86800000
chrX	87200000	87600000	1.705	12.58	6.692	87200000
chrX	87600000	88000000	2.119	13.025	4.349	87600000
chrX	88000000	88400000	3.114	12.867	3.431	88000000
chrX	88400000	88800000	2.574	12.97	3.525	88400000
chrX	88800000	89200000	2.349	12.994	4.614	88800000
chrX	89200000	89600000	3.283	13.743	4.45	89200000
chrX	89600000	90000000	2.696	13.868	4.153	89600000
chrX	90000000	90400000	1.769	13.592	3.77	90000000
chrX	90400000	90800000	0.739	13.458	3.527	90400000
chrX	90800000	91200000	0.353	13.697	3.329	90800000
chrX	91200000	91600000	0.739	13.334	4.281	91200000
chrX	91600000	92000000	0.61	12.248	5.061	91600000
chrX	92000000	92400000	0.68	12.522	5.263	92000000
chrX	92400000	92800000	1.578	12.39	4.948	92400000
chrX	92800000	93200000	2.109	12.969	5.671	92800000
chrX	93200000	93600000	1.949	12.009	7.371	93200000
chrX	93600000	94000000	1.901	11.476	7.053	93600000
chrX	94000000	94400000	3.76	11.403	5.484	94000000
chrX	94400000	94800000	4.797	11.51	3.951	94400000
chrX	94800000	95200000	4.639	11.739	3.717	94800000
chrX	95200000	95600000	5.135	11.723	4.372	95200000
chrX	95600000	96000000	5.498	11.245	4.792	95600000
chrX	96000000	96400000	5.279	11.411	4.575	96000000
chrX	96400000	96800000	5.15	12.601	4.647	96400000
chrX	96800000	97200000	5.849	12.578	4.93	96800000
chrX	97200000	97600000	6.314	11.855	5.406	97200000
chrX	97600000	98000000	6.862	11.663	4.721	97600000
chrX	98000000	98400000	6.564	11.035	4.267	98000000
chrX	98400000	98800000	5.691	10.497	3.804	98400000
chrX	98800000	99200000	5.001	9.611	4.011	98800000
chrX	99200000	99600000	4.368	8.495	5.006	99200000
chrX	99600000	100000000	3.496	8.099	5.119	99600000
chrX	100000000	100400000	3.0	7.609	5.868	100000000
chrX	100400000	100800000	2.347	7.866	6.09	100400000
chrX	100800000	101200000	2.464	8.621	6.739	100800000
chrX	101200000	101600000	3.244	9.411	5.808	101200000
chrX	101600000	102000000	4.67	10.367	4.814	101600000
chrX	102000000	102400000	5.945	9.989	5.311	102000000
chrX	102400000	102800000	7.059	9.198	4.572	102400000
chrX	102800000	103200000	7.645	8.729	4.175	102800000
chrX	103200000	103600000	7.678	8.959	3.892	103200000
chrX	103600000	104000000	6.936	8.04	4.176	103600000
chrX	104000000	104400000	5.848	9.109	5.013	104000000
chrX	104400000	104800000	6.603	8.914	5.103	104400000
chrX	104800000	105200000	6.217	8.541	4.007	104800000
chrX	105200000	105600000	5.624	7.612	4.301	105200000
chrX	105600000	106000000	5.019	6.61	3.982	105600000
chrX	106000000	106400000	5.381	7.414	4.428	106000000
chrX	106400000	106800000	6.016	7.824	5.444	106400000
chrX	106800000	107200000	6.438	9.013	5.828	106800000
chrX	107200000	107600000	6.587	10.38	5.7	107200000
chrX	107600000	108000000	6.649	10.534	5.212	107600000
chrX	108000000	108400000	5.27	10.018	5.347	108000000
chrX	108400000	108800000	4.91	9.052	4.719	108400000
chrX	108800000	109200000	5.378	9.281	4.823	108800000
chrX	109200000	109600000	5.033	9.917	6.209	109200000
chrX	109600000	110000000	5.619	10.611	6.824	109600000
chrX	110000000	110400000	4.412	10.797	6.289	110000000
chrX	110400000	110800000	4.339	10.326	5.97	110400000
chrX	110800000	111200000	3.643	10.287	4.75	110800000
chrX	111200000	111600000	3.46	10.667	3.115	111200000
chrX	111600000	112000000	3.679	10.679	3.523	111600000
chrX	112000000	112400000	2.872	10.163	4.299	112000000
chrX	112400000	112800000	3.864	10.307	4.547	112400000
chrX	112800000	113200000	3.595	10.609	4.918	112800000
chrX	113200000	113600000	3.422	9.881	5.927	113200000
chrX	113600000	114000000	3.957	9.142	6.093	113600000
chrX	114000000	114400000	4.201	9.342	6.4	114000000
chrX	114400000	114800000	3.612	9.237	7.778	114400000
chrX	114800000	115200000	3.625	9.266	9.165	114800000
chrX	115200000	115600000	2.929	9.698	9.556	115200000
chrX	115600000	116000000	2.93	9.547	9.098	115600000
chrX	116000000	116400000	3.326	11.0	8.372	116000000
chrX	116400000	116800000	4.555	10.302	8.185	116400000
chrX	116800000	117200000	4.83	9.339	7.789	116800000
chrX	117200000	117600000	3.807	9.858	7.11	117200000
chrX	117600000	118000000	2.583	9.833	7.155	117600000
chrX	118000000	118400000	3.712	9.919	7.853	118000000
chrX	118400000	118800000	3.923	10.18	8.727	118400000
chrX	118800000	119200000	4.877	11.228	7.956	118800000
chrX	119200000	119600000	5.015	10.772	7.826	119200000
chrX	119600000	120000000	4.194	11.43	7.828	119600000
chrX	120000000	120400000	4.391	10.985	8.498	120000000
chrX	120400000	120800000	5.496	10.889	7.988	120400000
chrX	120800000	121200000	5.45	11.054	6.927	120800000
chrX	121200000	121600000	4.658	11.665	6.265	121200000
chrX	121600000	122000000	5.185	12.087	6.368	121600000
chrX	122000000	122400000	4.584	12.483	6.449	122000000
chrX	122400000	122800000	4.129	11.538	6.162	122400000
chrX	122800000	123200000	3.583	10.975	6.786	122800000
chrX	123200000	123600000	3.427	9.948	7.472	123200000
chrX	123600000	124000000	2.045	9.778	7.972	123600000
chrX	124000000	124400000	1.484	10.546	8.676	124000000
chrX	124400000	124800000	2.259	11.231	8.943	124400000
chrX	124800000	125200000	2.304	11.526	10.074	124800000
chrX	125200000	125600000	1.864	10.869	10.863	125200000
chrX	125600000	126000000	1.589	9.886	11.278	125600000
chrX	126000000	126400000	1.423	8.767	11.359	126000000
chrX	126400000	126800000	2.134	8.171	10.514	126400000
chrX	126800000	127200000	2.645	8.226	10.41	126800000
chrX	127200000	127600000	1.962	8.595	9.5	127200000
chrX	127600000	128000000	1.526	8.482	9.462	127600000
chrX	128000000	128400000	3.341	7.207	10.067	128000000
chrX	128400000	128800000	4.546	6.557	9.845	128400000
chrX	128800000	129200000	6.03	5.952	8.802	128800000
chrX	129200000	129600000	6.977	6.211	8.268	129200000
chrX	129600000	130000000	7.304	7.066	8.02	129600000
chrX	130000000	130400000	6.351	7.771	7.497	130000000
chrX	130400000	130800000	6.664	8.148	8.36	130400000
chrX	130800000	131200000	5.792	8.415	8.59	130800000
chrX	131200000	131600000	5.481	8.276	9.544	131200000
chrX	131600000	132000000	6.242	8.958	9.084	131600000
chrX	132000000	132400000	6.504	10.068	8.374	132000000
chrX	132400000	132800000	6.123	10.243	8.361	132400000
chrX	132800000	133200000	6.695	9.56	7.277	132800000
chrX	133200000	133600000	6.661	9.163	6.999	133200000
chrX	133600000	134000000	6.472	10.254	7.273	133600000
chrX	134000000	134400000	5.914	9.81	6.82	134000000
chrX	134400000	134800000	5.816	9.117	6.915	134400000
chrX	134800000	135200000	6.444	8.12	7.211	134800000
chrX	135200000	135600000	6.886	7.78	7.87	135200000
chrX	135600000	136000000	7.963	7.88	7.319	135600000
chrX	136000000	136400000	8.426	7.485	6.9	136000000
chrX	136400000	136800000	7.927	7.912	6.248	136400000
chrX	136800000	137200000	7.407	7.786	5.439	136800000
chrX	137200000	137600000	6.791	8.022	4.926	137200000
chrX	137600000	138000000	6.082	7.941	4.076	137600000
chrX	138000000	138400000	6.274	9.381	4.31	138000000
chrX	138400000	138800000	5.509	10.039	4.921	138400000
chrX	138800000	139200000	5.367	10.455	3.912	138800000
chrX	139200000	139600000	5.442	11.419	3.526	139200000
chrX	139600000	140000000	7.574	8.682	4.773	139600000
chrX	140000000	140400000	7.888	7.72	4.371	140000000
chrX	140400000	140800000	8.046	7.264	3.945	140400000
chrX	140800000	141200000	8.457	7.729	4.15	140800000
chrX	141200000	141600000	9.246	8.131	5.019	141200000
chrX	141600000	142000000	8.908	8.649	5.865	141600000
chrX	142000000	142400000	9.16	9.374	4.942	142000000
chrX	142400000	142800000	8.08	9.777	4.141	142400000
chrX	142800000	143200000	7.123	10.969	3.616	142800000
chrX	143200000	143600000	6.434	11.91	3.055	143200000
chrX	143600000	144000000	5.865	12.273	2.668	143600000
chrX	144000000	144400000	5.951	12.465	3.051	144000000
chrX	144400000	144800000	7.175	10.511	4.178	144400000
chrX	144800000	145200000	6.708	9.951	5.275	144800000
chrX	145200000	145600000	7.451	9.536	6.437	145200000
chrX	145600000	146000000	8.041	9.356	6.281	145600000
chrX	146000000	146400000	7.832	9.747	5.313	146000000
chrX	146400000	146800000	8.465	10.001	5.203	146400000
chrX	146800000	147200000	7.628	10.111	5.66	146800000
chrX	147200000	147600000	7.444	10.395	7.05	147200000
chrX	147600000	148000000	7.439	9.868	7.999	147600000
chrX	148000000	148400000	7.268	10.49	8.922	148000000
chrX	148400000	148800000	6.78	10.832	10.015	148400000
chrX	148800000	149200000	5.598	10.582	9.895	148800000
chrX	149200000	149600000	4.852	11.37	9.198	149200000
chrX	149600000	150000000	4.221	10.982	10.317	149600000
chrX	150000000	150400000	4.343	9.753	10.141	150000000
chrX	150400000	150800000	4.653	9.638	8.74	150400000
chrX	150800000	151200000	4.719	9.238	9.194	150800000
chrX	151200000	151600000	3.882	8.501	8.075	151200000
chrX	151600000	152000000	3.356	7.767	8.772	151600000
chrX	152000000	152400000	2.738	7.745	8.313	152000000
chrX	152400000	152800000	2.985	6.948	8.128	152400000
chrX	152800000	153200000	4.097	6.336	8.599	152800000
chrX	153200000	153600000	4.851	6.87	7.867	153200000
chrX	153600000	154000000	4.849	7.223	6.663	153600000
chrX	154000000	154400000	4.342	7.451	6.926	154000000
chrX	154400000	154800000	4.2	8.225	7.383	154400000
chrX	154800000	155200000	3.841	8.129	6.82	154800000
chrX	155200000	155600000	5.004	8.468	6.468	155200000
chrX	155600000	156000000	6.995	7.255	5.699	155600000
chrX	156000000	156400000	8.176	6.601	5.699	156000000
chrX	156400000	156800000	8.506	6.31	5.203	156400000
chrX	156800000	157200000	8.668	7.049	4.559	156800000
chrX	157200000	157600000	8.736	6.633	4.001	157200000
chrX	157600000	158000000	7.681	6.439	4.123	157600000
chrX	158000000	158400000	6.625	6.357	4.719	158000000
chrX	158400000	158800000	5.437	6.156	4.601	158400000
chrX	158800000	159200000	4.666	6.071	5.083	158800000
chrX	159200000	159600000	4.144	6.424	5.125	159200000
chrX	159600000	160000000	3.948	6.841	5.148	159600000
chrX	160000000	160400000	3.345	7.142	4.224	160000000
chrX	160400000	160800000	2.937	6.993	3.638	160400000
chrX	160800000	161200000	3.493	7.324	4.661	160800000
chrX	161200000	161600000	4.613	7.462	5.525	161200000
chrX	161600000	162000000	5.777	6.993	6.324	161600000
chrX	162000000	162400000	5.48	6.234	6.211	162000000
chrX	162400000	162800000	6.635	6.465	7.169	162400000
chrX	162800000	163200000	6.548	6.603	7.026	162800000
chrX	163200000	163600000	6.489	6.168	6.911	163200000
chrX	163600000	164000000	6.732	5.092	7.366	163600000
chrX	164000000	164400000	6.946	4.905	6.942	164000000
chrX	164400000	164800000	5.99	4.747	6.721	164400000
chrX	164800000	165200000	5.681	5.71	6.886	164800000
chrX	165200000	165600000	5.927	6.461	7.277	165200000
chrX	165600000	166000000	5.516	6.37	8.198	165600000
chrX	166000000	166400000	5.397	7.066	9.051	166000000
chrX	166400000	166800000	5.432	7.312	8.5	166400000
chrX	166800000	167200000	4.882	7.106	8.732	166800000
chrX	167200000	167600000	4.716	7.787	8.484	167200000
chrX	167600000	168000000	5.817	8.034	8.402	167600000
chrX	168000000	168400000	5.732	7.876	7.718	168000000
chrX	168400000	168800000	6.061	5.848	8.362	168400000
chrX	168800000	169200000	6.665	5.402	8.123	168800000
chrX	169200000	169600000	7.366	5.393	7.905	169200000
chrX	169600000	170000000	8.031	5.525	7.166	169600000
chrX	170000000	170400000	7.916	6.579	6.879	170000000
