chr9	3000000	4000000	-1.589	1.186	7.575	3000000
chr9	4000000	5000000	-0.84	1.501	6.266	4000000
chr9	5000000	6000000	-0.207	1.529	6.433	5000000
chr9	6000000	7000000	0.129	0.902	7.295	6000000
chr9	7000000	8000000	0.955	0.62	7.395	7000000
chr9	8000000	9000000	0.354	1.287	6.916	8000000
chr9	9000000	10000000	0.263	1.272	6.621	9000000
chr9	10000000	11000000	0.503	2.145	7.125	10000000
chr9	11000000	12000000	0.054	2.57	7.454	11000000
chr9	12000000	13000000	-0.62	2.276	7.216	12000000
chr9	13000000	14000000	-0.702	2.709	7.392	13000000
chr9	14000000	15000000	0.248	1.973	7.795	14000000
chr9	15000000	16000000	1.077	1.979	7.804	15000000
chr9	16000000	17000000	1.567	1.409	7.434	16000000
chr9	17000000	18000000	1.796	1.057	7.86	17000000
chr9	18000000	19000000	1.869	0.338	7.631	18000000
chr9	19000000	20000000	1.418	-0.132	7.154	19000000
chr9	20000000	21000000	1.163	-0.83	6.843	20000000
chr9	21000000	22000000	1.057	-0.236	5.956	21000000
chr9	22000000	23000000	0.64	0.731	5.535	22000000
chr9	23000000	24000000	1.254	0.249	6.225	23000000
chr9	24000000	25000000	1.117	-0.323	6.567	24000000
chr9	25000000	26000000	0.189	-0.121	6.9	25000000
chr9	26000000	27000000	-0.457	0.239	7.143	26000000
chr9	27000000	28000000	0.614	-0.224	7.448	27000000
chr9	28000000	29000000	2.126	-0.514	6.95	28000000
chr9	29000000	30000000	2.778	-1.203	6.804	29000000
chr9	30000000	31000000	2.389	-1.532	6.975	30000000
chr9	31000000	32000000	2.177	-1.109	6.846	31000000
chr9	32000000	33000000	2.192	-0.784	6.424	32000000
chr9	33000000	34000000	2.691	0.031	6.538	33000000
chr9	34000000	35000000	3.392	0.186	6.381	34000000
chr9	35000000	36000000	3.838	0.396	6.773	35000000
chr9	36000000	37000000	3.042	0.117	6.717	36000000
chr9	37000000	38000000	3.008	-0.222	7.15	37000000
chr9	38000000	39000000	2.561	0.541	7.152	38000000
chr9	39000000	40000000	1.827	1.718	7.461	39000000
chr9	40000000	41000000	1.293	2.329	7.021	40000000
chr9	41000000	42000000	1.696	2.101	6.049	41000000
chr9	42000000	43000000	2.286	2.129	4.964	42000000
chr9	43000000	44000000	1.694	2.139	4.824	43000000
chr9	44000000	45000000	2.015	1.14	4.822	44000000
chr9	45000000	46000000	1.538	-0.155	4.74	45000000
chr9	46000000	47000000	2.358	-0.639	4.797	46000000
chr9	47000000	48000000	2.863	-0.367	5.658	47000000
chr9	48000000	49000000	3.136	-0.338	5.802	48000000
chr9	49000000	50000000	3.467	-0.94	5.897	49000000
chr9	50000000	51000000	3.476	-1.704	5.318	50000000
chr9	51000000	52000000	3.613	-2.755	5.059	51000000
chr9	52000000	53000000	4.333	-3.489	4.861	52000000
chr9	53000000	54000000	3.561	-2.459	5.859	53000000
chr9	54000000	55000000	3.454	-1.487	5.558	54000000
chr9	55000000	56000000	3.535	-0.619	5.276	55000000
chr9	56000000	57000000	4.618	-0.256	5.467	56000000
chr9	57000000	58000000	4.906	-0.055	4.927	57000000
chr9	58000000	59000000	3.885	-0.449	3.787	58000000
chr9	59000000	60000000	3.705	1.081	3.674	59000000
chr9	60000000	61000000	3.163	1.584	3.323	60000000
chr9	61000000	62000000	3.83	0.597	3.282	61000000
chr9	62000000	63000000	4.352	-0.361	3.07	62000000
chr9	63000000	64000000	4.29	-0.975	2.384	63000000
chr9	64000000	65000000	4.106	-1.771	1.912	64000000
chr9	65000000	66000000	4.312	-2.348	2.144	65000000
chr9	66000000	67000000	3.574	-2.568	2.132	66000000
chr9	67000000	68000000	2.734	-2.696	2.9	67000000
chr9	68000000	69000000	3.407	-2.365	3.464	68000000
chr9	69000000	70000000	4.27	-1.964	3.782	69000000
chr9	70000000	71000000	3.976	-2.074	3.97	70000000
chr9	71000000	72000000	3.685	-1.94	4.01	71000000
chr9	72000000	73000000	4.016	-1.579	3.849	72000000
chr9	73000000	74000000	3.914	-2.841	4.147	73000000
chr9	74000000	75000000	4.779	-3.503	4.325	74000000
chr9	75000000	76000000	4.33	-4.142	4.332	75000000
chr9	76000000	77000000	3.528	-3.563	5.126	76000000
chr9	77000000	78000000	4.45	-3.217	5.122	77000000
chr9	78000000	79000000	4.649	-2.301	5.081	78000000
chr9	79000000	80000000	4.583	-1.514	4.729	79000000
chr9	80000000	81000000	5.715	-2.18	4.948	80000000
chr9	81000000	82000000	5.546	-1.477	5.726	81000000
chr9	82000000	83000000	5.409	-1.532	5.249	82000000
chr9	83000000	84000000	5.297	-1.345	6.005	83000000
chr9	84000000	85000000	5.336	-1.958	5.434	84000000
chr9	85000000	86000000	5.792	-1.732	4.694	85000000
chr9	86000000	87000000	5.311	-1.906	4.984	86000000
chr9	87000000	88000000	4.961	-1.702	4.271	87000000
chr9	88000000	89000000	4.653	-1.717	3.35	88000000
chr9	89000000	90000000	4.62	-2.443	3.459	89000000
chr9	90000000	91000000	5.474	-2.71	4.206	90000000
chr9	91000000	92000000	5.76	-2.524	3.808	91000000
chr9	92000000	93000000	6.243	-3.165	3.743	92000000
chr9	93000000	94000000	6.458	-3.654	3.135	93000000
chr9	94000000	95000000	6.669	-3.331	2.779	94000000
chr9	95000000	96000000	6.787	-2.334	2.684	95000000
chr9	96000000	97000000	6.163	-2.481	2.851	96000000
chr9	97000000	98000000	4.856	-3.2	2.031	97000000
chr9	98000000	99000000	5.501	-3.639	2.356	98000000
chr9	99000000	100000000	5.283	-4.204	2.764	99000000
chr9	100000000	101000000	5.153	-3.561	3.355	100000000
chr9	101000000	102000000	4.568	-3.557	3.711	101000000
chr9	102000000	103000000	4.563	-3.863	2.978	102000000
chr9	103000000	104000000	4.288	-4.097	2.529	103000000
chr9	104000000	105000000	4.125	-3.331	2.265	104000000
chr9	105000000	106000000	5.245	-3.711	1.637	105000000
chr9	106000000	107000000	5.795	-3.164	1.892	106000000
chr9	107000000	108000000	5.218	-2.041	2.6	107000000
chr9	108000000	109000000	4.733	-1.414	3.444	108000000
chr9	109000000	110000000	3.513	-0.902	3.121	109000000
chr9	110000000	111000000	3.636	-1.805	3.206	110000000
chr9	111000000	112000000	3.811	-2.944	2.933	111000000
chr9	112000000	113000000	4.26	-4.276	3.569	112000000
chr9	113000000	114000000	5.039	-4.365	3.212	113000000
chr9	114000000	115000000	4.982	-3.318	3.061	114000000
chr9	115000000	116000000	4.994	-1.64	2.633	115000000
chr9	116000000	117000000	5.599	-1.903	2.176	116000000
chr9	117000000	118000000	5.844	-2.57	2.067	117000000
chr9	118000000	119000000	6.186	-3.618	1.819	118000000
chr9	119000000	120000000	5.166	-3.832	1.02	119000000
chr9	120000000	121000000	4.245	-3.513	1.073	120000000
chr9	121000000	122000000	4.17	-3.737	1.462	121000000
chr9	122000000	123000000	3.93	-4.821	1.807	122000000
chr9	123000000	124000000	3.735	-4.889	2.738	123000000
chr9	124000000	125000000	4.146	-5.344	2.643	124000000
