chr19	3000000	4000000	-1.754	-6.045	5.444	3000000
chr19	4000000	5000000	-0.475	-5.205	4.641	4000000
chr19	5000000	6000000	0.333	-4.764	4.998	5000000
chr19	6000000	7000000	1.015	-3.695	5.67	6000000
chr19	7000000	8000000	0.612	-4.621	4.849	7000000
chr19	8000000	9000000	-0.23	-5.242	5.315	8000000
chr19	9000000	10000000	-0.262	-6.451	5.126	9000000
chr19	10000000	11000000	-0.125	-6.542	3.641	10000000
chr19	11000000	12000000	0.927	-5.398	4.125	11000000
chr19	12000000	13000000	1.332	-5.281	3.723	12000000
chr19	13000000	14000000	1.417	-5.225	2.817	13000000
chr19	14000000	15000000	1.432	-4.906	2.51	14000000
chr19	15000000	16000000	0.666	-5.932	2.955	15000000
chr19	16000000	17000000	0.461	-5.479	2.871	16000000
chr19	17000000	18000000	-0.335	-5.01	3.366	17000000
chr19	18000000	19000000	-0.277	-5.263	3.562	18000000
chr19	19000000	20000000	-0.095	-6.186	3.228	19000000
chr19	20000000	21000000	0.598	-6.461	3.425	20000000
chr19	21000000	22000000	1.142	-6.875	4.169	21000000
chr19	22000000	23000000	1.706	-6.96	4.95	22000000
chr19	23000000	24000000	1.725	-6.672	3.775	23000000
chr19	24000000	25000000	1.18	-4.597	1.483	24000000
chr19	25000000	26000000	0.83	-4.703	1.136	25000000
chr19	26000000	27000000	0.011	-4.942	0.613	26000000
chr19	27000000	28000000	0.147	-4.059	0.098	27000000
chr19	28000000	29000000	0.12	-3.662	0.553	28000000
chr19	29000000	30000000	-0.149	-4.551	1.055	29000000
chr19	30000000	31000000	-0.162	-4.71	1.786	30000000
chr19	31000000	32000000	-0.275	-4.872	2.796	31000000
chr19	32000000	33000000	-1.345	-4.876	2.61	32000000
chr19	33000000	34000000	-1.231	-4.38	2.163	33000000
chr19	34000000	35000000	-1.006	-4.951	2.594	34000000
chr19	35000000	36000000	-0.426	-5.136	2.136	35000000
chr19	36000000	37000000	-0.367	-5.896	1.984	36000000
chr19	37000000	38000000	-0.176	-5.778	1.929	37000000
chr19	38000000	39000000	0.188	-6.08	2.213	38000000
chr19	39000000	40000000	-0.615	-6.059	3.807	39000000
chr19	40000000	41000000	-0.349	-6.648	3.921	40000000
chr19	41000000	42000000	-0.009	-6.117	4.674	41000000
chr19	42000000	43000000	0.659	-4.851	3.01	42000000
chr19	43000000	44000000	0.345	-3.569	2.753	43000000
chr19	44000000	45000000	-0.077	-3.023	2.376	44000000
chr19	45000000	46000000	-0.87	-3.07	2.716	45000000
chr19	46000000	47000000	-0.558	-3.708	2.858	46000000
chr19	47000000	48000000	0.016	-3.423	1.817	47000000
chr19	48000000	49000000	-0.657	-5.686	1.205	48000000
chr19	49000000	50000000	-0.903	-6.114	1.357	49000000
chr19	50000000	51000000	-0.484	-5.753	2.484	50000000
chr19	51000000	52000000	-1.093	-4.874	3.287	51000000
chr19	52000000	53000000	-1.793	-4.948	4.358	52000000
chr19	53000000	54000000	-0.901	-4.266	4.015	53000000
chr19	54000000	55000000	-0.435	-4.762	4.207	54000000
chr19	55000000	56000000	-0.023	-6.182	5.819	55000000
chr19	56000000	57000000	0.733	-6.174	5.897	56000000
chr19	57000000	58000000	1.178	-6.509	5.692	57000000
chr19	58000000	59000000	1.205	-5.917	4.617	58000000
chr19	59000000	60000000	1.294	-6.246	4.57	59000000
chr19	60000000	61000000	1.026	-5.713	4.729	60000000
chr19	61000000	62000000	1.306	-5.962	3.628	61000000
