chrX	4000000	4400000	-7.33	12.593	11.9	4000000
chrX	4400000	4800000	-6.699	12.372	10.951	4400000
chrX	4800000	5200000	-6.319	11.631	10.12	4800000
chrX	5200000	5600000	-6.405	11.047	8.93	5200000
chrX	5600000	6000000	-6.496	10.162	8.099	5600000
chrX	6000000	6400000	-6.982	9.401	7.199	6000000
chrX	6400000	6800000	-6.731	8.882	6.446	6400000
chrX	6800000	7200000	-6.795	9.017	5.392	6800000
chrX	7200000	7600000	-6.244	8.974	4.754	7200000
chrX	7600000	8000000	-5.309	8.811	4.084	7600000
chrX	8000000	8400000	-5.044	8.121	2.841	8000000
chrX	8400000	8800000	-4.564	8.693	2.041	8400000
chrX	8800000	9200000	-3.538	10.001	1.789	8800000
chrX	9200000	9600000	-3.323	9.252	1.217	9200000
chrX	9600000	10000000	-2.021	9.326	1.726	9600000
chrX	10000000	10400000	-1.516	10.124	2.185	10000000
chrX	10400000	10800000	-2.036	10.055	3.513	10400000
chrX	10800000	11200000	-2.394	9.425	3.505	10800000
chrX	11200000	11600000	-1.956	8.02	2.977	11200000
chrX	11600000	12000000	-2.146	7.724	2.612	11600000
chrX	12000000	12400000	-1.969	8.035	1.748	12000000
chrX	12400000	12800000	-2.936	7.54	1.498	12400000
chrX	12800000	13200000	-2.983	7.351	0.884	12800000
chrX	13200000	13600000	-3.231	7.748	0.454	13200000
chrX	13600000	14000000	-3.246	8.769	0.259	13600000
chrX	14000000	14400000	-3.307	10.513	0.392	14000000
chrX	14400000	14800000	-3.408	11.404	0.538	14400000
chrX	14800000	15200000	-3.498	11.92	0.437	14800000
chrX	15200000	15600000	-3.672	13.163	0.757	15200000
chrX	15600000	16000000	-3.763	12.481	0.334	15600000
chrX	16000000	16400000	-4.301	11.801	-0.094	16000000
chrX	16400000	16800000	-4.859	10.464	0.138	16400000
chrX	16800000	17200000	-5.228	11.446	0.806	16800000
chrX	17200000	17600000	-5.238	12.997	1.12	17200000
chrX	17600000	18000000	-5.145	12.936	0.938	17600000
chrX	18000000	18400000	-5.494	11.866	0.416	18000000
chrX	18400000	18800000	-5.854	11.045	0.941	18400000
chrX	18800000	19200000	-6.515	11.612	0.654	18800000
chrX	19200000	19600000	-6.589	11.694	0.768	19200000
chrX	19600000	20000000	-6.834	12.356	0.469	19600000
chrX	20000000	20400000	-6.934	12.179	1.365	20000000
chrX	20400000	20800000	-6.527	11.044	0.621	20400000
chrX	20800000	21200000	-6.783	9.771	-0.022	20800000
chrX	21200000	21600000	-7.793	8.736	0.167	21200000
chrX	21600000	22000000	-8.031	8.046	1.053	21600000
chrX	22000000	22400000	-8.761	8.897	1.854	22000000
chrX	22400000	22800000	-8.885	8.681	1.943	22400000
chrX	22800000	23200000	-9.222	9.782	1.954	22800000
chrX	23200000	23600000	-9.814	8.662	2.265	23200000
chrX	23600000	24000000	-10.377	8.215	2.845	23600000
chrX	24000000	24400000	-10.181	7.899	3.27	24000000
chrX	24400000	24800000	-10.611	7.596	3.898	24400000
chrX	24800000	25200000	-11.15	8.161	4.787	24800000
chrX	25200000	25600000	-11.548	7.399	4.979	25200000
chrX	25600000	26000000	-11.575	6.755	4.365	25600000
chrX	26000000	26400000	-11.622	6.647	3.133	26000000
chrX	26400000	26800000	-12.381	7.155	3.096	26400000
chrX	26800000	27200000	-12.21	8.334	3.074	26800000
chrX	27200000	27600000	-11.31	9.155	3.402	27200000
chrX	27600000	28000000	-11.527	9.858	3.98	27600000
chrX	28000000	28400000	-11.994	10.605	4.569	28000000
chrX	28400000	28800000	-12.294	11.614	4.989	28400000
chrX	28800000	29200000	-12.402	12.904	5.152	28800000
chrX	29200000	29600000	-12.004	13.951	5.195	29200000
chrX	29600000	30000000	-11.326	14.777	5.131	29600000
chrX	30000000	30400000	-10.284	15.085	4.679	30000000
chrX	30400000	30800000	-9.168	14.941	4.02	30400000
chrX	30800000	31200000	-8.245	14.389	3.543	30800000
chrX	31200000	31600000	-7.543	14.008	3.039	31200000
chrX	31600000	32000000	-7.075	13.17	2.581	31600000
chrX	32000000	32400000	-8.047	12.376	1.886	32000000
chrX	32400000	32800000	-8.834	12.237	2.602	32400000
chrX	32800000	33200000	-9.076	12.537	3.483	32800000
chrX	33200000	33600000	-9.737	13.048	4.414	33200000
chrX	33600000	34000000	-9.745	13.006	5.43	33600000
chrX	34000000	34400000	-10.026	12.429	6.351	34000000
chrX	34400000	34800000	-9.726	11.658	7.139	34400000
chrX	34800000	35200000	-9.076	10.772	7.406	34800000
chrX	35200000	35600000	-8.629	9.875	7.121	35200000
chrX	35600000	36000000	-8.581	8.94	6.364	35600000
chrX	36000000	36400000	-8.376	8.165	5.888	36000000
chrX	36400000	36800000	-8.159	7.853	5.109	36400000
chrX	36800000	37200000	-7.613	8.294	4.931	36800000
chrX	37200000	37600000	-6.971	7.353	4.673	37200000
chrX	37600000	38000000	-6.748	7.317	5.061	37600000
chrX	38000000	38400000	-6.675	7.235	5.09	38000000
chrX	38400000	38800000	-5.867	7.894	5.601	38400000
chrX	38800000	39200000	-5.296	6.803	5.448	38800000
chrX	39200000	39600000	-4.643	7.334	6.881	39200000
chrX	39600000	40000000	-4.144	7.511	7.79	39600000
chrX	40000000	40400000	-4.381	7.773	8.513	40000000
chrX	40400000	40800000	-5.716	8.272	8.501	40400000
chrX	40800000	41200000	-6.497	8.244	7.815	40800000
chrX	41200000	41600000	-6.042	8.224	6.87	41200000
chrX	41600000	42000000	-6.059	7.692	7.834	41600000
chrX	42000000	42400000	-5.886	6.851	7.31	42000000
chrX	42400000	42800000	-6.12	5.88	6.417	42400000
chrX	42800000	43200000	-6.901	6.951	6.797	42800000
chrX	43200000	43600000	-7.274	6.835	6.725	43200000
chrX	43600000	44000000	-7.583	6.12	7.181	43600000
chrX	44000000	44400000	-7.486	6.119	7.537	44000000
chrX	44400000	44800000	-7.782	6.238	8.219	44400000
chrX	44800000	45200000	-8.246	6.914	7.804	44800000
chrX	45200000	45600000	-9.165	6.968	6.934	45200000
chrX	45600000	46000000	-8.714	5.954	6.255	45600000
chrX	46000000	46400000	-8.298	4.894	6.799	46000000
chrX	46400000	46800000	-9.304	5.041	7.246	46400000
chrX	46800000	47200000	-9.406	5.675	6.327	46800000
chrX	47200000	47600000	-8.545	6.236	5.646	47200000
chrX	47600000	48000000	-7.806	5.663	6.234	47600000
chrX	48000000	48400000	-6.935	5.673	5.604	48000000
chrX	48400000	48800000	-6.668	5.433	4.946	48400000
chrX	48800000	49200000	-6.968	5.049	4.236	48800000
chrX	49200000	49600000	-7.453	4.932	5.049	49200000
chrX	49600000	50000000	-7.876	5.028	4.356	49600000
chrX	50000000	50400000	-8.612	5.255	3.278	50000000
chrX	50400000	50800000	-8.985	5.418	4.186	50400000
chrX	50800000	51200000	-9.927	5.88	4.269	50800000
chrX	51200000	51600000	-9.778	6.256	3.837	51200000
chrX	51600000	52000000	-9.339	6.523	3.576	51600000
chrX	52000000	52400000	-8.838	6.494	3.367	52000000
chrX	52400000	52800000	-8.693	6.524	4.665	52400000
chrX	52800000	53200000	-7.992	5.888	5.07	52800000
chrX	53200000	53600000	-7.527	6.372	4.04	53200000
chrX	53600000	54000000	-7.923	7.066	3.388	53600000
chrX	54000000	54400000	-7.889	6.911	3.674	54000000
chrX	54400000	54800000	-8.749	7.398	4.616	54400000
chrX	54800000	55200000	-9.727	7.843	4.859	54800000
chrX	55200000	55600000	-9.474	8.731	4.169	55200000
chrX	55600000	56000000	-8.944	9.113	3.627	55600000
chrX	56000000	56400000	-8.623	8.336	2.861	56000000
chrX	56400000	56800000	-8.407	8.465	3.388	56400000
chrX	56800000	57200000	-7.824	8.834	4.204	56800000
chrX	57200000	57600000	-7.09	8.375	3.701	57200000
chrX	57600000	58000000	-7.138	9.463	3.392	57600000
chrX	58000000	58400000	-7.134	9.377	3.044	58000000
chrX	58400000	58800000	-5.815	9.282	3.366	58400000
chrX	58800000	59200000	-6.235	10.006	3.723	58800000
chrX	59200000	59600000	-5.533	10.667	4.572	59200000
chrX	59600000	60000000	-4.877	9.364	5.215	59600000
chrX	60000000	60400000	-5.033	9.894	4.824	60000000
chrX	60400000	60800000	-4.662	10.072	4.687	60400000
chrX	60800000	61200000	-4.335	10.925	5.158	60800000
chrX	61200000	61600000	-3.902	9.862	4.602	61200000
chrX	61600000	62000000	-3.123	9.791	5.67	61600000
chrX	62000000	62400000	-3.712	10.148	5.764	62000000
chrX	62400000	62800000	-3.649	11.431	6.082	62400000
chrX	62800000	63200000	-4.534	11.838	6.262	62800000
chrX	63200000	63600000	-5.744	11.897	5.795	63200000
chrX	63600000	64000000	-6.598	11.044	5.542	63600000
chrX	64000000	64400000	-6.397	10.143	5.461	64000000
chrX	64400000	64800000	-5.315	10.06	6.442	64400000
chrX	64800000	65200000	-5.571	10.507	7.333	64800000
chrX	65200000	65600000	-4.635	10.615	6.843	65200000
chrX	65600000	66000000	-4.359	9.944	7.647	65600000
chrX	66000000	66400000	-4.653	10.082	8.375	66000000
chrX	66400000	66800000	-4.475	9.345	8.884	66400000
chrX	66800000	67200000	-3.783	8.886	8.395	66800000
chrX	67200000	67600000	-4.192	8.093	8.048	67200000
chrX	67600000	68000000	-4.343	8.598	6.964	67600000
chrX	68000000	68400000	-3.871	9.046	6.945	68000000
chrX	68400000	68800000	-4.174	8.649	6.025	68400000
chrX	68800000	69200000	-4.339	8.002	5.59	68800000
chrX	69200000	69600000	-3.59	7.633	6.155	69200000
chrX	69600000	70000000	-3.056	7.716	7.383	69600000
chrX	70000000	70400000	-2.802	6.917	7.545	70000000
chrX	70400000	70800000	-1.632	7.014	7.581	70400000
chrX	70800000	71200000	-1.531	5.885	6.881	70800000
chrX	71200000	71600000	-2.821	5.728	6.426	71200000
chrX	71600000	72000000	-1.296	7.058	6.681	71600000
chrX	72000000	72400000	-2.407	8.125	6.085	72000000
chrX	72400000	72800000	-1.594	7.776	5.843	72400000
chrX	72800000	73200000	-2.132	8.263	6.329	72800000
chrX	73200000	73600000	-3.054	7.496	5.435	73200000
chrX	73600000	74000000	-3.841	6.831	4.694	73600000
chrX	74000000	74400000	-3.799	6.944	3.897	74000000
chrX	74400000	74800000	-4.532	7.246	3.765	74400000
chrX	74800000	75200000	-3.658	7.966	3.919	74800000
chrX	75200000	75600000	-3.284	8.588	4.479	75200000
chrX	75600000	76000000	-2.782	8.545	4.456	75600000
chrX	76000000	76400000	-2.09	8.799	3.11	76000000
chrX	76400000	76800000	-1.899	8.93	2.894	76400000
chrX	76800000	77200000	-2.519	9.187	1.936	76800000
chrX	77200000	77600000	-2.821	9.114	2.041	77200000
chrX	77600000	78000000	-3.495	9.821	1.393	77600000
chrX	78000000	78400000	-4.092	9.387	1.703	78000000
chrX	78400000	78800000	-3.854	9.555	2.97	78400000
chrX	78800000	79200000	-3.323	9.901	2.603	78800000
chrX	79200000	79600000	-2.909	10.825	2.257	79200000
chrX	79600000	80000000	-2.915	11.015	2.244	79600000
chrX	80000000	80400000	-4.004	11.177	1.992	80000000
chrX	80400000	80800000	-4.281	11.359	1.841	80400000
chrX	80800000	81200000	-4.752	11.466	1.848	80800000
chrX	81200000	81600000	-4.916	10.475	1.1	81200000
chrX	81600000	82000000	-4.991	10.943	1.66	81600000
chrX	82000000	82400000	-4.318	11.446	2.281	82000000
chrX	82400000	82800000	-3.5	12.195	1.805	82400000
chrX	82800000	83200000	-3.604	12.226	2.236	82800000
chrX	83200000	83600000	-3.748	12.91	2.241	83200000
chrX	83600000	84000000	-3.46	12.702	3.129	83600000
chrX	84000000	84400000	-3.461	11.496	3.694	84000000
chrX	84400000	84800000	-3.869	10.594	3.351	84400000
chrX	84800000	85200000	-3.874	9.923	3.398	84800000
chrX	85200000	85600000	-4.69	9.609	3.41	85200000
chrX	85600000	86000000	-5.061	9.955	2.778	85600000
chrX	86000000	86400000	-5.795	10.547	2.243	86000000
chrX	86400000	86800000	-7.359	10.808	2.695	86400000
chrX	86800000	87200000	-6.693	11.634	3.404	86800000
chrX	87200000	87600000	-6.256	12.658	2.864	87200000
chrX	87600000	88000000	-6.004	12.351	2.132	87600000
chrX	88000000	88400000	-6.065	12.165	2.273	88000000
chrX	88400000	88800000	-6.198	10.931	2.472	88400000
chrX	88800000	89200000	-5.463	10.471	2.58	88800000
chrX	89200000	89600000	-5.814	10.832	3.917	89200000
chrX	89600000	90000000	-4.682	11.48	3.557	89600000
chrX	90000000	90400000	-5.048	11.709	3.476	90000000
chrX	90400000	90800000	-5.159	11.849	3.532	90400000
chrX	90800000	91200000	-4.326	12.359	3.873	90800000
chrX	91200000	91600000	-3.433	12.547	4.258	91200000
chrX	91600000	92000000	-2.568	11.041	4.434	91600000
chrX	92000000	92400000	-2.327	10.276	4.132	92000000
chrX	92400000	92800000	-3.286	10.031	4.381	92400000
chrX	92800000	93200000	-3.566	8.701	4.536	92800000
chrX	93200000	93600000	-3.625	8.402	3.797	93200000
chrX	93600000	94000000	-3.467	8.547	2.997	93600000
chrX	94000000	94400000	-3.654	8.284	2.325	94000000
chrX	94400000	94800000	-3.451	8.471	1.027	94400000
chrX	94800000	95200000	-3.107	9.113	-0.26	94800000
chrX	95200000	95600000	-2.928	9.016	0.121	95200000
chrX	95600000	96000000	-2.147	9.813	0.98	95600000
chrX	96000000	96400000	-2.467	10.841	0.7	96000000
chrX	96400000	96800000	-1.884	11.334	0.056	96400000
chrX	96800000	97200000	-1.175	10.879	0.037	96800000
chrX	97200000	97600000	-1.528	11.977	0.177	97200000
chrX	97600000	98000000	-2.456	12.546	-0.66	97600000
chrX	98000000	98400000	-1.853	13.288	-1.166	98000000
chrX	98400000	98800000	-1.526	12.584	-1.302	98400000
chrX	98800000	99200000	-1.908	11.491	-0.665	98800000
chrX	99200000	99600000	-2.331	10.704	-0.916	99200000
chrX	99600000	100000000	-2.208	9.073	-1.616	99600000
chrX	100000000	100400000	-2.295	9.505	-0.804	100000000
chrX	100400000	100800000	-2.405	8.213	-0.996	100400000
chrX	100800000	101200000	-2.027	8.226	-1.872	100800000
chrX	101200000	101600000	-1.962	7.362	-1.79	101200000
chrX	101600000	102000000	-1.424	6.664	-1.538	101600000
chrX	102000000	102400000	-0.817	6.304	-1.299	102000000
chrX	102400000	102800000	-0.552	6.963	-1.323	102400000
chrX	102800000	103200000	-0.4	6.753	-1.249	102800000
chrX	103200000	103600000	0.343	5.913	-1.116	103200000
chrX	103600000	104000000	0.683	6.022	-0.864	103600000
chrX	104000000	104400000	0.309	6.838	-0.668	104000000
chrX	104400000	104800000	0.391	7.182	0.089	104400000
chrX	104800000	105200000	-1.438	8.293	-0.865	104800000
chrX	105200000	105600000	-1.14	9.864	-1.214	105200000
chrX	105600000	106000000	-0.759	10.604	-1.599	105600000
chrX	106000000	106400000	-0.566	9.845	-2.611	106000000
chrX	106400000	106800000	-0.243	9.386	-1.51	106400000
chrX	106800000	107200000	0.64	8.708	-1.155	106800000
chrX	107200000	107600000	1.259	7.504	-1.074	107200000
chrX	107600000	108000000	1.217	6.165	-0.681	107600000
chrX	108000000	108400000	1.807	6.41	-0.013	108000000
chrX	108400000	108800000	1.734	6.105	0.591	108400000
chrX	108800000	109200000	1.355	4.788	0.78	108800000
chrX	109200000	109600000	0.465	5.32	0.547	109200000
chrX	109600000	110000000	0.783	4.431	2.038	109600000
chrX	110000000	110400000	-0.272	5.141	3.848	110000000
chrX	110400000	110800000	0.327	4.542	4.013	110400000
chrX	110800000	111200000	0.592	4.615	4.444	110800000
chrX	111200000	111600000	0.278	5.514	4.866	111200000
chrX	111600000	112000000	0.701	5.86	5.417	111600000
chrX	112000000	112400000	1.217	5.343	5.335	112000000
chrX	112400000	112800000	1.729	4.942	4.218	112400000
chrX	112800000	113200000	2.522	4.772	3.558	112800000
chrX	113200000	113600000	2.342	4.273	4.602	113200000
chrX	113600000	114000000	2.615	4.98	5.452	113600000
chrX	114000000	114400000	2.42	4.98	5.969	114000000
chrX	114400000	114800000	2.712	6.059	5.353	114400000
chrX	114800000	115200000	2.045	6.571	4.681	114800000
chrX	115200000	115600000	1.284	6.697	3.742	115200000
chrX	115600000	116000000	1.516	6.782	4.402	115600000
chrX	116000000	116400000	0.917	6.569	4.441	116000000
chrX	116400000	116800000	-0.352	6.396	4.084	116400000
chrX	116800000	117200000	-0.461	6.768	4.056	116800000
chrX	117200000	117600000	-0.786	6.587	3.269	117200000
chrX	117600000	118000000	-0.589	7.408	4.337	117600000
chrX	118000000	118400000	-1.326	8.115	4.727	118000000
chrX	118400000	118800000	-0.749	8.813	5.201	118400000
chrX	118800000	119200000	-0.36	9.684	4.844	118800000
chrX	119200000	119600000	-1.229	9.397	4.292	119200000
chrX	119600000	120000000	-1.764	9.49	4.984	119600000
chrX	120000000	120400000	-1.693	8.724	4.56	120000000
chrX	120400000	120800000	-0.673	8.155	4.645	120400000
chrX	120800000	121200000	0.529	8.591	4.295	120800000
chrX	121200000	121600000	0.488	7.913	3.155	121200000
chrX	121600000	122000000	0.055	7.809	3.447	121600000
chrX	122000000	122400000	0.391	8.309	3.408	122000000
chrX	122400000	122800000	-0.916	8.514	2.644	122400000
chrX	122800000	123200000	-0.409	9.229	3.042	122800000
chrX	123200000	123600000	-0.733	8.646	2.455	123200000
chrX	123600000	124000000	0.103	9.814	2.897	123600000
chrX	124000000	124400000	-0.042	10.88	3.959	124000000
chrX	124400000	124800000	-0.316	11.198	3.046	124400000
chrX	124800000	125200000	-0.066	12.246	2.962	124800000
chrX	125200000	125600000	-0.876	12.912	2.621	125200000
chrX	125600000	126000000	-1.802	13.37	2.293	125600000
chrX	126000000	126400000	-2.223	13.108	1.288	126000000
chrX	126400000	126800000	-2.074	12.168	1.539	126400000
chrX	126800000	127200000	-1.025	12.031	0.912	126800000
chrX	127200000	127600000	-0.941	11.37	1.134	127200000
chrX	127600000	128000000	-1.308	10.3	1.634	127600000
chrX	128000000	128400000	-1.928	11.109	2.421	128000000
chrX	128400000	128800000	-2.74	11.685	3.309	128400000
chrX	128800000	129200000	-2.102	12.0	3.603	128800000
chrX	129200000	129600000	-1.43	11.641	2.969	129200000
chrX	129600000	130000000	-0.209	10.05	0.962	129600000
chrX	130000000	130400000	-1.042	9.052	0.523	130000000
chrX	130400000	130800000	-0.344	9.287	-0.757	130400000
chrX	130800000	131200000	-0.704	8.196	-0.68	130800000
chrX	131200000	131600000	-0.794	8.813	-1.364	131200000
chrX	131600000	132000000	-0.422	9.513	-2.206	131600000
chrX	132000000	132400000	-1.786	10.265	-2.684	132000000
chrX	132400000	132800000	-2.215	9.754	-2.298	132400000
chrX	132800000	133200000	-2.478	11.262	-1.967	132800000
chrX	133200000	133600000	-2.39	11.497	-2.164	133200000
chrX	133600000	134000000	-1.675	10.676	-1.692	133600000
chrX	134000000	134400000	-0.961	11.031	-1.348	134000000
chrX	134400000	134800000	-1.944	10.251	-1.386	134400000
chrX	134800000	135200000	-1.632	9.238	-0.691	134800000
chrX	135200000	135600000	-1.651	8.228	-0.177	135200000
chrX	135600000	136000000	-1.496	9.496	-0.169	135600000
chrX	136000000	136400000	-1.218	8.268	0.131	136000000
chrX	136400000	136800000	-0.996	7.198	0.372	136400000
chrX	136800000	137200000	0.289	6.443	0.939	136800000
chrX	137200000	137600000	-0.048	6.872	0.424	137200000
chrX	137600000	138000000	0.798	7.821	-0.195	137600000
chrX	138000000	138400000	-0.047	8.426	-0.083	138000000
chrX	138400000	138800000	0.448	10.192	-0.189	138400000
chrX	138800000	139200000	-0.305	10.486	0.452	138800000
chrX	139200000	139600000	-0.213	9.247	0.958	139200000
chrX	139600000	140000000	-1.544	8.577	1.051	139600000
chrX	140000000	140400000	-2.653	7.816	1.236	140000000
chrX	140400000	140800000	-3.029	7.321	2.195	140400000
chrX	140800000	141200000	-1.83	6.797	2.196	140800000
chrX	141200000	141600000	-1.754	6.976	3.626	141200000
chrX	141600000	142000000	-1.321	6.296	4.893	141600000
chrX	142000000	142400000	-0.746	5.959	5.541	142000000
chrX	142400000	142800000	-1.407	5.083	4.826	142400000
chrX	142800000	143200000	-1.526	4.067	4.745	142800000
chrX	143200000	143600000	-0.641	3.827	5.516	143200000
chrX	143600000	144000000	-0.276	4.707	6.126	143600000
chrX	144000000	144400000	-0.891	4.654	4.978	144000000
chrX	144400000	144800000	-2.065	4.541	4.446	144400000
chrX	144800000	145200000	-1.206	5.41	4.831	144800000
chrX	145200000	145600000	-1.418	5.86	5.515	145200000
chrX	145600000	146000000	-2.417	6.756	5.307	145600000
chrX	146000000	146400000	-2.367	6.686	5.404	146000000
chrX	146400000	146800000	-2.243	6.736	4.745	146400000
chrX	146800000	147200000	-1.561	7.44	3.861	146800000
chrX	147200000	147600000	-1.398	6.438	3.082	147200000
chrX	147600000	148000000	-1.403	6.284	2.582	147600000
chrX	148000000	148400000	-0.157	7.227	5.282	148000000
chrX	148400000	148800000	0.364	7.471	5.949	148400000
chrX	148800000	149200000	1.104	8.385	5.318	148800000
chrX	149200000	149600000	1.462	9.112	4.142	149200000
chrX	149600000	150000000	1.776	9.314	3.124	149600000
chrX	150000000	150400000	1.511	9.606	1.925	150000000
chrX	150400000	150800000	1.625	9.554	1.242	150400000
chrX	150800000	151200000	1.265	8.411	0.537	150800000
chrX	151200000	151600000	-0.961	6.683	1.061	151200000
chrX	151600000	152000000	-1.263	6.542	1.392	151600000
chrX	152000000	152400000	-1.227	6.688	1.885	152000000
chrX	152400000	152800000	-2.145	6.659	1.104	152400000
chrX	152800000	153200000	-2.351	5.971	0.415	152800000
chrX	153200000	153600000	-2.159	6.55	0.098	153200000
chrX	153600000	154000000	-1.629	7.472	0.711	153600000
chrX	154000000	154400000	0.456	7.906	1.695	154000000
chrX	154400000	154800000	1.405	7.801	2.003	154400000
chrX	154800000	155200000	0.431	8.257	2.369	154800000
chrX	155200000	155600000	-0.329	7.761	2.068	155200000
chrX	155600000	156000000	0.285	6.175	2.382	155600000
chrX	156000000	156400000	0.519	6.175	2.549	156000000
chrX	156400000	156800000	1.537	6.719	2.969	156400000
chrX	156800000	157200000	1.36	7.062	2.616	156800000
chrX	157200000	157600000	1.478	7.239	1.669	157200000
chrX	157600000	158000000	0.62	7.367	0.931	157600000
chrX	158000000	158400000	0.391	8.57	0.713	158000000
chrX	158400000	158800000	-0.381	8.606	1.765	158400000
chrX	158800000	159200000	0.001	7.348	1.735	158800000
chrX	159200000	159600000	0.47	6.084	1.836	159200000
chrX	159600000	160000000	1.147	5.181	2.154	159600000
chrX	160000000	160400000	1.805	4.062	3.403	160000000
chrX	160400000	160800000	1.503	1.63	2.655	160400000
chrX	160800000	161200000	0.942	0.138	2.29	160800000
chrX	161200000	161600000	0.894	-0.502	2.666	161200000
chrX	161600000	162000000	0.359	-1.638	3.564	161600000
chrX	162000000	162400000	-0.885	-2.728	3.934	162000000
chrX	162400000	162800000	-0.727	-2.753	3.55	162400000
chrX	162800000	163200000	0.122	-2.124	3.071	162800000
chrX	163200000	163600000	0.097	-1.844	2.548	163200000
chrX	163600000	164000000	-0.318	-0.677	2.324	163600000
chrX	164000000	164400000	0.426	0.439	2.134	164000000
chrX	164400000	164800000	0.401	0.514	2.038	164400000
chrX	164800000	165200000	1.459	3.282	1.449	164800000
chrX	165200000	165600000	1.577	5.031	1.935	165200000
chrX	165600000	166000000	1.553	5.165	3.153	165600000
chrX	166000000	166400000	0.495	5.176	3.407	166000000
chrX	166400000	166800000	0.98	3.852	2.323	166400000
chrX	166800000	167200000	1.322	2.979	2.073	166800000
chrX	167200000	167600000	1.56	2.107	2.447	167200000
chrX	167600000	168000000	2.224	2.756	3.175	167600000
chrX	168000000	168400000	1.709	3.557	3.762	168000000
chrX	168400000	168800000	1.452	1.88	2.848	168400000
chrX	168800000	169200000	2.171	2.216	3.284	168800000
chrX	169200000	169600000	2.65	2.977	2.621	169200000
chrX	169600000	170000000	2.868	3.769	2.108	169600000
chrX	170000000	170400000	2.504	3.183	2.51	170000000
