chr19	3000000	4000000	2.834	1.553	-1.537	3000000
chr19	4000000	5000000	2.668	2.941	-1.419	4000000
chr19	5000000	6000000	0.431	4.375	-1.297	5000000
chr19	6000000	7000000	1.207	4.546	-0.569	6000000
chr19	7000000	8000000	2.569	4.133	0.091	7000000
chr19	8000000	9000000	5.05	1.928	0.326	8000000
chr19	9000000	10000000	4.564	1.679	-0.457	9000000
chr19	10000000	11000000	4.023	2.681	-0.98	10000000
chr19	11000000	12000000	3.645	2.708	-1.171	11000000
chr19	12000000	13000000	4.167	1.859	-0.652	12000000
chr19	13000000	14000000	4.468	1.02	-0.206	13000000
chr19	14000000	15000000	3.453	0.991	-0.754	14000000
chr19	15000000	16000000	3.141	2.23	-0.075	15000000
chr19	16000000	17000000	2.53	2.278	-0.223	16000000
chr19	17000000	18000000	5.025	0.672	1.083	17000000
chr19	18000000	19000000	5.397	0.298	0.523	18000000
chr19	19000000	20000000	5.051	0.175	-0.647	19000000
chr19	20000000	21000000	5.393	-0.653	-0.58	20000000
chr19	21000000	22000000	5.96	0.271	-0.157	21000000
chr19	22000000	23000000	5.986	1.066	-0.255	22000000
chr19	23000000	24000000	6.514	1.316	-0.283	23000000
chr19	24000000	25000000	6.922	1.708	-0.558	24000000
chr19	25000000	26000000	6.262	2.311	-1.005	25000000
chr19	26000000	27000000	5.457	2.225	-1.103	26000000
chr19	27000000	28000000	4.235	2.693	-0.945	27000000
chr19	28000000	29000000	4.335	3.787	-0.793	28000000
chr19	29000000	30000000	4.678	3.242	-1.684	29000000
chr19	30000000	31000000	3.473	3.431	-1.517	30000000
chr19	31000000	32000000	0.84	2.902	-2.296	31000000
chr19	32000000	33000000	0.283	1.072	-2.727	32000000
chr19	33000000	34000000	0.009	-0.48	-4.25	33000000
chr19	34000000	35000000	0.458	-1.879	-4.524	34000000
chr19	35000000	36000000	0.336	-3.123	-4.138	35000000
chr19	36000000	37000000	0.278	-2.887	-3.965	36000000
chr19	37000000	38000000	-0.169	-1.836	-3.909	37000000
chr19	38000000	39000000	-0.91	-0.941	-4.032	38000000
chr19	39000000	40000000	-1.369	-0.828	-3.605	39000000
chr19	40000000	41000000	-0.306	-0.319	-2.912	40000000
chr19	41000000	42000000	-0.188	-0.564	-3.878	41000000
chr19	42000000	43000000	-0.803	0.477	-4.196	42000000
chr19	43000000	44000000	-0.669	1.411	-3.658	43000000
chr19	44000000	45000000	0.465	2.999	-2.558	44000000
chr19	45000000	46000000	0.432	3.337	-3.254	45000000
chr19	46000000	47000000	0.16	2.495	-4.186	46000000
chr19	47000000	48000000	-1.77	2.583	-4.385	47000000
chr19	48000000	49000000	-0.688	1.369	-4.508	48000000
chr19	49000000	50000000	0.336	0.518	-4.635	49000000
chr19	50000000	51000000	0.971	-0.025	-4.627	50000000
chr19	51000000	52000000	1.587	0.341	-3.741	51000000
chr19	52000000	53000000	1.57	0.189	-3.052	52000000
chr19	53000000	54000000	1.517	-0.05	-3.407	53000000
chr19	54000000	55000000	0.897	0.381	-3.364	54000000
chr19	55000000	56000000	0.344	0.952	-3.308	55000000
chr19	56000000	57000000	-0.083	2.282	-2.724	56000000
chr19	57000000	58000000	-0.224	2.686	-3.399	57000000
chr19	58000000	59000000	-0.885	2.386	-3.884	58000000
chr19	59000000	60000000	-2.051	2.555	-3.697	59000000
chr19	60000000	61000000	-1.351	2.18	-2.827	60000000
chr19	61000000	62000000	-1.235	1.928	-3.436	61000000
