chr1	3000000	4000000	1.601	2.098	5.478	3000000
chr1	4000000	5000000	1.626	2.912	4.472	4000000
chr1	5000000	6000000	1.138	3.543	4.28	5000000
chr1	6000000	7000000	0.63	3.156	4.063	6000000
chr1	7000000	8000000	0.459	2.193	3.5	7000000
chr1	8000000	9000000	0.428	0.861	3.054	8000000
chr1	9000000	10000000	-0.611	0.781	2.582	9000000
chr1	10000000	11000000	-0.289	1.328	1.838	10000000
chr1	11000000	12000000	-0.475	2.191	2.007	11000000
chr1	12000000	13000000	-0.559	3.013	2.525	12000000
chr1	13000000	14000000	0.021	3.493	2.796	13000000
chr1	14000000	15000000	0.381	3.707	2.287	14000000
chr1	15000000	16000000	0.391	3.454	2.355	15000000
chr1	16000000	17000000	-0.179	3.124	1.673	16000000
chr1	17000000	18000000	-0.416	2.875	0.839	17000000
chr1	18000000	19000000	-1.235	2.906	1.383	18000000
chr1	19000000	20000000	-1.731	3.533	1.039	19000000
chr1	20000000	21000000	-1.915	3.401	0.716	20000000
chr1	21000000	22000000	-0.83	3.306	1.005	21000000
chr1	22000000	23000000	0.653	3.206	0.88	22000000
chr1	23000000	24000000	1.448	3.051	1.182	23000000
chr1	24000000	25000000	1.637	2.889	2.627	24000000
chr1	25000000	26000000	0.836	2.769	2.98	25000000
chr1	26000000	27000000	0.446	2.475	3.098	26000000
chr1	27000000	28000000	-0.406	2.471	3.413	27000000
chr1	28000000	29000000	-0.727	2.414	3.331	28000000
chr1	29000000	30000000	-1.035	3.022	3.697	29000000
chr1	30000000	31000000	-0.87	3.729	3.145	30000000
chr1	31000000	32000000	-1.676	3.846	3.066	31000000
chr1	32000000	33000000	-1.61	3.761	2.739	32000000
chr1	33000000	34000000	-1.73	3.652	2.322	33000000
chr1	34000000	35000000	-1.246	3.483	1.633	34000000
chr1	35000000	36000000	-1.222	4.141	0.309	35000000
chr1	36000000	37000000	-0.694	3.502	-0.598	36000000
chr1	37000000	38000000	-0.707	2.639	-0.531	37000000
chr1	38000000	39000000	-1.34	2.747	-0.609	38000000
chr1	39000000	40000000	-1.541	2.684	0.444	39000000
chr1	40000000	41000000	-1.631	1.864	0.66	40000000
chr1	41000000	42000000	-2.939	1.799	0.681	41000000
chr1	42000000	43000000	-3.562	1.612	0.325	42000000
chr1	43000000	44000000	-3.367	1.993	0.867	43000000
chr1	44000000	45000000	-2.839	1.737	0.102	44000000
chr1	45000000	46000000	-2.998	0.738	1.08	45000000
chr1	46000000	47000000	-2.635	0.557	0.926	46000000
chr1	47000000	48000000	-2.48	1.31	2.292	47000000
chr1	48000000	49000000	-2.199	2.702	2.878	48000000
chr1	49000000	50000000	-2.333	2.768	3.175	49000000
chr1	50000000	51000000	-2.385	2.765	2.433	50000000
chr1	51000000	52000000	-1.901	2.333	2.233	51000000
chr1	52000000	53000000	-2.037	1.722	2.287	52000000
chr1	53000000	54000000	-2.458	0.441	2.443	53000000
chr1	54000000	55000000	-2.943	-0.435	2.787	54000000
chr1	55000000	56000000	-2.818	-1.378	3.278	55000000
chr1	56000000	57000000	-3.202	-2.147	3.22	56000000
chr1	57000000	58000000	-3.131	-1.61	2.358	57000000
chr1	58000000	59000000	-2.208	-1.819	1.772	58000000
chr1	59000000	60000000	-1.535	-2.419	1.836	59000000
chr1	60000000	61000000	-1.08	-2.789	1.985	60000000
chr1	61000000	62000000	-1.439	-1.813	2.301	61000000
chr1	62000000	63000000	-1.597	-1.456	2.484	62000000
chr1	63000000	64000000	-1.897	-0.925	2.517	63000000
chr1	64000000	65000000	-1.914	-0.976	3.142	64000000
chr1	65000000	66000000	-2.678	-0.216	3.568	65000000
chr1	66000000	67000000	-3.369	0.412	3.188	66000000
chr1	67000000	68000000	-2.905	0.893	3.514	67000000
chr1	68000000	69000000	-3.117	1.462	2.443	68000000
chr1	69000000	70000000	-3.706	1.432	2.9	69000000
chr1	70000000	71000000	-3.723	0.985	2.483	70000000
chr1	71000000	72000000	-3.196	1.164	3.019	71000000
chr1	72000000	73000000	-1.873	0.828	3.087	72000000
chr1	73000000	74000000	-1.038	0.031	3.2	73000000
chr1	74000000	75000000	-0.284	-0.71	2.898	74000000
chr1	75000000	76000000	-0.394	-0.881	2.871	75000000
chr1	76000000	77000000	-0.741	-0.257	1.959	76000000
chr1	77000000	78000000	-1.633	0.286	1.825	77000000
chr1	78000000	79000000	-1.759	0.418	2.113	78000000
chr1	79000000	80000000	-2.047	1.094	1.36	79000000
chr1	80000000	81000000	-2.165	1.606	1.326	80000000
chr1	81000000	82000000	-2.244	2.245	1.325	81000000
chr1	82000000	83000000	-2.911	2.802	1.315	82000000
chr1	83000000	84000000	-2.86	3.558	0.983	83000000
chr1	84000000	85000000	-3.488	3.742	1.112	84000000
chr1	85000000	86000000	-3.08	3.863	1.714	85000000
chr1	86000000	87000000	-2.055	-0.014	2.279	86000000
chr1	87000000	88000000	-1.89	-1.3	1.892	87000000
chr1	88000000	89000000	-2.017	-2.62	2.054	88000000
chr1	89000000	90000000	-3.271	-2.82	2.263	89000000
chr1	90000000	91000000	-3.63	-2.335	1.918	90000000
chr1	91000000	92000000	-4.68	-1.749	2.193	91000000
chr1	92000000	93000000	-4.584	-1.762	3.014	92000000
chr1	93000000	94000000	-4.114	-1.506	3.688	93000000
chr1	94000000	95000000	-3.217	-0.9	5.147	94000000
chr1	95000000	96000000	-2.678	-0.551	6.329	95000000
chr1	96000000	97000000	-2.374	-0.127	6.879	96000000
chr1	97000000	98000000	-3.124	-0.766	6.375	97000000
chr1	98000000	99000000	-3.758	-0.133	5.779	98000000
chr1	99000000	100000000	-4.147	0.389	5.584	99000000
chr1	100000000	101000000	-4.256	0.773	5.071	100000000
chr1	101000000	102000000	-4.375	1.192	4.65	101000000
chr1	102000000	103000000	-4.321	0.847	4.193	102000000
chr1	103000000	104000000	-3.765	2.933	2.198	103000000
chr1	104000000	105000000	-3.78	2.657	2.107	104000000
chr1	105000000	106000000	-3.837	1.87	2.224	105000000
chr1	106000000	107000000	-3.751	2.069	3.088	106000000
chr1	107000000	108000000	-2.991	1.799	3.773	107000000
chr1	108000000	109000000	-2.606	1.269	4.211	108000000
chr1	109000000	110000000	-2.055	1.643	4.144	109000000
chr1	110000000	111000000	-1.504	2.314	4.934	110000000
chr1	111000000	112000000	-2.312	1.897	4.736	111000000
chr1	112000000	113000000	-2.324	1.855	4.991	112000000
chr1	113000000	114000000	-1.622	0.877	4.916	113000000
chr1	114000000	115000000	-0.978	1.11	4.568	114000000
chr1	115000000	116000000	-1.261	1.042	3.784	115000000
chr1	116000000	117000000	-1.102	0.516	3.684	116000000
chr1	117000000	118000000	-0.797	0.476	3.462	117000000
chr1	118000000	119000000	-0.673	-0.193	4.224	118000000
chr1	119000000	120000000	-1.496	-0.234	4.859	119000000
chr1	120000000	121000000	-2.077	-0.254	5.147	120000000
chr1	121000000	122000000	-2.901	0.179	6.142	121000000
chr1	122000000	123000000	-2.878	-0.36	7.137	122000000
chr1	123000000	124000000	-1.98	-0.152	6.866	123000000
chr1	124000000	125000000	-0.987	0.012	6.542	124000000
chr1	125000000	126000000	-0.874	-0.867	6.204	125000000
chr1	126000000	127000000	-1.031	-0.295	5.698	126000000
chr1	127000000	128000000	-1.425	0.769	5.656	127000000
chr1	128000000	129000000	-2.601	1.296	5.508	128000000
chr1	129000000	130000000	-3.436	2.38	4.707	129000000
chr1	130000000	131000000	-3.983	2.414	4.169	130000000
chr1	131000000	132000000	-4.524	2.817	4.521	131000000
chr1	132000000	133000000	-5.438	3.881	4.282	132000000
chr1	133000000	134000000	-5.439	4.621	4.737	133000000
chr1	134000000	135000000	-5.76	4.573	5.69	134000000
chr1	135000000	136000000	-5.011	4.589	5.035	135000000
chr1	136000000	137000000	-4.452	4.474	3.896	136000000
chr1	137000000	138000000	-4.431	3.506	3.732	137000000
chr1	138000000	139000000	-4.408	3.011	3.336	138000000
chr1	139000000	140000000	-3.415	2.272	4.743	139000000
chr1	140000000	141000000	-3.362	2.098	5.743	140000000
chr1	141000000	142000000	-4.064	2.601	6.248	141000000
chr1	142000000	143000000	-3.332	2.35	7.275	142000000
chr1	143000000	144000000	-3.458	1.994	7.533	143000000
chr1	144000000	145000000	-4.573	2.412	7.255	144000000
chr1	145000000	146000000	-4.677	1.558	8.141	145000000
chr1	146000000	147000000	-4.325	1.193	7.977	146000000
chr1	147000000	148000000	-3.913	0.63	8.101	147000000
chr1	148000000	149000000	-3.086	0.641	7.22	148000000
chr1	149000000	150000000	-2.555	0.887	7.708	149000000
chr1	150000000	151000000	-2.864	1.302	7.402	150000000
chr1	151000000	152000000	-2.612	1.671	6.574	151000000
chr1	152000000	153000000	-3.391	1.888	6.517	152000000
chr1	153000000	154000000	-4.093	2.212	5.957	153000000
chr1	154000000	155000000	-3.899	1.431	5.908	154000000
chr1	155000000	156000000	-4.156	0.587	6.582	155000000
chr1	156000000	157000000	-3.772	0.446	7.452	156000000
chr1	157000000	158000000	-4.326	-0.707	7.905	157000000
chr1	158000000	159000000	-4.025	-1.145	7.942	158000000
chr1	159000000	160000000	-3.565	-1.676	8.284	159000000
chr1	160000000	161000000	-3.22	-0.924	7.972	160000000
chr1	161000000	162000000	-4.126	-1.306	7.203	161000000
chr1	162000000	163000000	-4.229	-1.584	6.602	162000000
chr1	163000000	164000000	-4.948	-0.525	7.13	163000000
chr1	164000000	165000000	-5.723	-0.245	7.387	164000000
chr1	165000000	166000000	-5.065	-0.048	6.544	165000000
chr1	166000000	167000000	-4.402	-0.686	4.904	166000000
chr1	167000000	168000000	-3.582	-0.993	4.135	167000000
chr1	168000000	169000000	-3.901	-1.11	4.69	168000000
chr1	169000000	170000000	-4.479	-1.429	5.282	169000000
chr1	170000000	171000000	-4.254	-0.978	5.76	170000000
chr1	171000000	172000000	-4.26	-1.609	6.022	171000000
chr1	172000000	173000000	-5.723	-2.187	6.79	172000000
chr1	173000000	174000000	-6.872	-1.955	6.998	173000000
chr1	174000000	175000000	-6.582	-1.79	7.889	174000000
chr1	175000000	176000000	-5.592	-0.86	8.378	175000000
chr1	176000000	177000000	-4.813	-0.144	8.482	176000000
chr1	177000000	178000000	-5.386	-0.621	7.629	177000000
chr1	178000000	179000000	-5.894	-1.021	7.349	178000000
chr1	179000000	180000000	-6.286	-0.97	6.715	179000000
chr1	180000000	181000000	-6.079	-1.589	5.784	180000000
chr1	181000000	182000000	-5.181	-2.3	5.476	181000000
chr1	182000000	183000000	-4.439	-3.106	5.842	182000000
chr1	183000000	184000000	-3.849	-3.074	6.25	183000000
chr1	184000000	185000000	-4.259	-2.58	7.305	184000000
chr1	185000000	186000000	-3.628	-2.624	7.398	185000000
chr1	186000000	187000000	-2.605	-2.469	6.965	186000000
chr1	187000000	188000000	-1.789	-1.963	7.199	187000000
chr1	188000000	189000000	-0.729	-1.661	7.057	188000000
chr1	189000000	190000000	-0.696	-1.587	6.081	189000000
chr1	190000000	191000000	-1.005	-2.204	5.642	190000000
chr1	191000000	192000000	-2.079	-2.535	5.919	191000000
chr1	192000000	193000000	-2.613	-1.845	5.071	192000000
chr1	193000000	194000000	-3.305	-1.841	5.866	193000000
chr1	194000000	195000000	-3.213	-1.879	6.356	194000000
chr1	195000000	196000000	-2.932	-1.918	7.336	195000000
