chr19	3000000	4000000	-7.418	-3.691	-0.778	3000000
chr19	4000000	5000000	-5.973	-2.863	-2.55	4000000
chr19	5000000	6000000	-5.591	-2.661	-3.358	5000000
chr19	6000000	7000000	-5.343	-2.064	-3.284	6000000
chr19	7000000	8000000	-5.416	-2.768	-2.857	7000000
chr19	8000000	9000000	-5.836	-3.746	-2.682	8000000
chr19	9000000	10000000	-5.963	-4.493	-2.357	9000000
chr19	10000000	11000000	-6.325	-3.985	-2.137	10000000
chr19	11000000	12000000	-5.953	-3.269	-1.686	11000000
chr19	12000000	13000000	-6.962	-3.81	-2.148	12000000
chr19	13000000	14000000	-6.843	-3.986	-3.152	13000000
chr19	14000000	15000000	-7.036	-4.025	-3.761	14000000
chr19	15000000	16000000	-7.075	-3.275	-3.103	15000000
chr19	16000000	17000000	-7.709	-3.222	-2.918	16000000
chr19	17000000	18000000	-6.991	-2.97	-3.634	17000000
chr19	18000000	19000000	-7.349	-3.134	-4.215	18000000
chr19	19000000	20000000	-7.366	-2.582	-4.317	19000000
chr19	20000000	21000000	-6.979	-2.942	-4.738	20000000
chr19	21000000	22000000	-6.387	-3.494	-4.732	21000000
chr19	22000000	23000000	-5.829	-4.277	-4.339	22000000
chr19	23000000	24000000	-5.126	-4.626	-4.071	23000000
chr19	24000000	25000000	-4.468	-4.936	-3.441	24000000
chr19	25000000	26000000	-4.317	-5.371	-3.28	25000000
chr19	26000000	27000000	-4.847	-5.575	-4.027	26000000
chr19	27000000	28000000	-5.624	-5.413	-3.78	27000000
chr19	28000000	29000000	-5.804	-4.988	-3.539	28000000
chr19	29000000	30000000	-5.058	-4.184	-3.11	29000000
chr19	30000000	31000000	-4.396	-3.583	-3.032	30000000
chr19	31000000	32000000	-4.47	-3.61	-3.584	31000000
chr19	32000000	33000000	-4.793	-3.671	-3.802	32000000
chr19	33000000	34000000	-5.589	-3.779	-3.58	33000000
chr19	34000000	35000000	-6.126	-4.189	-3.815	34000000
chr19	35000000	36000000	-5.623	-3.296	-4.514	35000000
chr19	36000000	37000000	-5.135	-3.326	-5.23	36000000
chr19	37000000	38000000	-4.269	-3.034	-4.495	37000000
chr19	38000000	39000000	-3.964	-2.355	-4.176	38000000
chr19	39000000	40000000	-3.775	-3.351	-3.92	39000000
chr19	40000000	41000000	-4.277	-4.49	-4.503	40000000
chr19	41000000	42000000	-3.5	-4.898	-4.069	41000000
chr19	42000000	43000000	-3.19	-4.61	-4.076	42000000
chr19	43000000	44000000	-3.038	-4.116	-3.915	43000000
chr19	44000000	45000000	-3.133	-3.996	-3.394	44000000
chr19	45000000	46000000	-2.991	-3.729	-3.336	45000000
chr19	46000000	47000000	-1.859	-4.245	-2.751	46000000
chr19	47000000	48000000	-1.818	-5.062	-2.216	47000000
chr19	48000000	49000000	-2.984	-5.04	-3.392	48000000
chr19	49000000	50000000	-3.84	-5.539	-4.44	49000000
chr19	50000000	51000000	-3.578	-5.245	-4.464	50000000
chr19	51000000	52000000	-3.981	-4.871	-5.392	51000000
chr19	52000000	53000000	-4.386	-4.403	-5.362	52000000
chr19	53000000	54000000	-3.998	-4.285	-5.005	53000000
chr19	54000000	55000000	-3.592	-3.508	-5.108	54000000
chr19	55000000	56000000	-3.605	-3.019	-4.95	55000000
chr19	56000000	57000000	-3.037	-3.49	-4.758	56000000
chr19	57000000	58000000	-2.272	-4.492	-4.99	57000000
chr19	58000000	59000000	-2.182	-5.341	-5.156	58000000
chr19	59000000	60000000	-1.892	-5.617	-5.06	59000000
chr19	60000000	61000000	-2.026	-5.908	-4.525	60000000
chr19	61000000	62000000	-2.469	-5.497	-4.834	61000000
chr19.  62000000    63000000    -3.192  -4.901  -5.884  62000000