chrX	3200000	3600000	0.515	-12.905	-8.389	3200000
chrX	3600000	4000000	0.317	-13.449	-7.466	3600000
chrX	4000000	4400000	-0.199	-14.398	-7.255	4000000
chrX	4400000	4800000	-0.179	-15.268	-6.591	4400000
chrX	4800000	5200000	0.112	-15.695	-5.612	4800000
chrX	5200000	5600000	0.78	-15.647	-4.715	5200000
chrX	5600000	6000000	1.916	-15.506	-4.388	5600000
chrX	6000000	6400000	2.579	-15.242	-4.218	6000000
chrX	6400000	6800000	2.768	-14.291	-3.401	6400000
chrX	6800000	7200000	2.776	-13.914	-2.395	6800000
chrX	7200000	7600000	3.153	-14.931	-3.091	7200000
chrX	7600000	8000000	3.214	-14.625	-3.696	7600000
chrX	8000000	8400000	3.298	-13.392	-3.15	8000000
chrX	8400000	8800000	2.248	-13.876	-2.904	8400000
chrX	8800000	9200000	1.621	-14.825	-2.568	8800000
chrX	9200000	9600000	1.48	-15.56	-2.886	9200000
chrX	9600000	10000000	2.475	-16.338	-3.024	9600000
chrX	10000000	10400000	1.866	-17.247	-2.672	10000000
chrX	10400000	10800000	2.255	-16.259	-2.07	10400000
chrX	10800000	11200000	2.757	-15.519	-1.293	10800000
chrX	11200000	11600000	3.048	-15.426	-0.965	11200000
chrX	11600000	12000000	2.939	-14.151	-1.099	11600000
chrX	12000000	12400000	2.948	-14.299	-1.726	12000000
chrX	12400000	12800000	3.707	-14.424	-1.294	12400000
chrX	12800000	13200000	4.264	-13.43	-1.761	12800000
chrX	13200000	13600000	5.28	-13.291	-2.095	13200000
chrX	13600000	14000000	7.275	-14.373	-1.785	13600000
chrX	14000000	14400000	7.191	-14.542	-0.687	14000000
chrX	14400000	14800000	7.611	-14.443	-0.733	14400000
chrX	14800000	15200000	8.032	-13.428	-0.362	14800000
chrX	15200000	15600000	7.817	-12.483	-0.585	15200000
chrX	15600000	16000000	7.252	-13.418	-0.397	15600000
chrX	16000000	16400000	6.92	-12.812	-1.304	16000000
chrX	16400000	16800000	6.911	-13.473	-1.087	16400000
chrX	16800000	17200000	8.185	-13.451	-1.637	16800000
chrX	17200000	17600000	8.848	-14.158	-2.149	17200000
chrX	17600000	18000000	9.554	-14.435	-2.228	17600000
chrX	18000000	18400000	9.837	-14.706	-1.339	18000000
chrX	18400000	18800000	10.424	-14.948	-0.669	18400000
chrX	18800000	19200000	9.563	-15.224	-0.683	18800000
chrX	19200000	19600000	9.521	-14.512	-0.207	19200000
chrX	19600000	20000000	8.815	-14.785	0.592	19600000
chrX	20000000	20400000	8.689	-15.404	-0.026	20000000
chrX	20400000	20800000	8.214	-15.375	-1.481	20400000
chrX	20800000	21200000	8.269	-15.076	-2.448	20800000
chrX	21200000	21600000	8.226	-15.751	-3.607	21200000
chrX	21600000	22000000	8.678	-15.029	-4.183	21600000
chrX	22000000	22400000	8.629	-14.213	-4.199	22000000
chrX	22400000	22800000	7.425	-14.213	-3.992	22400000
chrX	22800000	23200000	7.169	-14.391	-5.107	22800000
chrX	23200000	23600000	8.201	-14.418	-5.585	23200000
chrX	23600000	24000000	8.01	-14.562	-5.828	23600000
chrX	24000000	24400000	7.963	-15.181	-4.608	24000000
chrX	24400000	24800000	7.541	-15.357	-4.624	24400000
chrX	24800000	25200000	6.794	-15.61	-5.669	24800000
chrX	25200000	25600000	7.865	-15.644	-6.493	25200000
chrX	25600000	26000000	8.99	-15.94	-6.61	25600000
chrX	26000000	26400000	9.645	-15.858	-5.684	26000000
chrX	26400000	26800000	9.203	-16.309	-4.632	26400000
chrX	26800000	27200000	8.224	-16.775	-5.114	26800000
chrX	27200000	27600000	8.001	-17.782	-5.424	27200000
chrX	27600000	28000000	7.612	-18.809	-5.354	27600000
chrX	28000000	28400000	7.93	-19.877	-5.289	28000000
chrX	28400000	28800000	7.632	-20.626	-4.556	28400000
chrX	28800000	29200000	7.475	-21.257	-3.767	28800000
chrX	29200000	29600000	6.819	-21.655	-3.071	29200000
chrX	29600000	30000000	5.868	-21.979	-2.573	29600000
chrX	30000000	30400000	4.96	-22.32	-3.062	30000000
chrX	30400000	30800000	3.958	-22.637	-3.337	30400000
chrX	30800000	31200000	3.061	-23.043	-3.09	30800000
chrX	31200000	31600000	2.003	-23.279	-3.392	31200000
chrX	31600000	32000000	1.149	-22.882	-3.857	31600000
chrX	32000000	32400000	0.693	-22.022	-4.342	32000000
chrX	32400000	32800000	0.296	-21.119	-4.201	32400000
chrX	32800000	33200000	-0.17	-20.366	-3.713	32800000
chrX	33200000	33600000	-0.311	-19.628	-2.908	33200000
chrX	33600000	34000000	-0.09	-18.519	-2.89	33600000
chrX	34000000	34400000	0.116	-17.703	-3.72	34000000
chrX	34400000	34800000	1.122	-17.579	-4.496	34400000
chrX	34800000	35200000	2.157	-17.253	-5.116	34800000
chrX	35200000	35600000	3.101	-16.551	-5.526	35200000
chrX	35600000	36000000	3.792	-15.5	-5.741	35600000
chrX	36000000	36400000	4.691	-14.55	-5.657	36000000
chrX	36400000	36800000	4.991	-14.698	-6.12	36400000
chrX	36800000	37200000	5.122	-15.643	-5.318	36800000
chrX	37200000	37600000	5.219	-16.108	-4.552	37200000
chrX	37600000	38000000	6.732	-16.169	-4.069	37600000
chrX	38000000	38400000	6.762	-15.812	-4.893	38000000
chrX	38400000	38800000	6.326	-14.907	-5.675	38400000
chrX	38800000	39200000	6.258	-14.602	-6.6	38800000
chrX	39200000	39600000	5.296	-13.561	-7.088	39200000
chrX	39600000	40000000	4.699	-12.909	-6.25	39600000
chrX	40000000	40400000	5.469	-12.387	-6.85	40000000
chrX	40400000	40800000	5.942	-12.575	-6.888	40400000
chrX	40800000	41200000	5.119	-12.985	-7.898	40800000
chrX	41200000	41600000	5.16	-13.433	-8.196	41200000
chrX	41600000	42000000	4.819	-14.52	-7.421	41600000
chrX	42000000	42400000	3.847	-14.536	-7.587	42000000
chrX	42400000	42800000	3.706	-13.689	-7.667	42400000
chrX	42800000	43200000	3.576	-13.115	-7.76	42800000
chrX	43200000	43600000	2.906	-12.56	-8.041	43200000
chrX	43600000	44000000	2.34	-11.625	-7.231	43600000
chrX	44000000	44400000	2.905	-11.802	-6.408	44000000
chrX	44400000	44800000	3.221	-12.057	-5.641	44400000
chrX	44800000	45200000	2.913	-12.806	-6.125	44800000
chrX	45200000	45600000	2.795	-13.256	-6.426	45200000
chrX	45600000	46000000	1.97	-12.4	-5.994	45600000
chrX	46000000	46400000	2.022	-12.884	-7.086	46000000
chrX	46400000	46800000	1.083	-13.097	-6.448	46400000
chrX	46800000	47200000	0.23	-13.169	-5.705	46800000
chrX	47200000	47600000	1.122	-13.979	-5.767	47200000
chrX	47600000	48000000	1.447	-13.257	-5.759	47600000
chrX	48000000	48400000	1.92	-13.513	-4.775	48000000
chrX	48400000	48800000	2.135	-12.855	-4.583	48400000
chrX	48800000	49200000	2.65	-12.466	-4.226	48800000
chrX	49200000	49600000	2.405	-13.663	-4.871	49200000
chrX	49600000	50000000	2.624	-14.318	-5.146	49600000
chrX	50000000	50400000	2.084	-14.745	-5.912	50000000
chrX	50400000	50800000	3.113	-14.59	-5.559	50400000
chrX	50800000	51200000	3.481	-13.655	-5.339	50800000
chrX	51200000	51600000	4.005	-13.833	-5.693	51200000
chrX	51600000	52000000	4.245	-13.643	-4.892	51600000
chrX	52000000	52400000	4.296	-13.934	-4.552	52000000
chrX	52400000	52800000	4.085	-14.992	-4.41	52400000
chrX	52800000	53200000	4.234	-14.274	-3.089	52800000
chrX	53200000	53600000	4.505	-14.665	-2.304	53200000
chrX	53600000	54000000	4.966	-15.587	-2.547	53600000
chrX	54000000	54400000	4.6	-15.372	-1.458	54000000
chrX	54400000	54800000	5.13	-16.232	-0.922	54400000
chrX	54800000	55200000	5.379	-17.256	-1.477	54800000
chrX	55200000	55600000	6.266	-17.032	-2.193	55200000
chrX	55600000	56000000	6.348	-15.876	-2.258	55600000
chrX	56000000	56400000	6.309	-14.633	-2.399	56000000
chrX	56400000	56800000	5.643	-14.782	-3.282	56400000
chrX	56800000	57200000	5.905	-14.861	-4.482	56800000
chrX	57200000	57600000	6.197	-14.2	-5.007	57200000
chrX	57600000	58000000	6.203	-13.476	-5.457	57600000
chrX	58000000	58400000	7.032	-12.92	-5.552	58000000
chrX	58400000	58800000	7.458	-13.373	-5.521	58400000
chrX	58800000	59200000	7.027	-12.491	-4.895	58800000
chrX	59200000	59600000	8.194	-12.382	-4.655	59200000
chrX	59600000	60000000	8.957	-12.273	-4.212	59600000
chrX	60000000	60400000	9.375	-11.908	-3.815	60000000
chrX	60400000	60800000	8.695	-12.721	-3.176	60400000
chrX	60800000	61200000	9.249	-12.583	-3.102	60800000
chrX	61200000	61600000	9.637	-12.282	-2.749	61200000
chrX	61600000	62000000	10.652	-11.925	-1.945	61600000
chrX	62000000	62400000	10.545	-11.585	-1.281	62000000
chrX	62400000	62800000	11.631	-11.647	-1.617	62400000
chrX	62800000	63200000	11.944	-11.224	-0.873	62800000
chrX	63200000	63600000	11.395	-10.386	-1.244	63200000
chrX	63600000	64000000	12.159	-10.681	-1.992	63600000
chrX	64000000	64400000	11.47	-11.766	-2.658	64000000
chrX	64400000	64800000	11.678	-11.784	-2.918	64400000
chrX	64800000	65200000	12.452	-11.516	-4.182	64800000
chrX	65200000	65600000	13.269	-11.927	-4.095	65200000
chrX	65600000	66000000	13.467	-11.077	-5.01	65600000
chrX	66000000	66400000	12.805	-11.85	-4.552	66000000
chrX	66400000	66800000	13.128	-11.743	-5.025	66400000
chrX	66800000	67200000	12.804	-10.252	-4.861	66800000
chrX	67200000	67600000	12.305	-10.308	-4.628	67200000
chrX	67600000	68000000	11.957	-10.086	-3.877	67600000
chrX	68000000	68400000	11.36	-9.97	-2.536	68000000
chrX	68400000	68800000	11.738	-10.082	-2.397	68400000
chrX	68800000	69200000	12.141	-10.572	-1.502	68800000
chrX	69200000	69600000	12.846	-10.87	-1.133	69200000
chrX	69600000	70000000	13.556	-9.957	-1.482	69600000
chrX	70000000	70400000	13.075	-10.048	-0.104	70000000
chrX	70400000	70800000	13.043	-10.41	-0.386	70400000
chrX	70800000	71200000	13.649	-10.094	0.354	70800000
chrX	71200000	71600000	12.812	-9.814	1.104	71200000
chrX	71600000	72000000	12.996	-9.143	1.257	71600000
chrX	72000000	72400000	13.076	-9.44	1.552	72000000
chrX	72400000	72800000	11.815	-9.149	1.548	72400000
chrX	72800000	73200000	11.566	-9.265	0.706	72800000
chrX	73200000	73600000	11.791	-9.665	0.368	73200000
chrX	73600000	74000000	11.282	-10.722	0.674	73600000
chrX	74000000	74400000	10.598	-11.191	0.924	74000000
chrX	74400000	74800000	10.32	-10.774	-0.09	74400000
chrX	74800000	75200000	9.284	-10.373	-0.716	74800000
chrX	75200000	75600000	8.767	-9.884	-1.474	75200000
chrX	75600000	76000000	9.542	-12.201	-1.152	75600000
chrX	76000000	76400000	9.825	-13.476	-0.63	76000000
chrX	76400000	76800000	11.11	-13.616	-0.152	76400000
chrX	76800000	77200000	10.946	-12.871	-0.179	76800000
chrX	77200000	77600000	10.557	-13.16	-1.262	77200000
chrX	77600000	78000000	11.014	-13.291	-1.31	77600000
chrX	78000000	78400000	11.307	-12.513	-0.289	78000000
chrX	78400000	78800000	12.173	-12.813	-1.424	78400000
chrX	78800000	79200000	12.4	-12.632	-1.646	78800000
chrX	79200000	79600000	12.647	-12.366	-1.753	79200000
chrX	79600000	80000000	12.735	-12.163	-0.512	79600000
chrX	80000000	80400000	13.191	-12.155	-1.382	80000000
chrX	80400000	80800000	11.558	-13.341	-2.454	80400000
chrX	80800000	81200000	12.79	-13.304	-0.772	80800000
chrX	81200000	81600000	12.517	-13.653	0.019	81200000
chrX	81600000	82000000	12.458	-12.749	0.218	81600000
chrX	82000000	82400000	12.874	-12.551	1.297	82000000
chrX	82400000	82800000	13.218	-11.674	1.786	82400000
chrX	82800000	83200000	12.738	-11.527	1.193	82800000
chrX	83200000	83600000	12.647	-10.488	0.601	83200000
chrX	83600000	84000000	13.317	-11.423	0.459	83600000
chrX	84000000	84400000	13.379	-11.891	-0.096	84000000
chrX	84400000	84800000	13.923	-11.23	-1.138	84400000
chrX	84800000	85200000	14.196	-10.316	-2.084	84800000
chrX	85200000	85600000	13.434	-9.321	-2.289	85200000
chrX	85600000	86000000	13.664	-10.353	-3.149	85600000
chrX	86000000	86400000	12.561	-10.981	-3.16	86000000
chrX	86400000	86800000	12.735	-10.981	-3.121	86400000
chrX	86800000	87200000	12.062	-11.52	-3.898	86800000
chrX	87200000	87600000	11.034	-11.907	-4.457	87200000
chrX	87600000	88000000	10.784	-12.503	-4.846	87600000
chrX	88000000	88400000	11.574	-12.83	-5.649	88000000
chrX	88400000	88800000	12.493	-12.803	-5.009	88400000
chrX	88800000	89200000	12.093	-12.648	-4.841	88800000
chrX	89200000	89600000	11.45	-11.463	-5.989	89200000
chrX	89600000	90000000	11.464	-11.711	-5.485	89600000
chrX	90000000	90400000	12.238	-11.235	-6.391	90000000
chrX	90400000	90800000	11.975	-10.484	-5.541	90400000
chrX	90800000	91200000	10.963	-10.267	-4.648	90800000
chrX	91200000	91600000	10.07	-11.244	-4.798	91200000
chrX	91600000	92000000	10.1	-10.552	-5.303	91600000
chrX	92000000	92400000	10.023	-9.431	-4.994	92000000
chrX	92400000	92800000	10.586	-10.837	-4.986	92400000
chrX	92800000	93200000	9.898	-10.691	-4.068	92800000
chrX	93200000	93600000	8.959	-10.801	-4.885	93200000
chrX	93600000	94000000	8.252	-10.02	-4.478	93600000
chrX	94000000	94400000	8.172	-9.581	-5.184	94000000
chrX	94400000	94800000	8.308	-9.538	-5.509	94400000
chrX	94800000	95200000	8.314	-8.702	-4.823	94800000
chrX	95200000	95600000	9.134	-9.112	-3.802	95200000
chrX	95600000	96000000	8.952	-9.185	-3.678	95600000
chrX	96000000	96400000	8.571	-9.788	-2.949	96000000
chrX	96400000	96800000	8.703	-10.791	-2.156	96400000
chrX	96800000	97200000	9.879	-10.978	-2.299	96800000
chrX	97200000	97600000	9.555	-9.914	-1.614	97200000
chrX	97600000	98000000	10.204	-9.048	-1.824	97600000
chrX	98000000	98400000	9.583	-9.433	-2.238	98000000
chrX	98400000	98800000	10.052	-9.105	-1.922	98400000
chrX	98800000	99200000	9.329	-8.43	-1.728	98800000
chrX	99200000	99600000	10.314	-7.488	-1.467	99200000
chrX	99600000	100000000	10.154	-7.429	-0.301	99600000
chrX	100000000	100400000	10.526	-7.57	0.325	100000000
chrX	100400000	100800000	11.149	-7.873	0.991	100400000
chrX	100800000	101200000	10.474	-8.185	1.254	100800000
chrX	101200000	101600000	10.421	-9.258	1.396	101200000
chrX	101600000	102000000	10.35	-9.652	1.941	101600000
chrX	102000000	102400000	10.238	-9.959	1.251	102000000
chrX	102400000	102800000	10.15	-9.528	0.458	102400000
chrX	102800000	103200000	10.152	-9.376	-0.511	102800000
chrX	103200000	103600000	11.532	-7.461	-3.05	103200000
chrX	103600000	104000000	11.155	-6.561	-3.715	103600000
chrX	104000000	104400000	11.508	-6.252	-4.472	104000000
chrX	104400000	104800000	11.374	-6.947	-5.539	104400000
chrX	104800000	105200000	11.211	-6.07	-5.153	104800000
chrX	105200000	105600000	10.585	-6.087	-5.175	105200000
chrX	105600000	106000000	10.16	-5.357	-4.845	105600000
chrX	106000000	106400000	11.001	-4.98	-3.984	106000000
chrX	106400000	106800000	9.877	-4.789	-4.484	106400000
chrX	106800000	107200000	9.118	-5.403	-4.442	106800000
chrX	107200000	107600000	8.878	-5.576	-4.036	107200000
chrX	107600000	108000000	8.652	-6.467	-3.623	107600000
chrX	108000000	108400000	9.377	-6.87	-4.583	108000000
chrX	108400000	108800000	10.187	-6.957	-4.771	108400000
chrX	108800000	109200000	10.4	-6.397	-6.092	108800000
chrX	109200000	109600000	11.011	-6.629	-7.052	109200000
chrX	109600000	110000000	11.626	-6.58	-7.973	109600000
chrX	110000000	110400000	11.346	-7.696	-8.178	110000000
chrX	110400000	110800000	11.059	-8.407	-7.8	110400000
chrX	110800000	111200000	11.068	-8.428	-6.814	110800000
chrX	111200000	111600000	11.445	-9.506	-7.279	111200000
chrX	111600000	112000000	11.185	-10.77	-7.476	111600000
chrX	112000000	112400000	11.546	-10.197	-7.201	112000000
chrX	112400000	112800000	12.507	-10.217	-7.896	112400000
chrX	112800000	113200000	12.003	-9.218	-8.317	112800000
chrX	113200000	113600000	11.788	-9.109	-7.605	113200000
chrX	113600000	114000000	12.674	-8.321	-7.138	113600000
chrX	114000000	114400000	13.029	-8.321	-6.576	114000000
chrX	114400000	114800000	11.816	-8.384	-6.268	114400000
chrX	114800000	115200000	11.97	-8.543	-5.128	114800000
chrX	115200000	115600000	11.804	-8.013	-4.89	115200000
chrX	115600000	116000000	13.196	-7.642	-5.355	115600000
chrX	116000000	116400000	12.636	-7.676	-4.374	116000000
chrX	116400000	116800000	13.558	-8.164	-4.055	116400000
chrX	116800000	117200000	12.812	-7.378	-3.518	116800000
chrX	117200000	117600000	13.093	-8.012	-3.399	117200000
chrX	117600000	118000000	14.085	-7.534	-3.584	117600000
chrX	118000000	118400000	12.997	-7.942	-4.053	118000000
chrX	118400000	118800000	12.761	-6.996	-5.283	118400000
chrX	118800000	119200000	13.853	-7.114	-5.341	118800000
chrX	119200000	119600000	13.847	-6.418	-5.0	119200000
chrX	119600000	120000000	13.355	-6.203	-3.884	119600000
chrX	120000000	120400000	12.835	-6.003	-4.045	120000000
chrX	120400000	120800000	12.991	-6.898	-3.418	120400000
chrX	120800000	121200000	13.719	-7.729	-2.682	120800000
chrX	121200000	121600000	14.731	-8.817	-2.008	121200000
chrX	121600000	122000000	14.145	-7.564	-2.008	121600000
chrX	122000000	122400000	14.525	-7.681	-2.75	122000000
chrX	122400000	122800000	14.339	-9.015	-2.59	122400000
chrX	122800000	123200000	14.759	-9.154	-3.276	122800000
chrX	123200000	123600000	14.587	-9.234	-3.945	123200000
chrX	123600000	124000000	14.836	-9.486	-5.096	123600000
chrX	124000000	124400000	15.376	-10.48	-5.114	124000000
chrX	124400000	124800000	15.276	-11.062	-4.101	124400000
chrX	124800000	125200000	15.772	-12.061	-3.967	124800000
chrX	125200000	125600000	16.393	-12.243	-3.046	125200000
chrX	125600000	126000000	16.585	-11.384	-2.339	125600000
chrX	126000000	126400000	15.983	-10.438	-2.407	126000000
chrX	126400000	126800000	14.821	-10.532	-2.768	126400000
chrX	126800000	127200000	14.402	-11.634	-2.595	126800000
chrX	127200000	127600000	13.375	-12.844	-2.559	127200000
chrX	127600000	128000000	13.393	-13.645	-2.471	127600000
chrX	128000000	128400000	12.429	-13.942	-2.367	128000000
chrX	128400000	128800000	12.368	-13.839	-1.763	128400000
chrX	128800000	129200000	11.398	-13.888	-2.048	128800000
chrX	129200000	129600000	12.046	-14.195	-3.006	129200000
chrX	129600000	130000000	11.317	-15.179	-2.747	129600000
chrX	130000000	130400000	10.906	-14.822	-2.643	130000000
chrX	130400000	130800000	12.081	-15.334	-2.626	130400000
chrX	130800000	131200000	12.825	-15.31	-3.553	130800000
chrX	131200000	131600000	12.036	-15.298	-4.269	131200000
chrX	131600000	132000000	10.801	-15.324	-3.995	131600000
chrX	132000000	132400000	10.483	-14.41	-3.541	132000000
chrX	132400000	132800000	11.777	-13.657	-3.705	132400000
chrX	132800000	133200000	11.46	-13.732	-4.012	132800000
chrX	133200000	133600000	10.586	-13.228	-3.602	133200000
chrX	133600000	134000000	10.27	-13.674	-3.36	133600000
chrX	134000000	134400000	9.782	-12.839	-4.605	134000000
chrX	134400000	134800000	9.834	-11.801	-5.765	134400000
chrX	134800000	135200000	10.405	-10.754	-6.281	134800000
chrX	135200000	135600000	10.915	-10.005	-5.891	135200000
chrX	135600000	136000000	11.393	-11.148	-3.598	135600000
chrX	136000000	136400000	10.477	-10.723	-3.058	136000000
chrX	136400000	136800000	9.843	-10.855	-3.272	136400000
chrX	136800000	137200000	9.825	-10.489	-3.179	136800000
chrX	137200000	137600000	12.725	-8.108	-1.687	137200000
chrX	137600000	138000000	11.744	-8.486	-1.284	137600000
chrX	138000000	138400000	12.781	-8.635	-0.755	138000000
chrX	138400000	138800000	13.003	-9.058	-1.657	138400000
chrX	138800000	139200000	11.826	-9.165	-2.193	138800000
chrX	139200000	139600000	10.926	-8.874	-3.294	139200000
chrX	139600000	140000000	11.146	-9.064	-3.615	139600000
chrX	140000000	140400000	11.986	-9.609	-3.811	140000000
chrX	140400000	140800000	12.958	-9.589	-3.241	140400000
chrX	140800000	141200000	13.042	-8.879	-2.321	140800000
chrX	141200000	141600000	13.338	-7.739	-1.464	141200000
chrX	141600000	142000000	13.831	-6.696	-0.97	141600000
chrX	142000000	142400000	14.508	-5.284	-0.43	142000000
chrX	142400000	142800000	14.571	-4.249	-0.356	142400000
chrX	142800000	143200000	14.456	-4.246	0.728	142800000
chrX	143200000	143600000	13.515	-4.609	0.276	143200000
chrX	143600000	144000000	13.868	-5.066	-0.225	143600000
chrX	144000000	144400000	14.523	-6.212	-0.138	144000000
chrX	144400000	144800000	15.258	-6.553	0.19	144400000
chrX	144800000	145200000	14.696	-6.101	0.903	144800000
chrX	145200000	145600000	13.643	-6.121	0.991	145200000
chrX	145600000	146000000	12.959	-5.907	1.166	145600000
chrX	146000000	146400000	12.603	-6.218	-0.031	146000000
chrX	146400000	146800000	11.546	-6.4	0.512	146400000
chrX	146800000	147200000	11.584	-6.932	0.316	146800000
chrX	147200000	147600000	12.303	-7.011	-0.105	147200000
chrX	147600000	148000000	12.724	-7.556	0.638	147600000
chrX	148000000	148400000	12.407	-7.468	1.149	148000000
chrX	148400000	148800000	13.084	-7.372	2.352	148400000
chrX	148800000	149200000	14.084	-7.627	2.223	148800000
chrX	149200000	149600000	14.208	-7.878	1.17	149200000
chrX	149600000	150000000	14.841	-8.501	0.495	149600000
chrX	150000000	150400000	14.14	-8.408	-0.389	150000000
chrX	150400000	150800000	13.197	-8.43	-0.365	150400000
chrX	150800000	151200000	11.74	-8.625	-0.627	150800000
chrX	151200000	151600000	11.419	-8.32	-1.509	151200000
chrX	151600000	152000000	11.772	-7.992	-2.689	151600000
chrX	152000000	152400000	10.71	-8.551	-3.716	152000000
chrX	152400000	152800000	9.997	-8.211	-3.602	152400000
chrX	152800000	153200000	9.954	-7.7	-3.088	152800000
chrX	153200000	153600000	10.423	-7.463	-1.955	153200000
chrX	153600000	154000000	11.296	-6.705	-1.399	153600000
chrX	154000000	154400000	12.632	-6.725	-1.448	154000000
chrX	154400000	154800000	13.248	-5.832	-1.719	154400000
chrX	154800000	155200000	13.295	-6.042	-2.038	154800000
chrX	155200000	155600000	12.776	-6.295	-2.429	155200000
chrX	155600000	156000000	12.162	-6.517	-1.924	155600000
chrX	156000000	156400000	12.003	-6.207	-1.449	156000000
chrX	156400000	156800000	11.303	-5.862	-2.435	156400000
chrX	156800000	157200000	11.703	-5.104	-2.627	156800000
chrX	157200000	157600000	11.786	-5.397	-2.75	157200000
chrX	157600000	158000000	11.068	-5.676	-1.588	157600000
chrX	158000000	158400000	10.898	-5.73	-2.02	158000000
chrX	158400000	158800000	10.202	-6.004	-2.998	158400000
chrX	158800000	159200000	9.963	-5.251	-2.698	158800000
chrX	159200000	159600000	9.8	-4.719	-2.263	159200000
chrX	159600000	160000000	10.321	-4.153	-2.251	159600000
chrX	160000000	160400000	11.04	-4.927	-1.391	160000000
chrX	160400000	160800000	12.049	-4.643	-1.0	160400000
chrX	160800000	161200000	12.64	-4.527	-1.415	160800000
chrX	161200000	161600000	13.091	-4.453	-1.788	161200000
chrX	161600000	162000000	12.573	-3.318	-1.879	161600000
chrX	162000000	162400000	11.537	-3.412	-1.559	162000000
chrX	162400000	162800000	11.617	-2.811	-1.316	162400000
chrX	162800000	163200000	12.171	-2.291	-1.359	162800000
chrX	163200000	163600000	12.879	-2.31	-1.172	163200000
chrX	163600000	164000000	13.404	-1.558	-1.843	163600000
chrX	164000000	164400000	13.061	-1.842	-2.645	164000000
chrX	164400000	164800000	12.218	-2.222	-3.09	164400000
chrX	164800000	165200000	11.429	-2.82	-2.631	164800000
chrX	165200000	165600000	10.689	-3.945	-2.741	165200000
chrX	165600000	166000000	11.005	-3.761	-3.421	165600000
chrX	166000000	166400000	10.772	-3.384	-3.84	166000000
chrX	166400000	166800000	11.606	-3.466	-3.535	166400000
chrX	166800000	167200000	12.768	-3.399	-3.851	166800000
chrX	167200000	167600000	12.515	-3.792	-3.937	167200000
chrX	167600000	168000000	12.592	-2.848	-4.388	167600000
chrX	168000000	168400000	13.312	-2.703	-4.88	168000000
chrX	168400000	168800000	13.699	-1.711	-4.309	168400000
chrX	168800000	169200000	13.927	-0.79	-3.45	168800000
chrX	169200000	169600000	13.638	-1.1	-3.359	169200000
chrX	169600000	170000000	13.037	-0.622	-3.308	169600000
chrX	170000000	170400000	12.667	-0.048	-2.605	170000000
