chr1	3000000	4000000	-4.09	2.567	-0.835	3000000
chr1	4000000	5000000	-3.305	2.228	-0.004	4000000
chr1	5000000	6000000	-2.867	2.605	0.856	5000000
chr1	6000000	7000000	-2.561	3.078	1.202	6000000
chr1	7000000	8000000	-1.303	2.585	0.865	7000000
chr1	8000000	9000000	-0.426	2.575	1.11	8000000
chr1	9000000	10000000	-0.017	2.424	0.876	9000000
chr1	10000000	11000000	0.359	3.127	1.309	10000000
chr1	11000000	12000000	0.095	3.596	0.665	11000000
chr1	12000000	13000000	0.109	3.996	0.235	12000000
chr1	13000000	14000000	-0.023	3.789	-0.325	13000000
chr1	14000000	15000000	-0.445	4.257	0.338	14000000
chr1	15000000	16000000	-1.141	4.713	-0.385	15000000
chr1	16000000	17000000	-3.064	4.518	-0.923	16000000
chr1	17000000	18000000	-3.345	4.329	-1.001	17000000
chr1	18000000	19000000	-2.994	4.231	-0.262	18000000
chr1	19000000	20000000	-3.359	3.606	0.66	19000000
chr1	20000000	21000000	-3.896	3.221	1.023	20000000
chr1	21000000	22000000	-4.003	2.855	1.441	21000000
chr1	22000000	23000000	-2.973	2.711	1.351	22000000
chr1	23000000	24000000	-1.886	2.496	1.357	23000000
chr1	24000000	25000000	-1.756	1.848	0.617	24000000
chr1	25000000	26000000	-1.416	2.013	0.656	25000000
chr1	26000000	27000000	-1.459	1.747	0.059	26000000
chr1	27000000	28000000	-1.697	1.871	-0.449	27000000
chr1	28000000	29000000	-1.811	1.621	-1.209	28000000
chr1	29000000	30000000	-1.29	1.892	-0.922	29000000
chr1	30000000	31000000	-0.673	2.955	-0.408	30000000
chr1	31000000	32000000	-0.14	3.493	-1.059	31000000
chr1	32000000	33000000	-1.109	2.966	-1.822	32000000
chr1	33000000	34000000	-1.384	3.375	-1.792	33000000
chr1	34000000	35000000	-1.176	4.539	-1.737	34000000
chr1	35000000	36000000	-1.32	4.887	-0.607	35000000
chr1	36000000	37000000	-1.967	4.695	-0.683	36000000
chr1	37000000	38000000	-1.568	5.039	0.275	37000000
chr1	38000000	39000000	-1.261	4.42	1.43	38000000
chr1	39000000	40000000	-1.514	3.422	1.444	39000000
chr1	40000000	41000000	-0.739	3.382	1.329	40000000
chr1	41000000	42000000	-1.586	3.153	0.425	41000000
chr1	42000000	43000000	-2.253	3.29	-0.711	42000000
chr1	43000000	44000000	-1.741	3.745	-0.137	43000000
chr1	44000000	45000000	-1.531	3.158	0.011	44000000
chr1	45000000	46000000	-2.363	3.313	-0.208	45000000
chr1	46000000	47000000	-2.543	3.13	-0.323	46000000
chr1	47000000	48000000	-1.497	3.772	-0.844	47000000
chr1	48000000	49000000	-0.555	3.964	-0.202	48000000
chr1	49000000	50000000	-0.281	4.585	0.047	49000000
chr1	50000000	51000000	-0.259	5.356	-0.226	50000000
chr1	51000000	52000000	-0.552	5.511	-0.606	51000000
chr1	52000000	53000000	-0.486	4.778	-1.059	52000000
chr1	53000000	54000000	0.179	4.269	-1.714	53000000
chr1	54000000	55000000	-0.422	4.436	-2.157	54000000
chr1	55000000	56000000	-0.707	4.783	-2.113	55000000
chr1	56000000	57000000	0.346	4.61	-1.054	56000000
chr1	57000000	58000000	0.592	4.002	-0.088	57000000
chr1	58000000	59000000	1.151	3.609	0.981	58000000
chr1	59000000	60000000	1.73	2.869	1.218	59000000
chr1	60000000	61000000	2.318	2.064	1.657	60000000
chr1	61000000	62000000	2.096	2.41	1.046	61000000
chr1	62000000	63000000	1.542	2.617	-0.048	62000000
chr1	63000000	64000000	1.442	2.555	0.435	63000000
chr1	64000000	65000000	1.844	3.131	0.188	64000000
chr1	65000000	66000000	1.671	3.435	-0.243	65000000
chr1	66000000	67000000	1.182	3.293	-1.358	66000000
chr1	67000000	68000000	0.935	3.257	-1.013	67000000
chr1	68000000	69000000	0.667	2.995	-1.295	68000000
chr1	69000000	70000000	-0.264	2.623	-1.396	69000000
chr1	70000000	71000000	-0.066	2.511	-0.893	70000000
chr1	71000000	72000000	0.135	2.914	-0.132	71000000
chr1	72000000	73000000	0.648	3.277	0.8	72000000
chr1	73000000	74000000	1.206	4.511	0.545	73000000
chr1	74000000	75000000	1.774	4.958	0.618	74000000
chr1	75000000	76000000	2.238	5.748	1.026	75000000
chr1	76000000	77000000	3.444	5.233	0.824	76000000
chr1	77000000	78000000	4.356	5.581	0.536	77000000
chr1	78000000	79000000	4.949	5.663	0.487	78000000
chr1	79000000	80000000	5.569	5.275	0.65	79000000
chr1	80000000	81000000	6.284	5.064	0.654	80000000
chr1	81000000	82000000	5.729	5.286	1.354	81000000
chr1	82000000	83000000	5.317	6.22	1.374	82000000
chr1	83000000	84000000	4.404	5.967	1.411	83000000
chr1	84000000	85000000	3.776	5.778	1.208	84000000
chr1	85000000	86000000	2.724	4.992	0.697	85000000
chr1	86000000	87000000	2.792	2.852	0.447	86000000
chr1	87000000	88000000	2.35	1.733	-0.486	87000000
chr1	88000000	89000000	2.534	2.529	-0.204	88000000
chr1	89000000	90000000	3.248	2.159	-0.404	89000000
chr1	90000000	91000000	3.406	2.219	-0.638	90000000
chr1	91000000	92000000	3.476	2.913	-0.071	91000000
chr1	92000000	93000000	3.146	3.412	-0.014	92000000
chr1	93000000	94000000	3.36	3.367	0.185	93000000
chr1	94000000	95000000	3.845	4.086	0.461	94000000
chr1	95000000	96000000	3.915	5.92	0.641	95000000
chr1	96000000	97000000	3.752	6.7	0.501	96000000
chr1	97000000	98000000	4.904	6.832	0.61	97000000
chr1	98000000	99000000	4.643	6.453	0.871	98000000
chr1	99000000	100000000	4.312	6.564	1.453	99000000
chr1	100000000	101000000	5.279	6.541	1.889	100000000
chr1	101000000	102000000	5.359	6.319	2.616	101000000
chr1	102000000	103000000	5.553	6.042	3.399	102000000
chr1	103000000	104000000	5.506	5.171	4.623	103000000
chr1	104000000	105000000	5.425	4.611	4.853	104000000
chr1	105000000	106000000	6.218	4.62	4.025	105000000
chr1	106000000	107000000	5.612	4.952	2.908	106000000
chr1	107000000	108000000	5.437	5.34	2.792	107000000
chr1	108000000	109000000	4.957	5.671	3.717	108000000
chr1	109000000	110000000	4.835	5.518	4.272	109000000
chr1	110000000	111000000	5.171	5.188	4.558	110000000
chr1	111000000	112000000	5.773	4.227	4.616	111000000
chr1	112000000	113000000	6.34	4.504	3.641	112000000
chr1	113000000	114000000	6.788	5.012	2.432	113000000
chr1	114000000	115000000	6.445	5.493	2.295	114000000
chr1	115000000	116000000	6.21	5.275	2.457	115000000
chr1	116000000	117000000	6.07	5.019	2.846	116000000
chr1	117000000	118000000	5.9	5.259	3.408	117000000
chr1	118000000	119000000	5.413	4.674	3.483	118000000
chr1	119000000	120000000	4.395	4.153	3.924	119000000
chr1	120000000	121000000	4.496	3.032	3.911	120000000
chr1	121000000	122000000	4.768	2.607	4.59	121000000
chr1	122000000	123000000	5.053	3.166	4.783	122000000
chr1	123000000	124000000	5.17	3.836	5.009	123000000
chr1	124000000	125000000	4.753	4.352	5.0	124000000
chr1	125000000	126000000	5.35	3.581	4.313	125000000
chr1	126000000	127000000	5.724	3.703	2.886	126000000
chr1	127000000	128000000	6.072	3.381	2.23	127000000
chr1	128000000	129000000	5.665	3.185	2.626	128000000
chr1	129000000	130000000	5.372	3.746	3.197	129000000
chr1	130000000	131000000	5.767	4.085	3.454	130000000
chr1	131000000	132000000	5.512	4.289	2.629	131000000
chr1	132000000	133000000	5.251	4.478	2.188	132000000
chr1	133000000	134000000	4.366	4.2	2.142	133000000
chr1	134000000	135000000	4.288	3.429	2.055	134000000
chr1	135000000	136000000	4.454	3.409	1.066	135000000
chr1	136000000	137000000	4.76	3.823	0.476	136000000
chr1	137000000	138000000	5.329	3.281	0.545	137000000
chr1	138000000	139000000	6.38	3.103	0.986	138000000
chr1	139000000	140000000	6.751	2.509	1.699	139000000
chr1	140000000	141000000	6.511	2.76	2.985	140000000
chr1	141000000	142000000	6.431	3.036	4.342	141000000
chr1	142000000	143000000	7.042	2.883	4.09	142000000
chr1	143000000	144000000	6.351	3.088	3.475	143000000
chr1	144000000	145000000	6.848	2.635	3.686	144000000
chr1	145000000	146000000	7.048	2.097	2.762	145000000
chr1	146000000	147000000	7.482	2.294	2.339	146000000
chr1	147000000	148000000	7.123	2.843	2.034	147000000
chr1	148000000	149000000	6.702	3.745	2.021	148000000
chr1	149000000	150000000	6.516	4.159	1.609	149000000
chr1	150000000	151000000	6.804	3.922	1.212	150000000
chr1	151000000	152000000	6.083	3.42	1.316	151000000
chr1	152000000	153000000	5.495	3.375	1.788	152000000
chr1	153000000	154000000	4.88	3.185	2.461	153000000
chr1	154000000	155000000	4.57	2.47	2.821	154000000
chr1	155000000	156000000	4.06	1.671	3.069	155000000
chr1	156000000	157000000	4.584	1.78	3.577	156000000
chr1	157000000	158000000	5.636	1.718	4.555	157000000
chr1	158000000	159000000	5.904	1.899	4.828	158000000
chr1	159000000	160000000	5.73	1.925	5.18	159000000
chr1	160000000	161000000	6.677	1.747	4.332	160000000
chr1	161000000	162000000	6.83	1.441	3.187	161000000
chr1	162000000	163000000	6.666	1.658	3.01	162000000
chr1	163000000	164000000	6.28	1.634	3.132	163000000
chr1	164000000	165000000	6.325	1.413	4.668	164000000
chr1	165000000	166000000	5.539	1.869	4.841	165000000
chr1	166000000	167000000	5.139	2.468	4.111	166000000
chr1	167000000	168000000	6.126	2.299	3.575	167000000
chr1	168000000	169000000	6.099	1.404	2.732	168000000
chr1	169000000	170000000	6.275	1.376	2.029	169000000
chr1	170000000	171000000	6.125	1.562	1.749	170000000
chr1	171000000	172000000	5.345	1.973	1.431	171000000
chr1	172000000	173000000	5.383	1.684	1.87	172000000
chr1	173000000	174000000	5.909	0.443	2.724	173000000
chr1	174000000	175000000	6.885	0.136	3.191	174000000
chr1	175000000	176000000	7.202	-0.674	3.275	175000000
chr1	176000000	177000000	6.798	-0.855	3.592	176000000
chr1	177000000	178000000	6.366	0.003	4.354	177000000
chr1	178000000	179000000	6.125	0.573	4.596	178000000
chr1	179000000	180000000	5.166	1.073	5.205	179000000
chr1	180000000	181000000	4.61	1.691	4.54	180000000
chr1	181000000	182000000	3.829	1.807	3.432	181000000
chr1	182000000	183000000	4.14	1.601	2.61	182000000
chr1	183000000	184000000	5.067	1.766	3.361	183000000
chr1	184000000	185000000	5.705	2.112	3.211	184000000
chr1	185000000	186000000	5.929	1.923	3.741	185000000
chr1	186000000	187000000	5.382	0.795	3.936	186000000
chr1	187000000	188000000	5.548	0.212	4.136	187000000
chr1	188000000	189000000	6.099	0.015	4.805	188000000
chr1	189000000	190000000	6.408	0.618	4.059	189000000
chr1	190000000	191000000	5.98	0.646	3.618	190000000
chr1	191000000	192000000	6.136	0.155	3.293	191000000
chr1	192000000	193000000	5.714	-0.793	2.879	192000000
chr1	193000000	194000000	6.262	-1.3	3.139	193000000
chr1	194000000	195000000	6.136	-1.091	4.096	194000000
chr1	195000000	196000000	6.596	-0.661	3.998	195000000
