chr9	3000000	4000000	-1.116	-1.978	-3.821	3000000
chr9	4000000	5000000	-0.184	-1.806	-3.948	4000000
chr9	5000000	6000000	0.082	-2.239	-4.202	5000000
chr9	6000000	7000000	-0.372	-2.302	-3.789	6000000
chr9	7000000	8000000	-1.03	-2.572	-3.865	7000000
chr9	8000000	9000000	-0.288	-2.132	-4.784	8000000
chr9	9000000	10000000	0.548	-2.361	-5.026	9000000
chr9	10000000	11000000	0.234	-1.743	-5.318	10000000
chr9	11000000	12000000	-0.344	-1.359	-5.13	11000000
chr9	12000000	13000000	0.113	-2.088	-4.321	12000000
chr9	13000000	14000000	0.308	-1.178	-4.559	13000000
chr9	14000000	15000000	0.58	-1.623	-4.599	14000000
chr9	15000000	16000000	0.799	-1.968	-4.429	15000000
chr9	16000000	17000000	0.272	-1.439	-4.765	16000000
chr9	17000000	18000000	0.961	-2.152	-4.861	17000000
chr9	18000000	19000000	1.21	-1.585	-4.252	18000000
chr9	19000000	20000000	0.766	-0.989	-4.152	19000000
chr9	20000000	21000000	1.158	-1.591	-3.876	20000000
chr9	21000000	22000000	0.98	-0.946	-3.332	21000000
chr9	22000000	23000000	1.61	-0.485	-4.127	22000000
chr9	23000000	24000000	1.006	0.202	-3.76	23000000
chr9	24000000	25000000	0.348	-0.063	-3.488	24000000
chr9	25000000	26000000	0.466	0.233	-4.063	25000000
chr9	26000000	27000000	0.653	-0.93	-4.266	26000000
chr9	27000000	28000000	0.147	-0.778	-4.141	27000000
chr9	28000000	29000000	0.366	-0.707	-3.725	28000000
chr9	29000000	30000000	0.841	-0.985	-4.437	29000000
chr9	30000000	31000000	0.375	-0.878	-4.071	30000000
chr9	31000000	32000000	1.017	-0.408	-4.18	31000000
chr9	32000000	33000000	0.642	-1.166	-3.768	32000000
chr9	33000000	34000000	0.208	-1.234	-4.148	33000000
chr9	34000000	35000000	0.583	-1.909	-4.274	34000000
chr9	35000000	36000000	-0.222	-2.27	-3.521	35000000
chr9	36000000	37000000	-0.427	-2.248	-3.115	36000000
chr9	37000000	38000000	-0.575	-1.925	-3.203	37000000
chr9	38000000	39000000	0.455	-1.794	-3.531	38000000
chr9	39000000	40000000	1.314	-1.982	-4.07	39000000
chr9	40000000	41000000	1.408	-1.449	-4.556	40000000
chr9	41000000	42000000	1.908	-1.173	-4.671	41000000
chr9	42000000	43000000	1.931	-1.598	-4.371	42000000
chr9	43000000	44000000	1.217	-1.565	-3.709	43000000
chr9	44000000	45000000	1.696	-2.274	-3.427	44000000
chr9	45000000	46000000	1.054	-2.187	-2.766	45000000
chr9	46000000	47000000	0.737	-1.938	-1.646	46000000
chr9	47000000	48000000	0.418	-0.877	-2.022	47000000
chr9	48000000	49000000	0.333	-1.562	-2.35	48000000
chr9	49000000	50000000	0.624	-1.739	-3.096	49000000
chr9	50000000	51000000	1.419	-1.82	-4.023	50000000
chr9	51000000	52000000	2.26	-2.013	-4.23	51000000
chr9	52000000	53000000	2.371	-1.467	-4.24	52000000
chr9	53000000	54000000	2.763	-1.01	-4.284	53000000
chr9	54000000	55000000	3.076	-0.551	-4.705	54000000
chr9	55000000	56000000	3.58	-0.273	-5.074	55000000
chr9	56000000	57000000	4.319	-0.548	-5.329	56000000
chr9	57000000	58000000	4.342	-0.373	-4.539	57000000
chr9	58000000	59000000	4.573	-0.778	-3.688	58000000
chr9	59000000	60000000	3.499	-1.011	-3.719	59000000
chr9	60000000	61000000	3.91	-1.12	-3.827	60000000
chr9	61000000	62000000	3.495	-0.828	-4.355	61000000
chr9	62000000	63000000	4.155	-0.101	-4.469	62000000
chr9	63000000	64000000	4.344	-0.719	-4.55	63000000
chr9	64000000	65000000	4.967	-1.199	-4.188	64000000
chr9	65000000	66000000	4.263	-1.208	-4.786	65000000
chr9	66000000	67000000	4.297	-1.42	-3.741	66000000
chr9	67000000	68000000	3.542	-2.097	-4.072	67000000
chr9	68000000	69000000	2.707	-2.192	-4.277	68000000
chr9	69000000	70000000	1.906	-1.941	-3.46	69000000
chr9	70000000	71000000	1.005	-1.786	-3.527	70000000
chr9	71000000	72000000	0.316	-2.233	-3.204	71000000
chr9	72000000	73000000	0.792	-2.444	-3.43	72000000
chr9	73000000	74000000	0.574	-2.266	-3.669	73000000
chr9	74000000	75000000	1.163	-1.548	-4.214	74000000
chr9	75000000	76000000	1.111	-1.375	-4.585	75000000
chr9	76000000	77000000	1.161	-0.785	-4.516	76000000
chr9	77000000	78000000	0.406	-0.3	-4.22	77000000
chr9	78000000	79000000	0.775	-0.576	-4.931	78000000
chr9	79000000	80000000	1.875	-0.583	-5.242	79000000
chr9	80000000	81000000	1.842	-0.354	-5.366	80000000
chr9	81000000	82000000	1.631	-0.331	-4.67	81000000
chr9	82000000	83000000	1.235	-0.394	-4.883	82000000
chr9	83000000	84000000	2.28	-0.827	-4.43	83000000
chr9	84000000	85000000	2.675	-0.457	-4.448	84000000
chr9	85000000	86000000	2.618	-0.84	-4.16	85000000
chr9	86000000	87000000	2.796	-0.286	-4.72	86000000
chr9	87000000	88000000	3.048	-0.842	-4.889	87000000
chr9	88000000	89000000	2.976	-0.466	-3.885	88000000
chr9	89000000	90000000	3.354	-1.004	-4.133	89000000
chr9	90000000	91000000	3.589	-0.365	-4.693	90000000
chr9	91000000	92000000	3.435	-0.139	-4.969	91000000
chr9	92000000	93000000	3.279	-0.648	-5.103	92000000
chr9	93000000	94000000	3.107	-0.371	-5.512	93000000
chr9	94000000	95000000	3.498	-0.197	-5.772	94000000
chr9	95000000	96000000	3.771	0.067	-5.023	95000000
chr9	96000000	97000000	3.064	0.564	-5.037	96000000
chr9	97000000	98000000	3.244	-0.118	-5.705	97000000
chr9	98000000	99000000	2.921	-0.406	-4.977	98000000
chr9	99000000	100000000	3.143	0.217	-5.365	99000000
chr9	100000000	101000000	3.564	0.185	-5.584	100000000
chr9	101000000	102000000	3.383	0.81	-5.668	101000000
chr9	102000000	103000000	3.767	0.354	-5.958	102000000
chr9	103000000	104000000	4.04	-0.165	-5.813	103000000
chr9	104000000	105000000	4.45	-0.983	-4.939	104000000
chr9	105000000	106000000	3.842	-1.15	-4.455	105000000
chr9	106000000	107000000	3.974	-1.063	-3.992	106000000
chr9	107000000	108000000	4.106	-1.492	-4.565	107000000
chr9	108000000	109000000	3.661	-1.231	-4.515	108000000
chr9	109000000	110000000	3.759	-0.26	-4.931	109000000
chr9	110000000	111000000	3.93	-0.664	-5.598	110000000
chr9	111000000	112000000	3.577	-1.133	-5.697	111000000
chr9	112000000	113000000	3.863	-1.171	-4.468	112000000
chr9	113000000	114000000	2.949	-1.477	-4.73	113000000
chr9	114000000	115000000	3.551	-1.883	-4.371	114000000
chr9	115000000	116000000	3.525	-1.773	-3.59	115000000
chr9	116000000	117000000	3.222	-2.533	-3.281	116000000
chr9	117000000	118000000	2.234	-1.863	-3.8	117000000
chr9	118000000	119000000	2.559	-2.227	-4.38	118000000
chr9	119000000	120000000	2.878	-2.168	-3.814	119000000
chr9	120000000	121000000	2.341	-1.965	-3.258	120000000
chr9	121000000	122000000	1.346	-1.081	-3.149	121000000
chr9	122000000	123000000	2.288	-1.013	-3.876	122000000
chr9	123000000	124000000	2.031	-2.102	-4.412	123000000
chr9	124000000	125000000	1.926	-2.043	-3.901	124000000
