chr19	3000000	4000000	0.771	1.993	-1.053	3000000
chr19	4000000	5000000	0.69	2.712	-2.353	4000000
chr19	5000000	6000000	1.32	3.851	-3.078	5000000
chr19	6000000	7000000	1.542	3.437	-3.457	6000000
chr19	7000000	8000000	1.328	2.982	-3.62	7000000
chr19	8000000	9000000	1.596	2.336	-2.636	8000000
chr19	9000000	10000000	1.706	1.328	-2.843	9000000
chr19	10000000	11000000	2.38	1.069	-2.897	10000000
chr19	11000000	12000000	2.386	2.861	-2.803	11000000
chr19	12000000	13000000	1.189	3.012	-1.899	12000000
chr19	13000000	14000000	0.178	3.634	-1.532	13000000
chr19	14000000	15000000	0.699	4.363	-1.408	14000000
chr19	15000000	16000000	1.153	4.227	-1.799	15000000
chr19	16000000	17000000	1.582	3.722	-1.648	16000000
chr19	17000000	18000000	2.569	4.316	-1.099	17000000
chr19	18000000	19000000	3.158	6.322	-0.314	18000000
chr19	19000000	20000000	3.472	6.582	-0.198	19000000
chr19	20000000	21000000	4.071	6.593	0.481	20000000
chr19	21000000	22000000	4.864	6.15	0.723	21000000
chr19	22000000	23000000	5.194	5.713	-0.046	22000000
chr19	23000000	24000000	4.807	5.127	-0.738	23000000
chr19	24000000	25000000	4.003	4.432	-1.141	24000000
chr19	25000000	26000000	3.344	2.776	-1.369	25000000
chr19	26000000	27000000	3.302	1.533	-1.655	26000000
chr19	27000000	28000000	2.418	1.884	-1.195	27000000
chr19	28000000	29000000	2.496	1.504	-1.667	28000000
chr19	29000000	30000000	2.822	1.936	-2.428	29000000
chr19	30000000	31000000	3.993	2.277	-2.17	30000000
chr19	31000000	32000000	3.902	2.035	-2.255	31000000
chr19	32000000	33000000	3.923	2.795	-2.119	32000000
chr19	33000000	34000000	2.773	3.23	-1.798	33000000
chr19	34000000	35000000	2.086	3.731	-1.424	34000000
chr19	35000000	36000000	2.598	3.498	-0.697	35000000
chr19	36000000	37000000	2.299	3.183	0.318	36000000
chr19	37000000	38000000	2.32	4.162	-0.272	37000000
chr19	38000000	39000000	2.827	4.7	-0.393	38000000
chr19	39000000	40000000	2.515	4.532	0.089	39000000
chr19	40000000	41000000	1.309	3.576	0.229	40000000
chr19	41000000	42000000	1.104	4.299	0.063	41000000
chr19	42000000	43000000	1.012	5.186	-0.098	42000000
chr19	43000000	44000000	1.389	5.338	-0.706	43000000
chr19	44000000	45000000	2.085	5.572	-1.422	44000000
chr19	45000000	46000000	2.653	5.115	-1.505	45000000
chr19	46000000	47000000	2.227	5.158	-2.663	46000000
chr19	47000000	48000000	1.069	5.563	-2.77	47000000
chr19	48000000	49000000	0.452	6.698	-2.691	48000000
chr19	49000000	50000000	0.469	7.693	-2.024	49000000
chr19	50000000	51000000	0.426	8.647	-2.166	50000000
chr19	51000000	52000000	0.343	8.766	-0.942	51000000
chr19	52000000	53000000	0.145	8.63	-1.701	52000000
chr19	53000000	54000000	1.205	8.111	-1.884	53000000
chr19	54000000	55000000	0.527	6.929	-1.901	54000000
chr19	55000000	56000000	-0.057	7.832	-1.48	55000000
chr19	56000000	57000000	-0.495	8.117	-1.048	56000000
chr19	57000000	58000000	0.146	7.45	-1.217	57000000
chr19	58000000	59000000	0.849	6.951	-1.625	58000000
chr19	59000000	60000000	0.67	7.497	-1.541	59000000
chr19	60000000	61000000	1.024	7.428	-0.812	60000000
chr19	61000000	62000000	0.974	7.924	-0.352	61000000
