chr19	2800000	3200000	-1.988	-2.39	-2.917	2800000
chr19	3200000	3600000	-2.39	-1.684	-3.143	3200000
chr19	3600000	4000000	-3.096	-0.244	-4.244	3600000
chr19	4000000	4400000	-3.801	0.98	-4.142	4000000
chr19	4400000	4800000	-3.252	2.535	-4.579	4400000
chr19	4800000	5200000	-2.595	3.775	-4.795	4800000
chr19	5200000	5600000	-2.459	4.062	-4.769	5200000
chr19	5600000	6000000	-3.889	4.0	-4.784	5600000
chr19	6000000	6400000	-4.333	3.177	-3.838	6000000
chr19	6400000	6800000	-5.14	3.302	-4.509	6400000
chr19	6800000	7200000	-5.971	2.722	-3.801	6800000
chr19	7200000	7600000	-5.653	0.324	-2.889	7200000
chr19	7600000	8000000	-6.128	-1.942	-2.163	7600000
chr19	8000000	8400000	-4.958	-2.311	-1.851	8000000
chr19	8400000	8800000	-3.867	-2.806	-3.198	8400000
chr19	8800000	9200000	-3.946	-1.972	-2.735	8800000
chr19	9200000	9600000	-4.53	-1.176	-3.29	9200000
chr19	9600000	10000000	-4.487	0.201	-4.143	9600000
chr19	10000000	10400000	-4.407	0.382	-4.494	10000000
chr19	10400000	10800000	-4.357	-0.158	-4.286	10400000
chr19	10800000	11200000	-3.733	-0.495	-4.339	10800000
chr19	11200000	11600000	-3.884	-1.132	-3.806	11200000
chr19	11600000	12000000	-3.83	-1.618	-4.178	11600000
chr19	12000000	12400000	-4.138	-1.694	-3.091	12000000
chr19	12400000	12800000	-4.092	-2.373	-2.304	12400000
chr19	12800000	13200000	-4.149	-2.547	-2.42	12800000
chr19	13200000	13600000	-2.48	-2.771	-2.154	13200000
chr19	13600000	14000000	-2.328	-1.871	-2.728	13600000
chr19	14000000	14400000	-2.829	-1.05	-2.892	14000000
chr19	14400000	14800000	-4.063	-0.495	-2.461	14400000
chr19	14800000	15200000	-4.906	0.058	-3.262	14800000
chr19	15200000	15600000	-4.121	0.394	-2.843	15200000
chr19	15600000	16000000	-3.669	0.506	-3.035	15600000
chr19	16000000	16400000	-4.211	-0.014	-2.533	16000000
chr19	16400000	16800000	-5.374	-1.741	-1.727	16400000
chr19	16800000	17200000	-6.134	-2.871	-0.831	16800000
chr19	17200000	17600000	-5.095	-3.003	-0.755	17200000
chr19	17600000	18000000	-5.35	-3.469	-1.248	17600000
chr19	18000000	18400000	-3.748	-3.737	-1.396	18000000
chr19	18400000	18800000	-2.936	-3.754	-2.077	18400000
chr19	18800000	19200000	-3.269	-3.54	-2.487	18800000
chr19	19200000	19600000	-4.084	-3.664	-2.063	19200000
chr19	19600000	20000000	-3.785	-4.707	-1.395	19600000
chr19	20000000	20400000	-4.392	-5.463	-1.195	20000000
chr19	20400000	20800000	-5.063	-5.064	-1.9	20400000
chr19	20800000	21200000	-5.687	-4.085	-1.785	20800000
chr19	21200000	21600000	-4.742	-4.108	-2.146	21200000
chr19	21600000	22000000	-5.312	-3.524	-2.615	21600000
chr19	22000000	22400000	-5.54	-3.037	-2.658	22000000
chr19	22400000	22800000	-5.945	-3.44	-2.655	22400000
chr19	22800000	23200000	-6.055	-4.791	-2.914	22800000
chr19	23200000	23600000	-6.509	-3.891	-3.029	23200000
chr19	23600000	24000000	-6.065	-4.506	-3.931	23600000
chr19	24000000	24400000	-6.042	-4.485	-3.619	24000000
chr19	24400000	24800000	-6.519	-3.658	-3.799	24400000
chr19	24800000	25200000	-6.11	-3.37	-4.384	24800000
chr19	25200000	25600000	-5.937	-3.38	-4.557	25200000
chr19	25600000	26000000	-5.282	-2.424	-4.365	25600000
chr19	26000000	26400000	-4.431	-3.125	-4.298	26000000
chr19	26400000	26800000	-4.004	-2.239	-3.584	26400000
chr19	26800000	27200000	-4.899	-1.51	-3.689	26800000
chr19	27200000	27600000	-5.595	-0.16	-4.162	27200000
chr19	27600000	28000000	-6.029	0.016	-4.403	27600000
chr19	28000000	28400000	-5.823	-0.395	-4.838	28000000
chr19	28400000	28800000	-5.959	-1.255	-4.601	28400000
chr19	28800000	29200000	-5.399	-1.116	-4.917	28800000
chr19	29200000	29600000	-5.154	-1.015	-5.443	29200000
chr19	29600000	30000000	-4.89	-0.535	-5.475	29600000
chr19	30000000	30400000	-3.883	1.761	-4.803	30000000
chr19	30400000	30800000	-2.684	1.589	-4.992	30400000
chr19	30800000	31200000	-0.951	1.633	-4.657	30800000
chr19	31200000	31600000	0.103	0.999	-4.156	31200000
chr19	31600000	32000000	-0.039	0.508	-3.786	31600000
chr19	32000000	32400000	0.398	-0.434	-3.812	32000000
chr19	32400000	32800000	4.6	-0.716	-3.813	32400000
chr19	32800000	33200000	4.508	-1.784	-3.961	32800000
chr19	33200000	33600000	6.051	-1.411	-3.688	33200000
chr19	33600000	34000000	6.926	-0.335	-3.587	33600000
chr19	34000000	34400000	7.607	-0.607	-3.376	34000000
chr19	34400000	34800000	7.977	-1.621	-2.975	34400000
chr19	34800000	35200000	7.957	-2.31	-2.963	34800000
chr19	35200000	35600000	7.699	-2.813	-2.085	35200000
chr19	35600000	36000000	7.535	-2.16	-2.941	35600000
chr19	36000000	36400000	7.774	-2.438	-1.617	36000000
chr19	36400000	36800000	7.247	-1.108	-2.203	36400000
chr19	36800000	37200000	6.203	-0.9	-2.104	36800000
chr19	37200000	37600000	5.649	-0.992	-3.063	37200000
chr19	37600000	38000000	5.612	-0.819	-3.323	37600000
chr19	38000000	38400000	4.669	-1.281	-2.46	38000000
chr19	38400000	38800000	4.307	-1.77	-2.454	38400000
chr19	38800000	39200000	4.308	-0.549	-3.233	38800000
chr19	39200000	39600000	3.43	-0.734	-3.011	39200000
chr19	39600000	40000000	1.873	-0.433	-2.215	39600000
chr19	40000000	40400000	0.681	-1.194	-2.565	40000000
chr19	40400000	40800000	1.251	-1.04	-3.123	40400000
chr19	40800000	41200000	4.641	-0.683	-2.769	40800000
chr19	41200000	41600000	5.144	-1.083	-3.028	41200000
chr19	41600000	42000000	4.907	0.743	-3.856	41600000
chr19	42000000	42400000	4.786	0.58	-4.425	42000000
chr19	42400000	42800000	3.823	1.431	-4.07	42400000
chr19	42800000	43200000	2.643	1.179	-4.724	42800000
chr19	43200000	43600000	0.469	0.917	-4.827	43200000
chr19	43600000	44000000	-0.107	1.811	-5.102	43600000
chr19	44000000	44400000	-1.367	2.396	-5.347	44000000
chr19	44400000	44800000	-1.081	2.023	-5.595	44400000
chr19	44800000	45200000	-0.476	1.842	-6.567	44800000
chr19	45200000	45600000	-0.38	1.286	-6.214	45200000
chr19	45600000	46000000	0.596	0.468	-5.767	45600000
chr19	46000000	46400000	0.955	1.359	-6.59	46000000
chr19	46400000	46800000	1.648	2.588	-6.772	46400000
chr19	46800000	47200000	3.263	2.159	-6.191	46800000
chr19	47200000	47600000	3.336	1.232	-6.049	47200000
chr19	47600000	48000000	2.885	-0.104	-5.225	47600000
chr19	48000000	48400000	1.571	-1.021	-5.172	48000000
chr19	48400000	48800000	1.647	-1.681	-4.788	48400000
chr19	48800000	49200000	0.939	-2.963	-4.725	48800000
chr19	49200000	49600000	-0.002	-4.146	-3.947	49200000
chr19	49600000	50000000	0.165	-4.145	-4.243	49600000
chr19	50000000	50400000	0.53	-3.819	-4.314	50000000
chr19	50400000	50800000	0.455	-2.695	-3.821	50400000
chr19	50800000	51200000	0.387	-2.513	-3.805	50800000
chr19	51200000	51600000	0.076	-1.99	-4.6	51200000
chr19	51600000	52000000	1.056	-1.589	-4.925	51600000
chr19	52000000	52400000	-0.055	-1.253	-4.608	52000000
chr19	52400000	52800000	0.956	-1.606	-4.988	52400000
chr19	52800000	53200000	0.488	-1.98	-3.909	52800000
chr19	53200000	53600000	-0.645	-1.793	-3.155	53200000
chr19	53600000	54000000	-0.786	-2.362	-2.687	53600000
chr19	54000000	54400000	0.307	-1.456	-3.247	54000000
chr19	54400000	54800000	0.927	-1.287	-3.125	54400000
chr19	54800000	55200000	1.521	-0.602	-3.959	54800000
chr19	55200000	55600000	1.251	-0.091	-4.94	55200000
chr19	55600000	56000000	0.074	2.061	-4.894	55600000
chr19	56000000	56400000	-0.656	2.302	-4.775	56000000
chr19	56400000	56800000	-0.654	1.926	-5.078	56400000
chr19	56800000	57200000	0.716	2.255	-5.714	56800000
chr19	57200000	57600000	1.078	2.082	-5.775	57200000
chr19	57600000	58000000	2.107	1.437	-5.501	57600000
chr19	58000000	58400000	3.973	2.234	-5.229	58000000
chr19	58400000	58800000	3.941	3.456	-5.833	58400000
chr19	58800000	59200000	3.169	3.158	-5.906	58800000
chr19	59200000	59600000	3.418	3.63	-4.89	59200000
chr19	59600000	60000000	2.555	2.651	-4.668	59600000
chr19	60000000	60400000	1.663	2.67	-4.493	60000000
chr19	60400000	60800000	2.809	3.224	-4.558	60400000
chr19	60800000	61200000	3.558	2.199	-4.624	60800000
chr19	61200000	61600000	1.99	1.509	-5.207	61200000
