chr9	3000000	4000000	8.674	-0.485	1.508	3000000
chr9	4000000	5000000	7.959	-1.049	2.287	4000000
chr9	5000000	6000000	7.878	-1.586	2.885	5000000
chr9	6000000	7000000	8.238	-2.103	2.48	6000000
chr9	7000000	8000000	8.093	-2.34	1.614	7000000
chr9	8000000	9000000	7.01	-2.817	1.995	8000000
chr9	9000000	10000000	6.755	-2.209	2.288	9000000
chr9	10000000	11000000	6.041	-1.539	2.296	10000000
chr9	11000000	12000000	6.82	-0.922	2.082	11000000
chr9	12000000	13000000	6.746	-0.066	2.736	12000000
chr9	13000000	14000000	7.243	-0.098	2.605	13000000
chr9	14000000	15000000	6.613	-1.063	2.696	14000000
chr9	15000000	16000000	5.468	-1.346	3.031	15000000
chr9	16000000	17000000	5.888	-0.272	2.441	16000000
chr9	17000000	18000000	5.571	0.475	1.953	17000000
chr9	18000000	19000000	5.821	0.142	1.665	18000000
chr9	19000000	20000000	4.668	-0.352	1.691	19000000
chr9	20000000	21000000	4.364	-1.032	1.686	20000000
chr9	21000000	22000000	3.794	-1.558	2.366	21000000
chr9	22000000	23000000	2.899	-2.109	2.797	22000000
chr9	23000000	24000000	2.133	-1.195	2.794	23000000
chr9	24000000	25000000	1.37	-0.355	2.27	24000000
chr9	25000000	26000000	1.395	-0.594	2.837	25000000
chr9	26000000	27000000	2.692	0.9	1.723	26000000
chr9	27000000	28000000	2.869	0.455	1.357	27000000
chr9	28000000	29000000	2.214	0.759	2.631	28000000
chr9	29000000	30000000	2.743	1.618	2.329	29000000
chr9	30000000	31000000	2.951	0.601	2.495	30000000
chr9	31000000	32000000	2.835	0.227	2.744	31000000
chr9	32000000	33000000	3.308	1.224	3.24	32000000
chr9	33000000	34000000	4.14	1.331	4.453	33000000
chr9	34000000	35000000	4.798	0.898	5.25	34000000
chr9	35000000	36000000	5.536	1.588	4.826	35000000
chr9	36000000	37000000	4.948	2.213	4.497	36000000
chr9	37000000	38000000	4.82	2.495	3.427	37000000
chr9	38000000	39000000	5.357	1.772	3.689	38000000
chr9	39000000	40000000	6.258	1.468	3.053	39000000
chr9	40000000	41000000	6.166	1.682	3.43	40000000
chr9	41000000	42000000	5.821	0.461	3.615	41000000
chr9	42000000	43000000	4.854	-0.226	3.764	42000000
chr9	43000000	44000000	3.868	-0.554	3.585	43000000
chr9	44000000	45000000	2.955	-0.341	4.244	44000000
chr9	45000000	46000000	1.66	-0.13	4.437	45000000
chr9	46000000	47000000	2.031	-0.529	3.765	46000000
chr9	47000000	48000000	2.479	-1.088	2.262	47000000
chr9	48000000	49000000	2.651	-0.89	1.158	48000000
chr9	49000000	50000000	3.157	-0.865	1.154	49000000
chr9	50000000	51000000	2.341	-0.861	1.497	50000000
chr9	51000000	52000000	2.117	-1.513	2.022	51000000
chr9	52000000	53000000	1.278	-2.019	2.208	52000000
chr9	53000000	54000000	0.417	-2.458	2.175	53000000
chr9	54000000	55000000	0.173	-3.661	2.217	54000000
chr9	55000000	56000000	0.448	-4.289	1.968	55000000
chr9	56000000	57000000	1.46	-4.141	1.905	56000000
chr9	57000000	58000000	2.223	-4.196	1.654	57000000
chr9	58000000	59000000	3.172	-4.165	2.094	58000000
chr9	59000000	60000000	4.256	-4.069	1.983	59000000
chr9	60000000	61000000	4.319	-3.718	1.52	60000000
chr9	61000000	62000000	4.146	-4.681	1.48	61000000
chr9	62000000	63000000	4.086	-4.6	0.916	62000000
chr9	63000000	64000000	3.405	-4.3	1.019	63000000
chr9	64000000	65000000	4.049	-3.208	1.272	64000000
chr9	65000000	66000000	3.705	-2.676	1.041	65000000
chr9	66000000	67000000	2.993	-2.684	1.533	66000000
chr9	67000000	68000000	2.399	-3.121	1.983	67000000
chr9	68000000	69000000	2.115	-2.646	1.435	68000000
chr9	69000000	70000000	1.837	-1.772	1.365	69000000
chr9	70000000	71000000	1.112	-1.68	2.206	70000000
chr9	71000000	72000000	1.423	-2.516	2.834	71000000
chr9	72000000	73000000	0.959	-2.192	3.874	72000000
chr9	73000000	74000000	2.049	-1.822	4.306	73000000
chr9	74000000	75000000	3.326	-1.643	4.708	74000000
chr9	75000000	76000000	4.313	-1.56	4.992	75000000
chr9	76000000	77000000	5.037	-0.879	4.491	76000000
chr9	77000000	78000000	4.451	-0.02	4.98	77000000
chr9	78000000	79000000	4.541	0.231	4.87	78000000
chr9	79000000	80000000	4.394	0.715	3.306	79000000
chr9	80000000	81000000	4.344	1.309	3.389	80000000
chr9	81000000	82000000	4.552	-0.038	3.54	81000000
chr9	82000000	83000000	4.583	-1.1	3.66	82000000
chr9	83000000	84000000	5.452	-0.726	3.553	83000000
chr9	84000000	85000000	6.078	-0.467	3.525	84000000
chr9	85000000	86000000	6.155	-1.725	3.1	85000000
chr9	86000000	87000000	5.942	-1.742	3.625	86000000
chr9	87000000	88000000	5.621	-2.094	3.993	87000000
chr9	88000000	89000000	5.369	-3.22	5.106	88000000
chr9	89000000	90000000	5.643	-3.306	5.972	89000000
chr9	90000000	91000000	4.487	-2.584	6.161	90000000
chr9	91000000	92000000	5.384	-2.014	6.228	91000000
chr9	92000000	93000000	5.347	-1.785	5.332	92000000
chr9	93000000	94000000	5.995	-2.382	4.934	93000000
chr9	94000000	95000000	6.43	-2.577	4.088	94000000
chr9	95000000	96000000	5.514	-3.383	3.947	95000000
chr9	96000000	97000000	5.51	-3.538	4.327	96000000
chr9	97000000	98000000	3.655	-4.292	2.777	97000000
chr9	98000000	99000000	2.1	-4.342	2.906	98000000
chr9	99000000	100000000	1.264	-4.655	3.53	99000000
chr9	100000000	101000000	0.67	-4.148	3.98	100000000
chr9	101000000	102000000	1.302	-3.593	3.214	101000000
chr9	102000000	103000000	1.719	-3.431	3.498	102000000
chr9	103000000	104000000	0.92	-3.436	3.999	103000000
chr9	104000000	105000000	1.549	-3.525	3.878	104000000
chr9	105000000	106000000	1.951	-3.346	4.088	105000000
chr9	106000000	107000000	2.299	-2.518	4.045	106000000
chr9	107000000	108000000	1.756	-1.519	3.724	107000000
chr9	108000000	109000000	0.575	-1.774	3.702	108000000
chr9	109000000	110000000	0.23	-0.827	4.853	109000000
chr9	110000000	111000000	0.538	-1.351	5.282	110000000
chr9	111000000	112000000	0.38	-1.135	5.745	111000000
chr9	112000000	113000000	1.707	-0.593	6.603	112000000
chr9	113000000	114000000	2.871	-0.14	7.179	113000000
chr9	114000000	115000000	2.319	-0.405	7.196	114000000
chr9	115000000	116000000	2.43	-0.547	6.037	115000000
chr9	116000000	117000000	3.276	-0.403	6.035	116000000
chr9	117000000	118000000	3.691	-0.318	6.295	117000000
chr9	118000000	119000000	4.107	-0.075	6.411	118000000
chr9	119000000	120000000	3.428	-0.158	5.446	119000000
chr9	120000000	121000000	2.922	-0.555	5.278	120000000
chr9	121000000	122000000	2.71	-1.588	4.753	121000000
chr9	122000000	123000000	3.389	-1.66	5.497	122000000
chr9	123000000	124000000	4.103	-0.843	5.433	123000000
chr9	124000000	125000000	4.907	-0.904	5.379	124000000
