chr9	3000000	4000000	5.19	-3.654	4.934	3000000
chr9	4000000	5000000	4.101	-4.111	4.459	4000000
chr9	5000000	6000000	4.064	-4.559	3.944	5000000
chr9	6000000	7000000	3.88	-4.681	2.821	6000000
chr9	7000000	8000000	2.974	-3.297	2.106	7000000
chr9	8000000	9000000	1.78	-2.969	2.288	8000000
chr9	9000000	10000000	1.646	-2.761	2.344	9000000
chr9	10000000	11000000	1.782	-2.525	2.073	10000000
chr9	11000000	12000000	1.267	-2.468	0.878	11000000
chr9	12000000	13000000	1.44	-2.266	1.008	12000000
chr9	13000000	14000000	0.96	-1.968	0.882	13000000
chr9	14000000	15000000	0.79	-2.944	0.66	14000000
chr9	15000000	16000000	0.1	-3.321	1.362	15000000
chr9	16000000	17000000	1.488	-4.25	1.393	16000000
chr9	17000000	18000000	1.753	-4.318	1.323	17000000
chr9	18000000	19000000	2.06	-4.632	1.984	18000000
chr9	19000000	20000000	2.549	-5.272	1.699	19000000
chr9	20000000	21000000	2.997	-5.198	2.001	20000000
chr9	21000000	22000000	2.056	-5.238	2.485	21000000
chr9	22000000	23000000	0.777	-5.537	2.675	22000000
chr9	23000000	24000000	1.515	-6.331	3.125	23000000
chr9	24000000	25000000	2.314	-5.994	4.099	24000000
chr9	25000000	26000000	2.7	-5.862	4.028	25000000
chr9	26000000	27000000	3.003	-7.067	3.929	26000000
chr9	27000000	28000000	3.107	-6.906	3.312	27000000
chr9	28000000	29000000	2.94	-5.892	3.181	28000000
chr9	29000000	30000000	3.039	-4.936	3.43	29000000
chr9	30000000	31000000	2.635	-5.237	3.559	30000000
chr9	31000000	32000000	2.57	-4.968	3.036	31000000
chr9	32000000	33000000	2.229	-4.312	3.467	32000000
chr9	33000000	34000000	2.812	-3.143	5.425	33000000
chr9	34000000	35000000	3.264	-3.755	5.521	34000000
chr9	35000000	36000000	3.35	-3.914	4.723	35000000
chr9	36000000	37000000	3.112	-3.647	4.278	36000000
chr9	37000000	38000000	2.583	-3.927	3.787	37000000
chr9	38000000	39000000	2.959	-3.889	2.505	38000000
chr9	39000000	40000000	3.835	-3.989	2.471	39000000
chr9	40000000	41000000	3.202	-3.071	3.14	40000000
chr9	41000000	42000000	1.907	-3.284	3.338	41000000
chr9	42000000	43000000	0.812	-4.347	3.399	42000000
chr9	43000000	44000000	0.91	-5.12	3.344	43000000
chr9	44000000	45000000	-0.357	-4.949	3.149	44000000
chr9	45000000	46000000	-0.577	-5.631	2.518	45000000
chr9	46000000	47000000	-1.042	-5.039	1.452	46000000
chr9	47000000	48000000	-1.36	-4.281	1.512	47000000
chr9	48000000	49000000	-1.523	-3.378	1.134	48000000
chr9	49000000	50000000	-1.38	-2.645	0.816	49000000
chr9	50000000	51000000	-0.815	-2.637	0.76	50000000
chr9	51000000	52000000	-0.33	-3.144	1.583	51000000
chr9	52000000	53000000	0.239	-2.792	2.471	52000000
chr9	53000000	54000000	0.884	-3.161	3.178	53000000
chr9	54000000	55000000	0.521	-3.609	3.856	54000000
chr9	55000000	56000000	-0.35	-3.104	3.652	55000000
chr9	56000000	57000000	-1.104	-2.465	3.017	56000000
chr9	57000000	58000000	-0.692	-2.112	2.309	57000000
chr9	58000000	59000000	-1.293	-1.158	2.111	58000000
chr9	59000000	60000000	-1.554	0.244	2.002	59000000
chr9	60000000	61000000	-0.784	0.276	2.215	60000000
chr9	61000000	62000000	0.163	0.784	2.268	61000000
chr9	62000000	63000000	-0.48	0.514	2.036	62000000
chr9	63000000	64000000	-0.998	-0.847	1.711	63000000
chr9	64000000	65000000	-1.267	-0.84	3.24	64000000
chr9	65000000	66000000	-1.082	-1.46	3.261	65000000
chr9	66000000	67000000	-1.058	-2.889	3.427	66000000
chr9	67000000	68000000	0.285	-2.943	3.107	67000000
chr9	68000000	69000000	0.818	-2.091	3.538	68000000
chr9	69000000	70000000	0.349	-2.105	3.55	69000000
chr9	70000000	71000000	-0.153	-0.68	2.978	70000000
chr9	71000000	72000000	-1.484	0.824	1.831	71000000
chr9	72000000	73000000	-2.113	0.748	1.094	72000000
chr9	73000000	74000000	-2.498	0.918	1.167	73000000
chr9	74000000	75000000	-3.194	1.76	0.674	74000000
chr9	75000000	76000000	-3.542	1.911	0.294	75000000
chr9	76000000	77000000	-2.72	2.055	0.43	76000000
chr9	77000000	78000000	-3.077	1.586	-0.639	77000000
chr9	78000000	79000000	-3.463	1.149	-0.213	78000000
chr9	79000000	80000000	-4.59	-0.114	1.46	79000000
chr9	80000000	81000000	-5.047	-0.771	2.405	80000000
chr9	81000000	82000000	-5.161	-1.351	2.562	81000000
chr9	82000000	83000000	-5.551	-2.151	2.992	82000000
chr9	83000000	84000000	-6.144	-1.64	3.572	83000000
chr9	84000000	85000000	-5.71	-1.024	2.598	84000000
chr9	85000000	86000000	-3.861	0.642	1.37	85000000
chr9	86000000	87000000	-4.328	0.425	1.238	86000000
chr9	87000000	88000000	-4.501	0.292	0.186	87000000
chr9	88000000	89000000	-4.447	-0.442	-0.482	88000000
chr9	89000000	90000000	-3.854	-1.043	-1.207	89000000
chr9	90000000	91000000	-3.157	0.339	-0.556	90000000
chr9	91000000	92000000	-2.381	1.166	-0.574	91000000
chr9	92000000	93000000	-2.169	0.571	-0.808	92000000
chr9	93000000	94000000	-1.632	-0.568	-0.817	93000000
chr9	94000000	95000000	-1.334	-0.292	-0.175	94000000
chr9	95000000	96000000	-1.8	-0.171	0.169	95000000
chr9	96000000	97000000	-1.531	-0.777	0.316	96000000
chr9	97000000	98000000	-2.071	-2.784	-0.529	97000000
chr9	98000000	99000000	-2.326	-4.126	-0.52	98000000
chr9	99000000	100000000	-1.964	-3.91	-0.18	99000000
chr9	100000000	101000000	-2.702	-3.509	-0.261	100000000
chr9	101000000	102000000	-2.344	-3.743	-0.098	101000000
chr9	102000000	103000000	-1.962	-4.628	-0.215	102000000
chr9	103000000	104000000	-1.928	-5.375	0.016	103000000
chr9	104000000	105000000	-2.59	-5.796	-0.446	104000000
chr9	105000000	106000000	-1.971	-5.954	0.008	105000000
chr9	106000000	107000000	-1.697	-6.564	0.368	106000000
chr9	107000000	108000000	-1.484	-6.784	0.121	107000000
chr9	108000000	109000000	-2.747	-6.544	0.562	108000000
chr9	109000000	110000000	-3.193	-5.351	0.274	109000000
chr9	110000000	111000000	-4.536	-2.899	0.318	110000000
chr9	111000000	112000000	-4.957	-1.533	1.161	111000000
chr9	112000000	113000000	-4.709	-2.255	1.819	112000000
chr9	113000000	114000000	-4.943	-3.114	3.167	113000000
chr9	114000000	115000000	-4.531	-2.439	2.21	114000000
chr9	115000000	116000000	-3.643	-2.056	1.589	115000000
chr9	116000000	117000000	-3.581	-1.812	1.486	116000000
chr9	117000000	118000000	-4.211	-2.701	0.975	117000000
chr9	118000000	119000000	-3.995	-3.428	0.404	118000000
chr9	119000000	120000000	-3.375	-4.396	0.701	119000000
chr9	120000000	121000000	-2.315	-4.146	1.131	120000000
chr9	121000000	122000000	-1.661	-3.27	2.24	121000000
chr9	122000000	123000000	-1.755	-2.374	1.82	122000000
chr9	123000000	124000000	-1.821	-1.049	1.591	123000000
chr9	124000000	125000000	-2.476	-0.942	1.079	124000000
