chr9	2800000	3200000	-4.518	-2.772	1.863	2800000
chr9	3200000	3600000	-4.49	-2.363	2.866	3200000
chr9	3600000	4000000	-5.249	-2.747	3.807	3600000
chr9	4000000	4400000	-5.946	-3.042	4.312	4000000
chr9	4400000	4800000	-5.697	-3.055	4.548	4400000
chr9	4800000	5200000	-5.966	-4.071	5.347	4800000
chr9	5200000	5600000	-6.2	-3.943	4.939	5200000
chr9	5600000	6000000	-5.409	-4.689	6.225	5600000
chr9	6000000	6400000	-5.532	-4.675	7.081	6000000
chr9	6400000	6800000	-5.139	-4.158	7.834	6400000
chr9	6800000	7200000	-5.904	-3.788	7.583	6800000
chr9	7200000	7600000	-6.412	-3.501	6.864	7200000
chr9	7600000	8000000	-6.639	-3.719	6.702	7600000
chr9	8000000	8400000	-5.854	-3.215	5.786	8000000
chr9	8400000	8800000	-5.67	-3.136	5.744	8400000
chr9	8800000	9200000	-5.898	-3.04	6.338	8800000
chr9	9200000	9600000	-6.265	-3.736	6.385	9200000
chr9	9600000	10000000	-6.319	-3.849	6.007	9600000
chr9	10000000	10400000	-7.115	-3.857	5.305	10000000
chr9	10400000	10800000	-8.103	-4.41	4.787	10400000
chr9	10800000	11200000	-7.672	-4.498	5.069	10800000
chr9	11200000	11600000	-6.779	-4.55	4.198	11200000
chr9	11600000	12000000	-6.38	-4.299	4.625	11600000
chr9	12000000	12400000	-6.425	-5.02	4.388	12000000
chr9	12400000	12800000	-7.248	-5.735	4.574	12400000
chr9	12800000	13200000	-7.829	-5.596	5.423	12800000
chr9	13200000	13600000	-7.115	-5.414	4.996	13200000
chr9	13600000	14000000	-6.971	-4.754	6.307	13600000
chr9	14000000	14400000	-7.234	-4.785	6.158	14000000
chr9	14400000	14800000	-7.295	-4.187	6.186	14400000
chr9	14800000	15200000	-7.549	-3.242	6.728	14800000
chr9	15200000	15600000	-6.683	-2.971	6.245	15200000
chr9	15600000	16000000	-6.316	-2.926	6.821	15600000
chr9	16000000	16400000	-7.126	-2.654	7.872	16000000
chr9	16400000	16800000	-6.419	-2.653	7.698	16400000
chr9	16800000	17200000	-6.783	-2.874	7.916	16800000
chr9	17200000	17600000	-6.402	-2.616	8.099	17200000
chr9	17600000	18000000	-5.662	-2.576	8.47	17600000
chr9	18000000	18400000	-5.946	-3.087	9.0	18000000
chr9	18400000	18800000	-5.493	-3.029	8.309	18400000
chr9	18800000	19200000	-4.48	-3.166	7.704	18800000
chr9	19200000	19600000	-3.758	-4.291	8.15	19200000
chr9	19600000	20000000	-4.052	-3.904	8.708	19600000
chr9	20000000	20400000	-3.455	-3.528	8.133	20000000
chr9	20400000	20800000	-3.481	-3.75	7.541	20400000
chr9	20800000	21200000	-3.707	-2.483	6.596	20800000
chr9	21200000	21600000	-4.52	-2.722	5.785	21200000
chr9	21600000	22000000	-5.275	-2.411	4.433	21600000
chr9	22000000	22400000	-4.506	-2.309	5.264	22000000
chr9	22400000	22800000	-4.779	-2.594	5.849	22400000
chr9	22800000	23200000	-4.61	-2.417	6.767	22800000
chr9	23200000	23600000	-4.413	-2.324	7.395	23200000
chr9	23600000	24000000	-4.29	-2.362	6.916	23600000
chr9	24000000	24400000	-4.412	-3.47	7.09	24000000
chr9	24400000	24800000	-4.204	-3.379	6.892	24400000
chr9	24800000	25200000	-4.627	-4.052	5.848	24800000
chr9	25200000	25600000	-4.911	-4.524	5.467	25200000
chr9	25600000	26000000	-4.833	-4.897	5.379	25600000
chr9	26000000	26400000	-4.982	-4.837	5.995	26000000
chr9	26400000	26800000	-4.71	-4.449	6.248	26400000
chr9	26800000	27200000	-4.784	-4.108	7.176	26800000
chr9	27200000	27600000	-3.95	-2.958	8.023	27200000
chr9	27600000	28000000	-4.345	-2.863	9.44	27600000
chr9	28000000	28400000	-4.617	-2.393	9.754	28000000
chr9	28400000	28800000	-4.099	-2.176	10.521	28400000
chr9	28800000	29200000	-3.391	-1.93	10.399	28800000
chr9	29200000	29600000	-3.087	-2.006	10.627	29200000
chr9	29600000	30000000	-3.208	-2.541	10.222	29600000
chr9	30000000	30400000	-3.113	-2.93	9.692	30000000
chr9	30400000	30800000	-3.688	-2.779	9.25	30400000
chr9	30800000	31200000	-3.972	-2.476	8.445	30800000
chr9	31200000	31600000	-3.728	-2.113	8.079	31200000
chr9	31600000	32000000	-3.005	-2.068	8.438	31600000
chr9	32000000	32400000	-3.379	-2.217	9.376	32000000
chr9	32400000	32800000	-4.232	-1.968	8.716	32400000
chr9	32800000	33200000	-4.922	-1.203	9.351	32800000
chr9	33200000	33600000	-5.028	-1.102	9.289	33200000
chr9	33600000	34000000	-5.605	-1.05	9.064	33600000
chr9	34000000	34400000	-6.032	-0.769	8.312	34000000
chr9	34400000	34800000	-6.072	-0.953	9.527	34400000
chr9	34800000	35200000	-5.623	-0.218	8.847	34800000
chr9	35200000	35600000	-5.473	-0.483	8.662	35200000
chr9	35600000	36000000	-4.97	-0.972	8.647	35600000
chr9	36000000	36400000	-5.289	-2.296	9.647	36000000
chr9	36400000	36800000	-5.47	-2.321	9.852	36400000
chr9	36800000	37200000	-4.772	-1.806	8.59	36800000
chr9	37200000	37600000	-5.312	-1.23	7.807	37200000
chr9	37600000	38000000	-5.341	-1.73	7.961	37600000
chr9	38000000	38400000	-5.921	-1.555	8.171	38000000
chr9	38400000	38800000	-7.214	-1.836	8.208	38400000
chr9	38800000	39200000	-7.774	-2.612	7.787	38800000
chr9	39200000	39600000	-7.827	-3.527	6.966	39200000
chr9	39600000	40000000	-8.15	-3.475	6.62	39600000
chr9	40000000	40400000	-8.675	-2.586	7.075	40000000
chr9	40400000	40800000	-7.704	-2.292	6.23	40400000
chr9	40800000	41200000	-6.726	-1.435	5.668	40800000
chr9	41200000	41600000	-6.128	-1.102	4.907	41200000
chr9	41600000	42000000	-6.101	-0.199	4.959	41600000
chr9	42000000	42400000	-6.757	-0.115	5.053	42000000
chr9	42400000	42800000	-6.698	-0.717	4.905	42400000
chr9	42800000	43200000	-5.704	-0.714	3.859	42800000
chr9	43200000	43600000	-5.904	-0.656	4.497	43200000
chr9	43600000	44000000	-5.38	-0.737	5.313	43600000
chr9	44000000	44400000	-4.322	-0.957	5.775	44000000
chr9	44400000	44800000	-3.487	-1.431	5.619	44400000
chr9	44800000	45200000	-2.424	-1.272	6.037	44800000
chr9	45200000	45600000	-2.537	-1.426	6.822	45200000
chr9	45600000	46000000	-2.832	-1.287	6.824	45600000
chr9	46000000	46400000	-3.208	-0.536	7.464	46000000
chr9	46400000	46800000	-3.356	-0.307	7.691	46400000
chr9	46800000	47200000	-4.29	-0.549	8.366	46800000
chr9	47200000	47600000	-4.695	-0.748	9.273	47200000
chr9	47600000	48000000	-3.789	-0.811	9.437	47600000
chr9	48000000	48400000	-3.904	-0.774	10.087	48000000
chr9	48400000	48800000	-3.491	-0.973	9.885	48400000
chr9	48800000	49200000	-3.707	-0.461	9.451	48800000
chr9	49200000	49600000	-2.721	0.119	9.934	49200000
chr9	49600000	50000000	-1.847	0.07	10.142	49600000
chr9	50000000	50400000	-1.481	-0.033	9.14	50000000
chr9	50400000	50800000	-1.029	-0.14	10.081	50400000
chr9	50800000	51200000	-0.307	-0.173	9.593	50800000
chr9	51200000	51600000	-0.052	0.588	10.225	51200000
chr9	51600000	52000000	0.151	0.782	9.906	51600000
chr9	52000000	52400000	-0.494	0.648	10.631	52000000
chr9	52400000	52800000	-1.317	-0.312	10.668	52400000
chr9	52800000	53200000	-1.299	-0.732	11.413	52800000
chr9	53200000	53600000	-1.741	-0.802	10.849	53200000
chr9	53600000	54000000	-1.995	-0.357	9.887	53600000
chr9	54000000	54400000	-2.754	-0.11	8.948	54000000
chr9	54400000	54800000	-2.983	0.572	9.143	54400000
chr9	54800000	55200000	-3.658	0.146	8.353	54800000
chr9	55200000	55600000	-4.136	0.241	9.283	55200000
chr9	55600000	56000000	-4.686	1.27	9.947	55600000
chr9	56000000	56400000	-4.569	1.81	10.278	56000000
chr9	56400000	56800000	-4.11	2.025	9.164	56400000
chr9	56800000	57200000	-4.106	2.087	9.168	56800000
chr9	57200000	57600000	-3.022	1.267	8.019	57200000
chr9	57600000	58000000	-2.709	1.624	7.275	57600000
chr9	58000000	58400000	-2.291	1.836	6.317	58000000
chr9	58400000	58800000	-3.589	1.712	5.147	58400000
chr9	58800000	59200000	-4.079	1.678	5.923	58800000
chr9	59200000	59600000	-4.979	1.881	5.888	59200000
chr9	59600000	60000000	-5.174	1.505	4.317	59600000
chr9	60000000	60400000	-4.535	2.112	3.83	60000000
chr9	60400000	60800000	-3.431	2.246	5.114	60400000
chr9	60800000	61200000	-2.668	1.896	5.86	60800000
chr9	61200000	61600000	-2.765	1.846	6.486	61200000
chr9	61600000	62000000	-2.056	3.011	7.343	61600000
chr9	62000000	62400000	-1.91	3.309	7.183	62000000
chr9	62400000	62800000	-1.07	3.171	6.77	62400000
chr9	62800000	63200000	-1.187	2.878	5.921	62800000
chr9	63200000	63600000	-0.575	2.473	5.383	63200000
chr9	63600000	64000000	-0.18	2.302	5.713	63600000
chr9	64000000	64400000	0.348	2.45	6.244	64000000
chr9	64400000	64800000	0.557	2.571	6.725	64400000
chr9	64800000	65200000	1.028	2.867	7.278	64800000
chr9	65200000	65600000	0.945	2.371	6.32	65200000
chr9	65600000	66000000	1.383	1.331	5.899	65600000
chr9	66000000	66400000	1.17	1.525	6.112	66000000
chr9	66400000	66800000	0.927	0.439	6.186	66400000
chr9	66800000	67200000	0.413	0.239	6.193	66800000
chr9	67200000	67600000	0.307	0.285	6.892	67200000
chr9	67600000	68000000	0.054	0.207	7.588	67600000
chr9	68000000	68400000	-0.716	1.36	6.907	68000000
chr9	68400000	68800000	-0.703	1.915	7.473	68400000
chr9	68800000	69200000	-0.534	1.912	7.385	68800000
chr9	69200000	69600000	-0.83	1.707	8.4	69200000
chr9	69600000	70000000	-0.515	1.552	8.3	69600000
chr9	70000000	70400000	-0.133	0.959	8.518	70000000
chr9	70400000	70800000	-1.222	0.292	8.609	70400000
chr9	70800000	71200000	-1.116	0.75	8.569	70800000
chr9	71200000	71600000	-1.302	0.981	8.155	71200000
chr9	71600000	72000000	-1.73	1.373	7.867	71600000
chr9	72000000	72400000	-1.305	1.391	7.844	72000000
chr9	72400000	72800000	-0.265	0.792	7.805	72400000
chr9	72800000	73200000	0.27	0.602	9.264	72800000
chr9	73200000	73600000	-0.534	1.168	10.124	73200000
chr9	73600000	74000000	0.003	1.883	11.013	73600000
chr9	74000000	74400000	0.646	1.826	10.793	74000000
chr9	74400000	74800000	0.994	0.936	11.067	74400000
chr9	74800000	75200000	1.265	0.615	10.736	74800000
chr9	75200000	75600000	0.741	-0.511	11.101	75200000
chr9	75600000	76000000	0.518	-0.831	9.985	75600000
chr9	76000000	76400000	0.548	-0.67	11.545	76000000
chr9	76400000	76800000	-0.033	0.116	11.73	76400000
chr9	76800000	77200000	-0.505	1.089	11.593	76800000
chr9	77200000	77600000	-1.371	1.372	10.507	77200000
chr9	77600000	78000000	-1.67	0.898	9.659	77600000
chr9	78000000	78400000	-1.758	1.947	10.126	78000000
chr9	78400000	78800000	-2.458	0.941	9.562	78400000
chr9	78800000	79200000	-2.321	1.916	9.274	78800000
chr9	79200000	79600000	-1.81	2.735	9.373	79200000
chr9	79600000	80000000	-1.453	2.599	9.653	79600000
chr9	80000000	80400000	-2.31	2.594	10.689	80000000
chr9	80400000	80800000	-3.688	2.483	10.933	80400000
chr9	80800000	81200000	-2.992	1.916	10.705	80800000
chr9	81200000	81600000	-2.673	1.602	11.282	81200000
chr9	81600000	82000000	-3.318	1.796	11.576	81600000
chr9	82000000	82400000	-2.401	1.486	11.606	82000000
chr9	82400000	82800000	-2.911	0.723	11.893	82400000
chr9	82800000	83200000	-3.737	0.592	11.687	82800000
chr9	83200000	83600000	-3.191	2.099	10.76	83200000
chr9	83600000	84000000	-2.277	1.68	11.215	83600000
chr9	84000000	84400000	-1.678	2.027	10.575	84000000
chr9	84400000	84800000	-2.011	3.235	10.16	84400000
chr9	84800000	85200000	-1.87	2.702	10.309	84800000
chr9	85200000	85600000	-2.389	1.479	10.236	85200000
chr9	85600000	86000000	-2.139	2.249	9.762	85600000
chr9	86000000	86400000	-2.211	1.856	9.269	86000000
chr9	86400000	86800000	-2.192	1.565	8.88	86400000
chr9	86800000	87200000	-2.183	2.28	9.185	86800000
chr9	87200000	87600000	-1.036	2.419	8.436	87200000
chr9	87600000	88000000	-0.372	2.357	8.675	87600000
chr9	88000000	88400000	-0.042	1.73	8.099	88000000
chr9	88400000	88800000	0.416	1.606	7.898	88400000
chr9	88800000	89200000	0.105	1.423	7.801	88800000
chr9	89200000	89600000	0.535	2.007	9.081	89200000
chr9	89600000	90000000	-0.56	2.243	9.652	89600000
chr9	90000000	90400000	-0.755	2.606	10.181	90000000
chr9	90400000	90800000	-0.897	2.942	9.369	90400000
chr9	90800000	91200000	-0.566	3.87	10.094	90800000
chr9	91200000	91600000	0.178	3.359	10.729	91200000
chr9	91600000	92000000	-0.341	3.468	10.356	91600000
chr9	92000000	92400000	-0.559	3.749	10.64	92000000
chr9	92400000	92800000	0.808	3.722	10.618	92400000
chr9	92800000	93200000	1.57	4.206	10.015	92800000
chr9	93200000	93600000	1.335	4.005	10.787	93200000
chr9	93600000	94000000	0.986	4.855	10.35	93600000
chr9	94000000	94400000	1.577	4.699	9.4	94000000
chr9	94400000	94800000	0.784	4.717	9.953	94400000
chr9	94800000	95200000	0.265	5.014	9.216	94800000
chr9	95200000	95600000	-0.339	4.95	9.083	95200000
chr9	95600000	96000000	-0.079	4.1	9.308	95600000
chr9	96000000	96400000	0.494	3.504	9.141	96000000
chr9	96400000	96800000	1.355	2.934	7.557	96400000
chr9	96800000	97200000	1.837	2.984	7.35	96800000
chr9	97200000	97600000	2.407	3.424	8.521	97200000
chr9	97600000	98000000	1.814	3.935	8.58	97600000
chr9	98000000	98400000	2.255	3.872	9.033	98000000
chr9	98400000	98800000	2.725	3.697	9.602	98400000
chr9	98800000	99200000	2.233	3.373	9.771	98800000
chr9	99200000	99600000	1.875	2.529	9.136	99200000
chr9	99600000	100000000	1.089	2.648	9.604	99600000
chr9	100000000	100400000	0.794	2.036	10.614	100000000
chr9	100400000	100800000	0.548	1.709	10.238	100400000
chr9	100800000	101200000	0.87	1.285	9.726	100800000
chr9	101200000	101600000	1.579	1.699	9.295	101200000
chr9	101600000	102000000	2.405	2.887	9.829	101600000
chr9	102000000	102400000	2.693	2.154	10.149	102000000
chr9	102400000	102800000	2.962	2.135	9.664	102400000
chr9	102800000	103200000	3.074	1.979	9.023	102800000
chr9	103200000	103600000	2.412	1.905	8.312	103200000
chr9	103600000	104000000	2.086	1.793	7.852	103600000
chr9	104000000	104400000	1.896	2.298	7.815	104000000
chr9	104400000	104800000	2.08	2.937	7.504	104400000
chr9	104800000	105200000	2.677	3.816	7.831	104800000
chr9	105200000	105600000	2.993	4.752	8.425	105200000
chr9	105600000	106000000	1.712	4.323	7.948	105600000
chr9	106000000	106400000	1.194	3.919	8.575	106000000
chr9	106400000	106800000	0.383	3.447	8.013	106400000
chr9	106800000	107200000	-0.643	3.193	8.036	106800000
chr9	107200000	107600000	-1.874	3.52	8.889	107200000
chr9	107600000	108000000	-1.665	3.017	8.719	107600000
chr9	108000000	108400000	-1.226	2.498	7.354	108000000
chr9	108400000	108800000	-1.414	1.88	6.328	108400000
chr9	108800000	109200000	-1.727	1.065	6.082	108800000
chr9	109200000	109600000	-1.555	1.352	6.68	109200000
chr9	109600000	110000000	-0.962	1.819	7.198	109600000
chr9	110000000	110400000	0.083	1.243	6.68	110000000
chr9	110400000	110800000	0.505	1.189	7.224	110400000
chr9	110800000	111200000	1.4	1.048	7.922	110800000
chr9	111200000	111600000	1.981	1.515	9.168	111200000
chr9	111600000	112000000	2.015	0.73	10.028	111600000
chr9	112000000	112400000	1.787	1.321	11.048	112000000
chr9	112400000	112800000	2.526	1.771	10.824	112400000
chr9	112800000	113200000	2.395	1.707	10.687	112800000
chr9	113200000	113600000	1.8	2.403	10.841	113200000
chr9	113600000	114000000	1.656	2.42	9.686	113600000
chr9	114000000	114400000	1.017	2.528	9.217	114000000
chr9	114400000	114800000	-0.62	2.699	7.465	114400000
chr9	114800000	115200000	-0.732	3.133	6.876	114800000
chr9	115200000	115600000	-0.315	4.291	6.506	115200000
chr9	115600000	116000000	0.009	4.467	7.5	115600000
chr9	116000000	116400000	-0.158	4.027	8.263	116000000
chr9	116400000	116800000	0.209	4.162	8.776	116400000
chr9	116800000	117200000	0.659	3.448	8.286	116800000
chr9	117200000	117600000	1.22	3.711	8.009	117200000
chr9	117600000	118000000	1.819	4.751	8.517	117600000
chr9	118000000	118400000	2.763	5.05	8.276	118000000
chr9	118400000	118800000	3.499	4.39	7.959	118400000
chr9	118800000	119200000	3.491	3.651	7.357	118800000
chr9	119200000	119600000	3.158	3.744	7.037	119200000
chr9	119600000	120000000	3.089	2.512	6.306	119600000
chr9	120000000	120400000	2.609	2.302	6.187	120000000
chr9	120400000	120800000	2.543	2.487	6.103	120400000
chr9	120800000	121200000	2.688	1.917	7.087	120800000
chr9	121200000	121600000	4.095	2.687	8.125	121200000
chr9	121600000	122000000	4.199	2.085	7.702	121600000
chr9	122000000	122400000	4.083	1.444	7.925	122000000
chr9	122400000	122800000	3.759	1.535	8.495	122400000
chr9	122800000	123200000	3.073	0.921	9.277	122800000
chr9	123200000	123600000	3.229	0.721	8.678	123200000
chr9	123600000	124000000	3.276	1.363	9.326	123600000
chr9	124000000	124400000	4.712	1.622	9.751	124000000
chr9	124400000	124800000	5.029	1.045	8.849	124400000
