chrX	2800000	3200000	4.794	8.799	5.413	2800000
chrX	3200000	3600000	5.797	8.521	5.182	3200000
chrX	3600000	4000000	6.843	9.014	4.88	3600000
chrX	4000000	4400000	6.467	10.175	5.063	4000000
chrX	4400000	4800000	5.864	10.753	4.375	4400000
chrX	4800000	5200000	5.403	10.28	3.44	4800000
chrX	5200000	5600000	4.984	9.21	3.494	5200000
chrX	5600000	6000000	5.689	8.38	3.32	5600000
chrX	6000000	6400000	6.719	7.682	3.532	6000000
chrX	6400000	6800000	7.624	7.601	4.463	6400000
chrX	6800000	7200000	7.079	7.282	5.268	6800000
chrX	7200000	7600000	6.118	7.078	4.752	7200000
chrX	7600000	8000000	6.406	7.086	4.118	7600000
chrX	8000000	8400000	6.714	6.371	3.557	8000000
chrX	8400000	8800000	7.207	6.517	2.748	8400000
chrX	8800000	9200000	8.322	7.417	3.127	8800000
chrX	9200000	9600000	8.453	7.204	3.417	9200000
chrX	9600000	10000000	8.375	6.112	3.057	9600000
chrX	10000000	10400000	8.845	6.16	2.474	10000000
chrX	10400000	10800000	8.45	5.871	3.503	10400000
chrX	10800000	11200000	7.23	6.337	3.933	10800000
chrX	11200000	11600000	5.318	5.413	3.931	11200000
chrX	11600000	12000000	4.115	5.232	3.971	11600000
chrX	12000000	12400000	4.135	5.418	4.86	12000000
chrX	12400000	12800000	4.813	4.955	5.352	12400000
chrX	12800000	13200000	6.068	4.597	5.887	12800000
chrX	13200000	13600000	5.967	4.652	6.269	13200000
chrX	13600000	14000000	6.134	5.713	5.398	13600000
chrX	14000000	14400000	7.078	5.818	5.856	14000000
chrX	14400000	14800000	6.935	6.481	6.036	14400000
chrX	14800000	15200000	7.219	7.194	6.707	14800000
chrX	15200000	15600000	7.183	7.337	7.328	15200000
chrX	15600000	16000000	6.091	7.238	6.832	15600000
chrX	16000000	16400000	5.843	7.175	7.416	16000000
chrX	16400000	16800000	4.977	6.761	6.58	16400000
chrX	16800000	17200000	5.571	6.506	6.43	16800000
chrX	17200000	17600000	5.632	6.782	5.7	17200000
chrX	17600000	18000000	5.67	6.365	4.455	17600000
chrX	18000000	18400000	5.361	6.439	3.376	18000000
chrX	18400000	18800000	4.827	6.677	3.099	18400000
chrX	18800000	19200000	4.917	6.047	2.12	18800000
chrX	19200000	19600000	4.825	5.291	1.84	19200000
chrX	19600000	20000000	5.862	5.956	1.553	19600000
chrX	20000000	20400000	5.811	5.263	1.0	20000000
chrX	20400000	20800000	6.039	4.933	0.643	20400000
chrX	20800000	21200000	7.028	4.042	0.323	20800000
chrX	21200000	21600000	7.044	4.331	-0.364	21200000
chrX	21600000	22000000	7.318	4.654	0.631	21600000
chrX	22000000	22400000	7.633	5.707	0.925	22000000
chrX	22400000	22800000	7.102	6.253	0.74	22400000
chrX	22800000	23200000	7.167	6.513	0.185	22800000
chrX	23200000	23600000	6.316	6.942	0.111	23200000
chrX	23600000	24000000	6.549	6.853	-0.437	23600000
chrX	24000000	24400000	7.257	8.036	-0.817	24000000
chrX	24400000	24800000	7.39	8.427	-0.516	24400000
chrX	24800000	25200000	7.233	9.774	-0.192	24800000
chrX	25200000	25600000	8.242	10.339	0.014	25200000
chrX	25600000	26000000	9.022	9.336	0.029	25600000
chrX	26000000	26400000	8.665	8.554	-0.351	26000000
chrX	26400000	26800000	8.494	9.142	-1.332	26400000
chrX	26800000	27200000	8.844	9.95	-1.872	26800000
chrX	27200000	27600000	8.804	10.483	-2.775	27200000
chrX	27600000	28000000	8.719	11.563	-3.036	27600000
chrX	28000000	28400000	8.624	12.4	-2.291	28000000
chrX	28400000	28800000	8.682	13.289	-1.679	28400000
chrX	28800000	29200000	9.38	13.566	-0.883	28800000
chrX	29200000	29600000	9.691	13.208	0.071	29200000
chrX	29600000	30000000	10.152	12.254	0.382	29600000
chrX	30000000	30400000	10.655	11.668	1.155	30000000
chrX	30400000	30800000	10.474	10.924	1.836	30400000
chrX	30800000	31200000	10.376	10.357	2.728	30800000
chrX	31200000	31600000	10.555	9.576	3.34	31200000
chrX	31600000	32000000	10.485	8.638	3.744	31600000
chrX	32000000	32400000	9.87	8.111	4.493	32000000
chrX	32400000	32800000	8.984	7.871	5.081	32400000
chrX	32800000	33200000	8.644	8.441	6.001	32800000
chrX	33200000	33600000	8.084	9.354	5.64	33200000
chrX	33600000	34000000	8.586	9.752	4.669	33600000
chrX	34000000	34400000	8.13	8.997	3.84	34000000
chrX	34400000	34800000	7.175	9.534	3.487	34400000
chrX	34800000	35200000	6.51	9.984	2.601	34800000
chrX	35200000	35600000	5.865	9.572	1.666	35200000
chrX	35600000	36000000	5.405	8.563	1.423	35600000
chrX	36000000	36400000	5.607	7.599	1.663	36000000
chrX	36400000	36800000	6.203	6.621	2.031	36400000
chrX	36800000	37200000	6.366	5.398	3.038	36800000
chrX	37200000	37600000	6.757	4.027	2.68	37200000
chrX	37600000	38000000	6.078	3.341	3.212	37600000
chrX	38000000	38400000	5.649	3.529	3.684	38000000
chrX	38400000	38800000	5.511	2.498	4.275	38400000
chrX	38800000	39200000	4.459	2.324	4.791	38800000
chrX	39200000	39600000	3.89	2.077	3.993	39200000
chrX	39600000	40000000	3.725	3.223	4.137	39600000
chrX	40000000	40400000	3.156	3.71	4.605	40000000
chrX	40400000	40800000	3.513	3.558	4.802	40400000
chrX	40800000	41200000	4.275	3.845	5.462	40800000
chrX	41200000	41600000	5.46	3.713	4.911	41200000
chrX	41600000	42000000	6.628	3.795	4.892	41600000
chrX	42000000	42400000	6.575	4.788	4.359	42000000
chrX	42400000	42800000	7.352	5.539	4.707	42400000
chrX	42800000	43200000	8.069	6.313	5.098	42800000
chrX	43200000	43600000	7.943	6.435	5.751	43200000
chrX	43600000	44000000	7.661	5.404	6.515	43600000
chrX	44000000	44400000	7.708	6.266	7.682	44000000
chrX	44400000	44800000	8.301	6.04	7.517	44400000
chrX	44800000	45200000	9.536	5.766	7.468	44800000
chrX	45200000	45600000	8.955	5.351	7.536	45200000
chrX	45600000	46000000	9.349	4.627	7.051	45600000
chrX	46000000	46400000	9.988	4.214	7.036	46000000
chrX	46400000	46800000	9.638	3.588	7.838	46400000
chrX	46800000	47200000	10.0	2.968	7.116	46800000
chrX	47200000	47600000	10.029	3.278	6.176	47200000
chrX	47600000	48000000	10.78	2.727	5.996	47600000
chrX	48000000	48400000	9.88	3.33	5.764	48000000
chrX	48400000	48800000	8.681	3.221	5.823	48400000
chrX	48800000	49200000	8.617	3.993	5.896	48800000
chrX	49200000	49600000	7.589	4.639	5.533	49200000
chrX	49600000	50000000	8.333	4.955	4.804	49600000
chrX	50000000	50400000	8.923	4.963	5.634	50000000
chrX	50400000	50800000	8.69	5.855	5.725	50400000
chrX	50800000	51200000	8.805	5.076	4.893	50800000
chrX	51200000	51600000	9.185	5.807	3.922	51200000
chrX	51600000	52000000	9.513	6.033	4.666	51600000
chrX	52000000	52400000	9.539	5.025	4.678	52000000
chrX	52400000	52800000	9.573	3.879	4.243	52400000
chrX	52800000	53200000	8.819	3.313	4.715	52800000
chrX	53200000	53600000	9.037	3.565	3.615	53200000
chrX	53600000	54000000	9.076	3.924	4.155	53600000
chrX	54000000	54400000	10.343	4.269	4.357	54000000
chrX	54400000	54800000	11.049	3.941	4.785	54400000
chrX	54800000	55200000	12.174	4.26	4.983	54800000
chrX	55200000	55600000	12.258	5.212	4.322	55200000
chrX	55600000	56000000	11.19	5.402	3.854	55600000
chrX	56000000	56400000	10.343	5.197	3.555	56000000
chrX	56400000	56800000	9.929	6.248	3.361	56400000
chrX	56800000	57200000	9.436	6.169	2.158	56800000
chrX	57200000	57600000	9.371	5.11	2.011	57200000
chrX	57600000	58000000	8.494	4.44	2.081	57600000
chrX	58000000	58400000	8.135	3.715	1.584	58000000
chrX	58400000	58800000	7.885	3.326	1.754	58400000
chrX	58800000	59200000	7.094	3.714	1.573	58800000
chrX	59200000	59600000	6.136	4.349	1.896	59200000
chrX	59600000	60000000	5.892	4.347	2.56	59600000
chrX	60000000	60400000	6.99	4.862	2.117	60000000
chrX	60400000	60800000	7.923	5.319	2.428	60400000
chrX	60800000	61200000	8.818	4.849	2.953	60800000
chrX	61200000	61600000	9.508	4.657	2.738	61200000
chrX	61600000	62000000	10.051	3.66	2.721	61600000
chrX	62000000	62400000	10.601	3.852	2.915	62000000
chrX	62400000	62800000	11.695	3.757	3.12	62400000
chrX	62800000	63200000	12.006	2.594	3.174	62800000
chrX	63200000	63600000	12.277	3.162	2.617	63200000
chrX	63600000	64000000	12.288	2.747	2.014	63600000
chrX	64000000	64400000	12.655	3.085	0.9	64000000
chrX	64400000	64800000	12.467	3.987	0.618	64400000
chrX	64800000	65200000	12.135	4.773	-0.014	64800000
chrX	65200000	65600000	11.907	4.918	0.498	65200000
chrX	65600000	66000000	11.91	5.095	1.122	65600000
chrX	66000000	66400000	11.107	5.117	0.512	66000000
chrX	66400000	66800000	10.54	5.651	0.147	66400000
chrX	66800000	67200000	10.349	6.555	0.303	66800000
chrX	67200000	67600000	11.064	6.321	1.095	67200000
chrX	67600000	68000000	11.104	5.924	1.873	67600000
chrX	68000000	68400000	10.031	6.153	2.031	68000000
chrX	68400000	68800000	9.719	6.976	1.703	68400000
chrX	68800000	69200000	9.906	7.182	0.559	68800000
chrX	69200000	69600000	9.06	7.005	0.656	69200000
chrX	69600000	70000000	8.433	7.37	1.156	69600000
chrX	70000000	70400000	8.319	7.81	0.326	70000000
chrX	70400000	70800000	8.802	8.344	0.946	70400000
chrX	70800000	71200000	8.495	9.057	1.157	70800000
chrX	71200000	71600000	7.953	8.204	1.265	71200000
chrX	71600000	72000000	7.434	8.148	0.7	71600000
chrX	72000000	72400000	7.185	8.171	1.936	72000000
chrX	72400000	72800000	7.942	7.269	2.032	72400000
chrX	72800000	73200000	7.317	7.081	2.39	72800000
chrX	73200000	73600000	7.348	3.831	3.514	73200000
chrX	73600000	74000000	6.687	2.53	3.548	73600000
chrX	74000000	74400000	7.649	2.148	3.261	74000000
chrX	74400000	74800000	8.189	2.19	2.611	74400000
chrX	74800000	75200000	9.185	2.362	2.183	74800000
chrX	75200000	75600000	9.792	2.86	1.099	75200000
chrX	75600000	76000000	9.747	2.963	0.579	75600000
chrX	76000000	76400000	10.401	4.013	-0.147	76000000
chrX	76400000	76800000	10.781	3.657	-0.398	76400000
chrX	76800000	77200000	11.127	2.761	-0.332	76800000
chrX	77200000	77600000	10.362	1.925	-0.393	77200000
chrX	77600000	78000000	10.051	2.56	-0.762	77600000
chrX	78000000	78400000	10.202	2.803	-1.389	78000000
chrX	78400000	78800000	11.446	2.553	-1.478	78400000
chrX	78800000	79200000	12.413	2.642	-0.648	78800000
chrX	79200000	79600000	11.992	2.278	-0.867	79200000
chrX	79600000	80000000	12.475	2.541	-0.24	79600000
chrX	80000000	80400000	11.313	2.641	0.106	80000000
chrX	80400000	80800000	12.553	2.954	0.164	80400000
chrX	80800000	81200000	11.726	3.545	-0.695	80800000
chrX	81200000	81600000	11.999	4.158	-0.528	81200000
chrX	81600000	82000000	11.763	3.738	-0.778	81600000
chrX	82000000	82400000	12.312	3.124	-1.529	82000000
chrX	82400000	82800000	12.866	3.535	-1.748	82400000
chrX	82800000	83200000	11.866	3.974	-2.052	82800000
chrX	83200000	83600000	11.398	4.072	-1.864	83200000
chrX	83600000	84000000	11.91	5.061	-1.597	83600000
chrX	84000000	84400000	11.749	5.347	-2.212	84000000
chrX	84400000	84800000	11.73	4.675	-3.321	84400000
chrX	84800000	85200000	10.968	3.639	-3.039	84800000
chrX	85200000	85600000	11.274	2.191	-2.727	85200000
chrX	85600000	86000000	10.75	2.968	-2.278	85600000
chrX	86000000	86400000	11.188	1.884	-1.315	86000000
chrX	86400000	86800000	11.024	1.311	-1.449	86400000
chrX	86800000	87200000	11.631	1.704	1.127	86800000
chrX	87200000	87600000	11.787	1.702	1.454	87200000
chrX	87600000	88000000	12.638	1.008	1.377	87600000
chrX	88000000	88400000	11.757	0.332	0.779	88000000
chrX	88400000	88800000	11.966	0.417	-0.204	88400000
chrX	88800000	89200000	11.73	0.825	-0.393	88800000
chrX	89200000	89600000	11.987	1.008	-0.35	89200000
chrX	89600000	90000000	11.944	1.264	-0.077	89600000
chrX	90000000	90400000	11.303	1.188	0.206	90000000
chrX	90400000	90800000	12.588	1.382	-0.046	90400000
chrX	90800000	91200000	12.859	1.624	0.569	90800000
chrX	91200000	91600000	12.878	1.621	1.615	91200000
chrX	91600000	92000000	12.141	1.366	2.689	91600000
chrX	92000000	92400000	11.497	0.852	3.055	92000000
chrX	92400000	92800000	11.967	0.003	2.581	92400000
chrX	92800000	93200000	12.454	-0.113	2.49	92800000
chrX	93200000	93600000	11.321	0.599	2.57	93200000
chrX	93600000	94000000	10.492	0.89	2.039	93600000
chrX	94000000	94400000	10.068	1.564	2.406	94000000
chrX	94400000	94800000	10.539	1.887	3.352	94400000
chrX	94800000	95200000	10.575	1.836	4.911	94800000
chrX	95200000	95600000	11.532	1.508	5.401	95200000
chrX	95600000	96000000	10.446	0.679	5.316	95600000
chrX	96000000	96400000	9.817	1.218	5.066	96000000
chrX	96400000	96800000	9.777	2.484	4.81	96400000
chrX	96800000	97200000	10.624	2.945	4.573	96800000
chrX	97200000	97600000	9.966	1.99	3.894	97200000
chrX	97600000	98000000	10.988	2.436	3.747	97600000
chrX	98000000	98400000	11.137	1.165	4.376	98000000
chrX	98400000	98800000	9.99	0.674	3.902	98400000
chrX	98800000	99200000	9.738	1.046	3.5	98800000
chrX	99200000	99600000	9.28	0.545	2.861	99200000
chrX	99600000	100000000	8.763	-0.008	3.286	99600000
chrX	100000000	100400000	9.546	-0.287	3.584	100000000
chrX	100400000	100800000	10.592	-0.563	2.994	100400000
chrX	100800000	101200000	9.432	-0.527	2.712	100800000
chrX	101200000	101600000	8.61	-1.102	1.749	101200000
chrX	101600000	102000000	8.852	-0.602	1.398	101600000
chrX	102000000	102400000	9.164	0.784	1.656	102000000
chrX	102400000	102800000	9.027	1.555	0.998	102400000
chrX	102800000	103200000	9.431	1.667	1.1	102800000
chrX	103200000	103600000	10.263	0.629	0.652	103200000
chrX	103600000	104000000	9.901	0.369	0.747	103600000
chrX	104000000	104400000	10.318	0.981	-0.364	104000000
chrX	104400000	104800000	10.321	0.638	-0.773	104400000
chrX	104800000	105200000	10.948	0.397	-1.364	104800000
chrX	105200000	105600000	11.519	0.129	-1.444	105200000
chrX	105600000	106000000	12.294	0.156	-2.391	105600000
chrX	106000000	106400000	11.534	-0.838	-2.061	106000000
chrX	106400000	106800000	12.411	-1.74	-2.485	106400000
chrX	106800000	107200000	13.4	-1.611	-2.547	106800000
chrX	107200000	107600000	12.63	-1.688	-2.813	107200000
chrX	107600000	108000000	12.608	-1.175	-3.628	107600000
chrX	108000000	108400000	12.059	-0.646	-2.954	108000000
chrX	108400000	108800000	11.295	0.063	-3.331	108400000
chrX	108800000	109200000	11.136	0.566	-3.314	108800000
chrX	109200000	109600000	11.99	1.327	-3.03	109200000
chrX	109600000	110000000	12.851	1.263	-3.328	109600000
chrX	110000000	110400000	13.462	0.082	-2.616	110000000
chrX	110400000	110800000	13.098	0.237	-1.729	110400000
chrX	110800000	111200000	13.733	0.34	-2.926	110800000
chrX	111200000	111600000	13.906	0.757	-2.088	111200000
chrX	111600000	112000000	13.169	1.789	-1.955	111600000
chrX	112000000	112400000	13.409	2.153	-2.006	112000000
chrX	112400000	112800000	13.98	-0.604	-2.218	112400000
chrX	112800000	113200000	13.641	-1.75	-1.48	112800000
chrX	113200000	113600000	14.444	-2.604	-1.925	113200000
chrX	113600000	114000000	14.511	-3.463	-1.768	113600000
chrX	114000000	114400000	14.276	-4.008	-1.917	114000000
chrX	114400000	114800000	14.068	-4.565	-1.835	114400000
chrX	114800000	115200000	12.97	-4.449	-1.177	114800000
chrX	115200000	115600000	13.237	-5.453	-1.707	115200000
chrX	115600000	116000000	13.775	-5.412	-2.636	115600000
chrX	116000000	116400000	13.286	-5.801	-2.915	116000000
chrX	116400000	116800000	12.894	-5.491	-2.413	116400000
chrX	116800000	117200000	13.008	-4.291	-2.105	116800000
chrX	117200000	117600000	12.847	-5.163	-1.675	117200000
chrX	117600000	118000000	12.502	-5.446	-1.158	117600000
chrX	118000000	118400000	13.627	-5.5	-0.771	118000000
chrX	118400000	118800000	13.089	-5.322	-0.201	118400000
chrX	118800000	119200000	12.349	-5.034	0.744	118800000
chrX	119200000	119600000	12.247	-5.845	0.856	119200000
chrX	119600000	120000000	11.611	-4.863	0.891	119600000
chrX	120000000	120400000	12.506	-4.649	0.541	120000000
chrX	120400000	120800000	12.41	-3.916	1.05	120400000
chrX	120800000	121200000	13.553	-3.009	1.02	120800000
chrX	121200000	121600000	14.176	-1.668	0.571	121200000
chrX	121600000	122000000	14.713	-1.708	-0.574	121600000
chrX	122000000	122400000	14.249	-2.188	-0.429	122000000
chrX	122400000	122800000	14.601	-2.196	0.434	122400000
chrX	122800000	123200000	13.939	-2.468	1.415	122800000
chrX	123200000	123600000	13.184	-3.493	2.336	123200000
chrX	123600000	124000000	14.117	-3.596	3.113	123600000
chrX	124000000	124400000	15.151	-3.536	3.396	124000000
chrX	124400000	124800000	15.962	-4.15	3.716	124400000
chrX	124800000	125200000	16.113	-4.906	4.422	124800000
chrX	125200000	125600000	15.526	-5.851	4.521	125200000
chrX	125600000	126000000	14.556	-6.213	4.118	125600000
chrX	126000000	126400000	13.871	-6.055	3.308	126000000
chrX	126400000	126800000	13.558	-5.31	2.627	126400000
chrX	126800000	127200000	13.805	-5.055	1.54	126800000
chrX	127200000	127600000	13.553	-5.135	1.09	127200000
chrX	127600000	128000000	13.91	-4.138	0.588	127600000
chrX	128000000	128400000	14.473	-4.424	0.07	128000000
chrX	128400000	128800000	14.396	-3.5	0.749	128400000
chrX	128800000	129200000	14.226	-3.799	-0.387	128800000
chrX	129200000	129600000	14.009	-4.092	-0.668	129200000
chrX	129600000	130000000	13.618	-3.319	-0.0	129600000
chrX	130000000	130400000	12.849	-3.501	-0.625	130000000
chrX	130400000	130800000	12.838	-2.71	-0.823	130400000
chrX	130800000	131200000	12.778	-2.61	-0.024	130800000
chrX	131200000	131600000	13.432	-2.363	0.947	131200000
chrX	131600000	132000000	13.816	-2.092	2.158	131600000
chrX	132000000	132400000	12.85	-2.004	2.025	132000000
chrX	132400000	132800000	13.103	-1.777	2.951	132400000
chrX	132800000	133200000	12.316	-1.826	2.869	132800000
chrX	133200000	133600000	11.575	-1.843	1.923	133200000
chrX	133600000	134000000	12.046	-2.251	1.935	133600000
chrX	134000000	134400000	11.701	-2.498	1.624	134000000
chrX	134400000	134800000	11.252	-2.677	1.23	134400000
chrX	134800000	135200000	11.016	-3.752	0.151	134800000
chrX	135200000	135600000	11.961	-3.487	0.172	135200000
chrX	135600000	136000000	12.676	-2.559	0.775	135600000
chrX	136000000	136400000	11.942	-1.795	0.474	136000000
chrX	136400000	136800000	11.74	-0.726	1.385	136400000
chrX	136800000	137200000	11.958	0.047	1.377	136800000
chrX	137200000	137600000	11.199	1.983	1.028	137200000
chrX	137600000	138000000	11.246	2.771	1.61	137600000
chrX	138000000	138400000	11.337	3.638	1.384	138000000
chrX	138400000	138800000	10.959	3.542	1.858	138400000
chrX	138800000	139200000	10.172	4.171	2.007	138800000
chrX	139200000	139600000	10.432	4.874	1.8	139200000
chrX	139600000	140000000	10.085	4.298	1.245	139600000
chrX	140000000	140400000	9.066	4.71	1.007	140000000
chrX	140400000	140800000	9.203	4.749	0.454	140400000
chrX	140800000	141200000	9.889	5.276	0.342	140800000
chrX	141200000	141600000	10.049	5.011	-0.952	141200000
chrX	141600000	142000000	10.546	5.239	-1.166	141600000
chrX	142000000	142400000	11.305	5.841	-1.074	142000000
chrX	142400000	142800000	10.582	5.989	-1.727	142400000
chrX	142800000	143200000	10.589	5.156	-2.66	142800000
chrX	143200000	143600000	10.523	4.334	-2.413	143200000
chrX	143600000	144000000	11.751	3.698	-2.638	143600000
chrX	144000000	144400000	12.328	2.475	-2.855	144000000
chrX	144400000	144800000	11.594	2.213	-3.67	144400000
chrX	144800000	145200000	12.653	0.84	-2.024	144800000
chrX	145200000	145600000	13.352	0.009	-1.072	145200000
chrX	145600000	146000000	13.386	-0.403	-1.237	145600000
chrX	146000000	146400000	14.024	-0.638	-0.322	146000000
chrX	146400000	146800000	14.184	-0.758	0.11	146400000
chrX	146800000	147200000	13.671	-0.128	0.557	146800000
chrX	147200000	147600000	13.09	0.145	0.248	147200000
chrX	147600000	148000000	13.019	-0.535	-0.511	147600000
chrX	148000000	148400000	12.819	-0.814	-0.193	148000000
chrX	148400000	148800000	14.491	1.029	-0.332	148400000
chrX	148800000	149200000	15.284	0.999	0.317	148800000
chrX	149200000	149600000	15.483	0.673	1.375	149200000
chrX	149600000	150000000	15.074	-0.214	1.909	149600000
chrX	150000000	150400000	14.0	-0.587	1.643	150000000
chrX	150400000	150800000	12.998	-0.895	0.874	150400000
chrX	150800000	151200000	11.675	-1.057	0.092	150800000
chrX	151200000	151600000	10.608	-0.771	-0.17	151200000
chrX	151600000	152000000	10.687	-1.451	-0.78	151600000
chrX	152000000	152400000	10.421	-1.702	-0.146	152000000
chrX	152400000	152800000	9.8	-1.571	-0.942	152400000
chrX	152800000	153200000	10.122	-1.248	-2.13	152800000
chrX	153200000	153600000	10.63	-1.703	-2.653	153200000
chrX	153600000	154000000	10.823	-1.335	-3.486	153600000
chrX	154000000	154400000	11.571	-1.688	-3.644	154000000
chrX	154400000	154800000	11.336	-1.061	-3.996	154400000
chrX	154800000	155200000	11.183	-0.615	-4.094	154800000
chrX	155200000	155600000	11.766	-1.297	-5.091	155200000
chrX	155600000	156000000	11.628	-1.759	-5.143	155600000
chrX	156000000	156400000	12.51	-2.19	-5.131	156000000
chrX	156400000	156800000	13.14	-1.74	-4.347	156400000
chrX	156800000	157200000	13.091	-1.422	-5.527	156800000
chrX	157200000	157600000	12.504	-0.877	-5.475	157200000
chrX	157600000	158000000	11.485	-0.185	-5.07	157600000
chrX	158000000	158400000	11.597	0.852	-4.283	158000000
chrX	158400000	158800000	12.1	1.05	-4.262	158400000
chrX	158800000	159200000	12.428	0.017	-3.93	158800000
chrX	159200000	159600000	12.743	-0.038	-3.236	159200000
chrX	159600000	160000000	11.673	-1.399	-1.327	159600000
chrX	160000000	160400000	11.73	-2.759	-0.803	160000000
chrX	160400000	160800000	11.193	-4.185	-0.57	160400000
chrX	160800000	161200000	10.964	-5.327	-0.518	160800000
chrX	161200000	161600000	10.925	-6.17	-0.328	161200000
chrX	161600000	162000000	10.279	-7.267	0.064	161600000
chrX	162000000	162400000	9.569	-7.901	0.873	162000000
chrX	162400000	162800000	9.043	-8.279	1.56	162400000
chrX	162800000	163200000	9.678	-8.042	1.97	162800000
chrX	163200000	163600000	10.202	-7.295	1.996	163200000
chrX	163600000	164000000	10.926	-6.839	1.738	163600000
chrX	164000000	164400000	10.983	-6.17	0.753	164000000
chrX	164400000	164800000	10.453	-6.216	0.009	164400000
chrX	164800000	165200000	11.295	-6.897	-0.941	164800000
chrX	165200000	165600000	11.86	-7.013	-0.45	165200000
chrX	165600000	166000000	11.582	-6.4	-1.445	165600000
chrX	166000000	166400000	11.086	-6.362	-1.476	166000000
chrX	166400000	166800000	11.535	-5.524	-2.129	166400000
chrX	166800000	167200000	11.404	-5.096	-1.411	166800000
chrX	167200000	167600000	11.424	-4.697	-1.994	167200000
chrX	167600000	168000000	10.959	-3.732	-2.142	167600000
chrX	168000000	168400000	11.221	-3.9	-2.407	168000000
chrX	168400000	168800000	12.299	-3.749	-2.146	168400000
chrX	168800000	169200000	12.917	-4.133	-3.087	168800000
chrX	169200000	169600000	12.593	-3.858	-3.0	169200000
chrX	169600000	170000000	13.094	-2.692	-2.74	169600000
chrX	170000000	170400000	13.646	-3.38	-2.978	170000000
