chr1	3000000	4000000	3.434	9.286	0.891	3000000
chr1	4000000	5000000	2.48	8.519	0.655	4000000
chr1	5000000	6000000	2.102	7.671	0.204	5000000
chr1	6000000	7000000	2.012	7.978	0.532	6000000
chr1	7000000	8000000	2.06	8.433	0.327	7000000
chr1	8000000	9000000	1.935	8.332	-1.098	8000000
chr1	9000000	10000000	2.928	7.758	-0.57	9000000
chr1	10000000	11000000	2.238	6.959	-0.433	10000000
chr1	11000000	12000000	1.5	6.582	-0.578	11000000
chr1	12000000	13000000	2.347	6.629	-0.756	12000000
chr1	13000000	14000000	2.47	6.088	-0.769	13000000
chr1	14000000	15000000	1.061	6.39	-0.865	14000000
chr1	15000000	16000000	-0.019	6.355	-0.252	15000000
chr1	16000000	17000000	-0.361	6.967	0.097	16000000
chr1	17000000	18000000	0.335	6.844	-0.323	17000000
chr1	18000000	19000000	0.873	7.656	-0.854	18000000
chr1	19000000	20000000	1.112	7.351	-0.172	19000000
chr1	20000000	21000000	0.852	7.188	0.119	20000000
chr1	21000000	22000000	0.095	7.564	0.416	21000000
chr1	22000000	23000000	-0.127	7.341	1.236	22000000
chr1	23000000	24000000	0.689	6.574	0.956	23000000
chr1	24000000	25000000	1.096	6.902	1.289	24000000
chr1	25000000	26000000	1.177	6.882	2.101	25000000
chr1	26000000	27000000	0.666	7.479	2.456	26000000
chr1	27000000	28000000	0.415	7.685	2.883	27000000
chr1	28000000	29000000	0.667	8.43	2.653	28000000
chr1	29000000	30000000	1.314	8.313	2.082	29000000
chr1	30000000	31000000	0.506	8.344	1.637	30000000
chr1	31000000	32000000	-0.216	7.965	1.788	31000000
chr1	32000000	33000000	-0.397	7.834	1.983	32000000
chr1	33000000	34000000	-0.433	7.233	3.027	33000000
chr1	34000000	35000000	-0.472	6.477	1.92	34000000
chr1	35000000	36000000	0.249	6.054	1.258	35000000
chr1	36000000	37000000	0.748	4.592	1.047	36000000
chr1	37000000	38000000	1.336	3.721	2.087	37000000
chr1	38000000	39000000	0.935	3.595	2.067	38000000
chr1	39000000	40000000	-0.616	4.341	2.217	39000000
chr1	40000000	41000000	-0.196	4.718	1.645	40000000
chr1	41000000	42000000	-0.369	4.421	0.851	41000000
chr1	42000000	43000000	0.137	4.308	-0.271	42000000
chr1	43000000	44000000	1.028	4.831	0.156	43000000
chr1	44000000	45000000	1.734	5.444	1.145	44000000
chr1	45000000	46000000	2.069	6.003	2.262	45000000
chr1	46000000	47000000	2.742	6.628	2.172	46000000
chr1	47000000	48000000	2.59	6.881	1.406	47000000
chr1	48000000	49000000	2.063	8.044	1.471	48000000
chr1	49000000	50000000	1.207	8.095	0.905	49000000
chr1	50000000	51000000	2.382	7.231	0.959	50000000
chr1	51000000	52000000	3.045	7.368	1.648	51000000
chr1	52000000	53000000	3.099	7.385	1.039	52000000
chr1	53000000	54000000	3.695	6.344	1.578	53000000
chr1	54000000	55000000	4.079	6.294	0.909	54000000
chr1	55000000	56000000	3.586	6.358	0.19	55000000
chr1	56000000	57000000	2.656	6.565	-0.018	56000000
chr1	57000000	58000000	3.167	6.519	0.988	57000000
chr1	58000000	59000000	2.943	5.563	1.736	58000000
chr1	59000000	60000000	2.431	4.898	2.029	59000000
chr1	60000000	61000000	1.481	4.348	1.423	60000000
chr1	61000000	62000000	-0.381	5.909	0.444	61000000
chr1	62000000	63000000	-0.958	6.56	0.699	62000000
chr1	63000000	64000000	-1.08	6.889	1.251	63000000
chr1	64000000	65000000	0.236	6.408	1.746	64000000
chr1	65000000	66000000	0.073	6.283	2.777	65000000
chr1	66000000	67000000	0.431	6.621	3.103	66000000
chr1	67000000	68000000	1.524	6.52	2.711	67000000
chr1	68000000	69000000	2.333	7.162	3.213	68000000
chr1	69000000	70000000	1.767	7.771	3.702	69000000
chr1	70000000	71000000	1.098	7.049	3.945	70000000
chr1	71000000	72000000	0.199	6.675	4.214	71000000
chr1	72000000	73000000	0.323	5.602	4.536	72000000
chr1	73000000	74000000	1.219	5.007	4.523	73000000
chr1	74000000	75000000	1.283	4.493	4.108	74000000
chr1	75000000	76000000	1.055	5.274	3.049	75000000
chr1	76000000	77000000	-0.146	5.938	3.099	76000000
chr1	77000000	78000000	-0.422	6.987	2.534	77000000
chr1	78000000	79000000	0.511	7.065	2.403	78000000
chr1	79000000	80000000	1.894	7.128	2.346	79000000
chr1	80000000	81000000	2.052	6.613	3.232	80000000
chr1	81000000	82000000	1.678	7.007	3.988	81000000
chr1	82000000	83000000	1.847	6.241	3.514	82000000
chr1	83000000	84000000	2.003	5.178	3.991	83000000
chr1	84000000	85000000	2.14	4.402	4.657	84000000
chr1	85000000	86000000	2.264	4.577	3.906	85000000
chr1	86000000	87000000	3.075	5.512	0.995	86000000
chr1	87000000	88000000	2.185	5.778	0.341	87000000
chr1	88000000	89000000	1.305	5.337	0.937	88000000
chr1	89000000	90000000	1.793	5.331	2.317	89000000
chr1	90000000	91000000	1.984	5.944	3.07	90000000
chr1	91000000	92000000	1.953	5.256	2.57	91000000
chr1	92000000	93000000	0.88	4.559	2.242	92000000
chr1	93000000	94000000	0.398	4.956	2.416	93000000
chr1	94000000	95000000	1.125	4.764	3.288	94000000
chr1	95000000	96000000	3.925	4.426	3.722	95000000
chr1	96000000	97000000	4.246	5.577	3.823	96000000
chr1	97000000	98000000	4.786	6.18	3.513	97000000
chr1	98000000	99000000	4.182	6.056	2.951	98000000
chr1	99000000	100000000	3.845	6.268	3.074	99000000
chr1	100000000	101000000	3.211	6.29	3.876	100000000
chr1	101000000	102000000	2.286	6.622	4.458	101000000
chr1	102000000	103000000	1.088	6.985	4.682	102000000
chr1	103000000	104000000	1.177	6.542	4.351	103000000
chr1	104000000	105000000	1.706	6.598	5.226	104000000
chr1	105000000	106000000	2.164	5.555	6.229	105000000
chr1	106000000	107000000	1.622	4.911	6.299	106000000
chr1	107000000	108000000	2.02	5.353	5.641	107000000
chr1	108000000	109000000	2.434	6.259	5.781	108000000
chr1	109000000	110000000	1.652	5.946	6.164	109000000
chr1	110000000	111000000	0.973	5.264	5.605	110000000
chr1	111000000	112000000	1.963	5.034	5.205	111000000
chr1	112000000	113000000	2.727	5.289	5.019	112000000
chr1	113000000	114000000	3.676	5.493	5.351	113000000
chr1	114000000	115000000	4.673	4.739	4.988	114000000
chr1	115000000	116000000	3.697	5.193	4.739	115000000
chr1	116000000	117000000	2.773	4.584	5.371	116000000
chr1	117000000	118000000	4.01	4.559	5.193	117000000
chr1	118000000	119000000	3.913	5.824	5.43	118000000
chr1	119000000	120000000	3.109	5.676	4.807	119000000
chr1	120000000	121000000	3.44	5.633	4.047	120000000
chr1	121000000	122000000	3.386	5.41	3.426	121000000
chr1	122000000	123000000	3.162	5.784	4.302	122000000
chr1	123000000	124000000	2.673	5.001	5.943	123000000
chr1	124000000	125000000	2.732	4.386	6.64	124000000
chr1	125000000	126000000	3.787	3.67	6.881	125000000
chr1	126000000	127000000	4.633	2.776	6.95	126000000
chr1	127000000	128000000	4.313	2.703	6.62	127000000
chr1	128000000	129000000	2.952	2.438	6.071	128000000
chr1	129000000	130000000	2.991	2.129	5.245	129000000
chr1	130000000	131000000	3.879	2.103	5.823	130000000
chr1	131000000	132000000	3.733	0.863	5.063	131000000
chr1	132000000	133000000	3.421	0.176	4.681	132000000
chr1	133000000	134000000	3.881	1.229	4.383	133000000
chr1	134000000	135000000	3.273	1.643	4.307	134000000
chr1	135000000	136000000	2.656	2.212	4.672	135000000
chr1	136000000	137000000	3.375	3.217	3.969	136000000
chr1	137000000	138000000	3.961	3.963	4.49	137000000
chr1	138000000	139000000	3.813	3.504	5.442	138000000
chr1	139000000	140000000	2.761	3.209	6.336	139000000
chr1	140000000	141000000	3.334	3.661	6.773	140000000
chr1	141000000	142000000	3.495	3.903	5.841	141000000
chr1	142000000	143000000	3.392	4.679	5.853	142000000
chr1	143000000	144000000	4.494	3.763	5.199	143000000
chr1	144000000	145000000	4.049	3.36	4.866	144000000
chr1	145000000	146000000	4.267	3.002	6.249	145000000
chr1	146000000	147000000	4.157	3.207	7.215	146000000
chr1	147000000	148000000	4.096	3.514	7.512	147000000
chr1	148000000	149000000	3.893	4.454	6.193	148000000
chr1	149000000	150000000	2.973	3.751	5.102	149000000
chr1	150000000	151000000	2.206	3.301	5.488	150000000
chr1	151000000	152000000	1.656	3.569	5.775	151000000
chr1	152000000	153000000	1.207	3.296	6.045	152000000
chr1	153000000	154000000	1.876	2.741	6.493	153000000
chr1	154000000	155000000	2.66	1.682	6.993	154000000
chr1	155000000	156000000	3.214	1.567	7.681	155000000
chr1	156000000	157000000	3.075	0.54	7.297	156000000
chr1	157000000	158000000	3.294	-0.45	6.489	157000000
chr1	158000000	159000000	3.831	-1.114	6.738	158000000
chr1	159000000	160000000	4.063	-0.997	7.143	159000000
chr1	160000000	161000000	3.536	0.091	6.616	160000000
chr1	161000000	162000000	3.047	1.366	5.903	161000000
chr1	162000000	163000000	3.307	1.753	6.479	162000000
chr1	163000000	164000000	3.592	1.442	6.053	163000000
chr1	164000000	165000000	4.271	2.287	5.505	164000000
chr1	165000000	166000000	3.724	2.788	6.208	165000000
chr1	166000000	167000000	2.964	3.044	6.98	166000000
chr1	167000000	168000000	3.113	3.33	6.528	167000000
chr1	168000000	169000000	2.818	3.248	6.711	168000000
chr1	169000000	170000000	4.113	2.792	5.588	169000000
chr1	170000000	171000000	4.855	2.091	5.906	170000000
chr1	171000000	172000000	4.968	1.894	5.435	171000000
chr1	172000000	173000000	4.449	1.414	5.42	172000000
chr1	173000000	174000000	4.236	0.369	6.732	173000000
chr1	174000000	175000000	4.67	-0.1	7.565	174000000
chr1	175000000	176000000	4.472	1.129	7.898	175000000
chr1	176000000	177000000	3.898	1.505	8.26	176000000
chr1	177000000	178000000	4.144	1.972	7.767	177000000
chr1	178000000	179000000	3.878	2.116	7.305	178000000
chr1	179000000	180000000	2.947	1.58	5.699	179000000
chr1	180000000	181000000	3.053	1.937	4.58	180000000
chr1	181000000	182000000	3.04	0.903	4.578	181000000
chr1	182000000	183000000	4.25	0.428	5.013	182000000
chr1	183000000	184000000	5.093	0.624	5.563	183000000
chr1	184000000	185000000	5.235	1.016	6.573	184000000
chr1	185000000	186000000	5.068	1.07	6.937	185000000
chr1	186000000	187000000	4.507	1.684	6.265	186000000
chr1	187000000	188000000	4.345	0.978	6.001	187000000
chr1	188000000	189000000	4.752	1.03	6.166	188000000
chr1	189000000	190000000	4.733	0.433	6.48	189000000
chr1	190000000	191000000	3.335	-0.737	7.902	190000000
chr1	191000000	192000000	3.8	-0.104	7.453	191000000
chr1	192000000	193000000	2.691	0.559	7.363	192000000
chr1	193000000	194000000	3.315	-0.205	7.567	193000000
chr1	194000000	195000000	3.519	0.675	7.51	194000000
chr1	195000000	196000000	4.073	0.818	7.805	195000000
