chr9	2800000	3200000	1.019	-13.17	5.787	2800000
chr9	3200000	3600000	0.757	-12.122	5.721	3200000
chr9	3600000	4000000	0.457	-11.291	5.956	3600000
chr9	4000000	4400000	-0.085	-10.676	6.058	4000000
chr9	4400000	4800000	0.346	-10.179	5.881	4400000
chr9	4800000	5200000	0.768	-10.08	5.709	4800000
chr9	5200000	5600000	1.061	-10.667	6.752	5200000
chr9	5600000	6000000	0.503	-9.856	7.317	5600000
chr9	6000000	6400000	0.182	-9.528	6.518	6000000
chr9	6400000	6800000	-0.525	-10.126	7.127	6400000
chr9	6800000	7200000	-0.606	-10.739	7.972	6800000
chr9	7200000	7600000	-1.205	-10.384	8.134	7200000
chr9	7600000	8000000	-0.341	-9.785	8.465	7600000
chr9	8000000	8400000	0.047	-8.615	7.77	8000000
chr9	8400000	8800000	-0.212	-8.353	7.912	8400000
chr9	8800000	9200000	-0.656	-8.573	8.289	8800000
chr9	9200000	9600000	-1.394	-8.693	7.413	9200000
chr9	9600000	10000000	-1.691	-9.1	7.017	9600000
chr9	10000000	10400000	-2.512	-9.181	6.188	10000000
chr9	10400000	10800000	-2.096	-9.794	6.563	10400000
chr9	10800000	11200000	-2.7	-10.715	6.378	10800000
chr9	11200000	11600000	-3.09	-10.965	5.689	11200000
chr9	11600000	12000000	-3.223	-11.178	4.79	11600000
chr9	12000000	12400000	-3.742	-11.74	4.846	12000000
chr9	12400000	12800000	-4.005	-11.672	5.591	12400000
chr9	12800000	13200000	-4.056	-11.032	6.501	12800000
chr9	13200000	13600000	-5.149	-11.582	6.163	13200000
chr9	13600000	14000000	-4.53	-10.992	7.272	13600000
chr9	14000000	14400000	-4.248	-10.041	6.919	14000000
chr9	14400000	14800000	-4.207	-9.361	7.237	14400000
chr9	14800000	15200000	-3.106	-8.79	7.987	14800000
chr9	15200000	15600000	-2.659	-8.088	7.819	15200000
chr9	15600000	16000000	-1.639	-8.282	8.162	15600000
chr9	16000000	16400000	-0.712	-8.103	9.373	16000000
chr9	16400000	16800000	-0.732	-7.344	9.773	16400000
chr9	16800000	17200000	-0.79	-6.911	9.816	16800000
chr9	17200000	17600000	-1.694	-6.407	9.145	17200000
chr9	17600000	18000000	-1.738	-7.304	9.325	17600000
chr9	18000000	18400000	-1.725	-8.511	9.236	18000000
chr9	18400000	18800000	-1.884	-8.137	10.174	18400000
chr9	18800000	19200000	-2.324	-7.1	10.22	18800000
chr9	19200000	19600000	-2.737	-7.522	9.718	19200000
chr9	19600000	20000000	-2.79	-8.244	10.335	19600000
chr9	20000000	20400000	-2.752	-9.092	9.512	20000000
chr9	20400000	20800000	-2.589	-8.765	9.126	20400000
chr9	20800000	21200000	-1.481	-7.312	8.48	20800000
chr9	21200000	21600000	-1.535	-7.001	7.562	21200000
chr9	21600000	22000000	-1.384	-6.152	7.257	21600000
chr9	22000000	22400000	-1.471	-5.835	7.827	22000000
chr9	22400000	22800000	-2.414	-6.628	7.908	22400000
chr9	22800000	23200000	-3.487	-7.038	9.152	22800000
chr9	23200000	23600000	-4.269	-7.942	9.001	23200000
chr9	23600000	24000000	-4.014	-8.202	8.278	23600000
chr9	24000000	24400000	-4.286	-9.102	7.644	24000000
chr9	24400000	24800000	-4.925	-9.187	8.406	24400000
chr9	24800000	25200000	-3.958	-9.026	9.195	24800000
chr9	25200000	25600000	-4.193	-9.756	8.88	25200000
chr9	25600000	26000000	-3.428	-9.975	7.61	25600000
chr9	26000000	26400000	-2.744	-9.85	7.864	26000000
chr9	26400000	26800000	-2.566	-10.265	7.501	26400000
chr9	26800000	27200000	-3.081	-9.763	6.607	26800000
chr9	27200000	27600000	-3.217	-8.703	6.097	27200000
chr9	27600000	28000000	-3.944	-7.932	5.797	27600000
chr9	28000000	28400000	-3.835	-7.808	4.796	28000000
chr9	28400000	28800000	-4.179	-7.712	4.287	28400000
chr9	28800000	29200000	-5.524	-7.556	3.744	28800000
chr9	29200000	29600000	-5.125	-6.377	3.981	29200000
chr9	29600000	30000000	-4.855	-6.589	4.598	29600000
chr9	30000000	30400000	-4.11	-6.377	5.504	30000000
chr9	30400000	30800000	-3.344	-5.694	4.955	30400000
chr9	30800000	31200000	-2.791	-5.824	5.38	30800000
chr9	31200000	31600000	-3.353	-5.956	6.301	31200000
chr9	31600000	32000000	-3.113	-5.828	7.137	31600000
chr9	32000000	32400000	-3.308	-5.587	7.653	32000000
chr9	32400000	32800000	-3.277	-5.452	8.111	32400000
chr9	32800000	33200000	-3.413	-5.321	8.676	32800000
chr9	33200000	33600000	-3.008	-5.115	8.998	33200000
chr9	33600000	34000000	-2.518	-5.483	9.479	33600000
chr9	34000000	34400000	-2.38	-5.962	10.22	34000000
chr9	34400000	34800000	-1.542	-5.572	9.929	34400000
chr9	34800000	35200000	-2.082	-4.727	9.33	34800000
chr9	35200000	35600000	-1.893	-4.81	8.584	35200000
chr9	35600000	36000000	-1.961	-4.41	7.417	35600000
chr9	36000000	36400000	-1.51	-4.174	6.198	36000000
chr9	36400000	36800000	-2.051	-4.588	6.619	36400000
chr9	36800000	37200000	-2.039	-5.128	6.091	36800000
chr9	37200000	37600000	-1.864	-6.044	6.185	37200000
chr9	37600000	38000000	-1.949	-7.528	6.453	37600000
chr9	38000000	38400000	-1.531	-8.637	6.03	38000000
chr9	38400000	38800000	-0.893	-9.021	5.348	38400000
chr9	38800000	39200000	-1.35	-9.659	5.454	38800000
chr9	39200000	39600000	-1.356	-10.071	4.736	39200000
chr9	39600000	40000000	-1.688	-10.639	4.932	39600000
chr9	40000000	40400000	-1.882	-11.129	4.772	40000000
chr9	40400000	40800000	-2.542	-10.126	4.779	40400000
chr9	40800000	41200000	-2.455	-9.641	4.172	40800000
chr9	41200000	41600000	-3.406	-9.005	4.383	41200000
chr9	41600000	42000000	-4.297	-9.257	3.537	41600000
chr9	42000000	42400000	-5.12	-8.81	3.731	42000000
chr9	42400000	42800000	-4.918	-9.775	4.429	42400000
chr9	42800000	43200000	-4.161	-9.707	5.241	42800000
chr9	43200000	43600000	-4.485	-9.212	5.214	43200000
chr9	43600000	44000000	-5.228	-9.01	5.571	43600000
chr9	44000000	44400000	-5.791	-9.255	5.668	44000000
chr9	44400000	44800000	-5.8	-8.764	4.794	44400000
chr9	44800000	45200000	-5.383	-7.632	4.875	44800000
chr9	45200000	45600000	-5.184	-6.989	5.512	45200000
chr9	45600000	46000000	-5.276	-4.424	5.859	45600000
chr9	46000000	46400000	-5.352	-3.268	6.096	46000000
chr9	46400000	46800000	-5.086	-2.209	5.994	46400000
chr9	46800000	47200000	-5.432	-2.387	5.487	46800000
chr9	47200000	47600000	-4.327	-3.181	5.146	47200000
chr9	47600000	48000000	-3.836	-4.349	5.793	47600000
chr9	48000000	48400000	-4.521	-5.093	6.186	48000000
chr9	48400000	48800000	-3.656	-6.034	6.032	48400000
chr9	48800000	49200000	-2.857	-7.428	5.563	48800000
chr9	49200000	49600000	-2.287	-7.986	4.928	49200000
chr9	49600000	50000000	-1.486	-7.765	5.164	49600000
chr9	50000000	50400000	-0.684	-7.527	5.1	50000000
chr9	50400000	50800000	0.155	-7.766	5.402	50400000
chr9	50800000	51200000	1.1	-7.021	5.195	50800000
chr9	51200000	51600000	1.467	-5.749	5.002	51200000
chr9	51600000	52000000	1.884	-5.864	4.177	51600000
chr9	52000000	52400000	0.989	-5.691	4.202	52000000
chr9	52400000	52800000	0.073	-5.885	4.304	52400000
chr9	52800000	53200000	-0.292	-6.336	4.696	52800000
chr9	53200000	53600000	-0.456	-6.654	5.33	53200000
chr9	53600000	54000000	0.271	-5.897	5.733	53600000
chr9	54000000	54400000	0.682	-5.053	5.257	54000000
chr9	54400000	54800000	-0.194	-4.345	4.908	54400000
chr9	54800000	55200000	0.017	-3.994	5.807	54800000
chr9	55200000	55600000	0.031	-2.98	5.995	55200000
chr9	55600000	56000000	-0.216	-2.314	5.851	55600000
chr9	56000000	56400000	-0.908	-1.392	5.549	56000000
chr9	56400000	56800000	-1.353	-0.545	6.097	56400000
chr9	56800000	57200000	-1.322	-0.635	6.804	56800000
chr9	57200000	57600000	-2.428	-1.428	6.663	57200000
chr9	57600000	58000000	-3.787	-1.665	6.264	57600000
chr9	58000000	58400000	-4.283	-1.627	6.48	58000000
chr9	58400000	58800000	-5.555	-1.188	6.372	58400000
chr9	58800000	59200000	-5.806	-2.097	6.681	58800000
chr9	59200000	59600000	-6.604	-2.681	6.984	59200000
chr9	59600000	60000000	-7.553	-4.802	6.84	59600000
chr9	60000000	60400000	-8.622	-6.445	6.547	60000000
chr9	60400000	60800000	-8.619	-6.861	6.728	60400000
chr9	60800000	61200000	-8.081	-7.855	6.746	60800000
chr9	61200000	61600000	-7.016	-7.894	6.014	61200000
chr9	61600000	62000000	-6.821	-7.128	5.757	61600000
chr9	62000000	62400000	-6.945	-7.752	4.82	62000000
chr9	62400000	62800000	-5.193	-7.19	6.901	62400000
chr9	62800000	63200000	-4.854	-6.493	7.795	62800000
chr9	63200000	63600000	-4.622	-5.635	7.954	63200000
chr9	63600000	64000000	-4.009	-4.935	7.376	63600000
chr9	64000000	64400000	-3.799	-4.508	7.227	64000000
chr9	64400000	64800000	-2.777	-3.541	7.019	64400000
chr9	64800000	65200000	-1.384	-1.739	6.504	64800000
chr9	65200000	65600000	-0.246	-1.063	6.47	65200000
chr9	65600000	66000000	0.247	-0.804	6.807	65600000
chr9	66000000	66400000	1.17	-1.479	6.608	66000000
chr9	66400000	66800000	1.383	-1.665	6.237	66400000
chr9	66800000	67200000	1.633	-2.191	6.386	66800000
chr9	67200000	67600000	1.851	-2.002	7.244	67200000
chr9	67600000	68000000	2.849	-2.232	6.77	67600000
chr9	68000000	68400000	3.572	-2.423	6.686	68000000
chr9	68400000	68800000	4.534	-2.35	5.86	68400000
chr9	68800000	69200000	3.852	-2.106	6.044	68800000
chr9	69200000	69600000	2.711	-1.681	5.667	69200000
chr9	69600000	70000000	2.553	-2.753	5.285	69600000
chr9	70000000	70400000	1.697	-3.627	5.527	70000000
chr9	70400000	70800000	1.439	-4.012	5.874	70400000
chr9	70800000	71200000	0.398	-4.409	6.147	70800000
chr9	71200000	71600000	0.215	-4.62	6.746	71200000
chr9	71600000	72000000	-0.496	-5.509	6.519	71600000
chr9	72000000	72400000	-2.151	-6.814	6.66	72000000
chr9	72400000	72800000	-3.106	-7.385	6.782	72400000
chr9	72800000	73200000	-3.646	-7.337	7.31	72800000
chr9	73200000	73600000	-4.703	-7.696	7.816	73200000
chr9	73600000	74000000	-5.608	-8.086	8.343	73600000
chr9	74000000	74400000	-5.318	-7.618	9.008	74000000
chr9	74400000	74800000	-4.855	-7.402	9.883	74400000
chr9	74800000	75200000	-5.063	-6.995	10.392	74800000
chr9	75200000	75600000	-5.101	-6.505	8.907	75200000
chr9	75600000	76000000	-5.066	-5.76	8.948	75600000
chr9	76000000	76400000	-5.794	-6.227	9.934	76000000
chr9	76400000	76800000	-6.697	-6.965	9.933	76400000
chr9	76800000	77200000	-6.594	-7.44	9.506	76800000
chr9	77200000	77600000	-7.046	-7.407	8.382	77200000
chr9	77600000	78000000	-6.569	-6.417	7.914	77600000
chr9	78000000	78400000	-6.39	-6.774	7.473	78000000
chr9	78400000	78800000	-6.315	-6.285	6.669	78400000
chr9	78800000	79200000	-6.593	-6.468	5.544	78800000
chr9	79200000	79600000	-6.744	-6.491	4.243	79200000
chr9	79600000	80000000	-6.615	-7.19	4.205	79600000
chr9	80000000	80400000	-6.908	-8.273	4.869	80000000
chr9	80400000	80800000	-7.236	-9.649	5.235	80400000
chr9	80800000	81200000	-6.658	-9.992	6.122	80800000
chr9	81200000	81600000	-6.398	-10.578	5.175	81200000
chr9	81600000	82000000	-6.846	-10.733	4.449	81600000
chr9	82000000	82400000	-6.66	-11.254	5.023	82000000
chr9	82400000	82800000	-5.502	-11.855	5.033	82400000
chr9	82800000	83200000	-5.726	-12.031	4.997	82800000
chr9	83200000	83600000	-5.559	-10.802	5.764	83200000
chr9	83600000	84000000	-6.039	-11.114	6.72	83600000
chr9	84000000	84400000	-5.85	-10.337	6.9	84000000
chr9	84400000	84800000	-5.589	-9.861	7.265	84400000
chr9	84800000	85200000	-5.623	-9.013	7.427	84800000
chr9	85200000	85600000	-6.603	-9.574	7.553	85200000
chr9	85600000	86000000	-6.613	-8.935	8.248	85600000
chr9	86000000	86400000	-7.181	-7.985	8.093	86000000
chr9	86400000	86800000	-6.672	-7.831	7.683	86400000
chr9	86800000	87200000	-7.711	-7.652	7.256	86800000
chr9	87200000	87600000	-8.43	-6.826	7.583	87200000
chr9	87600000	88000000	-8.4	-5.569	7.905	87600000
chr9	88000000	88400000	-9.07	-5.227	7.22	88000000
chr9	88400000	88800000	-9.636	-6.011	6.75	88400000
chr9	88800000	89200000	-10.376	-6.123	7.835	88800000
chr9	89200000	89600000	-10.948	-5.869	8.786	89200000
chr9	89600000	90000000	-10.045	-5.244	8.642	89600000
chr9	90000000	90400000	-9.402	-4.667	8.431	90000000
chr9	90400000	90800000	-8.76	-4.278	8.442	90400000
chr9	90800000	91200000	-8.551	-4.305	9.013	90800000
chr9	91200000	91600000	-8.141	-4.087	9.693	91200000
chr9	91600000	92000000	-7.562	-4.75	9.443	91600000
chr9	92000000	92400000	-7.172	-5.113	9.232	92000000
chr9	92400000	92800000	-6.258	-4.755	10.045	92400000
chr9	92800000	93200000	-6.595	-4.896	11.001	92800000
chr9	93200000	93600000	-6.685	-5.789	10.468	93200000
chr9	93600000	94000000	-7.884	-5.735	10.224	93600000
chr9	94000000	94400000	-8.676	-6.159	9.405	94000000
chr9	94400000	94800000	-8.712	-6.817	8.96	94400000
chr9	94800000	95200000	-8.485	-6.058	9.753	94800000
chr9	95200000	95600000	-7.461	-6.464	9.292	95200000
chr9	95600000	96000000	-6.961	-6.438	8.709	95600000
chr9	96000000	96400000	-7.571	-6.658	7.792	96000000
chr9	96400000	96800000	-8.139	-6.962	5.43	96400000
chr9	96800000	97200000	-8.597	-7.971	5.313	96800000
chr9	97200000	97600000	-8.217	-8.233	6.002	97200000
chr9	97600000	98000000	-8.411	-8.903	6.859	97600000
chr9	98000000	98400000	-7.604	-9.206	7.013	98000000
chr9	98400000	98800000	-7.55	-9.147	6.53	98400000
chr9	98800000	99200000	-6.336	-8.048	6.5	98800000
chr9	99200000	99600000	-5.598	-6.756	6.407	99200000
chr9	99600000	100000000	-5.2	-5.857	6.371	99600000
chr9	100000000	100400000	-5.678	-5.448	5.624	100000000
chr9	100400000	100800000	-5.857	-5.156	4.821	100400000
chr9	100800000	101200000	-6.7	-5.499	5.397	100800000
chr9	101200000	101600000	-7.78	-5.164	5.637	101200000
chr9	101600000	102000000	-7.172	-5.125	4.991	101600000
chr9	102000000	102400000	-6.773	-3.961	4.834	102000000
chr9	102400000	102800000	-7.132	-3.486	5.757	102400000
chr9	102800000	103200000	-6.343	-4.189	6.153	102800000
chr9	103200000	103600000	-5.873	-3.599	6.846	103200000
chr9	103600000	104000000	-5.084	-4.152	7.094	103600000
chr9	104000000	104400000	-4.902	-4.392	7.763	104000000
chr9	104400000	104800000	-4.698	-4.703	8.634	104400000
chr9	104800000	105200000	-4.469	-4.18	9.739	104800000
chr9	105200000	105600000	-4.063	-3.597	10.282	105200000
chr9	105600000	106000000	-4.335	-3.665	9.354	105600000
chr9	106000000	106400000	-4.145	-3.304	8.059	106000000
chr9	106400000	106800000	-4.154	-2.997	7.433	106400000
chr9	106800000	107200000	-2.852	-2.938	6.945	106800000
chr9	107200000	107600000	-1.643	-3.02	6.345	107200000
chr9	107600000	108000000	-1.144	-3.05	6.844	107600000
chr9	108000000	108400000	0.101	-3.007	7.524	108000000
chr9	108400000	108800000	-0.449	-3.09	8.002	108400000
chr9	108800000	109200000	-0.815	-2.736	7.895	108800000
chr9	109200000	109600000	-0.866	-1.792	8.076	109200000
chr9	109600000	110000000	-1.64	-1.712	8.608	109600000
chr9	110000000	110400000	-1.596	-2.778	8.387	110000000
chr9	110400000	110800000	-1.115	-3.992	7.945	110400000
chr9	110800000	111200000	-1.339	-4.632	8.07	110800000
chr9	111200000	111600000	-0.741	-4.39	9.144	111200000
chr9	111600000	112000000	-0.583	-3.507	9.516	111600000
chr9	112000000	112400000	-1.066	-3.701	9.549	112000000
chr9	112400000	112800000	-1.989	-4.183	10.272	112400000
chr9	112800000	113200000	-2.129	-3.891	10.21	112800000
chr9	113200000	113600000	-1.742	-3.72	9.659	113200000
chr9	113600000	114000000	-1.995	-3.225	9.283	113600000
chr9	114000000	114400000	-2.68	-3.115	9.222	114000000
chr9	114400000	114800000	-4.859	-3.522	9.769	114400000
chr9	114800000	115200000	-5.51	-3.141	9.079	114800000
chr9	115200000	115600000	-5.72	-4.065	8.555	115200000
chr9	115600000	116000000	-5.337	-4.991	9.743	115600000
chr9	116000000	116400000	-4.761	-5.3	10.927	116000000
chr9	116400000	116800000	-4.78	-6.246	11.262	116400000
chr9	116800000	117200000	-4.29	-6.024	10.287	116800000
chr9	117200000	117600000	-3.736	-5.957	9.881	117200000
chr9	117600000	118000000	-3.532	-5.808	11.002	117600000
chr9	118000000	118400000	-3.302	-5.14	10.599	118000000
chr9	118400000	118800000	-3.309	-4.375	9.495	118400000
chr9	118800000	119200000	-3.094	-3.844	8.596	118800000
chr9	119200000	119600000	-3.622	-3.028	8.448	119200000
chr9	119600000	120000000	-4.352	-2.212	8.827	119600000
chr9	120000000	120400000	-4.983	-2.23	8.28	120000000
chr9	120400000	120800000	-4.468	-1.26	8.69	120400000
chr9	120800000	121200000	-4.177	-0.775	9.894	120800000
chr9	121200000	121600000	-3.629	0.143	9.703	121200000
chr9	121600000	122000000	-3.909	-0.669	10.613	121600000
chr9	122000000	122400000	-4.531	-1.506	10.004	122000000
chr9	122400000	122800000	-4.165	-2.387	10.152	122400000
chr9	122800000	123200000	-3.609	-2.451	9.863	122800000
chr9	123200000	123600000	-3.395	-1.336	9.445	123200000
chr9	123600000	124000000	-3.072	-0.982	9.306	123600000
chr9	124000000	124400000	-3.402	-0.53	8.256	124000000
chr9	124400000	124800000	-3.998	0.487	7.75	124400000
