chr9	2800000	3200000	11.954	-3.352	-6.622	2800000
chr9	3200000	3600000	11.4	-3.153	-5.645	3200000
chr9	3600000	4000000	11.633	-2.847	-4.477	3600000
chr9	4000000	4400000	12.127	-3.175	-4.347	4000000
chr9	4400000	4800000	11.747	-3.645	-3.849	4400000
chr9	4800000	5200000	11.186	2.281	-5.511	4800000
chr9	5200000	5600000	11.013	1.996	-5.786	5200000
chr9	5600000	6000000	11.644	3.053	-5.944	5600000
chr9	6000000	6400000	10.693	3.102	-5.631	6000000
chr9	6400000	6800000	9.784	2.083	-5.24	6400000
chr9	6800000	7200000	9.615	2.817	-5.634	6800000
chr9	7200000	7600000	8.927	2.97	-4.703	7200000
chr9	7600000	8000000	7.872	2.819	-4.691	7600000
chr9	8000000	8400000	7.572	2.199	-3.857	8000000
chr9	8400000	8800000	7.038	1.945	-5.037	8400000
chr9	8800000	9200000	7.64	1.633	-5.365	8800000
chr9	9200000	9600000	8.532	1.447	-5.456	9200000
chr9	9600000	10000000	8.618	1.739	-4.509	9600000
chr9	10000000	10400000	9.161	1.015	-3.851	10000000
chr9	10400000	10800000	9.452	0.062	-4.022	10400000
chr9	10800000	11200000	9.543	0.031	-4.425	10800000
chr9	11200000	11600000	10.033	-1.446	-3.494	11200000
chr9	11600000	12000000	10.33	-1.607	-3.64	11600000
chr9	12000000	12400000	10.508	-1.324	-4.524	12000000
chr9	12400000	12800000	9.369	-1.694	-4.347	12400000
chr9	12800000	13200000	8.96	-1.359	-3.395	12800000
chr9	13200000	13600000	9.748	-0.739	-3.684	13200000
chr9	13600000	14000000	10.214	0.524	-3.245	13600000
chr9	14000000	14400000	9.853	0.644	-3.564	14000000
chr9	14400000	14800000	10.509	-0.347	-2.921	14400000
chr9	14800000	15200000	10.102	-0.275	-2.762	14800000
chr9	15200000	15600000	9.816	1.011	-3.02	15200000
chr9	15600000	16000000	8.645	1.237	-2.231	15600000
chr9	16000000	16400000	8.12	0.459	-2.744	16000000
chr9	16400000	16800000	8.508	0.095	-3.426	16400000
chr9	16800000	17200000	8.809	-0.135	-2.699	16800000
chr9	17200000	17600000	8.577	0.312	-1.962	17200000
chr9	17600000	18000000	8.164	-0.463	-1.763	17600000
chr9	18000000	18400000	9.448	-0.242	-1.919	18000000
chr9	18400000	18800000	9.56	0.093	-1.616	18400000
chr9	18800000	19200000	9.31	-0.366	-0.69	18800000
chr9	19200000	19600000	8.873	-1.355	0.222	19200000
chr9	19600000	20000000	8.667	-1.241	-0.54	19600000
chr9	20000000	20400000	8.8	-1.678	-1.21	20000000
chr9	20400000	20800000	7.791	-1.934	0.489	20400000
chr9	20800000	21200000	8.816	-1.641	1.188	20800000
chr9	21200000	21600000	8.067	-2.39	0.711	21200000
chr9	21600000	22000000	7.189	-1.943	-1.206	21600000
chr9	22000000	22400000	7.685	-2.346	-2.238	22000000
chr9	22400000	22800000	6.898	-2.824	-3.453	22400000
chr9	22800000	23200000	6.553	-2.606	-2.998	22800000
chr9	23200000	23600000	6.984	-1.451	-2.778	23200000
chr9	23600000	24000000	6.128	-1.486	-3.012	23600000
chr9	24000000	24400000	6.624	-0.712	-2.899	24000000
chr9	24400000	24800000	6.749	-0.355	-2.676	24400000
chr9	24800000	25200000	6.897	-1.148	-3.5	24800000
chr9	25200000	25600000	7.491	-0.153	-3.447	25200000
chr9	25600000	26000000	7.214	0.555	-2.941	25600000
chr9	26000000	26400000	8.107	-0.889	-2.809	26000000
chr9	26400000	26800000	9.117	-1.16	-2.478	26400000
chr9	26800000	27200000	8.496	-0.914	-2.686	26800000
chr9	27200000	27600000	8.13	-1.831	-3.552	27200000
chr9	27600000	28000000	6.671	-0.968	-5.459	27600000
chr9	28000000	28400000	6.389	-1.218	-6.645	28000000
chr9	28400000	28800000	7.193	-0.924	-5.899	28400000
chr9	28800000	29200000	7.831	-0.723	-4.256	28800000
chr9	29200000	29600000	8.254	-0.282	-4.266	29200000
chr9	29600000	30000000	8.317	0.063	-5.351	29600000
chr9	30000000	30400000	7.853	0.372	-4.087	30000000
chr9	30400000	30800000	8.272	-0.289	-4.465	30400000
chr9	30800000	31200000	7.298	-1.397	-4.789	30800000
chr9	31200000	31600000	6.203	-1.348	-4.45	31200000
chr9	31600000	32000000	5.469	-1.116	-3.942	31600000
chr9	32000000	32400000	5.767	-0.192	-3.95	32000000
chr9	32400000	32800000	5.363	0.552	-4.171	32400000
chr9	32800000	33200000	6.796	1.003	-4.585	32800000
chr9	33200000	33600000	6.571	0.57	-4.422	33200000
chr9	33600000	34000000	6.637	-0.354	-4.208	33600000
chr9	34000000	34400000	7.049	-0.298	-5.396	34000000
chr9	34400000	34800000	7.117	-0.225	-6.551	34400000
chr9	34800000	35200000	6.681	0.496	-6.413	34800000
chr9	35200000	35600000	7.029	0.369	-5.63	35200000
chr9	35600000	36000000	7.149	-1.966	-5.117	35600000
chr9	36000000	36400000	8.124	-2.973	-5.859	36000000
chr9	36400000	36800000	7.849	-1.728	-5.718	36400000
chr9	36800000	37200000	6.45	-2.092	-5.346	36800000
chr9	37200000	37600000	5.221	-1.473	-4.862	37200000
chr9	37600000	38000000	5.95	-0.467	-4.867	37600000
chr9	38000000	38400000	6.778	0.248	-4.392	38000000
chr9	38400000	38800000	6.799	0.0	-3.195	38400000
chr9	38800000	39200000	6.196	-1.174	-3.587	38800000
chr9	39200000	39600000	6.936	-1.081	-2.97	39200000
chr9	39600000	40000000	6.883	-1.578	-4.005	39600000
chr9	40000000	40400000	6.614	-2.523	-4.81	40000000
chr9	40400000	40800000	7.174	-2.769	-4.394	40400000
chr9	40800000	41200000	6.993	-2.455	-4.799	40800000
chr9	41200000	41600000	5.584	-2.111	-6.648	41200000
chr9	41600000	42000000	5.298	-0.611	-5.862	41600000
chr9	42000000	42400000	4.415	-0.048	-5.576	42000000
chr9	42400000	42800000	4.332	-0.226	-4.652	42400000
chr9	42800000	43200000	4.263	1.13	-4.597	42800000
chr9	43200000	43600000	4.546	2.63	-4.35	43200000
chr9	43600000	44000000	3.848	3.31	-3.68	43600000
chr9	44000000	44400000	4.432	3.561	-2.852	44000000
chr9	44400000	44800000	4.182	4.518	-2.157	44400000
chr9	44800000	45200000	4.091	4.665	-1.418	44800000
chr9	45200000	45600000	3.338	5.097	-1.907	45200000
chr9	45600000	46000000	2.972	5.617	-2.917	45600000
chr9	46000000	46400000	3.543	5.184	-3.822	46000000
chr9	46400000	46800000	4.488	4.335	-3.985	46400000
chr9	46800000	47200000	4.615	4.203	-5.137	46800000
chr9	47200000	47600000	4.754	4.626	-5.349	47200000
chr9	47600000	48000000	5.655	4.874	-4.825	47600000
chr9	48000000	48400000	5.19	4.533	-4.431	48000000
chr9	48400000	48800000	5.101	5.364	-4.994	48400000
chr9	48800000	49200000	5.931	4.679	-5.552	48800000
chr9	49200000	49600000	6.672	5.207	-4.937	49200000
chr9	49600000	50000000	6.835	5.588	-5.357	49600000
chr9	50000000	50400000	6.729	4.414	-4.778	50000000
chr9	50400000	50800000	6.425	3.72	-4.449	50400000
chr9	50800000	51200000	5.649	3.339	-3.627	50800000
chr9	51200000	51600000	5.996	3.205	-3.404	51200000
chr9	51600000	52000000	7.102	3.802	-4.325	51600000
chr9	52000000	52400000	6.935	3.597	-5.582	52000000
chr9	52400000	52800000	5.895	2.812	-5.436	52400000
chr9	52800000	53200000	6.688	2.455	-5.89	52800000
chr9	53200000	53600000	5.735	2.043	-5.279	53200000
chr9	53600000	54000000	6.39	2.515	-4.468	53600000
chr9	54000000	54400000	6.555	1.318	-3.332	54000000
chr9	54400000	54800000	6.09	1.439	-2.684	54400000
chr9	54800000	55200000	4.931	1.693	-2.753	54800000
chr9	55200000	55600000	4.755	1.715	-3.246	55200000
chr9	55600000	56000000	4.899	1.543	-4.196	55600000
chr9	56000000	56400000	5.368	1.237	-5.203	56000000
chr9	56400000	56800000	8.124	1.986	-2.851	56400000
chr9	56800000	57200000	9.152	2.052	-1.69	56800000
chr9	57200000	57600000	10.186	1.737	-0.933	57200000
chr9	57600000	58000000	10.668	2.256	-0.159	57600000
chr9	58000000	58400000	10.1	2.514	-0.877	58000000
chr9	58400000	58800000	8.953	2.763	-1.541	58400000
chr9	58800000	59200000	8.75	1.962	-0.368	58800000
chr9	59200000	59600000	9.096	1.61	0.584	59200000
chr9	59600000	60000000	9.017	1.146	1.02	59600000
chr9	60000000	60400000	9.697	0.899	0.903	60000000
chr9	60400000	60800000	9.86	0.633	0.716	60400000
chr9	60800000	61200000	9.417	-0.279	0.843	60800000
chr9	61200000	61600000	10.697	-0.481	1.505	61200000
chr9	61600000	62000000	11.498	-0.603	2.32	61600000
chr9	62000000	62400000	10.49	-0.306	2.72	62000000
chr9	62400000	62800000	9.601	-0.365	2.434	62400000
chr9	62800000	63200000	9.764	-1.219	2.253	62800000
chr9	63200000	63600000	9.401	-1.034	0.956	63200000
chr9	63600000	64000000	9.942	-1.657	1.894	63600000
chr9	64000000	64400000	9.443	-1.686	3.154	64000000
chr9	64400000	64800000	10.412	-1.901	3.531	64400000
chr9	64800000	65200000	10.964	-2.716	2.597	64800000
chr9	65200000	65600000	11.494	-2.026	3.289	65200000
chr9	65600000	66000000	10.25	-1.775	2.718	65600000
chr9	66000000	66400000	10.779	-1.558	1.72	66000000
chr9	66400000	66800000	10.322	-1.473	0.929	66400000
chr9	66800000	67200000	10.829	-1.384	-0.029	66800000
chr9	67200000	67600000	10.22	-1.211	-0.37	67200000
chr9	67600000	68000000	9.243	-1.631	-0.606	67600000
chr9	68000000	68400000	9.163	-0.913	-1.275	68000000
chr9	68400000	68800000	7.637	-0.678	-0.945	68400000
chr9	68800000	69200000	8.252	-0.253	-1.062	68800000
chr9	69200000	69600000	9.063	0.185	-0.795	69200000
chr9	69600000	70000000	7.964	-0.714	-1.127	69600000
chr9	70000000	70400000	8.382	0.811	-1.084	70000000
chr9	70400000	70800000	7.378	1.273	-1.39	70400000
chr9	70800000	71200000	7.407	2.087	-1.37	70800000
chr9	71200000	71600000	7.128	2.699	-1.011	71200000
chr9	71600000	72000000	7.665	3.647	-0.373	71600000
chr9	72000000	72400000	7.799	3.131	-0.189	72000000
chr9	72400000	72800000	8.253	2.701	-0.334	72400000
chr9	72800000	73200000	9.008	1.551	-0.561	72800000
chr9	73200000	73600000	9.522	0.219	-0.135	73200000
chr9	73600000	74000000	8.545	0.057	0.061	73600000
chr9	74000000	74400000	8.42	0.234	0.755	74000000
chr9	74400000	74800000	7.904	-0.683	0.517	74400000
chr9	74800000	75200000	7.559	-0.904	-0.11	74800000
chr9	75200000	75600000	6.851	-0.037	-0.261	75200000
chr9	75600000	76000000	5.958	-0.05	0.799	75600000
chr9	76000000	76400000	5.639	0.455	2.1	76000000
chr9	76400000	76800000	5.623	0.96	2.318	76400000
chr9	76800000	77200000	6.072	0.845	1.682	76800000
chr9	77200000	77600000	7.292	0.423	2.288	77200000
chr9	77600000	78000000	6.719	-0.385	2.516	77600000
chr9	78000000	78400000	7.458	-1.194	2.461	78000000
chr9	78400000	78800000	8.48	-1.771	3.038	78400000
chr9	78800000	79200000	9.871	-3.035	3.253	78800000
chr9	79200000	79600000	10.756	-3.825	3.794	79200000
chr9	79600000	80000000	11.901	-4.186	3.341	79600000
chr9	80000000	80400000	11.834	-3.589	3.422	80000000
chr9	80400000	80800000	13.024	-3.303	3.234	80400000
chr9	80800000	81200000	12.887	-3.673	2.267	80800000
chr9	81200000	81600000	11.857	-3.391	1.613	81200000
chr9	81600000	82000000	12.606	-2.679	1.536	81600000
chr9	82000000	82400000	12.802	-2.415	2.637	82000000
chr9	82400000	82800000	11.808	-2.42	2.126	82400000
chr9	82800000	83200000	10.912	-3.315	1.902	82800000
chr9	83200000	83600000	10.28	-2.533	0.906	83200000
chr9	83600000	84000000	8.732	-2.687	-1.06	83600000
chr9	84000000	84400000	6.552	-2.074	-1.427	84000000
chr9	84400000	84800000	5.793	-1.591	-0.324	84400000
chr9	84800000	85200000	5.945	-1.534	0.387	84800000
chr9	85200000	85600000	5.223	-1.352	0.184	85200000
chr9	85600000	86000000	5.315	-1.823	-0.754	85600000
chr9	86000000	86400000	5.86	-0.415	-1.022	86000000
chr9	86400000	86800000	6.228	0.018	-0.923	86400000
chr9	86800000	87200000	6.624	0.125	-0.063	86800000
chr9	87200000	87600000	7.495	0.721	-0.836	87200000
chr9	87600000	88000000	7.255	0.737	0.401	87600000
chr9	88000000	88400000	6.527	0.984	1.425	88000000
chr9	88400000	88800000	6.629	-0.088	0.692	88400000
chr9	88800000	89200000	7.533	-0.873	0.949	88800000
chr9	89200000	89600000	7.691	-1.829	0.067	89200000
chr9	89600000	90000000	9.185	-2.427	-0.025	89600000
chr9	90000000	90400000	9.753	-2.503	0.387	90000000
chr9	90400000	90800000	8.891	-2.626	1.619	90400000
chr9	90800000	91200000	8.896	-3.344	4.96	90800000
chr9	91200000	91600000	8.877	-2.86	6.323	91200000
chr9	91600000	92000000	8.328	-2.41	6.162	91600000
chr9	92000000	92400000	8.434	-2.888	5.58	92000000
chr9	92400000	92800000	7.687	-3.489	6.013	92400000
chr9	92800000	93200000	7.856	-3.853	5.436	92800000
chr9	93200000	93600000	7.554	-3.713	6.539	93200000
chr9	93600000	94000000	6.772	-4.135	6.645	93600000
chr9	94000000	94400000	6.919	-4.779	6.34	94000000
chr9	94400000	94800000	5.932	-5.062	6.122	94400000
chr9	94800000	95200000	6.451	-4.546	5.157	94800000
chr9	95200000	95600000	7.159	-4.212	4.818	95200000
chr9	95600000	96000000	6.433	-4.116	4.362	95600000
chr9	96000000	96400000	6.869	-3.834	3.482	96000000
chr9	96400000	96800000	5.903	-4.133	2.845	96400000
chr9	96800000	97200000	6.956	-3.054	1.816	96800000
chr9	97200000	97600000	6.724	-2.429	1.774	97200000
chr9	97600000	98000000	5.632	-0.985	1.311	97600000
chr9	98000000	98400000	5.065	1.692	0.692	98000000
chr9	98400000	98800000	4.273	0.988	0.978	98400000
chr9	98800000	99200000	5.259	0.538	0.332	98800000
chr9	99200000	99600000	5.98	1.695	-0.145	99200000
chr9	99600000	100000000	5.854	1.762	-0.583	99600000
chr9	100000000	100400000	4.892	1.056	-0.4	100000000
chr9	100400000	100800000	4.13	1.173	0.144	100400000
chr9	100800000	101200000	4.616	0.689	-1.075	100800000
chr9	101200000	101600000	3.589	0.922	-1.721	101200000
chr9	101600000	102000000	3.745	0.328	-0.774	101600000
chr9	102000000	102400000	4.301	-0.578	-0.931	102000000
chr9	102400000	102800000	4.715	-0.474	-0.119	102400000
chr9	102800000	103200000	4.514	-0.13	1.093	102800000
chr9	103200000	103600000	4.844	0.048	1.716	103200000
chr9	103600000	104000000	5.502	1.429	3.24	103600000
chr9	104000000	104400000	6.489	1.584	2.778	104000000
chr9	104400000	104800000	7.049	1.394	1.521	104400000
chr9	104800000	105200000	6.8	0.808	1.077	104800000
chr9	105200000	105600000	6.755	0.564	1.807	105200000
chr9	105600000	106000000	6.345	-0.334	2.145	105600000
chr9	106000000	106400000	6.381	0.019	2.721	106000000
chr9	106400000	106800000	5.521	0.568	2.155	106400000
chr9	106800000	107200000	4.411	1.245	2.408	106800000
chr9	107200000	107600000	5.387	2.17	2.552	107200000
chr9	107600000	108000000	5.89	2.756	3.006	107600000
chr9	108000000	108400000	7.186	2.449	2.946	108000000
chr9	108400000	108800000	7.488	1.256	3.363	108400000
chr9	108800000	109200000	6.503	1.125	3.87	108800000
chr9	109200000	109600000	6.168	0.578	4.106	109200000
chr9	109600000	110000000	6.676	-0.285	3.406	109600000
chr9	110000000	110400000	6.158	-0.019	3.774	110000000
chr9	110400000	110800000	5.871	-0.709	4.174	110400000
chr9	110800000	111200000	6.101	-1.51	4.604	110800000
chr9	111200000	111600000	6.523	-1.828	4.697	111200000
chr9	111600000	112000000	6.124	-1.0	3.923	111600000
chr9	112000000	112400000	5.348	-1.279	3.249	112000000
chr9	112400000	112800000	6.144	-1.593	2.884	112400000
chr9	112800000	113200000	6.172	-1.855	3.193	112800000
chr9	113200000	113600000	6.544	-1.381	3.318	113200000
chr9	113600000	114000000	7.318	-0.996	3.235	113600000
chr9	114000000	114400000	7.805	-0.55	3.221	114000000
chr9	114400000	114800000	7.371	-1.315	4.064	114400000
chr9	114800000	115200000	7.101	-2.556	3.969	114800000
chr9	115200000	115600000	7.842	-2.928	3.343	115200000
chr9	115600000	116000000	7.744	-2.926	2.991	115600000
chr9	116000000	116400000	7.518	-2.725	2.285	116000000
chr9	116400000	116800000	7.629	-2.158	2.363	116400000
chr9	116800000	117200000	6.135	-2.202	2.872	116800000
chr9	117200000	117600000	4.762	-2.331	3.54	117200000
chr9	117600000	118000000	4.069	-1.839	3.452	117600000
chr9	118000000	118400000	3.493	-0.99	2.358	118000000
chr9	118400000	118800000	4.395	-0.794	1.811	118400000
chr9	118800000	119200000	4.885	-1.087	2.671	118800000
chr9	119200000	119600000	4.953	-1.386	2.013	119200000
chr9	119600000	120000000	4.945	-2.653	1.987	119600000
chr9	120000000	120400000	5.894	-2.654	3.147	120000000
chr9	120400000	120800000	6.08	-2.3	3.284	120400000
chr9	120800000	121200000	6.219	-3.184	1.736	120800000
chr9	121200000	121600000	5.366	-2.991	1.255	121200000
chr9	121600000	122000000	5.57	-3.211	2.312	121600000
chr9	122000000	122400000	6.173	-4.138	2.272	122000000
chr9	122400000	122800000	5.199	-4.312	2.816	122400000
chr9	122800000	123200000	4.369	-3.952	2.158	122800000
chr9	123200000	123600000	4.305	-3.196	2.47	123200000
chr9	123600000	124000000	4.749	-2.335	1.662	123600000
chr9	124000000	124400000	7.096	-1.138	1.843	124000000
chr9	124400000	124800000	8.212	0.262	2.27	124400000
