chr1	2800000	3200000	-0.267	-2.957	-5.933	2800000
chr1	3200000	3600000	-0.756	-2.837	-6.88	3200000
chr1	3600000	4000000	-1.037	-3.65	-7.634	3600000
chr1	4000000	4400000	-1.322	-4.294	-7.925	4000000
chr1	4400000	4800000	-0.664	-3.978	-8.496	4400000
chr1	4800000	5200000	0.194	-3.334	-9.129	4800000
chr1	5200000	5600000	-0.66	-2.767	-9.455	5200000
chr1	5600000	6000000	-1.07	-3.731	-9.82	5600000
chr1	6000000	6400000	0.037	-3.976	-10.318	6000000
chr1	6400000	6800000	0.911	-2.935	-10.377	6400000
chr1	6800000	7200000	0.384	-2.417	-11.294	6800000
chr1	7200000	7600000	1.374	-2.336	-10.383	7200000
chr1	7600000	8000000	2.092	-2.101	-10.952	7600000
chr1	8000000	8400000	2.839	-2.805	-10.584	8000000
chr1	8400000	8800000	2.21	-3.509	-11.389	8400000
chr1	8800000	9200000	2.736	-4.288	-11.927	8800000
chr1	9200000	9600000	2.699	-3.16	-11.771	9200000
chr1	9600000	10000000	2.219	-2.247	-12.265	9600000
chr1	10000000	10400000	2.684	-2.086	-13.693	10000000
chr1	10400000	10800000	2.733	-1.525	-14.688	10400000
chr1	10800000	11200000	2.57	-2.225	-15.319	10800000
chr1	11200000	11600000	3.347	-3.027	-15.444	11200000
chr1	11600000	12000000	3.448	-2.306	-14.536	11600000
chr1	12000000	12400000	3.943	-2.899	-13.604	12000000
chr1	12400000	12800000	4.585	-2.491	-13.564	12400000
chr1	12800000	13200000	4.191	-1.354	-13.667	12800000
chr1	13200000	13600000	3.492	-1.286	-12.527	13200000
chr1	13600000	14000000	3.433	-2.037	-12.721	13600000
chr1	14000000	14400000	4.06	-2.868	-11.916	14000000
chr1	14400000	14800000	4.712	-3.745	-11.916	14400000
chr1	14800000	15200000	4.852	-2.867	-11.686	14800000
chr1	15200000	15600000	4.803	-1.743	-11.203	15200000
chr1	15600000	16000000	4.152	-1.588	-11.248	15600000
chr1	16000000	16400000	4.015	-2.575	-10.583	16000000
chr1	16400000	16800000	4.202	-2.791	-9.527	16400000
chr1	16800000	17200000	3.691	-2.7	-9.289	16800000
chr1	17200000	17600000	3.501	-3.347	-8.463	17200000
chr1	17600000	18000000	3.841	-4.395	-8.683	17600000
chr1	18000000	18400000	3.006	-4.361	-9.537	18000000
chr1	18400000	18800000	3.481	-5.169	-8.948	18400000
chr1	18800000	19200000	3.321	-5.769	-9.907	18800000
chr1	19200000	19600000	2.92	-6.039	-9.332	19200000
chr1	19600000	20000000	2.348	-6.805	-8.765	19600000
chr1	20000000	20400000	2.057	-7.195	-8.744	20000000
chr1	20400000	20800000	1.678	-6.279	-7.998	20400000
chr1	20800000	21200000	2.842	-5.886	-7.377	20800000
chr1	21200000	21600000	3.383	-4.847	-6.819	21200000
chr1	21600000	22000000	1.823	-5.048	-6.41	21600000
chr1	22000000	22400000	1.718	-4.428	-6.161	22000000
chr1	22400000	22800000	1.775	-4.61	-7.044	22400000
chr1	22800000	23200000	2.255	-4.904	-8.342	22800000
chr1	23200000	23600000	2.16	-4.085	-8.386	23200000
chr1	23600000	24000000	1.036	-4.433	-8.02	23600000
chr1	24000000	24400000	0.786	-4.425	-7.135	24000000
chr1	24400000	24800000	0.362	-5.237	-6.491	24400000
chr1	24800000	25200000	-0.139	-5.672	-7.096	24800000
chr1	25200000	25600000	0.903	-6.295	-6.78	25200000
chr1	25600000	26000000	1.395	-7.192	-7.192	25600000
chr1	26000000	26400000	0.659	-7.031	-7.807	26000000
chr1	26400000	26800000	0.151	-7.8	-7.573	26400000
chr1	26800000	27200000	-0.185	-8.257	-6.9	26800000
chr1	27200000	27600000	0.562	-7.358	-6.484	27200000
chr1	27600000	28000000	-0.156	-6.621	-5.873	27600000
chr1	28000000	28400000	-1.05	-7.117	-6.162	28000000
chr1	28400000	28800000	-1.292	-7.318	-5.999	28400000
chr1	28800000	29200000	-1.523	-8.562	-5.944	28800000
chr1	29200000	29600000	-2.08	-8.789	-6.923	29200000
chr1	29600000	30000000	-1.882	-7.942	-7.761	29600000
chr1	30000000	30400000	-1.324	-7.208	-7.461	30000000
chr1	30400000	30800000	-1.261	-6.991	-8.15	30400000
chr1	30800000	31200000	-0.033	-6.616	-8.236	30800000
chr1	31200000	31600000	-0.184	-5.803	-9.041	31200000
chr1	31600000	32000000	0.786	-5.759	-8.681	31600000
chr1	32000000	32400000	1.335	-5.247	-9.574	32000000
chr1	32400000	32800000	1.065	-4.169	-9.918	32400000
chr1	32800000	33200000	1.842	-4.651	-10.216	32800000
chr1	33200000	33600000	2.884	-4.086	-9.999	33200000
chr1	33600000	34000000	2.535	-2.941	-9.678	33600000
chr1	34000000	34400000	1.91	-2.415	-8.766	34000000
chr1	34400000	34800000	2.416	-1.892	-8.278	34400000
chr1	34800000	35200000	2.749	-1.481	-7.956	34800000
chr1	35200000	35600000	3.712	-2.148	-7.422	35200000
chr1	35600000	36000000	4.655	-2.125	-7.548	35600000
chr1	36000000	36400000	5.176	-1.99	-7.081	36000000
chr1	36400000	36800000	5.876	-1.305	-7.698	36400000
chr1	36800000	37200000	6.74	-0.674	-8.515	36800000
chr1	37200000	37600000	8.23	-0.328	-8.246	37200000
chr1	37600000	38000000	8.133	-0.585	-7.511	37600000
chr1	38000000	38400000	7.799	-1.086	-7.102	38000000
chr1	38400000	38800000	7.078	-2.294	-7.272	38400000
chr1	38800000	39200000	6.468	-3.177	-7.86	38800000
chr1	39200000	39600000	6.701	-4.294	-7.207	39200000
chr1	39600000	40000000	6.532	-4.983	-7.442	39600000
chr1	40000000	40400000	6.277	-5.0	-8.667	40000000
chr1	40400000	40800000	6.691	-5.177	-9.403	40400000
chr1	40800000	41200000	6.489	-3.914	-8.718	40800000
chr1	41200000	41600000	6.678	-3.22	-9.405	41200000
chr1	41600000	42000000	6.064	-2.658	-10.187	41600000
chr1	42000000	42400000	5.603	-2.654	-9.699	42000000
chr1	42400000	42800000	5.824	-2.322	-8.863	42400000
chr1	42800000	43200000	6.513	-2.278	-9.175	42800000
chr1	43200000	43600000	7.232	-1.797	-8.786	43200000
chr1	43600000	44000000	6.501	-2.191	-8.629	43600000
chr1	44000000	44400000	6.577	-1.508	-9.619	44000000
chr1	44400000	44800000	6.745	-1.876	-10.637	44400000
chr1	44800000	45200000	6.558	-2.95	-11.291	44800000
chr1	45200000	45600000	7.251	-3.399	-10.805	45200000
chr1	45600000	46000000	8.333	-2.745	-11.028	45600000
chr1	46000000	46400000	8.31	-2.584	-11.611	46000000
chr1	46400000	46800000	7.903	-2.316	-12.407	46400000
chr1	46800000	47200000	7.561	-2.011	-12.739	46800000
chr1	47200000	47600000	6.829	-1.353	-12.025	47200000
chr1	47600000	48000000	5.787	-1.672	-12.682	47600000
chr1	48000000	48400000	5.569	-2.406	-12.923	48000000
chr1	48400000	48800000	6.146	-1.257	-13.702	48400000
chr1	48800000	49200000	6.147	-1.127	-13.505	48800000
chr1	49200000	49600000	5.237	-0.647	-13.049	49200000
chr1	49600000	50000000	6.105	-0.128	-12.767	49600000
chr1	50000000	50400000	6.802	-0.017	-13.458	50000000
chr1	50400000	50800000	7.293	1.157	-12.925	50400000
chr1	50800000	51200000	7.659	0.941	-12.379	50800000
chr1	51200000	51600000	7.715	0.906	-13.612	51200000
chr1	51600000	52000000	8.436	1.042	-14.153	51600000
chr1	52000000	52400000	7.938	1.715	-14.706	52000000
chr1	52400000	52800000	6.762	1.483	-14.663	52400000
chr1	52800000	53200000	6.861	1.89	-14.549	52800000
chr1	53200000	53600000	6.947	0.993	-15.238	53200000
chr1	53600000	54000000	6.62	0.466	-14.54	53600000
chr1	54000000	54400000	5.822	0.479	-14.778	54000000
chr1	54400000	54800000	7.009	0.075	-14.48	54400000
chr1	54800000	55200000	7.873	-0.276	-13.204	54800000
chr1	55200000	55600000	8.585	-0.73	-11.582	55200000
chr1	55600000	56000000	9.149	-1.305	-11.411	55600000
chr1	56000000	56400000	9.926	-2.182	-10.911	56000000
chr1	56400000	56800000	10.269	-1.852	-9.82	56400000
chr1	56800000	57200000	9.402	-1.804	-9.972	56800000
chr1	57200000	57600000	9.406	-1.095	-10.237	57200000
chr1	57600000	58000000	10.761	-0.772	-10.291	57600000
chr1	58000000	58400000	10.719	-0.552	-9.428	58000000
chr1	58400000	58800000	9.798	-0.426	-8.612	58400000
chr1	58800000	59200000	10.595	0.667	-5.992	58800000
chr1	59200000	59600000	10.254	0.71	-5.448	59200000
chr1	59600000	60000000	10.939	0.261	-4.717	59600000
chr1	60000000	60400000	11.824	-0.616	-4.754	60000000
chr1	60400000	60800000	10.941	-1.187	-5.064	60400000
chr1	60800000	61200000	10.43	-1.174	-6.009	60800000
chr1	61200000	61600000	9.751	-1.881	-7.37	61200000
chr1	61600000	62000000	9.092	-1.436	-8.634	61600000
chr1	62000000	62400000	9.689	-1.206	-7.611	62000000
chr1	62400000	62800000	9.569	-1.45	-8.787	62400000
chr1	62800000	63200000	8.34	-1.695	-9.077	62800000
chr1	63200000	63600000	8.205	-2.398	-9.297	63200000
chr1	63600000	64000000	7.832	-3.577	-9.088	63600000
chr1	64000000	64400000	8.163	-4.672	-8.58	64000000
chr1	64400000	64800000	7.939	-4.597	-8.15	64400000
chr1	64800000	65200000	8.124	-4.587	-7.8	64800000
chr1	65200000	65600000	7.871	-4.005	-6.642	65200000
chr1	65600000	66000000	9.39	-3.578	-6.708	65600000
chr1	66000000	66400000	10.037	-3.28	-7.655	66000000
chr1	66400000	66800000	9.762	-3.435	-8.755	66400000
chr1	66800000	67200000	10.05	-3.679	-7.805	66800000
chr1	67200000	67600000	11.137	-4.339	-7.994	67200000
chr1	67600000	68000000	10.92	-4.077	-7.25	67600000
chr1	68000000	68400000	9.838	-5.843	-8.437	68000000
chr1	68400000	68800000	9.089	-6.438	-8.987	68400000
chr1	68800000	69200000	8.365	-6.033	-9.291	68800000
chr1	69200000	69600000	8.986	-5.057	-9.357	69200000
chr1	69600000	70000000	9.349	-4.695	-8.342	69600000
chr1	70000000	70400000	8.866	-4.152	-7.669	70000000
chr1	70400000	70800000	9.103	-3.089	-7.976	70400000
chr1	70800000	71200000	8.531	-2.536	-7.488	70800000
chr1	71200000	71600000	8.372	-2.868	-7.361	71200000
chr1	71600000	72000000	7.766	-3.639	-7.157	71600000
chr1	72000000	72400000	7.097	-3.19	-6.012	72000000
chr1	72400000	72800000	7.398	-3.165	-5.034	72400000
chr1	72800000	73200000	7.012	-1.43	-4.654	72800000
chr1	73200000	73600000	8.46	-1.405	-4.478	73200000
chr1	73600000	74000000	8.354	-1.86	-3.952	73600000
chr1	74000000	74400000	7.641	-2.025	-4.547	74000000
chr1	74400000	74800000	7.556	-1.737	-5.446	74400000
chr1	74800000	75200000	7.268	-0.824	-5.768	74800000
chr1	75200000	75600000	6.923	0.59	-5.447	75200000
chr1	75600000	76000000	7.459	0.309	-5.965	75600000
chr1	76000000	76400000	8.813	0.91	-6.295	76000000
chr1	76400000	76800000	8.101	1.507	-6.745	76400000
chr1	76800000	77200000	7.977	1.923	-6.42	76800000
chr1	77200000	77600000	8.204	2.735	-5.916	77200000
chr1	77600000	78000000	8.798	2.173	-5.677	77600000
chr1	78000000	78400000	9.286	1.677	-6.243	78000000
chr1	78400000	78800000	9.288	0.976	-7.438	78400000
chr1	78800000	79200000	9.949	0.176	-8.087	78800000
chr1	79200000	79600000	10.685	-1.91	-8.071	79200000
chr1	79600000	80000000	10.847	-1.548	-8.144	79600000
chr1	80000000	80400000	11.434	-1.016	-6.661	80000000
chr1	80400000	80800000	11.752	-1.576	-6.716	80400000
chr1	80800000	81200000	10.835	-2.273	-6.675	80800000
chr1	81200000	81600000	10.849	-2.506	-7.004	81200000
chr1	81600000	82000000	10.186	-1.135	-7.002	81600000
chr1	82000000	82400000	9.77	-0.346	-7.118	82000000
chr1	82400000	82800000	10.511	-0.251	-6.86	82400000
chr1	82800000	83200000	9.365	0.21	-6.531	82800000
chr1	83200000	83600000	8.973	0.502	-6.314	83200000
chr1	83600000	84000000	9.024	-0.164	-6.686	83600000
chr1	84000000	84400000	9.009	-1.173	-5.993	84000000
chr1	84400000	84800000	9.129	-0.817	-4.859	84400000
chr1	84800000	85200000	8.389	-0.369	-4.93	84800000
chr1	85200000	85600000	7.476	-0.424	-4.126	85200000
chr1	85600000	86000000	7.593	-0.071	-3.869	85600000
chr1	86000000	86400000	8.608	0.738	-4.42	86000000
chr1	86400000	86800000	9.466	1.764	-4.976	86400000
chr1	86800000	87200000	9.981	2.053	-6.012	86800000
chr1	87200000	87600000	9.894	2.248	-6.857	87200000
chr1	87600000	88000000	11.184	2.47	-6.638	87600000
chr1	88000000	88400000	10.786	2.699	-6.992	88000000
chr1	88400000	88800000	11.325	1.92	-7.916	88400000
chr1	88800000	89200000	10.59	1.35	-8.948	88800000
chr1	89200000	89600000	11.431	0.789	-8.736	89200000
chr1	89600000	90000000	12.077	0.794	-8.744	89600000
chr1	90000000	90400000	12.344	0.068	-8.042	90000000
chr1	90400000	90800000	12.85	0.182	-7.349	90400000
chr1	90800000	91200000	13.429	0.125	-6.817	90800000
chr1	91200000	91600000	13.678	-0.26	-7.263	91200000
chr1	91600000	92000000	12.566	-0.641	-7.549	91600000
chr1	92000000	92400000	11.517	-0.377	-7.778	92000000
chr1	92400000	92800000	11.798	-1.601	-8.008	92400000
chr1	92800000	93200000	12.311	-2.392	-7.291	92800000
chr1	93200000	93600000	12.511	-2.283	-6.036	93200000
chr1	93600000	94000000	11.904	-1.979	-4.964	93600000
chr1	94000000	94400000	11.21	-2.615	-5.151	94000000
chr1	94400000	94800000	11.531	-3.733	-5.627	94400000
chr1	94800000	95200000	11.311	-4.313	-5.321	94800000
chr1	95200000	95600000	12.503	-4.201	-5.09	95200000
chr1	95600000	96000000	12.606	-3.854	-5.221	95600000
chr1	96000000	96400000	13.27	-3.332	-5.897	96000000
chr1	96400000	96800000	13.778	-3.708	-5.596	96400000
chr1	96800000	97200000	12.836	-4.071	-6.419	96800000
chr1	97200000	97600000	12.736	-3.267	-7.108	97200000
chr1	97600000	98000000	12.336	-2.894	-7.826	97600000
chr1	98000000	98400000	12.859	-2.183	-8.724	98000000
chr1	98400000	98800000	12.355	-1.598	-9.122	98400000
chr1	98800000	99200000	12.873	-0.473	-8.964	98800000
chr1	99200000	99600000	12.08	-0.852	-10.054	99200000
chr1	99600000	100000000	11.85	-0.79	-9.647	99600000
chr1	100000000	100400000	13.154	-1.81	-8.118	100000000
chr1	100400000	100800000	13.714	-1.739	-8.731	100400000
chr1	100800000	101200000	14.76	-1.007	-8.007	100800000
chr1	101200000	101600000	15.105	-0.944	-6.924	101200000
chr1	101600000	102000000	15.269	0.051	-7.416	101600000
chr1	102000000	102400000	14.823	0.456	-7.264	102000000
chr1	102400000	102800000	14.807	0.149	-6.451	102400000
chr1	102800000	103200000	13.694	-0.878	-7.092	102800000
chr1	103200000	103600000	13.71	-1.892	-6.78	103200000
chr1	103600000	104000000	14.159	-2.118	-7.78	103600000
chr1	104000000	104400000	14.122	-1.565	-6.927	104000000
chr1	104400000	104800000	15.115	-2.048	-6.117	104400000
chr1	104800000	105200000	15.021	-1.623	-4.966	104800000
chr1	105200000	105600000	14.196	-1.055	-5.4	105200000
chr1	105600000	106000000	13.914	-1.359	-5.685	105600000
chr1	106000000	106400000	13.169	-0.907	-5.267	106000000
chr1	106400000	106800000	13.059	-0.247	-5.106	106400000
chr1	106800000	107200000	12.765	0.351	-4.439	106800000
chr1	107200000	107600000	12.648	0.773	-4.188	107200000
chr1	107600000	108000000	12.821	1.54	-4.892	107600000
chr1	108000000	108400000	12.851	1.717	-6.077	108000000
chr1	108400000	108800000	14.016	1.538	-6.314	108400000
chr1	108800000	109200000	14.001	1.38	-6.704	108800000
chr1	109200000	109600000	12.938	1.422	-7.623	109200000
chr1	109600000	110000000	12.177	1.453	-6.859	109600000
chr1	110000000	110400000	12.524	2.034	-7.777	110000000
chr1	110400000	110800000	13.338	1.161	-8.557	110400000
chr1	110800000	111200000	13.959	0.608	-8.581	110800000
chr1	111200000	111600000	14.03	-0.699	-8.673	111200000
chr1	111600000	112000000	13.881	0.554	-9.115	111600000
chr1	112000000	112400000	12.913	0.436	-9.816	112000000
chr1	112400000	112800000	12.786	0.922	-9.899	112400000
chr1	112800000	113200000	11.809	1.646	-10.293	112800000
chr1	113200000	113600000	11.917	1.889	-11.625	113200000
chr1	113600000	114000000	10.924	2.2	-11.005	113600000
chr1	114000000	114400000	11.045	0.875	-10.648	114000000
chr1	114400000	114800000	11.863	0.483	-11.46	114400000
chr1	114800000	115200000	11.718	1.513	-11.056	114800000
chr1	115200000	115600000	10.813	1.797	-10.746	115200000
chr1	115600000	116000000	10.145	1.066	-11.841	115600000
chr1	116000000	116400000	10.823	1.336	-12.545	116000000
chr1	116400000	116800000	10.784	2.297	-11.889	116400000
chr1	116800000	117200000	10.394	1.681	-12.931	116800000
chr1	117200000	117600000	9.828	0.652	-13.192	117200000
chr1	117600000	118000000	9.434	-0.242	-13.18	117600000
chr1	118000000	118400000	10.235	-1.079	-12.907	118000000
chr1	118400000	118800000	10.328	-0.812	-11.744	118400000
chr1	118800000	119200000	9.438	-0.008	-11.602	118800000
chr1	119200000	119600000	9.519	0.404	-10.849	119200000
chr1	119600000	120000000	9.344	0.512	-11.825	119600000
chr1	120000000	120400000	9.259	1.393	-12.195	120000000
chr1	120400000	120800000	8.984	2.105	-12.862	120400000
chr1	120800000	121200000	8.196	2.459	-13.159	120800000
chr1	121200000	121600000	7.719	2.538	-13.492	121200000
chr1	121600000	122000000	8.918	2.826	-13.112	121600000
chr1	122000000	122400000	8.848	3.822	-12.84	122000000
chr1	122400000	122800000	8.089	3.559	-11.771	122400000
chr1	122800000	123200000	7.949	2.283	-12.041	122800000
chr1	123200000	123600000	7.675	3.205	-12.572	123200000
chr1	123600000	124000000	8.48	4.934	-12.497	123600000
chr1	124000000	124400000	7.85	4.478	-12.227	124000000
chr1	124400000	124800000	7.769	4.357	-13.639	124400000
chr1	124800000	125200000	7.32	4.393	-13.37	124800000
chr1	125200000	125600000	7.218	3.429	-13.35	125200000
chr1	125600000	126000000	6.713	4.0	-12.97	125600000
chr1	126000000	126400000	6.298	4.157	-14.109	126000000
chr1	126400000	126800000	5.851	5.092	-14.728	126400000
chr1	126800000	127200000	6.208	4.505	-15.0	126800000
chr1	127200000	127600000	5.186	4.555	-14.402	127200000
chr1	127600000	128000000	4.794	5.418	-13.698	127600000
chr1	128000000	128400000	5.531	5.205	-12.927	128000000
chr1	128400000	128800000	6.151	4.916	-12.934	128400000
chr1	128800000	129200000	6.353	5.977	-13.574	128800000
chr1	129200000	129600000	6.145	6.138	-14.15	129200000
chr1	129600000	130000000	7.107	6.018	-14.402	129600000
chr1	130000000	130400000	7.901	6.148	-13.33	130000000
chr1	130400000	130800000	7.259	6.058	-12.617	130400000
chr1	130800000	131200000	6.116	6.105	-11.815	130800000
chr1	131200000	131600000	5.636	5.526	-11.457	131200000
chr1	131600000	132000000	5.696	5.066	-10.804	131600000
chr1	132000000	132400000	5.779	4.763	-9.637	132000000
chr1	132400000	132800000	6.412	4.678	-9.03	132400000
chr1	132800000	133200000	6.771	4.112	-8.939	132800000
chr1	133200000	133600000	6.727	3.695	-9.874	133200000
chr1	133600000	134000000	7.438	2.935	-10.214	133600000
chr1	134000000	134400000	6.985	2.021	-10.362	134000000
chr1	134400000	134800000	6.001	1.547	-10.796	134400000
chr1	134800000	135200000	6.159	1.293	-11.292	134800000
chr1	135200000	135600000	6.856	0.42	-10.683	135200000
chr1	135600000	136000000	7.747	1.091	-10.397	135600000
chr1	136000000	136400000	8.285	0.467	-10.504	136000000
chr1	136400000	136800000	9.11	1.309	-10.189	136400000
chr1	136800000	137200000	8.847	2.151	-10.788	136800000
chr1	137200000	137600000	9.708	2.687	-11.304	137200000
chr1	137600000	138000000	10.477	3.386	-11.931	137600000
chr1	138000000	138400000	10.814	3.754	-11.279	138000000
chr1	138400000	138800000	10.978	4.032	-10.783	138400000
chr1	138800000	139200000	10.745	4.253	-9.812	138800000
chr1	139200000	139600000	10.374	3.479	-8.995	139200000
chr1	139600000	140000000	11.256	3.637	-9.07	139600000
chr1	140000000	140400000	11.762	3.746	-10.289	140000000
chr1	140400000	140800000	11.961	2.705	-10.064	140400000
chr1	140800000	141200000	12.365	3.595	-9.029	140800000
chr1	141200000	141600000	13.584	4.519	-6.842	141200000
chr1	141600000	142000000	12.859	4.87	-5.962	141600000
chr1	142000000	142400000	13.854	4.455	-6.292	142000000
chr1	142400000	142800000	14.362	4.871	-6.841	142400000
chr1	142800000	143200000	13.736	5.832	-6.371	142800000
chr1	143200000	143600000	12.915	5.854	-5.302	143200000
chr1	143600000	144000000	13.856	5.94	-5.663	143600000
chr1	144000000	144400000	13.718	4.792	-5.376	144000000
chr1	144400000	144800000	14.922	4.71	-5.295	144400000
chr1	144800000	145200000	14.89	3.625	-4.919	144800000
chr1	145200000	145600000	14.704	3.788	-4.37	145200000
chr1	145600000	146000000	14.612	3.013	-5.228	145600000
chr1	146000000	146400000	14.985	2.05	-3.709	146000000
chr1	146400000	146800000	15.414	3.193	-3.21	146400000
chr1	146800000	147200000	15.49	2.816	-2.204	146800000
chr1	147200000	147600000	14.635	3.376	-3.045	147200000
chr1	147600000	148000000	15.431	4.151	-2.932	147600000
chr1	148000000	148400000	14.268	3.828	-2.662	148000000
chr1	148400000	148800000	14.139	2.923	-1.857	148400000
chr1	148800000	149200000	14.072	3.227	-1.201	148800000
chr1	149200000	149600000	15.015	3.703	-1.665	149200000
chr1	149600000	150000000	15.24	4.901	-1.728	149600000
chr1	150000000	150400000	14.728	5.296	-2.785	150000000
chr1	150400000	150800000	13.853	6.052	-3.557	150400000
chr1	150800000	151200000	12.638	5.742	-4.11	150800000
chr1	151200000	151600000	12.252	5.595	-4.427	151200000
chr1	151600000	152000000	11.538	4.381	-4.347	151600000
chr1	152000000	152400000	10.707	3.544	-4.179	152000000
chr1	152400000	152800000	9.774	3.628	-4.762	152400000
chr1	152800000	153200000	9.622	4.664	-4.894	152800000
chr1	153200000	153600000	9.58	4.42	-3.714	153200000
chr1	153600000	154000000	9.977	4.76	-3.007	153600000
chr1	154000000	154400000	10.439	5.847	-2.756	154000000
chr1	154400000	154800000	9.835	6.076	-3.589	154400000
chr1	154800000	155200000	10.769	5.933	-3.451	154800000
chr1	155200000	155600000	11.591	5.064	-2.734	155200000
chr1	155600000	156000000	11.571	4.343	-2.803	155600000
chr1	156000000	156400000	11.136	3.428	-3.354	156000000
chr1	156400000	156800000	10.693	3.383	-2.263	156400000
chr1	156800000	157200000	11.546	3.27	-1.462	156800000
chr1	157200000	157600000	12.009	4.128	-1.622	157200000
chr1	157600000	158000000	12.927	4.466	-2.16	157600000
chr1	158000000	158400000	13.622	4.875	-2.008	158000000
chr1	158400000	158800000	13.515	5.45	-1.425	158400000
chr1	158800000	159200000	12.857	5.738	-1.559	158800000
chr1	159200000	159600000	13.086	5.614	-2.709	159200000
chr1	159600000	160000000	13.722	4.369	-3.846	159600000
chr1	160000000	160400000	13.654	3.527	-4.42	160000000
chr1	160400000	160800000	13.131	3.727	-4.386	160400000
chr1	160800000	161200000	12.31	3.189	-3.745	160800000
chr1	161200000	161600000	12.495	2.819	-2.911	161200000
chr1	161600000	162000000	12.482	2.317	-1.785	161600000
chr1	162000000	162400000	13.088	2.585	-2.155	162000000
chr1	162400000	162800000	13.615	1.793	-1.255	162400000
chr1	162800000	163200000	13.781	0.937	-1.126	162800000
chr1	163200000	163600000	14.563	1.135	-1.015	163200000
chr1	163600000	164000000	14.735	1.761	-2.245	163600000
chr1	164000000	164400000	15.437	1.796	-2.405	164000000
chr1	164400000	164800000	14.93	0.992	-2.235	164400000
chr1	164800000	165200000	14.515	0.38	-2.46	164800000
chr1	165200000	165600000	14.363	0.727	-3.151	165200000
chr1	165600000	166000000	13.883	2.038	-3.27	165600000
chr1	166000000	166400000	13.965	2.234	-3.958	166000000
chr1	166400000	166800000	13.495	1.605	-4.949	166400000
chr1	166800000	167200000	14.389	1.097	-4.771	166800000
chr1	167200000	167600000	14.019	1.275	-4.596	167200000
chr1	167600000	168000000	14.045	2.485	-5.473	167600000
chr1	168000000	168400000	13.161	3.022	-6.019	168000000
chr1	168400000	168800000	13.149	3.129	-5.619	168400000
chr1	168800000	169200000	13.716	3.244	-6.817	168800000
chr1	169200000	169600000	13.82	2.508	-7.792	169200000
chr1	169600000	170000000	14.215	3.026	-7.938	169600000
chr1	170000000	170400000	13.917	3.713	-7.519	170000000
chr1	170400000	170800000	12.883	3.249	-7.02	170400000
chr1	170800000	171200000	12.501	3.454	-7.956	170800000
chr1	171200000	171600000	11.352	5.215	-9.445	171200000
chr1	171600000	172000000	10.229	4.875	-9.959	171600000
chr1	172000000	172400000	8.951	4.401	-10.227	172000000
chr1	172400000	172800000	9.044	4.35	-11.038	172400000
chr1	172800000	173200000	9.823	4.591	-11.868	172800000
chr1	173200000	173600000	10.764	5.022	-11.001	173200000
chr1	173600000	174000000	9.823	5.661	-10.659	173600000
chr1	174000000	174400000	9.281	6.059	-10.327	174000000
chr1	174400000	174800000	8.158	5.288	-9.737	174400000
chr1	174800000	175200000	8.63	5.034	-8.924	174800000
chr1	175200000	175600000	8.119	5.436	-8.814	175200000
chr1	175600000	176000000	8.902	6.206	-9.468	175600000
chr1	176000000	176400000	9.623	5.863	-9.186	176000000
chr1	176400000	176800000	9.871	6.769	-8.371	176400000
chr1	176800000	177200000	10.233	5.949	-8.35	176800000
chr1	177200000	177600000	10.167	4.89	-7.961	177200000
chr1	177600000	178000000	9.602	5.09	-7.855	177600000
chr1	178000000	178400000	9.044	5.837	-7.547	178000000
chr1	178400000	178800000	9.684	6.619	-7.079	178400000
chr1	178800000	179200000	9.927	5.616	-6.512	178800000
chr1	179200000	179600000	10.88	5.045	-6.942	179200000
chr1	179600000	180000000	10.106	4.195	-6.845	179600000
chr1	180000000	180400000	8.636	4.339	-6.729	180000000
chr1	180400000	180800000	7.604	4.91	-7.005	180400000
chr1	180800000	181200000	6.929	4.449	-7.1	180800000
chr1	181200000	181600000	8.577	2.823	-7.995	181200000
chr1	181600000	182000000	9.425	1.873	-8.162	181600000
chr1	182000000	182400000	10.165	1.091	-7.436	182000000
chr1	182400000	182800000	11.082	1.48	-7.38	182400000
chr1	182800000	183200000	11.429	2.619	-8.066	182800000
chr1	183200000	183600000	12.6	2.666	-8.664	183200000
chr1	183600000	184000000	13.433	3.582	-9.276	183600000
chr1	184000000	184400000	13.369	4.487	-8.328	184000000
chr1	184400000	184800000	12.531	5.005	-7.877	184400000
chr1	184800000	185200000	12.631	4.978	-8.315	184800000
chr1	185200000	185600000	12.328	5.371	-7.63	185200000
chr1	185600000	186000000	11.744	4.161	-7.322	185600000
chr1	186000000	186400000	11.319	4.211	-8.082	186000000
chr1	186400000	186800000	11.249	5.405	-8.393	186400000
chr1	186800000	187200000	11.492	6.083	-7.32	186800000
chr1	187200000	187600000	11.77	6.672	-7.385	187200000
chr1	187600000	188000000	12.265	6.843	-7.801	187600000
chr1	188000000	188400000	12.758	7.292	-7.158	188000000
chr1	188400000	188800000	12.583	7.749	-6.279	188400000
chr1	188800000	189200000	11.526	7.923	-6.181	188800000
chr1	189200000	189600000	11.452	9.005	-5.645	189200000
chr1	189600000	190000000	11.256	9.568	-4.945	189600000
chr1	190000000	190400000	10.402	9.218	-4.868	190000000
chr1	190400000	190800000	11.137	8.666	-4.045	190400000
chr1	190800000	191200000	10.488	8.717	-4.312	190800000
chr1	191200000	191600000	10.67	7.821	-4.381	191200000
chr1	191600000	192000000	11.189	7.17	-4.454	191600000
chr1	192000000	192400000	11.212	7.144	-3.699	192000000
chr1	192400000	192800000	10.796	7.021	-2.962	192400000
chr1	192800000	193200000	11.043	7.667	-2.326	192800000
chr1	193200000	193600000	10.951	8.356	-1.717	193200000
chr1	193600000	194000000	12.516	7.011	-2.196	193600000
chr1	194000000	194400000	12.587	6.546	-2.474	194000000
chr1	194400000	194800000	12.587	6.917	-3.544	194400000
chr1	194800000	195200000	13.218	7.908	-3.612	194800000
chr1	195200000	195600000	13.023	8.359	-2.56	195200000
