chrX	3200000	3600000	2.07	-10.598	-15.98	3200000
chrX	3600000	4000000	1.87	-10.107	-14.99	3600000
chrX	4000000	4400000	2.022	-10.789	-14.082	4000000
chrX	4400000	4800000	2.125	-10.302	-13.084	4400000
chrX	4800000	5200000	1.484	-10.551	-12.179	4800000
chrX	5200000	5600000	1.685	-9.779	-11.25	5200000
chrX	5600000	6000000	1.123	-8.865	-10.697	5600000
chrX	6000000	6400000	0.975	-7.869	-9.914	6000000
chrX	6400000	6800000	0.847	-7.107	-9.079	6400000
chrX	6800000	7200000	0.623	-6.87	-8.007	6800000
chrX	7200000	7600000	0.85	-6.636	-7.285	7200000
chrX	7600000	8000000	1.217	-6.401	-7.331	7600000
chrX	8000000	8400000	1.959	-6.616	-6.054	8000000
chrX	8400000	8800000	1.367	-6.644	-4.949	8400000
chrX	8800000	9200000	0.877	-7.0	-5.184	8800000
chrX	9200000	9600000	1.505	-7.85	-5.422	9200000
chrX	9600000	10000000	2.104	-8.823	-5.779	9600000
chrX	10000000	10400000	2.562	-9.761	-5.454	10000000
chrX	10400000	10800000	2.44	-8.933	-4.841	10400000
chrX	10800000	11200000	2.686	-7.621	-4.413	10800000
chrX	11200000	11600000	2.912	-7.045	-4.547	11200000
chrX	11600000	12000000	2.82	-7.606	-4.851	11600000
chrX	12000000	12400000	2.776	-6.581	-5.521	12000000
chrX	12400000	12800000	3.3	-6.339	-6.136	12400000
chrX	12800000	13200000	3.689	-5.871	-6.52	12800000
chrX	13200000	13600000	3.53	-6.23	-7.04	13200000
chrX	13600000	14000000	3.987	-6.695	-7.721	13600000
chrX	14000000	14400000	3.64	-7.71	-7.753	14000000
chrX	14400000	14800000	2.567	-7.39	-8.175	14400000
chrX	14800000	15200000	2.39	-7.73	-8.977	14800000
chrX	15200000	15600000	1.616	-7.986	-8.894	15200000
chrX	15600000	16000000	2.91	-8.507	-9.156	15600000
chrX	16000000	16400000	2.608	-9.005	-8.651	16000000
chrX	16400000	16800000	2.095	-8.614	-8.412	16400000
chrX	16800000	17200000	2.588	-8.76	-7.236	16800000
chrX	17200000	17600000	3.115	-8.017	-6.877	17200000
chrX	17600000	18000000	2.848	-7.262	-6.803	17600000
chrX	18000000	18400000	1.839	-7.955	-7.199	18000000
chrX	18400000	18800000	1.966	-7.378	-6.854	18400000
chrX	18800000	19200000	1.757	-6.285	-6.538	18800000
chrX	19200000	19600000	1.605	-5.54	-6.042	19200000
chrX	19600000	20000000	2.371	-5.239	-6.907	19600000
chrX	20000000	20400000	2.34	-5.223	-7.253	20000000
chrX	20400000	20800000	2.409	-5.417	-7.498	20400000
chrX	20800000	21200000	3.19	-4.433	-7.593	20800000
chrX	21200000	21600000	3.083	-4.367	-7.855	21200000
chrX	21600000	22000000	2.5	-3.988	-8.245	21600000
chrX	22000000	22400000	2.796	-3.298	-8.395	22000000
chrX	22400000	22800000	4.022	-3.46	-9.264	22400000
chrX	22800000	23200000	4.47	-4.064	-10.327	22800000
chrX	23200000	23600000	4.292	-4.396	-11.073	23200000
chrX	23600000	24000000	4.044	-4.484	-10.034	23600000
chrX	24000000	24400000	3.794	-3.654	-10.645	24000000
chrX	24400000	24800000	3.067	-3.506	-11.519	24400000
chrX	24800000	25200000	2.903	-4.103	-12.325	24800000
chrX	25200000	25600000	2.959	-3.098	-13.055	25200000
chrX	25600000	26000000	2.343	-3.401	-12.145	25600000
chrX	26000000	26400000	2.212	-4.59	-11.879	26000000
chrX	26400000	26800000	1.243	-5.783	-11.567	26400000
chrX	26800000	27200000	1.173	-5.684	-12.756	26800000
chrX	27200000	27600000	1.942	-6.306	-13.34	27200000
chrX	27600000	28000000	1.979	-7.227	-13.966	27600000
chrX	28000000	28400000	2.323	-7.584	-14.797	28000000
chrX	28400000	28800000	2.808	-8.039	-15.657	28400000
chrX	28800000	29200000	3.695	-8.801	-15.939	28800000
chrX	29200000	29600000	4.186	-9.852	-16.053	29200000
chrX	29600000	30000000	4.421	-10.937	-15.77	29600000
chrX	30000000	30400000	4.078	-11.553	-14.849	30000000
chrX	30400000	30800000	3.72	-11.731	-13.773	30400000
chrX	30800000	31200000	3.034	-11.884	-12.854	30800000
chrX	31200000	31600000	2.26	-11.885	-12.012	31200000
chrX	31600000	32000000	1.879	-12.874	-11.84	31600000
chrX	32000000	32400000	0.993	-13.282	-12.322	32000000
chrX	32400000	32800000	0.189	-12.583	-12.534	32400000
chrX	32800000	33200000	0.323	-11.445	-12.62	32800000
chrX	33200000	33600000	-0.096	-10.968	-13.582	33200000
chrX	33600000	34000000	0.107	-10.281	-14.384	33600000
chrX	34000000	34400000	0.78	-9.43	-14.206	34000000
chrX	34400000	34800000	0.591	-8.808	-13.245	34400000
chrX	34800000	35200000	1.433	-8.334	-12.558	34800000
chrX	35200000	35600000	2.324	-7.975	-11.98	35200000
chrX	35600000	36000000	2.083	-7.46	-10.846	35600000
chrX	36000000	36400000	2.784	-6.482	-9.602	36000000
chrX	36400000	36800000	3.339	-6.866	-9.238	36400000
chrX	36800000	37200000	3.482	-5.894	-8.818	36800000
chrX	37200000	37600000	2.161	-6.453	-8.915	37200000
chrX	37600000	38000000	2.877	-7.186	-10.202	37600000
chrX	38000000	38400000	3.984	-6.91	-11.297	38000000
chrX	38400000	38800000	4.623	-6.226	-10.769	38400000
chrX	38800000	39200000	4.738	-4.957	-8.589	38800000
chrX	39200000	39600000	5.182	-7.415	-8.692	39200000
chrX	39600000	40000000	5.012	-7.25	-9.795	39600000
chrX	40000000	40400000	5.722	-7.154	-9.589	40000000
chrX	40400000	40800000	4.967	-6.944	-9.323	40400000
chrX	40800000	41200000	4.901	-7.597	-8.729	40800000
chrX	41200000	41600000	5.125	-7.39	-8.051	41200000
chrX	41600000	42000000	5.439	-7.19	-8.071	41600000
chrX	42000000	42400000	4.914	-7.203	-7.72	42000000
chrX	42400000	42800000	5.117	-6.439	-8.253	42400000
chrX	42800000	43200000	4.668	-6.091	-9.038	42800000
chrX	43200000	43600000	3.586	-5.505	-10.12	43200000
chrX	43600000	44000000	3.867	-6.036	-9.842	43600000
chrX	44000000	44400000	3.82	-5.177	-10.036	44000000
chrX	44400000	44800000	2.667	-5.004	-10.968	44400000
chrX	44800000	45200000	1.7	-4.168	-11.293	44800000
chrX	45200000	45600000	2.481	-4.621	-10.394	45200000
chrX	45600000	46000000	2.604	-3.872	-9.879	45600000
chrX	46000000	46400000	2.744	-4.73	-9.785	46000000
chrX	46400000	46800000	2.867	-5.283	-9.414	46400000
chrX	46800000	47200000	1.66	-5.272	-8.721	46800000
chrX	47200000	47600000	1.652	-4.862	-8.643	47200000
chrX	47600000	48000000	1.423	-5.536	-9.949	47600000
chrX	48000000	48400000	1.312	-4.537	-9.662	48000000
chrX	48400000	48800000	1.362	-3.783	-9.961	48400000
chrX	48800000	49200000	0.895	-4.612	-10.376	48800000
chrX	49200000	49600000	0.692	-5.448	-9.914	49200000
chrX	49600000	50000000	0.515	-5.503	-9.483	49600000
chrX	50000000	50400000	0.844	-6.595	-9.904	50000000
chrX	50400000	50800000	0.602	-6.4	-10.153	50400000
chrX	50800000	51200000	1.579	-5.862	-10.929	50800000
chrX	51200000	51600000	2.111	-6.459	-10.946	51200000
chrX	51600000	52000000	2.84	-5.84	-11.519	51600000
chrX	52000000	52400000	2.901	-6.065	-10.971	52000000
chrX	52400000	52800000	3.596	-4.797	-9.639	52400000
chrX	52800000	53200000	4.471	-5.229	-9.476	52800000
chrX	53200000	53600000	4.831	-5.489	-9.078	53200000
chrX	53600000	54000000	5.385	-5.989	-9.711	53600000
chrX	54000000	54400000	5.994	-6.093	-8.834	54000000
chrX	54400000	54800000	6.801	-6.703	-9.6	54400000
chrX	54800000	55200000	8.247	-7.324	-9.301	54800000
chrX	55200000	55600000	8.059	-7.236	-10.226	55200000
chrX	55600000	56000000	7.608	-6.861	-9.078	55600000
chrX	56000000	56400000	6.581	-7.71	-8.633	56000000
chrX	56400000	56800000	7.142	-8.001	-7.988	56400000
chrX	56800000	57200000	6.924	-7.635	-6.733	56800000
chrX	57200000	57600000	6.54	-7.449	-6.734	57200000
chrX	57600000	58000000	6.706	-6.628	-7.328	57600000
chrX	58000000	58400000	7.826	-6.354	-7.907	58000000
chrX	58400000	58800000	8.29	-5.417	-7.204	58400000
chrX	58800000	59200000	7.088	-4.968	-7.156	58800000
chrX	59200000	59600000	7.089	-5.871	-7.827	59200000
chrX	59600000	60000000	6.391	-6.57	-6.853	59600000
chrX	60000000	60400000	6.271	-6.292	-6.627	60000000
chrX	60400000	60800000	6.472	-5.439	-7.648	60400000
chrX	60800000	61200000	7.456	-5.226	-8.487	60800000
chrX	61200000	61600000	7.159	-4.896	-9.046	61200000
chrX	61600000	62000000	7.909	-4.992	-9.546	61600000
chrX	62000000	62400000	7.476	-4.918	-8.699	62000000
chrX	62400000	62800000	6.459	-4.582	-9.25	62400000
chrX	62800000	63200000	6.931	-5.271	-9.576	62800000
chrX	63200000	63600000	6.417	-5.798	-9.275	63200000
chrX	63600000	64000000	5.671	-5.323	-9.625	63600000
chrX	64000000	64400000	5.583	-5.41	-9.422	64000000
chrX	64400000	64800000	6.141	-4.892	-10.195	64400000
chrX	64800000	65200000	5.075	-3.89	-11.367	64800000
chrX	65200000	65600000	4.616	-3.279	-11.674	65200000
chrX	65600000	66000000	4.498	-2.794	-11.87	65600000
chrX	66000000	66400000	4.884	-2.592	-12.628	66000000
chrX	66400000	66800000	5.003	-2.298	-12.216	66400000
chrX	66800000	67200000	5.257	-3.011	-11.403	66800000
chrX	67200000	67600000	5.216	-2.777	-11.572	67200000
chrX	67600000	68000000	5.22	-2.998	-11.297	67600000
chrX	68000000	68400000	5.665	-3.029	-10.88	68000000
chrX	68400000	68800000	5.594	-2.984	-10.656	68400000
chrX	68800000	69200000	4.558	-3.531	-9.456	68800000
chrX	69200000	69600000	4.369	-3.542	-10.22	69200000
chrX	69600000	70000000	5.293	-4.262	-10.232	69600000
chrX	70000000	70400000	5.047	-4.817	-11.099	70000000
chrX	70400000	70800000	3.779	-4.382	-10.835	70400000
chrX	70800000	71200000	2.898	-4.784	-10.072	70800000
chrX	71200000	71600000	2.019	-5.522	-9.48	71200000
chrX	71600000	72000000	2.472	-6.118	-8.39	71600000
chrX	72000000	72400000	3.179	-6.56	-8.321	72000000
chrX	72400000	72800000	3.363	-7.19	-8.375	72400000
chrX	72800000	73200000	2.951	-6.6	-8.316	72800000
chrX	73200000	73600000	3.685	-5.675	-8.057	73200000
chrX	73600000	74000000	4.363	-5.344	-8.456	73600000
chrX	74000000	74400000	4.97	-4.718	-7.814	74000000
chrX	74400000	74800000	5.26	-4.287	-8.481	74400000
chrX	74800000	75200000	5.665	-3.735	-9.205	74800000
chrX	75200000	75600000	5.236	-3.106	-9.692	75200000
chrX	75600000	76000000	4.456	-2.689	-10.224	75600000
chrX	76000000	76400000	2.776	-2.343	-11.704	76000000
chrX	76400000	76800000	2.174	-2.729	-11.144	76400000
chrX	76800000	77200000	3.238	-2.03	-10.672	76800000
chrX	77200000	77600000	3.556	-1.724	-11.272	77200000
chrX	77600000	78000000	3.753	-2.487	-10.24	77600000
chrX	78000000	78400000	2.942	-1.967	-9.906	78000000
chrX	78400000	78800000	2.627	-1.521	-10.564	78400000
chrX	78800000	79200000	4.483	-1.927	-10.756	78800000
chrX	79200000	79600000	4.701	-2.03	-10.002	79200000
chrX	79600000	80000000	5.464	-2.05	-9.98	79600000
chrX	80000000	80400000	5.816	-2.569	-8.364	80000000
chrX	80400000	80800000	7.186	-2.032	-8.144	80400000
chrX	80800000	81200000	7.695	-1.503	-8.243	80800000
chrX	81200000	81600000	7.918	-0.769	-9.264	81200000
chrX	81600000	82000000	8.245	-1.388	-9.127	81600000
chrX	82000000	82400000	8.095	-1.841	-7.342	82000000
chrX	82400000	82800000	8.446	-1.675	-7.244	82400000
chrX	82800000	83200000	9.694	-2.67	-7.896	82800000
chrX	83200000	83600000	9.089	-3.299	-7.927	83200000
chrX	83600000	84000000	10.026	-3.296	-8.171	83600000
chrX	84000000	84400000	8.777	-3.156	-8.242	84000000
chrX	84400000	84800000	8.67	-3.441	-8.976	84400000
chrX	84800000	85200000	8.408	-2.3	-9.623	84800000
chrX	85200000	85600000	7.246	-3.087	-9.474	85200000
chrX	85600000	86000000	7.583	-3.475	-8.863	85600000
chrX	86000000	86400000	7.115	-3.264	-8.759	86000000
chrX	86400000	86800000	6.827	-2.963	-9.641	86400000
chrX	86800000	87200000	7.293	-1.719	-10.289	86800000
chrX	87200000	87600000	6.164	-1.255	-10.546	87200000
chrX	87600000	88000000	5.287	-0.939	-9.789	87600000
chrX	88000000	88400000	6.059	-0.627	-9.559	88000000
chrX	88400000	88800000	6.723	-1.049	-9.891	88400000
chrX	88800000	89200000	6.696	-1.362	-8.949	88800000
chrX	89200000	89600000	7.268	-1.006	-9.492	89200000
chrX	89600000	90000000	7.258	-2.113	-9.681	89600000
chrX	90000000	90400000	7.41	-1.836	-9.527	90000000
chrX	90400000	90800000	6.386	-2.36	-9.858	90400000
chrX	90800000	91200000	7.923	-2.566	-9.857	90800000
chrX	91200000	91600000	6.893	-3.041	-10.41	91200000
chrX	91600000	92000000	6.562	-4.389	-10.808	91600000
chrX	92000000	92400000	7.659	-3.872	-10.587	92000000
chrX	92400000	92800000	6.647	-4.252	-10.1	92400000
chrX	92800000	93200000	5.982	-3.03	-10.076	92800000
chrX	93200000	93600000	5.697	-3.011	-10.305	93200000
chrX	93600000	94000000	5.921	-3.765	-8.226	93600000
chrX	94000000	94400000	6.353	-3.088	-7.687	94000000
chrX	94400000	94800000	6.365	-2.901	-7.138	94400000
chrX	94800000	95200000	5.865	-2.094	-6.885	94800000
chrX	95200000	95600000	6.732	-2.479	-7.397	95200000
chrX	95600000	96000000	7.783	-2.213	-8.158	95600000
chrX	96000000	96400000	8.281	-1.83	-8.058	96000000
chrX	96400000	96800000	9.091	-1.062	-7.736	96400000
chrX	96800000	97200000	9.511	-0.683	-7.303	96800000
chrX	97200000	97600000	9.531	-0.45	-8.033	97200000
chrX	97600000	98000000	8.942	0.091	-8.195	97600000
chrX	98000000	98400000	8.609	-0.441	-8.495	98000000
chrX	98400000	98800000	8.292	-0.752	-7.601	98400000
chrX	98800000	99200000	7.15	-0.927	-7.044	98800000
chrX	99200000	99600000	6.261	-1.161	-6.925	99200000
chrX	99600000	100000000	5.726	-1.308	-6.951	99600000
chrX	100000000	100400000	5.075	-0.942	-7.017	100000000
chrX	100400000	100800000	4.38	-0.368	-6.922	100400000
chrX	100800000	101200000	4.377	-0.267	-7.403	100800000
chrX	101200000	101600000	4.468	-0.087	-7.257	101200000
chrX	101600000	102000000	3.953	0.192	-7.246	101600000
chrX	102000000	102400000	3.085	-0.425	-8.044	102000000
chrX	102400000	102800000	2.697	-1.448	-8.427	102400000
chrX	102800000	103200000	2.741	-2.08	-8.656	102800000
chrX	103200000	103600000	3.796	-2.448	-8.616	103200000
chrX	103600000	104000000	4.809	-2.203	-8.679	103600000
chrX	104000000	104400000	5.886	-2.636	-9.048	104000000
chrX	104400000	104800000	6.222	-2.531	-8.316	104400000
chrX	104800000	105200000	6.213	-1.938	-8.014	104800000
chrX	105200000	105600000	6.063	-1.05	-8.085	105200000
chrX	105600000	106000000	5.82	-0.753	-8.323	105600000
chrX	106000000	106400000	5.196	-0.98	-8.066	106000000
chrX	106400000	106800000	4.912	-0.799	-8.734	106400000
chrX	106800000	107200000	6.41	-0.833	-8.797	106800000
chrX	107200000	107600000	6.587	-0.141	-9.384	107200000
chrX	107600000	108000000	7.163	0.046	-8.494	107600000
chrX	108000000	108400000	8.393	0.831	-8.136	108000000
chrX	108400000	108800000	7.906	1.355	-7.64	108400000
chrX	108800000	109200000	7.622	-0.005	-7.76	108800000
chrX	109200000	109600000	7.364	-0.146	-7.513	109200000
chrX	109600000	110000000	7.58	0.517	-7.927	109600000
chrX	110000000	110400000	6.358	1.004	-8.673	110000000
chrX	110400000	110800000	6.338	1.221	-9.318	110400000
chrX	110800000	111200000	6.664	1.703	-9.196	110800000
chrX	111200000	111600000	6.364	1.809	-8.432	111200000
chrX	111600000	112000000	6.188	2.344	-8.08	111600000
chrX	112000000	112400000	6.995	2.295	-8.432	112000000
chrX	112400000	112800000	7.797	2.413	-8.192	112400000
chrX	112800000	113200000	7.082	2.036	-7.533	112800000
chrX	113200000	113600000	6.705	1.004	-7.2	113200000
chrX	113600000	114000000	7.035	0.283	-7.827	113600000
chrX	114000000	114400000	6.078	-0.014	-7.698	114000000
chrX	114400000	114800000	5.545	0.495	-8.241	114400000
chrX	114800000	115200000	5.74	0.775	-9.34	114800000
chrX	115200000	115600000	5.867	0.493	-8.268	115200000
chrX	115600000	116000000	5.474	0.621	-9.346	115600000
chrX	116000000	116400000	4.787	1.074	-9.43	116000000
chrX	116400000	116800000	5.348	0.639	-9.857	116400000
chrX	116800000	117200000	5.397	0.951	-10.599	116800000
chrX	117200000	117600000	5.838	1.134	-10.386	117200000
chrX	117600000	118000000	5.414	1.776	-9.747	117600000
chrX	118000000	118400000	4.954	1.344	-9.527	118000000
chrX	118400000	118800000	4.759	1.615	-9.542	118400000
chrX	118800000	119200000	4.814	1.758	-9.492	118800000
chrX	119200000	119600000	5.118	3.208	-9.651	119200000
chrX	119600000	120000000	4.572	3.494	-8.992	119600000
chrX	120000000	120400000	4.565	2.665	-9.024	120000000
chrX	120400000	120800000	5.246	2.796	-9.138	120400000
chrX	120800000	121200000	4.566	2.077	-9.497	120800000
chrX	121200000	121600000	5.389	2.719	-10.462	121200000
chrX	121600000	122000000	4.115	2.726	-10.693	121600000
chrX	122000000	122400000	4.659	3.256	-10.68	122000000
chrX	122400000	122800000	3.997	2.633	-10.962	122400000
chrX	122800000	123200000	3.505	2.044	-10.826	122800000
chrX	123200000	123600000	3.277	2.291	-11.558	123200000
chrX	123600000	124000000	2.323	2.615	-12.399	123600000
chrX	124000000	124400000	2.536	3.256	-11.783	124000000
chrX	124400000	124800000	3.406	4.008	-10.971	124400000
chrX	124800000	125200000	4.095	4.497	-11.647	124800000
chrX	125200000	125600000	3.642	4.379	-12.38	125200000
chrX	125600000	126000000	2.315	4.69	-12.448	125600000
chrX	126000000	126400000	2.085	4.487	-11.445	126000000
chrX	126400000	126800000	2.228	3.741	-10.868	126400000
chrX	126800000	127200000	2.252	3.862	-10.245	126800000
chrX	127200000	127600000	2.342	4.401	-10.085	127200000
chrX	127600000	128000000	2.16	3.895	-9.115	127600000
chrX	128000000	128400000	2.708	4.23	-8.541	128000000
chrX	128400000	128800000	2.492	4.118	-8.717	128400000
chrX	128800000	129200000	3.348	4.08	-8.2	128800000
chrX	129200000	129600000	4.131	3.565	-8.191	129200000
chrX	129600000	130000000	3.465	3.108	-8.325	129600000
chrX	130000000	130400000	3.171	4.068	-7.974	130000000
chrX	130400000	130800000	2.695	4.558	-7.303	130400000
chrX	130800000	131200000	3.514	3.993	-6.467	130800000
chrX	131200000	131600000	2.453	3.848	-6.787	131200000
chrX	131600000	132000000	3.028	3.745	-7.319	131600000
chrX	132000000	132400000	3.866	3.741	-7.586	132000000
chrX	132400000	132800000	5.059	3.667	-7.474	132400000
chrX	132800000	133200000	5.009	2.985	-7.018	132800000
chrX	133200000	133600000	5.745	3.347	-7.245	133200000
chrX	133600000	134000000	6.885	3.125	-6.843	133600000
chrX	134000000	134400000	5.885	2.884	-7.49	134000000
chrX	134400000	134800000	5.075	2.487	-6.731	134400000
chrX	134800000	135200000	5.083	2.556	-7.597	134800000
chrX	135200000	135600000	4.478	2.502	-7.975	135200000
chrX	135600000	136000000	4.316	1.904	-8.924	135600000
chrX	136000000	136400000	4.485	1.166	-8.207	136000000
chrX	136400000	136800000	5.004	1.42	-7.649	136400000
chrX	136800000	137200000	5.581	1.192	-7.732	136800000
chrX	137200000	137600000	6.694	0.662	-9.219	137200000
chrX	137600000	138000000	5.645	-0.237	-10.1	137600000
chrX	138000000	138400000	4.251	-0.833	-9.295	138000000
chrX	138400000	138800000	4.598	-0.844	-10.216	138400000
chrX	138800000	139200000	4.896	-0.351	-10.492	138800000
chrX	139200000	139600000	4.37	-0.053	-9.688	139200000
chrX	139600000	140000000	3.94	0.091	-8.998	139600000
chrX	140000000	140400000	3.669	-1.278	-8.426	140000000
chrX	140400000	140800000	3.263	-1.592	-7.865	140400000
chrX	140800000	141200000	3.316	-1.138	-7.22	140800000
chrX	141200000	141600000	2.022	-1.112	-7.23	141200000
chrX	141600000	142000000	2.106	-0.627	-6.7	141600000
chrX	142000000	142400000	1.912	0.307	-6.635	142000000
chrX	142400000	142800000	2.241	0.626	-6.531	142400000
chrX	142800000	143200000	2.743	1.29	-6.619	142800000
chrX	143200000	143600000	1.667	1.75	-7.201	143200000
chrX	143600000	144000000	2.113	1.719	-6.747	143600000
chrX	144000000	144400000	2.512	2.113	-5.952	144000000
chrX	144400000	144800000	2.369	2.062	-5.753	144400000
chrX	144800000	145200000	1.894	1.192	-5.845	144800000
chrX	145200000	145600000	0.948	1.6	-5.344	145200000
chrX	145600000	146000000	0.951	1.537	-6.223	145600000
chrX	146000000	146400000	1.651	0.906	-6.444	146000000
chrX	146400000	146800000	1.657	2.229	-6.613	146400000
chrX	146800000	147200000	1.951	1.663	-7.739	146800000
chrX	147200000	147600000	2.914	1.821	-7.651	147200000
chrX	147600000	148000000	3.87	1.78	-7.216	147600000
chrX	148000000	148400000	3.377	2.256	-7.885	148000000
chrX	148400000	148800000	4.618	5.185	-8.58	148400000
chrX	148800000	149200000	3.73	5.574	-9.494	148800000
chrX	149200000	149600000	2.424	5.439	-10.345	149200000
chrX	149600000	150000000	1.448	5.556	-10.017	149600000
chrX	150000000	150400000	1.964	3.193	-7.111	150000000
chrX	150400000	150800000	1.088	3.149	-6.501	150400000
chrX	150800000	151200000	1.591	3.136	-6.612	150800000
chrX	151200000	151600000	1.598	2.884	-5.174	151200000
chrX	151600000	152000000	2.197	2.651	-4.869	151600000
chrX	152000000	152400000	2.707	1.946	-5.751	152000000
chrX	152400000	152800000	1.902	1.426	-7.664	152400000
chrX	152800000	153200000	1.062	0.789	-8.189	152800000
chrX	153200000	153600000	1.515	-0.124	-7.857	153200000
chrX	153600000	154000000	1.529	0.821	-7.602	153600000
chrX	154000000	154400000	2.255	0.13	-8.749	154000000
chrX	154400000	154800000	3.564	0.548	-9.284	154400000
chrX	154800000	155200000	3.362	0.139	-10.18	154800000
chrX	155200000	155600000	3.077	0.215	-10.672	155200000
chrX	155600000	156000000	3.487	0.743	-10.263	155600000
chrX	156000000	156400000	3.727	1.158	-10.68	156000000
chrX	156400000	156800000	3.505	0.551	-10.417	156400000
chrX	156800000	157200000	3.561	0.31	-9.558	156800000
chrX	157200000	157600000	2.715	-0.592	-9.322	157200000
chrX	157600000	158000000	2.921	-0.992	-9.297	157600000
chrX	158000000	158400000	2.475	-0.511	-9.96	158000000
chrX	158400000	158800000	1.894	-0.145	-9.953	158400000
chrX	158800000	159200000	2.32	0.201	-9.306	158800000
chrX	159200000	159600000	3.166	0.251	-9.136	159200000
chrX	159600000	160000000	2.868	0.636	-8.701	159600000
chrX	160000000	160400000	1.853	0.305	-9.403	160000000
chrX	160400000	160800000	2.324	1.221	-9.616	160400000
chrX	160800000	161200000	1.738	0.83	-10.759	160800000
chrX	161200000	161600000	1.833	0.87	-10.327	161200000
chrX	161600000	162000000	1.949	1.924	-10.316	161600000
chrX	162000000	162400000	2.059	2.207	-9.424	162000000
chrX	162400000	162800000	1.91	2.701	-9.914	162400000
chrX	162800000	163200000	1.745	3.164	-9.139	162800000
chrX	163200000	163600000	1.408	3.518	-8.567	163200000
chrX	163600000	164000000	1.11	3.551	-9.207	163600000
chrX	164000000	164400000	0.516	3.814	-9.606	164000000
chrX	164400000	164800000	0.591	2.711	-9.616	164400000
chrX	164800000	165200000	1.112	2.671	-9.668	164800000
chrX	165200000	165600000	0.864	3.547	-10.36	165200000
chrX	165600000	166000000	1.163	2.76	-11.088	165600000
chrX	166000000	166400000	0.629	2.581	-10.574	166000000
chrX	166400000	166800000	0.829	1.79	-10.464	166400000
chrX	166800000	167200000	1.319	1.631	-9.455	166800000
chrX	167200000	167600000	2.306	1.859	-10.061	167200000
chrX	167600000	168000000	2.219	2.414	-9.505	167600000
chrX	168000000	168400000	2.206	2.364	-9.947	168000000
chrX	168400000	168800000	3.137	2.764	-10.264	168400000
chrX	168800000	169200000	3.387	2.773	-9.585	168800000
chrX	169200000	169600000	3.909	3.596	-9.75	169200000
chrX	169600000	170000000	4.031	4.206	-9.928	169600000
chrX	170000000	170400000	3.441	4.09	-9.244	170000000
