chr19	2800000	3200000	1.301	-1.616	4.659	2800000
chr19	3200000	3600000	1.08	-1.006	4.275	3200000
chr19	3600000	4000000	1.053	-0.216	3.392	3600000
chr19	4000000	4400000	1.414	0.147	2.829	4000000
chr19	4400000	4800000	1.426	1.005	2.841	4400000
chr19	4800000	5200000	1.01	1.753	2.231	4800000
chr19	5200000	5600000	1.226	1.822	1.344	5200000
chr19	5600000	6000000	1.641	2.494	0.479	5600000
chr19	6000000	6400000	1.311	3.662	0.777	6000000
chr19	6400000	6800000	0.777	4.317	0.891	6400000
chr19	6800000	7200000	0.104	3.441	1.234	6800000
chr19	7200000	7600000	-0.39	3.001	2.479	7200000
chr19	7600000	8000000	-0.298	1.635	3.026	7600000
chr19	8000000	8400000	-0.723	1.814	3.929	8000000
chr19	8400000	8800000	-1.473	2.33	4.088	8400000
chr19	8800000	9200000	-1.126	1.597	4.566	8800000
chr19	9200000	9600000	-1.985	0.364	6.185	9200000
chr19	9600000	10000000	-2.641	0.654	7.395	9600000
chr19	10000000	10400000	-3.266	0.86	8.743	10000000
chr19	10400000	10800000	-4.434	1.205	9.31	10400000
chr19	10800000	11200000	-5.586	1.101	10.084	10800000
chr19	11200000	11600000	-6.719	1.451	9.443	11200000
chr19	11600000	12000000	-8.215	1.857	9.257	11600000
chr19	12000000	12400000	-8.678	2.17	9.33	12000000
chr19	12400000	12800000	-9.084	3.122	9.318	12400000
chr19	12800000	13200000	-9.384	3.445	9.142	12800000
chr19	13200000	13600000	-9.571	4.311	8.27	13200000
chr19	13600000	14000000	-8.963	4.31	7.636	13600000
chr19	14000000	14400000	-8.344	3.701	8.087	14000000
chr19	14400000	14800000	-7.202	3.685	7.633	14400000
chr19	14800000	15200000	-7.178	3.195	8.783	14800000
chr19	15200000	15600000	-7.443	3.262	8.223	15200000
chr19	15600000	16000000	-7.188	2.534	7.284	15600000
chr19	16000000	16400000	-7.318	1.828	8.091	16000000
chr19	16400000	16800000	-7.258	1.592	9.209	16400000
chr19	16800000	17200000	-5.867	2.164	8.672	16800000
chr19	17200000	17600000	-5.335	2.008	8.336	17200000
chr19	17600000	18000000	-4.904	2.175	7.704	17600000
chr19	18000000	18400000	-4.592	0.948	7.781	18000000
chr19	18400000	18800000	-4.736	0.639	7.643	18400000
chr19	18800000	19200000	-5.655	0.845	8.354	18800000
chr19	19200000	19600000	-6.274	0.894	7.236	19200000
chr19	19600000	20000000	-5.971	0.768	6.222	19600000
chr19	20000000	20400000	-4.957	0.068	6.051	20000000
chr19	20400000	20800000	-4.427	-0.182	5.918	20400000
chr19	20800000	21200000	-3.906	-0.57	6.865	20800000
chr19	21200000	21600000	-2.926	-0.843	6.119	21200000
chr19	21600000	22000000	-2.576	-0.485	5.241	21600000
chr19	22000000	22400000	-2.187	0.034	4.645	22000000
chr19	22400000	22800000	-1.317	0.367	3.796	22400000
chr19	22800000	23200000	-0.86	0.148	3.458	22800000
chr19	23200000	23600000	-1.778	0.746	3.002	23200000
chr19	23600000	24000000	-1.217	1.049	2.58	23600000
chr19	24000000	24400000	-0.725	0.892	1.504	24000000
chr19	24400000	24800000	-0.125	0.41	1.601	24400000
chr19	24800000	25200000	-0.101	-0.375	1.745	24800000
chr19	25200000	25600000	-0.92	-0.494	2.148	25200000
chr19	25600000	26000000	-1.28	-1.017	2.977	25600000
chr19	26000000	26400000	-1.237	-1.602	2.821	26000000
chr19	26400000	26800000	-0.147	-2.028	3.127	26400000
chr19	26800000	27200000	-0.555	-0.887	3.546	26800000
chr19	27200000	27600000	-0.935	-1.083	4.364	27200000
chr19	27600000	28000000	-1.105	-1.581	4.313	27600000
chr19	28000000	28400000	-1.812	-2.353	5.046	28000000
chr19	28400000	28800000	-1.014	-2.61	4.331	28400000
chr19	28800000	29200000	-1.268	-3.243	3.468	28800000
chr19	29200000	29600000	-1.273	-4.338	3.908	29200000
chr19	29600000	30000000	-0.341	-4.039	3.923	29600000
chr19	30000000	30400000	0.281	-3.617	4.734	30000000
chr19	30400000	30800000	-0.186	-2.703	5.402	30400000
chr19	30800000	31200000	-0.398	-1.502	6.25	30800000
chr19	31200000	31600000	-1.149	-0.784	6.21	31200000
chr19	31600000	32000000	-1.446	-1.243	5.788	31600000
chr19	32000000	32400000	-0.018	-1.489	5.841	32000000
chr19	32400000	32800000	1.243	-1.676	6.586	32400000
chr19	32800000	33200000	2.911	-1.585	6.131	32800000
chr19	33200000	33600000	4.032	-1.763	6.472	33200000
chr19	33600000	34000000	4.456	-1.805	6.456	33600000
chr19	34000000	34400000	4.631	-2.845	6.828	34000000
chr19	34400000	34800000	5.629	-2.691	6.478	34400000
chr19	34800000	35200000	5.098	-3.554	5.785	34800000
chr19	35200000	35600000	5.837	-4.432	5.831	35200000
chr19	35600000	36000000	5.505	-4.603	6.67	35600000
chr19	36000000	36400000	4.911	-4.092	7.492	36000000
chr19	36400000	36800000	4.101	-3.706	7.745	36400000
chr19	36800000	37200000	3.182	-3.154	6.973	36800000
chr19	37200000	37600000	2.075	-4.133	7.444	37200000
chr19	37600000	38000000	1.449	-4.819	8.008	37600000
chr19	38000000	38400000	1.174	-6.441	8.851	38000000
chr19	38400000	38800000	1.488	-6.478	8.592	38400000
chr19	38800000	39200000	2.514	-6.34	7.919	38800000
chr19	39200000	39600000	2.796	-6.794	7.668	39200000
chr19	39600000	40000000	4.205	-7.025	7.922	39600000
chr19	40000000	40400000	4.4	-6.017	7.426	40000000
chr19	40400000	40800000	3.689	-6.323	6.498	40400000
chr19	40800000	41200000	3.369	-6.743	5.903	40800000
chr19	41200000	41600000	2.397	-6.696	6.22	41200000
chr19	41600000	42000000	1.233	-6.418	6.428	41600000
chr19	42000000	42400000	0.752	-7.231	5.674	42000000
chr19	42400000	42800000	1.46	-7.963	6.289	42400000
chr19	42800000	43200000	2.375	-7.962	6.635	42800000
chr19	43200000	43600000	2.339	-8.173	7.871	43200000
chr19	43600000	44000000	2.076	-7.858	8.894	43600000
chr19	44000000	44400000	1.047	-8.275	9.007	44000000
chr19	44400000	44800000	0.173	-7.714	8.976	44400000
chr19	44800000	45200000	-0.498	-7.428	8.068	44800000
chr19	45200000	45600000	-1.082	-7.207	7.517	45200000
chr19	45600000	46000000	-1.421	-6.542	6.648	45600000
chr19	46000000	46400000	-1.24	-6.733	5.677	46000000
chr19	46400000	46800000	-1.373	-6.052	5.287	46400000
chr19	46800000	47200000	-0.464	-5.429	5.353	46800000
chr19	47200000	47600000	-0.027	-4.595	6.388	47200000
chr19	47600000	48000000	0.293	-3.671	7.383	47600000
chr19	48000000	48400000	0.891	-3.208	6.906	48000000
chr19	48400000	48800000	2.257	-2.84	7.32	48400000
chr19	48800000	49200000	3.403	-2.823	7.748	48800000
chr19	49200000	49600000	3.529	-2.656	7.753	49200000
chr19	49600000	50000000	3.893	-2.564	8.798	49600000
chr19	50000000	50400000	3.352	-2.872	9.574	50000000
chr19	50400000	50800000	3.271	-3.546	8.883	50400000
chr19	50800000	51200000	3.817	-3.739	9.058	50800000
chr19	51200000	51600000	3.648	-4.883	9.666	51200000
chr19	51600000	52000000	3.991	-4.813	8.55	51600000
chr19	52000000	52400000	3.035	-5.372	8.559	52000000
chr19	52400000	52800000	3.213	-4.864	7.67	52400000
chr19	52800000	53200000	3.531	-5.358	7.29	52800000
chr19	53200000	53600000	3.221	-4.847	6.358	53200000
chr19	53600000	54000000	2.153	-4.477	6.055	53600000
chr19	54000000	54400000	2.234	-3.569	5.318	54000000
chr19	54400000	54800000	3.004	-3.156	4.936	54400000
chr19	54800000	55200000	3.782	-3.143	4.415	54800000
chr19	55200000	55600000	3.933	-2.392	4.623	55200000
chr19	55600000	56000000	4.05	-1.152	4.67	55600000
chr19	56000000	56400000	3.063	-0.731	5.149	56000000
chr19	56400000	56800000	2.801	-0.588	3.988	56400000
chr19	56800000	57200000	2.365	0.508	4.447	56800000
chr19	57200000	57600000	3.231	0.486	3.715	57200000
chr19	57600000	58000000	3.995	0.82	4.187	57600000
chr19	58000000	58400000	4.208	0.438	4.668	58000000
chr19	58400000	58800000	5.316	0.362	4.417	58400000
chr19	58800000	59200000	5.344	0.154	4.913	58800000
chr19	59200000	59600000	4.143	-0.615	5.604	59200000
chr19	59600000	60000000	3.494	-0.659	6.773	59600000
chr19	60000000	60400000	4.162	-1.055	7.671	60000000
chr19	60400000	60800000	2.998	-1.529	7.875	60400000
chr19	60800000	61200000	3.251	-0.964	8.598	60800000
chr19	61200000	61600000	2.582	-1.88	9.527	61200000
