chrX	3000000	4000000	2.553	0.205	5.19	3000000
chrX	4000000	5000000	2.406	0.378	4.021	4000000
chrX	5000000	6000000	2.372	0.279	3.344	5000000
chrX	6000000	7000000	2.083	1.203	2.594	6000000
chrX	7000000	8000000	1.2	1.692	1.946	7000000
chrX	8000000	9000000	0.634	0.913	1.111	8000000
chrX	9000000	10000000	1.062	-0.306	0.542	9000000
chrX	10000000	11000000	0.779	-1.467	0.263	10000000
chrX	11000000	12000000	2.008	-0.905	-0.565	11000000
chrX	12000000	13000000	1.86	-1.039	-1.271	12000000
chrX	13000000	14000000	1.752	-1.824	-0.915	13000000
chrX	14000000	15000000	1.003	-2.176	-0.41	14000000
chrX	15000000	16000000	0.121	-2.375	-0.019	15000000
chrX	16000000	17000000	-1.291	-2.341	0.064	16000000
chrX	17000000	18000000	-0.491	-1.699	0.582	17000000
chrX	18000000	19000000	-0.827	-1.557	1.377	18000000
chrX	19000000	20000000	-0.159	-0.325	1.807	19000000
chrX	20000000	21000000	0.933	0.537	1.728	20000000
chrX	21000000	22000000	1.497	1.954	1.811	21000000
chrX	22000000	23000000	1.698	1.626	3.41	22000000
chrX	23000000	24000000	1.14	1.207	4.134	23000000
chrX	24000000	25000000	0.626	0.722	3.862	24000000
chrX	25000000	26000000	0.568	-0.147	4.434	25000000
chrX	26000000	27000000	0.938	-0.694	5.364	26000000
chrX	27000000	28000000	1.595	-1.419	5.818	27000000
chrX	28000000	29000000	2.627	-1.721	5.827	28000000
chrX	29000000	30000000	3.643	-1.472	5.623	29000000
chrX	30000000	31000000	4.273	-0.74	5.051	30000000
chrX	31000000	32000000	4.139	-0.118	4.135	31000000
chrX	32000000	33000000	3.336	-0.069	3.068	32000000
chrX	33000000	34000000	4.142	-0.859	2.569	33000000
chrX	34000000	35000000	3.988	-1.766	3.342	34000000
chrX	35000000	36000000	2.818	-1.409	3.375	35000000
chrX	36000000	37000000	0.153	-3.844	0.949	36000000
chrX	37000000	38000000	-0.62	-3.345	0.187	37000000
chrX	38000000	39000000	0.487	-2.855	-0.238	38000000
chrX	39000000	40000000	0.382	-1.234	0.473	39000000
chrX	40000000	41000000	0.48	-0.772	0.688	40000000
chrX	41000000	42000000	0.841	-0.25	0.868	41000000
chrX	42000000	43000000	0.665	0.553	0.605	42000000
chrX	43000000	44000000	0.161	1.487	0.945	43000000
chrX	44000000	45000000	-0.024	1.641	2.276	44000000
chrX	45000000	46000000	0.508	1.517	2.298	45000000
chrX	46000000	47000000	0.544	1.888	1.753	46000000
chrX	47000000	48000000	0.829	2.197	0.556	47000000
chrX	48000000	49000000	1.082	2.807	-0.375	48000000
chrX	49000000	50000000	0.322	2.892	-1.03	49000000
chrX	50000000	51000000	-0.044	1.766	-1.02	50000000
chrX	51000000	52000000	-0.722	1.667	-1.253	51000000
chrX	52000000	53000000	-0.402	1.21	-0.58	52000000
chrX	53000000	54000000	-0.746	0.137	-0.1	53000000
chrX	54000000	55000000	-0.562	-0.419	0.972	54000000
chrX	55000000	56000000	1.379	-0.72	2.318	55000000
chrX	56000000	57000000	1.324	-1.901	2.054	56000000
chrX	57000000	58000000	1.332	-2.485	1.379	57000000
chrX	58000000	59000000	1.308	-1.937	0.608	58000000
chrX	59000000	60000000	0.809	-0.78	0.193	59000000
chrX	60000000	61000000	0.452	0.794	-0.571	60000000
chrX	61000000	62000000	0.195	1.874	0.12	61000000
chrX	62000000	63000000	0.627	2.323	1.131	62000000
chrX	63000000	64000000	1.51	2.354	1.891	63000000
chrX	64000000	65000000	1.531	1.955	2.413	64000000
chrX	65000000	66000000	1.959	1.104	1.818	65000000
chrX	66000000	67000000	2.43	0.608	1.406	66000000
chrX	67000000	68000000	2.573	1.331	0.8	67000000
chrX	68000000	69000000	2.282	1.816	0.845	68000000
chrX	69000000	70000000	1.495	1.542	0.379	69000000
chrX	70000000	71000000	1.455	1.211	-0.216	70000000
chrX	71000000	72000000	1.614	0.45	-0.421	71000000
chrX	72000000	73000000	1.445	-0.396	-0.81	72000000
chrX	73000000	74000000	0.98	-0.441	-1.392	73000000
chrX	74000000	75000000	0.383	-0.857	-1.267	74000000
chrX	75000000	76000000	-0.263	-0.017	-0.993	75000000
chrX	76000000	77000000	0.526	1.07	-1.519	76000000
chrX	77000000	78000000	0.816	1.623	-1.421	77000000
chrX	78000000	79000000	0.177	1.934	-2.093	78000000
chrX	79000000	80000000	0.897	1.312	-2.191	79000000
chrX	80000000	81000000	1.584	0.707	-2.06	80000000
chrX	81000000	82000000	2.312	0.744	-1.152	81000000
chrX	82000000	83000000	1.65	0.262	-1.123	82000000
chrX	83000000	84000000	0.978	0.683	-1.174	83000000
chrX	84000000	85000000	0.265	-0.143	-1.423	84000000
chrX	85000000	86000000	0.627	-1.261	-1.614	85000000
chrX	86000000	87000000	0.481	-2.165	-1.192	86000000
chrX	87000000	88000000	0.05	-2.946	-1.472	87000000
chrX	88000000	89000000	0.093	-2.632	-1.616	88000000
chrX	89000000	90000000	-0.411	-3.366	-2.211	89000000
chrX	90000000	91000000	-0.032	-3.341	-2.036	90000000
chrX	91000000	92000000	0.642	-2.774	-2.241	91000000
chrX	92000000	93000000	0.057	-2.742	-3.117	92000000
chrX	93000000	94000000	0.291	-2.489	-3.229	93000000
chrX	94000000	95000000	0.682	-1.574	-2.613	94000000
chrX	95000000	96000000	1.289	-1.032	-3.596	95000000
chrX	96000000	97000000	0.671	-1.287	-3.203	96000000
chrX	97000000	98000000	1.291	-1.912	-2.798	97000000
chrX	98000000	99000000	0.68	-2.149	-3.037	98000000
chrX	99000000	100000000	0.222	-1.91	-2.823	99000000
chrX	100000000	101000000	-0.475	-1.413	-2.229	100000000
chrX	101000000	102000000	-0.183	-0.883	-2.265	101000000
chrX	102000000	103000000	0.054	-0.056	-3.041	102000000
chrX	103000000	104000000	0.03	-0.197	-3.727	103000000
chrX	104000000	105000000	0.42	-0.15	-3.135	104000000
chrX	105000000	106000000	0.264	0.325	-2.211	105000000
chrX	106000000	107000000	0.019	-0.197	-0.744	106000000
chrX	107000000	108000000	-1.041	0.56	-0.905	107000000
chrX	108000000	109000000	-2.349	1.573	-0.853	108000000
chrX	109000000	110000000	-2.617	1.575	-0.977	109000000
chrX	110000000	111000000	-2.511	1.049	-0.405	110000000
chrX	111000000	112000000	-2.259	1.114	0.04	111000000
chrX	112000000	113000000	-1.783	0.821	-0.335	112000000
chrX	113000000	114000000	-2.269	-0.095	-0.086	113000000
chrX	114000000	115000000	-2.212	-0.71	-0.267	114000000
chrX	115000000	116000000	-2.25	-0.232	-0.871	115000000
chrX	116000000	117000000	-2.654	-0.617	-0.748	116000000
chrX	117000000	118000000	-2.769	-0.481	-1.225	117000000
chrX	118000000	119000000	-3.162	-0.539	-1.982	118000000
chrX	119000000	120000000	-3.476	0.217	-1.838	119000000
chrX	120000000	121000000	-3.731	0.127	-1.482	120000000
chrX	121000000	122000000	-3.46	-0.228	-0.372	121000000
chrX	122000000	123000000	-2.677	-0.486	0.823	122000000
chrX	123000000	124000000	-3.0	-0.162	0.693	123000000
chrX	124000000	125000000	-3.999	-0.163	-0.244	124000000
chrX	125000000	126000000	-4.234	0.841	-0.846	125000000
chrX	126000000	127000000	-4.522	1.914	-1.107	126000000
chrX	127000000	128000000	-4.235	2.059	-2.289	127000000
chrX	128000000	129000000	-3.455	2.116	-2.592	128000000
chrX	129000000	130000000	-3.062	2.234	-2.226	129000000
chrX	130000000	131000000	-3.062	1.865	-1.859	130000000
chrX	131000000	132000000	-2.972	1.496	-2.927	131000000
chrX	132000000	133000000	-2.86	1.188	-2.803	132000000
chrX	133000000	134000000	-2.622	0.592	-3.133	133000000
chrX	134000000	135000000	-1.768	0.716	-2.671	134000000
chrX	135000000	136000000	-1.636	0.496	-1.676	135000000
chrX	136000000	137000000	-1.296	-0.515	-0.195	136000000
chrX	137000000	138000000	-1.104	0.209	0.829	137000000
chrX	138000000	139000000	-0.998	-0.371	1.221	138000000
chrX	139000000	140000000	-1.745	-0.644	0.722	139000000
chrX	140000000	141000000	-1.349	0.346	-0.157	140000000
chrX	141000000	142000000	-2.073	1.166	-1.349	141000000
chrX	142000000	143000000	-2.843	2.016	-3.637	142000000
chrX	143000000	144000000	-2.206	2.121	-3.702	143000000
chrX	144000000	145000000	-1.68	1.934	-4.156	144000000
chrX	145000000	146000000	-1.163	0.727	-4.067	145000000
chrX	146000000	147000000	-0.421	0.351	-4.403	146000000
chrX	147000000	148000000	-1.148	0.124	-4.629	147000000
chrX	148000000	149000000	-2.033	0.601	-5.03	148000000
chrX	149000000	150000000	-1.846	1.352	-6.007	149000000
chrX	150000000	151000000	-1.572	1.026	-5.296	150000000
chrX	151000000	152000000	-0.709	1.341	-4.642	151000000
chrX	152000000	153000000	-0.375	1.851	-4.275	152000000
chrX	153000000	154000000	-1.043	1.581	-3.36	153000000
chrX	154000000	155000000	-2.269	0.523	-2.553	154000000
chrX	155000000	156000000	-2.891	-0.534	-2.818	155000000
chrX	156000000	157000000	-2.063	-0.859	-2.072	156000000
chrX	157000000	158000000	-2.153	-1.399	-1.815	157000000
chrX	158000000	159000000	-1.679	-1.913	-1.519	158000000
chrX	159000000	160000000	-0.981	-1.744	-0.622	159000000
chrX	160000000	161000000	-1.199	-1.328	-1.179	160000000
chrX	161000000	162000000	-0.847	-1.49	-1.563	161000000
chrX	162000000	163000000	-1.565	-2.103	-2.23	162000000
chrX	163000000	164000000	-1.254	-1.86	-3.003	163000000
chrX	164000000	165000000	-0.587	-1.782	-3.474	164000000
chrX	165000000	166000000	-0.666	-0.873	-3.657	165000000
chrX	166000000	167000000	-1.362	-0.668	-3.767	166000000
chrX	167000000	168000000	-1.625	-0.005	-3.582	167000000
chrX	168000000	169000000	-2.012	-0.395	-3.344	168000000
chrX	169000000	170000000	-2.392	-1.057	-3.353	169000000
chrX	170000000	171000000	-2.189	-1.296	-2.834	170000000
