chr9	2800000	3200000	-9.503	8.218	1.691	2800000
chr9	3200000	3600000	-8.733	8.244	0.96	3200000
chr9	3600000	4000000	-8.374	8.029	0.117	3600000
chr9	4000000	4400000	-8.267	7.877	-0.495	4000000
chr9	4400000	4800000	-8.331	8.519	-1.08	4400000
chr9	4800000	5200000	-8.131	9.317	-2.094	4800000
chr9	5200000	5600000	-7.652	9.606	-1.941	5200000
chr9	5600000	6000000	-8.211	9.725	-1.588	5600000
chr9	6000000	6400000	-9.011	9.979	-1.728	6000000
chr9	6400000	6800000	-9.238	9.207	-0.873	6400000
chr9	6800000	7200000	-9.022	9.449	-0.778	6800000
chr9	7200000	7600000	-8.181	9.269	0.165	7200000
chr9	7600000	8000000	-7.645	9.587	1.183	7600000
chr9	8000000	8400000	-7.235	10.052	2.138	8000000
chr9	8400000	8800000	-6.754	9.507	1.631	8400000
chr9	8800000	9200000	-6.5	10.293	0.591	8800000
chr9	9200000	9600000	-6.184	10.27	-0.026	9200000
chr9	9600000	10000000	-6.921	9.879	-0.066	9600000
chr9	10000000	10400000	-7.663	9.568	0.487	10000000
chr9	10400000	10800000	-7.467	8.889	1.501	10400000
chr9	10800000	11200000	-6.915	8.597	2.213	10800000
chr9	11200000	11600000	-7.523	8.046	3.289	11200000
chr9	11600000	12000000	-7.54	7.61	2.37	11600000
chr9	12000000	12400000	-6.762	7.664	1.529	12000000
chr9	12400000	12800000	-6.87	7.523	0.524	12400000
chr9	12800000	13200000	-6.8	7.887	0.01	12800000
chr9	13200000	13600000	-6.608	7.892	0.296	13200000
chr9	13600000	14000000	-5.811	8.262	-0.917	13600000
chr9	14000000	14400000	-6.57	8.972	-1.653	14000000
chr9	14400000	14800000	-6.437	9.893	-1.84	14400000
chr9	14800000	15200000	-6.271	9.075	-2.633	14800000
chr9	15200000	15600000	-6.022	8.662	-1.991	15200000
chr9	15600000	16000000	-5.334	7.676	0.208	15600000
chr9	16000000	16400000	-4.196	6.942	0.993	16000000
chr9	16400000	16800000	-4.692	6.428	0.785	16400000
chr9	16800000	17200000	-5.381	6.619	-0.385	16800000
chr9	17200000	17600000	-5.459	6.815	-1.494	17200000
chr9	17600000	18000000	-5.023	5.785	-1.661	17600000
chr9	18000000	18400000	-6.05	6.552	-1.907	18000000
chr9	18400000	18800000	-6.767	6.039	-1.824	18400000
chr9	18800000	19200000	-7.006	7.132	-1.751	18800000
chr9	19200000	19600000	-7.339	8.375	-1.206	19200000
chr9	19600000	20000000	-7.215	8.866	-1.159	19600000
chr9	20000000	20400000	-7.473	8.377	-1.367	20000000
chr9	20400000	20800000	-8.562	7.887	-1.096	20400000
chr9	20800000	21200000	-8.175	6.778	-0.954	20800000
chr9	21200000	21600000	-7.607	6.232	-0.238	21200000
chr9	21600000	22000000	-6.66	6.022	0.057	21600000
chr9	22000000	22400000	-6.246	6.802	0.799	22000000
chr9	22400000	22800000	-6.109	6.896	1.904	22400000
chr9	22800000	23200000	-5.36	6.279	2.471	22800000
chr9	23200000	23600000	-4.484	6.097	2.732	23200000
chr9	23600000	24000000	-4.108	6.14	1.781	23600000
chr9	24000000	24400000	-4.412	5.064	1.527	24000000
chr9	24400000	24800000	-4.565	5.229	0.119	24400000
chr9	24800000	25200000	-4.751	6.318	0.089	24800000
chr9	25200000	25600000	-5.245	6.864	1.178	25200000
chr9	25600000	26000000	-4.819	7.768	2.243	25600000
chr9	26000000	26400000	-4.93	7.516	3.294	26000000
chr9	26400000	26800000	-5.684	7.971	3.361	26400000
chr9	26800000	27200000	-5.13	8.182	2.667	26800000
chr9	27200000	27600000	-5.931	9.732	2.661	27200000
chr9	27600000	28000000	-6.232	11.144	2.305	27600000
chr9	28000000	28400000	-5.86	11.194	1.882	28000000
chr9	28400000	28800000	-5.581	10.689	1.818	28400000
chr9	28800000	29200000	-6.042	9.657	2.396	28800000
chr9	29200000	29600000	-5.866	9.044	1.997	29200000
chr9	29600000	30000000	-5.166	8.816	1.368	29600000
chr9	30000000	30400000	-5.444	9.25	1.088	30000000
chr9	30400000	30800000	-5.985	8.657	0.989	30400000
chr9	30800000	31200000	-6.059	9.193	1.026	30800000
chr9	31200000	31600000	-5.448	9.44	0.367	31200000
chr9	31600000	32000000	-4.886	9.194	-0.928	31600000
chr9	32000000	32400000	-4.835	9.098	-1.627	32000000
chr9	32400000	32800000	-4.61	9.733	-1.914	32400000
chr9	32800000	33200000	-4.036	10.296	-1.259	32800000
chr9	33200000	33600000	-4.676	11.063	-0.755	33200000
chr9	33600000	34000000	-4.467	11.433	-0.372	33600000
chr9	34000000	34400000	-5.265	11.831	0.407	34000000
chr9	34400000	34800000	-5.088	11.602	-0.417	34400000
chr9	34800000	35200000	-5.847	11.455	-0.829	34800000
chr9	35200000	35600000	-5.698	10.765	-0.876	35200000
chr9	35600000	36000000	-6.647	9.844	-1.049	35600000
chr9	36000000	36400000	-7.11	10.394	-0.78	36000000
chr9	36400000	36800000	-7.366	10.813	0.12	36400000
chr9	36800000	37200000	-7.527	10.625	-0.303	36800000
chr9	37200000	37600000	-6.749	10.218	0.515	37200000
chr9	37600000	38000000	-5.586	10.858	0.94	37600000
chr9	38000000	38400000	-6.017	10.876	1.137	38000000
chr9	38400000	38800000	-5.613	10.403	0.604	38400000
chr9	38800000	39200000	-5.452	10.497	-1.859	38800000
chr9	39200000	39600000	-5.725	11.237	-2.093	39200000
chr9	39600000	40000000	-5.935	10.999	-1.492	39600000
chr9	40000000	40400000	-5.739	11.312	-0.99	40000000
chr9	40400000	40800000	-5.17	10.486	-0.7	40400000
chr9	40800000	41200000	-5.71	9.853	-0.547	40800000
chr9	41200000	41600000	-4.982	8.177	0.12	41200000
chr9	41600000	42000000	-3.886	7.12	-0.577	41600000
chr9	42000000	42400000	-3.01	7.264	-1.313	42000000
chr9	42400000	42800000	-3.549	7.44	-1.689	42400000
chr9	42800000	43200000	-3.731	7.522	-0.368	42800000
chr9	43200000	43600000	-4.564	8.24	-0.632	43200000
chr9	43600000	44000000	-5.09	8.102	-1.651	43600000
chr9	44000000	44400000	-5.089	8.24	-2.412	44000000
chr9	44400000	44800000	-4.788	8.666	-1.378	44400000
chr9	44800000	45200000	-3.399	9.126	-1.456	44800000
chr9	45200000	45600000	-2.09	9.076	-1.879	45200000
chr9	45600000	46000000	-1.754	8.187	-0.969	45600000
chr9	46000000	46400000	-1.517	7.859	0.189	46000000
chr9	46400000	46800000	-1.172	7.631	0.778	46400000
chr9	46800000	47200000	-1.922	7.014	0.171	46800000
chr9	47200000	47600000	-3.741	7.14	0.383	47200000
chr9	47600000	48000000	-4.378	7.858	1.166	47600000
chr9	48000000	48400000	-4.713	8.309	2.181	48000000
chr9	48400000	48800000	-4.042	8.257	1.835	48400000
chr9	48800000	49200000	-3.019	8.279	1.698	48800000
chr9	49200000	49600000	-2.694	7.964	1.704	49200000
chr9	49600000	50000000	-3.122	7.788	1.482	49600000
chr9	50000000	50400000	-2.991	7.09	2.12	50000000
chr9	50400000	50800000	-3.132	6.326	1.514	50400000
chr9	50800000	51200000	-2.218	6.784	1.079	50800000
chr9	51200000	51600000	-2.594	6.301	0.635	51200000
chr9	51600000	52000000	-3.135	5.499	0.207	51600000
chr9	52000000	52400000	-2.844	6.535	-0.176	52000000
chr9	52400000	52800000	-3.383	7.638	0.341	52400000
chr9	52800000	53200000	-4.339	8.275	0.002	52800000
chr9	53200000	53600000	-3.44	8.399	-0.795	53200000
chr9	53600000	54000000	-2.732	10.095	0.38	53600000
chr9	54000000	54400000	-2.185	9.361	0.697	54000000
chr9	54400000	54800000	-1.858	8.544	-0.286	54400000
chr9	54800000	55200000	-2.167	7.588	-1.233	54800000
chr9	55200000	55600000	-2.086	7.151	-2.337	55200000
chr9	55600000	56000000	-2.278	6.897	-3.051	55600000
chr9	56000000	56400000	-3.425	7.305	-2.917	56000000
chr9	56400000	56800000	-3.804	6.347	-2.955	56400000
chr9	56800000	57200000	-4.076	6.893	-2.597	56800000
chr9	57200000	57600000	-4.01	6.992	-1.341	57200000
chr9	57600000	58000000	-3.118	8.326	0.471	57600000
chr9	58000000	58400000	-3.06	8.857	1.482	58000000
chr9	58400000	58800000	-2.649	9.223	2.022	58400000
chr9	58800000	59200000	-3.593	10.034	1.901	58800000
chr9	59200000	59600000	-4.731	10.14	1.77	59200000
chr9	59600000	60000000	-4.254	9.682	1.765	59600000
chr9	60000000	60400000	-4.178	10.515	1.123	60000000
chr9	60400000	60800000	-4.786	11.216	0.665	60400000
chr9	60800000	61200000	-4.525	10.887	-0.056	60800000
chr9	61200000	61600000	-4.199	10.199	-0.151	61200000
chr9	61600000	62000000	-4.407	9.71	0.124	61600000
chr9	62000000	62400000	-4.106	9.145	0.569	62000000
chr9	62400000	62800000	-3.582	8.806	0.644	62400000
chr9	62800000	63200000	-3.265	8.455	-0.001	62800000
chr9	63200000	63600000	-3.628	9.85	-0.412	63200000
chr9	63600000	64000000	-3.122	9.567	-0.812	63600000
chr9	64000000	64400000	-2.958	8.974	-1.099	64000000
chr9	64400000	64800000	-2.282	8.446	-2.033	64400000
chr9	64800000	65200000	-1.351	7.419	-2.37	64800000
chr9	65200000	65600000	-1.299	8.02	-2.884	65200000
chr9	65600000	66000000	-0.973	9.018	-2.99	65600000
chr9	66000000	66400000	-1.06	9.585	-3.415	66000000
chr9	66400000	66800000	0.251	9.629	-3.719	66400000
chr9	66800000	67200000	-0.232	8.838	-3.627	66800000
chr9	67200000	67600000	-0.264	7.861	-3.899	67200000
chr9	67600000	68000000	0.196	7.164	-4.376	67600000
chr9	68000000	68400000	-0.34	6.983	-3.598	68000000
chr9	68400000	68800000	-0.13	7.443	-2.851	68400000
chr9	68800000	69200000	-0.47	8.148	-1.827	68800000
chr9	69200000	69600000	-0.775	8.477	-1.613	69200000
chr9	69600000	70000000	-0.449	8.199	-0.441	69600000
chr9	70000000	70400000	-0.003	7.829	-0.579	70000000
chr9	70400000	70800000	1.057	8.402	-0.903	70400000
chr9	70800000	71200000	0.777	9.279	0.126	70800000
chr9	71200000	71600000	1.261	9.797	-0.257	71200000
chr9	71600000	72000000	1.712	10.205	-0.485	71600000
chr9	72000000	72400000	1.169	9.897	-1.115	72000000
chr9	72400000	72800000	1.402	9.049	-2.26	72400000
chr9	72800000	73200000	1.314	9.636	-3.447	72800000
chr9	73200000	73600000	1.702	10.131	-3.684	73200000
chr9	73600000	74000000	1.769	10.697	-4.399	73600000
chr9	74000000	74400000	2.655	11.341	-3.884	74000000
chr9	74400000	74800000	3.172	11.577	-2.728	74400000
chr9	74800000	75200000	3.42	11.644	-1.922	74800000
chr9	75200000	75600000	1.593	10.651	-1.598	75200000
chr9	75600000	76000000	0.862	9.37	-1.489	75600000
chr9	76000000	76400000	0.398	7.216	-0.623	76000000
chr9	76400000	76800000	0.149	6.347	-0.443	76400000
chr9	76800000	77200000	0.402	5.243	-0.625	76800000
chr9	77200000	77600000	0.548	4.898	-0.973	77200000
chr9	77600000	78000000	1.111	4.712	-1.776	77600000
chr9	78000000	78400000	1.66	5.387	-2.537	78000000
chr9	78400000	78800000	1.573	6.365	-3.38	78400000
chr9	78800000	79200000	3.072	8.956	-1.858	78800000
chr9	79200000	79600000	2.944	10.101	-0.906	79200000
chr9	79600000	80000000	2.572	9.562	-0.919	79600000
chr9	80000000	80400000	2.954	10.25	-0.503	80000000
chr9	80400000	80800000	2.617	11.481	0.029	80400000
chr9	80800000	81200000	1.827	12.114	0.552	80800000
chr9	81200000	81600000	0.294	12.086	0.857	81200000
chr9	81600000	82000000	-1.658	11.974	0.452	81600000
chr9	82000000	82400000	-3.125	11.973	0.025	82000000
chr9	82400000	82800000	-3.879	12.719	0.029	82400000
chr9	82800000	83200000	-4.252	12.243	1.179	82800000
chr9	83200000	83600000	-3.47	11.689	1.204	83200000
chr9	83600000	84000000	-2.449	11.903	0.786	83600000
chr9	84000000	84400000	-0.733	11.843	0.171	84000000
chr9	84400000	84800000	0.063	11.982	-0.611	84400000
chr9	84800000	85200000	0.632	13.127	-0.813	84800000
chr9	85200000	85600000	0.369	13.404	-0.772	85200000
chr9	85600000	86000000	0.151	13.192	-0.326	85600000
chr9	86000000	86400000	-0.133	13.285	0.78	86000000
chr9	86400000	86800000	-0.602	13.552	0.748	86400000
chr9	86800000	87200000	-0.763	12.307	0.199	86800000
chr9	87200000	87600000	-2.185	12.625	0.765	87200000
chr9	87600000	88000000	-2.898	12.619	0.146	87600000
chr9	88000000	88400000	-4.023	11.969	-0.623	88000000
chr9	88400000	88800000	-3.112	11.822	-0.511	88400000
chr9	88800000	89200000	-1.818	11.314	-0.395	88800000
chr9	89200000	89600000	-1.528	11.578	-1.413	89200000
chr9	89600000	90000000	-1.072	12.15	-1.435	89600000
chr9	90000000	90400000	-0.568	12.414	-0.882	90000000
chr9	90400000	90800000	-0.708	12.689	-1.504	90400000
chr9	90800000	91200000	-1.499	13.181	-0.752	90800000
chr9	91200000	91600000	-1.795	12.947	-0.674	91200000
chr9	91600000	92000000	-2.626	13.42	-1.374	91600000
chr9	92000000	92400000	-3.246	12.823	-2.333	92000000
chr9	92400000	92800000	-3.164	13.17	-1.531	92400000
chr9	92800000	93200000	-2.279	12.865	-2.37	92800000
chr9	93200000	93600000	-1.691	11.785	-2.842	93200000
chr9	93600000	94000000	-0.874	11.872	-3.212	93600000
chr9	94000000	94400000	-1.346	12.318	-4.355	94000000
chr9	94400000	94800000	-1.042	12.768	-4.413	94400000
chr9	94800000	95200000	-1.931	12.634	-4.235	94800000
chr9	95200000	95600000	-2.794	12.71	-3.931	95200000
chr9	95600000	96000000	-3.651	12.951	-3.633	95600000
chr9	96000000	96400000	-4.466	12.713	-3.68	96000000
chr9	96400000	96800000	-5.229	12.107	-3.565	96400000
chr9	96800000	97200000	-4.308	11.455	-3.071	96800000
chr9	97200000	97600000	-3.417	11.572	-2.542	97200000
chr9	97600000	98000000	-3.614	10.921	-2.179	97600000
chr9	98000000	98400000	-2.926	10.657	-2.342	98000000
chr9	98400000	98800000	-3.358	10.24	-2.759	98400000
chr9	98800000	99200000	-4.277	9.804	-3.411	98800000
chr9	99200000	99600000	-3.831	10.006	-3.999	99200000
chr9	99600000	100000000	-4.308	10.455	-3.197	99600000
chr9	100000000	100400000	-4.727	11.379	-2.484	100000000
chr9	100400000	100800000	-4.635	11.466	-3.335	100400000
chr9	100800000	101200000	-4.014	12.313	-1.988	100800000
chr9	101200000	101600000	-2.739	12.302	-1.414	101200000
chr9	101600000	102000000	-2.766	10.928	-1.177	101600000
chr9	102000000	102400000	-2.916	10.423	-1.92	102000000
chr9	102400000	102800000	-3.43	10.48	-1.788	102400000
chr9	102800000	103200000	-2.73	9.922	-0.962	102800000
chr9	103200000	103600000	-1.658	9.809	-1.006	103200000
chr9	103600000	104000000	-1.27	9.789	-1.516	103600000
chr9	104000000	104400000	-1.08	9.505	-0.541	104000000
chr9	104400000	104800000	-0.547	8.741	-0.686	104400000
chr9	104800000	105200000	-1.145	7.148	-1.666	104800000
chr9	105200000	105600000	-0.664	6.813	-2.199	105200000
chr9	105600000	106000000	-0.208	6.919	-1.88	105600000
chr9	106000000	106400000	0.637	7.767	-2.467	106000000
chr9	106400000	106800000	0.556	7.956	-1.95	106400000
chr9	106800000	107200000	0.285	9.222	-2.147	106800000
chr9	107200000	107600000	0.031	10.056	-2.082	107200000
chr9	107600000	108000000	1.549	10.135	-2.165	107600000
chr9	108000000	108400000	3.457	10.734	-0.507	108000000
chr9	108400000	108800000	2.893	10.28	0.501	108400000
chr9	108800000	109200000	2.373	10.583	1.504	108800000
chr9	109200000	109600000	3.317	11.273	1.319	109200000
chr9	109600000	110000000	2.943	12.031	1.704	109600000
chr9	110000000	110400000	2.258	11.458	0.727	110000000
chr9	110400000	110800000	1.397	11.332	-0.166	110400000
chr9	110800000	111200000	0.324	11.142	0.154	110800000
chr9	111200000	111600000	0.072	11.299	-0.82	111200000
chr9	111600000	112000000	0.221	12.034	-1.538	111600000
chr9	112000000	112400000	0.096	12.943	-2.135	112000000
chr9	112400000	112800000	1.03	13.009	-2.037	112400000
chr9	112800000	113200000	1.659	11.956	-1.615	112800000
chr9	113200000	113600000	3.05	12.14	-0.912	113200000
chr9	113600000	114000000	2.725	12.019	-0.762	113600000
chr9	114000000	114400000	2.286	11.74	-1.309	114000000
chr9	114400000	114800000	3.015	10.547	-1.259	114400000
chr9	114800000	115200000	2.855	10.056	-2.401	114800000
chr9	115200000	115600000	2.631	10.507	-2.623	115200000
chr9	115600000	116000000	2.127	11.292	-3.115	115600000
chr9	116000000	116400000	1.955	11.759	-2.727	116000000
chr9	116400000	116800000	0.821	11.389	-3.228	116400000
chr9	116800000	117200000	1.006	11.073	-2.61	116800000
chr9	117200000	117600000	1.124	11.516	-3.251	117200000
chr9	117600000	118000000	0.579	11.454	-4.419	117600000
chr9	118000000	118400000	0.24	11.317	-4.16	118000000
chr9	118400000	118800000	-0.84	10.794	-4.051	118400000
chr9	118800000	119200000	-1.36	9.589	-4.773	118800000
chr9	119200000	119600000	-1.638	8.502	-4.773	119200000
chr9	119600000	120000000	-1.883	7.834	-4.078	119600000
chr9	120000000	120400000	-2.071	7.822	-4.538	120000000
chr9	120400000	120800000	-2.065	8.682	-3.769	120400000
chr9	120800000	121200000	-3.246	8.175	-3.206	120800000
chr9	121200000	121600000	-3.884	8.014	-2.823	121200000
chr9	121600000	122000000	-4.314	8.855	-3.278	121600000
chr9	122000000	122400000	-4.288	9.705	-3.35	122000000
chr9	122400000	122800000	-4.307	9.731	-4.299	122400000
chr9	122800000	123200000	-3.489	9.74	-4.418	122800000
chr9	123200000	123600000	-3.119	10.96	-4.302	123200000
chr9	123600000	124000000	-3.123	11.843	-3.836	123600000
chr9	124000000	124400000	-2.346	12.414	-3.038	124000000
chr9	124400000	124800000	-1.453	13.444	-2.828	124400000
