chr19	3000000	4000000	3.711	-2.976	1.503	3000000
chr19	4000000	5000000	3.218	-3.305	1.535	4000000
chr19	5000000	6000000	2.748	-4.182	0.925	5000000
chr19	6000000	7000000	2.512	-4.091	-0.162	6000000
chr19	7000000	8000000	3.57	-3.614	0.051	7000000
chr19	8000000	9000000	4.673	-3.572	0.025	8000000
chr19	9000000	10000000	5.31	-3.361	-0.354	9000000
chr19	10000000	11000000	5.755	-3.578	0.261	10000000
chr19	11000000	12000000	6.873	-4.109	0.285	11000000
chr19	12000000	13000000	7.068	-3.434	0.523	12000000
chr19	13000000	14000000	6.602	-3.18	1.267	13000000
chr19	14000000	15000000	5.629	-3.16	1.162	14000000
chr19	15000000	16000000	5.545	-3.276	1.987	15000000
chr19	16000000	17000000	5.984	-2.671	2.115	16000000
chr19	17000000	18000000	4.924	-1.749	2.193	17000000
chr19	18000000	19000000	4.051	-1.797	2.9	18000000
chr19	19000000	20000000	3.862	-1.73	3.153	19000000
chr19	20000000	21000000	3.318	-0.313	3.369	20000000
chr19	21000000	22000000	3.012	-0.152	3.071	21000000
chr19	22000000	23000000	3.84	-0.042	2.581	22000000
chr19	23000000	24000000	3.794	-1.147	2.016	23000000
chr19	24000000	25000000	2.685	-1.478	1.997	24000000
chr19	25000000	26000000	3.032	-2.461	2.854	25000000
chr19	26000000	27000000	4.592	-4.165	2.761	26000000
chr19	27000000	28000000	4.598	-5.209	2.219	27000000
chr19	28000000	29000000	4.07	-6.222	1.92	28000000
chr19	29000000	30000000	3.876	-6.811	1.397	29000000
chr19	30000000	31000000	4.48	-6.209	1.355	30000000
chr19	31000000	32000000	4.098	-5.435	0.563	31000000
chr19	32000000	33000000	4.432	-5.185	0.718	32000000
chr19	33000000	34000000	4.594	-4.733	1.443	33000000
chr19	34000000	35000000	5.565	-4.755	0.769	34000000
chr19	35000000	36000000	5.651	-4.622	1.596	35000000
chr19	36000000	37000000	5.916	-4.188	2.621	36000000
chr19	37000000	38000000	4.714	-4.188	2.323	37000000
chr19	38000000	39000000	3.882	-5.056	2.767	38000000
chr19	39000000	40000000	3.662	-5.482	3.483	39000000
chr19	40000000	41000000	3.629	-6.454	3.334	40000000
chr19	41000000	42000000	2.63	-6.941	2.702	41000000
chr19	42000000	43000000	2.684	-6.285	2.926	42000000
chr19	43000000	44000000	2.698	-6.224	1.895	43000000
chr19	44000000	45000000	2.252	-5.624	1.397	44000000
chr19	45000000	46000000	1.566	-5.363	1.734	45000000
chr19	46000000	47000000	2.154	-4.476	2.733	46000000
chr19	47000000	48000000	2.923	-3.994	3.219	47000000
chr19	48000000	49000000	3.928	-4.616	3.432	48000000
chr19	49000000	50000000	4.868	-5.28	3.232	49000000
chr19	50000000	51000000	5.559	-5.724	3.581	50000000
chr19	51000000	52000000	5.619	-4.933	4.302	51000000
chr19	52000000	53000000	5.835	-4.327	3.587	52000000
chr19	53000000	54000000	5.126	-3.525	3.353	53000000
chr19	54000000	55000000	5.812	-3.108	3.466	54000000
chr19	55000000	56000000	6.876	-2.169	3.643	55000000
chr19	56000000	57000000	6.042	-1.763	3.685	56000000
chr19	57000000	58000000	6.665	-1.424	3.224	57000000
chr19	58000000	59000000	6.892	-1.974	2.593	58000000
chr19	59000000	60000000	6.965	-2.584	2.713	59000000
chr19	60000000	61000000	7.035	-3.255	3.072	60000000
chr19	61000000	62000000	6.99	-3.493	3.797	61000000
