chrX	3000000	4000000	8.111	5.106	-0.339	3000000
chrX	4000000	5000000	7.515	4.16	-0.601	4000000
chrX	5000000	6000000	6.884	3.619	-0.889	5000000
chrX	6000000	7000000	5.94	2.821	-0.702	6000000
chrX	7000000	8000000	6.04	2.403	-0.237	7000000
chrX	8000000	9000000	6.843	1.706	0.093	8000000
chrX	9000000	10000000	6.609	1.208	0.206	9000000
chrX	10000000	11000000	6.709	0.051	-0.116	10000000
chrX	11000000	12000000	5.783	0.564	-0.728	11000000
chrX	12000000	13000000	5.918	1.024	-1.286	12000000
chrX	13000000	14000000	5.45	1.157	-1.086	13000000
chrX	14000000	15000000	4.401	0.805	-0.79	14000000
chrX	15000000	16000000	4.622	1.485	-1.314	15000000
chrX	16000000	17000000	4.444	1.788	-2.337	16000000
chrX	17000000	18000000	5.067	1.127	-1.815	17000000
chrX	18000000	19000000	6.214	0.367	-1.253	18000000
chrX	19000000	20000000	6.799	0.33	-0.63	19000000
chrX	20000000	21000000	6.941	-0.381	-1.308	20000000
chrX	21000000	22000000	6.453	0.425	-1.562	21000000
chrX	22000000	23000000	6.597	1.537	-1.867	22000000
chrX	23000000	24000000	6.531	2.085	-1.706	23000000
chrX	24000000	25000000	6.188	2.718	-2.029	24000000
chrX	25000000	26000000	6.606	2.779	-2.164	25000000
chrX	26000000	27000000	7.771	2.567	-2.441	26000000
chrX	27000000	28000000	8.948	2.804	-2.945	27000000
chrX	28000000	29000000	10.001	2.968	-2.683	28000000
chrX	29000000	30000000	10.539	3.935	-2.824	29000000
chrX	30000000	31000000	9.966	4.846	-3.278	30000000
chrX	31000000	32000000	8.928	4.724	-3.641	31000000
chrX	32000000	33000000	7.874	4.333	-3.324	32000000
chrX	33000000	34000000	7.103	4.443	-3.167	33000000
chrX	34000000	35000000	7.052	3.284	-2.758	34000000
chrX	35000000	36000000	7.939	4.003	-1.983	35000000
chrX	36000000	37000000	7.392	3.463	-0.856	36000000
chrX	37000000	38000000	6.704	2.621	-0.194	37000000
chrX	38000000	39000000	5.652	2.145	0.492	38000000
chrX	39000000	40000000	5.703	1.509	0.295	39000000
chrX	40000000	41000000	8.143	1.438	-1.478	40000000
chrX	41000000	42000000	8.585	1.999	-1.038	41000000
chrX	42000000	43000000	7.78	2.238	-0.752	42000000
chrX	43000000	44000000	7.501	2.545	0.048	43000000
chrX	44000000	45000000	8.194	2.439	0.027	44000000
chrX	45000000	46000000	7.189	1.938	-0.919	45000000
chrX	46000000	47000000	6.938	1.969	-1.41	46000000
chrX	47000000	48000000	7.975	1.628	-2.194	47000000
chrX	48000000	49000000	8.071	1.047	-2.336	48000000
chrX	49000000	50000000	7.488	0.151	-1.836	49000000
chrX	50000000	51000000	8.29	0.087	-2.221	50000000
chrX	51000000	52000000	8.411	-0.57	-2.276	51000000
chrX	52000000	53000000	8.662	0.013	-1.037	52000000
chrX	53000000	54000000	8.805	0.169	-0.344	53000000
chrX	54000000	55000000	8.625	0.479	0.501	54000000
chrX	55000000	56000000	8.794	1.426	1.218	55000000
chrX	56000000	57000000	8.588	0.982	2.418	56000000
chrX	57000000	58000000	7.424	1.317	1.956	57000000
chrX	58000000	59000000	7.973	0.91	1.182	58000000
chrX	59000000	60000000	8.238	0.786	0.458	59000000
chrX	60000000	61000000	8.203	-0.198	0.678	60000000
chrX	61000000	62000000	8.603	-0.475	1.064	61000000
chrX	62000000	63000000	9.539	0.311	0.573	62000000
chrX	63000000	64000000	9.588	1.161	-0.252	63000000
chrX	64000000	65000000	9.169	1.311	-0.84	64000000
chrX	65000000	66000000	7.957	0.065	-0.675	65000000
chrX	66000000	67000000	7.448	-0.069	-0.888	66000000
chrX	67000000	68000000	7.438	0.717	-0.685	67000000
chrX	68000000	69000000	7.317	1.368	-1.084	68000000
chrX	69000000	70000000	8.226	1.582	-0.97	69000000
chrX	70000000	71000000	9.287	1.095	-1.001	70000000
chrX	71000000	72000000	8.488	1.295	-0.592	71000000
chrX	72000000	73000000	8.485	2.225	-0.371	72000000
chrX	73000000	74000000	8.114	1.539	0.273	73000000
chrX	74000000	75000000	7.48	2.063	1.258	74000000
chrX	75000000	76000000	7.471	1.011	0.854	75000000
chrX	76000000	77000000	6.797	-0.203	0.845	76000000
chrX	77000000	78000000	7.064	-1.211	0.258	77000000
chrX	78000000	79000000	7.163	-1.49	0.183	78000000
chrX	79000000	80000000	6.839	-1.541	1.28	79000000
chrX	80000000	81000000	7.505	-0.683	1.013	80000000
chrX	81000000	82000000	8.008	-1.233	-0.251	81000000
chrX	82000000	83000000	9.046	-1.363	-0.657	82000000
chrX	83000000	84000000	9.121	-0.675	-0.128	83000000
chrX	84000000	85000000	10.137	-1.053	0.192	84000000
chrX	85000000	86000000	9.734	-0.423	0.354	85000000
chrX	86000000	87000000	9.675	-0.992	0.64	86000000
chrX	87000000	88000000	9.496	-0.107	0.243	87000000
chrX	88000000	89000000	9.401	-0.217	1.324	88000000
chrX	89000000	90000000	9.021	0.05	1.855	89000000
chrX	90000000	91000000	9.264	0.145	2.129	90000000
chrX	91000000	92000000	9.075	0.931	1.82	91000000
chrX	92000000	93000000	9.384	1.01	0.617	92000000
chrX	93000000	94000000	9.213	0.056	0.862	93000000
chrX	94000000	95000000	8.871	-0.961	0.895	94000000
chrX	95000000	96000000	8.571	-1.458	2.343	95000000
chrX	96000000	97000000	8.833	-1.823	2.408	96000000
chrX	97000000	98000000	9.325	-1.644	2.357	97000000
chrX	98000000	99000000	8.949	-2.189	1.932	98000000
chrX	99000000	100000000	7.651	-1.943	1.505	99000000
chrX	100000000	101000000	7.01	-2.017	0.157	100000000
chrX	101000000	102000000	7.394	-2.163	-0.614	101000000
chrX	102000000	103000000	8.102	-2.037	1.401	102000000
chrX	103000000	104000000	7.556	-3.075	2.485	103000000
chrX	104000000	105000000	7.333	-2.952	1.951	104000000
chrX	105000000	106000000	7.227	-3.17	1.796	105000000
chrX	106000000	107000000	6.382	-2.69	1.275	106000000
chrX	107000000	108000000	7.851	-3.314	1.189	107000000
chrX	108000000	109000000	8.396	-2.824	1.345	108000000
chrX	109000000	110000000	7.99	-2.675	1.029	109000000
chrX	110000000	111000000	8.679	-2.566	0.539	110000000
chrX	111000000	112000000	8.38	-1.762	0.753	111000000
chrX	112000000	113000000	7.969	-1.027	1.089	112000000
chrX	113000000	114000000	8.047	-1.327	0.612	113000000
chrX	114000000	115000000	8.069	-1.827	-0.226	114000000
chrX	115000000	116000000	8.802	-2.462	-1.202	115000000
chrX	116000000	117000000	9.076	-2.784	-1.3	116000000
chrX	117000000	118000000	8.928	-2.95	-0.342	117000000
chrX	118000000	119000000	8.748	-1.949	-0.773	118000000
chrX	119000000	120000000	9.499	-2.66	-0.281	119000000
chrX	120000000	121000000	9.98	-2.302	-0.484	120000000
chrX	121000000	122000000	9.631	-2.557	0.407	121000000
chrX	122000000	123000000	9.896	-2.062	0.903	122000000
chrX	123000000	124000000	9.335	-1.948	-0.093	123000000
chrX	124000000	125000000	10.356	-1.418	-1.581	124000000
chrX	125000000	126000000	10.091	-1.675	-2.529	125000000
chrX	126000000	127000000	9.654	-2.539	-3.179	126000000
chrX	127000000	128000000	8.745	-3.311	-2.913	127000000
chrX	128000000	129000000	8.147	-3.09	-2.314	128000000
chrX	129000000	130000000	7.341	-4.795	-1.32	129000000
chrX	130000000	131000000	7.786	-4.91	-0.233	130000000
chrX	131000000	132000000	8.75	-4.566	-0.623	131000000
chrX	132000000	133000000	9.165	-4.067	-0.071	132000000
chrX	133000000	134000000	9.227	-3.702	0.448	133000000
chrX	134000000	135000000	9.051	-3.571	0.84	134000000
chrX	135000000	136000000	8.191	-4.235	0.309	135000000
chrX	136000000	137000000	7.911	-4.802	0.849	136000000
chrX	137000000	138000000	7.471	-3.899	1.492	137000000
chrX	138000000	139000000	7.323	-2.75	1.633	138000000
chrX	139000000	140000000	8.043	-2.126	2.149	139000000
chrX	140000000	141000000	7.858	-3.14	2.539	140000000
chrX	141000000	142000000	6.936	-3.993	2.591	141000000
chrX	142000000	143000000	8.001	-4.44	2.644	142000000
chrX	143000000	144000000	8.106	-2.921	2.923	143000000
chrX	144000000	145000000	8.484	-2.149	3.348	144000000
chrX	145000000	146000000	8.451	-3.041	2.351	145000000
chrX	146000000	147000000	8.665	-3.626	2.034	146000000
chrX	147000000	148000000	8.807	-3.894	2.101	147000000
chrX	148000000	149000000	9.517	-4.311	0.835	148000000
chrX	149000000	150000000	10.309	-3.55	-0.292	149000000
chrX	150000000	151000000	10.08	-3.558	-1.543	150000000
chrX	151000000	152000000	9.038	-3.137	-0.926	151000000
chrX	152000000	153000000	7.696	-3.145	-1.301	152000000
chrX	153000000	154000000	7.229	-3.775	-1.516	153000000
chrX	154000000	155000000	7.403	-3.447	-0.515	154000000
chrX	155000000	156000000	7.728	-3.136	-0.329	155000000
chrX	156000000	157000000	7.123	-3.542	0.627	156000000
chrX	157000000	158000000	6.437	-4.109	1.575	157000000
chrX	158000000	159000000	6.21	-4.072	1.916	158000000
chrX	159000000	160000000	5.971	-3.074	0.917	159000000
chrX	160000000	161000000	6.27	-2.563	0.231	160000000
chrX	161000000	162000000	5.972	-1.938	0.365	161000000
chrX	162000000	163000000	6.619	-3.904	0.008	162000000
chrX	163000000	164000000	6.951	-4.71	-0.191	163000000
chrX	164000000	165000000	6.336	-5.312	-0.62	164000000
chrX	165000000	166000000	6.34	-5.483	-0.954	165000000
chrX	166000000	167000000	7.432	-4.814	-0.788	166000000
chrX	167000000	168000000	7.968	-4.281	-1.137	167000000
chrX	168000000	169000000	8.174	-4.132	-0.612	168000000
chrX	169000000	170000000	6.811	-4.83	-0.718	169000000
chrX	170000000	171000000	6.64	-4.817	0.175	170000000
