chrX	3000000	4000000	-9.394	1.404	1.55	3000000
chrX	4000000	5000000	-9.683	1.005	0.642	4000000
chrX	5000000	6000000	-9.945	0.179	-0.14	5000000
chrX	6000000	7000000	-8.89	-0.285	-0.419	6000000
chrX	7000000	8000000	-8.076	0.165	-0.336	7000000
chrX	8000000	9000000	-6.935	-0.118	-0.098	8000000
chrX	9000000	10000000	-6.8	-0.416	1.018	9000000
chrX	10000000	11000000	-7.337	-0.28	0.838	10000000
chrX	11000000	12000000	-7.651	-1.122	0.875	11000000
chrX	12000000	13000000	-7.325	-1.218	0.191	12000000
chrX	13000000	14000000	-6.71	-1.205	-0.754	13000000
chrX	14000000	15000000	-6.848	-0.509	-1.299	14000000
chrX	15000000	16000000	-6.94	0.733	-1.095	15000000
chrX	16000000	17000000	-6.706	1.262	-0.507	16000000
chrX	17000000	18000000	-6.561	1.058	-0.294	17000000
chrX	18000000	19000000	-6.008	0.384	-0.342	18000000
chrX	19000000	20000000	-5.558	0.533	-0.51	19000000
chrX	20000000	21000000	-5.771	0.084	-1.387	20000000
chrX	21000000	22000000	-6.052	0.184	-1.938	21000000
chrX	22000000	23000000	-5.64	0.488	-2.624	22000000
chrX	23000000	24000000	-6.287	0.341	-3.656	23000000
chrX	24000000	25000000	-6.767	0.786	-3.881	24000000
chrX	25000000	26000000	-7.607	1.71	-4.625	25000000
chrX	26000000	27000000	-7.77	2.277	-4.069	26000000
chrX	27000000	28000000	-7.817	2.82	-2.735	27000000
chrX	28000000	29000000	-8.907	3.013	-2.65	28000000
chrX	29000000	30000000	-9.745	2.29	-2.813	29000000
chrX	30000000	31000000	-10.014	1.307	-3.019	30000000
chrX	31000000	32000000	-10.119	0.36	-2.446	31000000
chrX	32000000	33000000	-10.503	0.305	-1.424	32000000
chrX	33000000	34000000	-10.792	1.18	-0.776	33000000
chrX	34000000	35000000	-10.03	1.959	-0.397	34000000
chrX	35000000	36000000	-9.065	1.921	-1.002	35000000
chrX	36000000	37000000	-8.349	1.322	-1.775	36000000
chrX	37000000	38000000	-7.896	0.347	-1.737	37000000
chrX	38000000	39000000	-7.683	-0.082	-1.322	38000000
chrX	39000000	40000000	-7.057	-0.458	-2.44	39000000
chrX	40000000	41000000	-8.373	-0.897	-2.265	40000000
chrX	41000000	42000000	-7.859	-0.85	-1.96	41000000
chrX	42000000	43000000	-7.595	-1.136	-2.269	42000000
chrX	43000000	44000000	-7.598	-0.432	-2.697	43000000
chrX	44000000	45000000	-8.119	0.306	-3.158	44000000
chrX	45000000	46000000	-7.665	1.46	-3.576	45000000
chrX	46000000	47000000	-8.037	1.192	-3.275	46000000
chrX	47000000	48000000	-7.944	1.168	-2.685	47000000
chrX	48000000	49000000	-7.098	1.758	-2.69	48000000
chrX	49000000	50000000	-6.443	1.924	-2.657	49000000
chrX	50000000	51000000	-7.055	1.894	-2.195	50000000
chrX	51000000	52000000	-6.954	1.745	-1.938	51000000
chrX	52000000	53000000	-7.872	1.006	-1.996	52000000
chrX	53000000	54000000	-7.474	0.19	-3.118	53000000
chrX	54000000	55000000	-7.606	-0.968	-3.07	54000000
chrX	55000000	56000000	-8.611	-1.824	-3.005	55000000
chrX	56000000	57000000	-8.429	-2.123	-2.723	56000000
chrX	57000000	58000000	-7.78	-2.441	-1.974	57000000
chrX	58000000	59000000	-7.207	-2.316	-2.837	58000000
chrX	59000000	60000000	-7.209	-2.999	-3.184	59000000
chrX	60000000	61000000	-7.35	-2.8	-2.544	60000000
chrX	61000000	62000000	-6.995	-2.059	-3.613	61000000
chrX	62000000	63000000	-7.465	-2.094	-4.289	62000000
chrX	63000000	64000000	-7.664	-1.448	-3.814	63000000
chrX	64000000	65000000	-7.894	-0.48	-3.728	64000000
chrX	65000000	66000000	-7.46	-0.556	-4.618	65000000
chrX	66000000	67000000	-7.418	0.387	-5.358	66000000
chrX	67000000	68000000	-7.208	0.099	-4.904	67000000
chrX	68000000	69000000	-6.926	0.047	-4.861	68000000
chrX	69000000	70000000	-6.57	-0.157	-3.999	69000000
chrX	70000000	71000000	-6.791	0.12	-4.037	70000000
chrX	71000000	72000000	-6.968	0.874	-3.217	71000000
chrX	72000000	73000000	-7.096	0.483	-2.173	72000000
chrX	73000000	74000000	-6.946	0.237	-1.848	73000000
chrX	74000000	75000000	-6.614	-0.646	-2.773	74000000
chrX	75000000	76000000	-6.372	-0.649	-3.801	75000000
chrX	76000000	77000000	-6.216	0.242	-4.738	76000000
chrX	77000000	78000000	-6.007	1.366	-4.728	77000000
chrX	78000000	79000000	-5.636	1.024	-4.822	78000000
chrX	79000000	80000000	-5.745	1.017	-5.191	79000000
chrX	80000000	81000000	-5.834	-0.507	-5.034	80000000
chrX	81000000	82000000	-4.904	-1.515	-5.246	81000000
chrX	82000000	83000000	-5.217	-2.195	-5.487	82000000
chrX	83000000	84000000	-5.168	-2.7	-5.047	83000000
chrX	84000000	85000000	-5.917	-3.031	-5.415	84000000
chrX	85000000	86000000	-6.501	-2.296	-5.236	85000000
chrX	86000000	87000000	-6.236	-1.5	-4.96	86000000
chrX	87000000	88000000	-6.233	-1.118	-5.873	87000000
chrX	88000000	89000000	-5.281	-0.59	-6.202	88000000
chrX	89000000	90000000	-5.252	-1.014	-6.08	89000000
chrX	90000000	91000000	-5.906	-1.05	-6.01	90000000
chrX	91000000	92000000	-6.348	-1.179	-5.401	91000000
chrX	92000000	93000000	-6.758	-1.26	-4.58	92000000
chrX	93000000	94000000	-6.58	-0.979	-4.53	93000000
chrX	94000000	95000000	-5.574	-1.328	-4.17	94000000
chrX	95000000	96000000	-4.868	-1.647	-4.223	95000000
chrX	96000000	97000000	-5.13	-2.103	-5.11	96000000
chrX	97000000	98000000	-4.171	-2.715	-6.013	97000000
chrX	98000000	99000000	-4.375	-2.303	-6.255	98000000
chrX	99000000	100000000	-4.04	-1.768	-5.333	99000000
chrX	100000000	101000000	-3.644	-0.902	-4.841	100000000
chrX	101000000	102000000	-3.069	-0.139	-4.881	101000000
chrX	102000000	103000000	-3.458	0.105	-4.95	102000000
chrX	103000000	104000000	-4.579	0.606	-4.486	103000000
chrX	104000000	105000000	-5.54	-0.254	-4.977	104000000
chrX	105000000	106000000	-4.798	-0.961	-4.752	105000000
chrX	106000000	107000000	-4.473	-0.516	-5.576	106000000
chrX	107000000	108000000	-4.847	-0.436	-5.837	107000000
chrX	108000000	109000000	-4.331	-1.431	-6.428	108000000
chrX	109000000	110000000	-3.696	-1.856	-6.372	109000000
chrX	110000000	111000000	-3.735	-1.242	-6.405	110000000
chrX	111000000	112000000	-3.365	-0.625	-7.022	111000000
chrX	112000000	113000000	-2.712	-1.036	-6.99	112000000
chrX	113000000	114000000	-2.604	-1.451	-7.016	113000000
chrX	114000000	115000000	-3.349	-1.213	-6.256	114000000
chrX	115000000	116000000	-3.476	-0.367	-6.258	115000000
chrX	116000000	117000000	-3.652	-0.019	-6.501	116000000
chrX	117000000	118000000	-3.818	0.14	-7.025	117000000
chrX	118000000	119000000	-3.279	0.372	-7.134	118000000
chrX	119000000	120000000	-3.067	0.489	-7.415	119000000
chrX	120000000	121000000	-2.098	0.756	-7.082	120000000
chrX	121000000	122000000	-2.826	0.809	-6.931	121000000
chrX	122000000	123000000	-2.826	1.325	-7.779	122000000
chrX	123000000	124000000	-3.204	2.033	-7.633	123000000
chrX	124000000	125000000	-2.996	3.003	-8.327	124000000
chrX	125000000	126000000	-2.396	2.781	-8.916	125000000
chrX	126000000	127000000	-1.31	3.118	-8.979	126000000
chrX	127000000	128000000	-1.58	2.77	-7.856	127000000
chrX	128000000	129000000	-1.159	1.985	-7.604	128000000
chrX	129000000	130000000	-1.049	1.64	-7.263	129000000
chrX	130000000	131000000	-1.123	1.26	-6.818	130000000
chrX	131000000	132000000	-0.347	0.961	-6.229	131000000
chrX	132000000	133000000	-0.723	0.817	-6.987	132000000
chrX	133000000	134000000	-1.288	-0.085	-6.655	133000000
chrX	134000000	135000000	-1.674	-0.664	-6.797	134000000
chrX	135000000	136000000	-1.743	-0.332	-6.237	135000000
chrX	136000000	137000000	-2.494	0.416	-6.336	136000000
chrX	137000000	138000000	-2.918	-0.399	-5.99	137000000
chrX	138000000	139000000	-4.207	0.253	-6.1	138000000
chrX	139000000	140000000	-4.728	0.34	-6.421	139000000
chrX	140000000	141000000	-4.103	0.489	-5.522	140000000
chrX	141000000	142000000	-3.881	0.517	-4.569	141000000
chrX	142000000	143000000	-2.764	0.783	-4.356	142000000
chrX	143000000	144000000	-1.914	0.886	-4.578	143000000
chrX	144000000	145000000	-1.308	1.096	-4.876	144000000
chrX	145000000	146000000	-1.377	1.048	-4.247	145000000
chrX	146000000	147000000	-1.661	1.245	-4.057	146000000
chrX	147000000	148000000	-1.937	1.085	-5.243	147000000
chrX	148000000	149000000	-2.188	1.03	-5.88	148000000
chrX	149000000	150000000	-2.739	1.906	-4.783	149000000
chrX	150000000	151000000	-2.685	1.794	-4.704	150000000
chrX	151000000	152000000	-1.286	1.099	-4.73	151000000
chrX	152000000	153000000	-0.639	0.497	-4.521	152000000
chrX	153000000	154000000	-2.405	1.653	-5.191	153000000
chrX	154000000	155000000	-3.102	1.605	-5.287	154000000
chrX	155000000	156000000	-4.212	1.521	-6.027	155000000
chrX	156000000	157000000	-3.964	1.4	-6.867	156000000
chrX	157000000	158000000	-4.037	1.274	-6.207	157000000
chrX	158000000	159000000	-4.558	1.409	-5.272	158000000
chrX	159000000	160000000	-4.22	2.054	-5.793	159000000
chrX	160000000	161000000	-4.094	2.049	-5.638	160000000
chrX	161000000	162000000	-3.376	2.201	-6.38	161000000
chrX	162000000	163000000	-2.667	2.455	-6.499	162000000
chrX	163000000	164000000	-1.634	2.551	-6.782	163000000
chrX	164000000	165000000	-1.091	2.764	-6.664	164000000
chrX	165000000	166000000	-1.81	3.085	-6.381	165000000
chrX	166000000	167000000	-2.328	3.595	-6.557	166000000
chrX	167000000	168000000	-2.786	2.862	-6.333	167000000
chrX	168000000	169000000	-2.587	2.78	-7.046	168000000
chrX	169000000	170000000	-2.592	1.969	-7.485	169000000
chrX	170000000	171000000	-1.893	1.567	-7.635	170000000
